C_svc,C_lgs,alpha_nb,ngram,trained,indexing
0.01,0.01,0.01,1,N,0
0.01,0.01,0.01,2,N,1
0.01,0.01,0.01,3,N,2
0.01,0.01,0.01,4,N,3
0.01,0.01,0.01,5,N,4
0.01,0.01,0.11,1,N,5
0.01,0.01,0.11,2,N,6
0.01,0.01,0.11,3,N,7
0.01,0.01,0.11,4,N,8
0.01,0.01,0.11,5,N,9
0.01,0.01,0.21,1,N,10
0.01,0.01,0.21,2,N,11
0.01,0.01,0.21,3,N,12
0.01,0.01,0.21,4,N,13
0.01,0.01,0.21,5,N,14
0.01,0.01,0.31000000000000005,1,N,15
0.01,0.01,0.31000000000000005,2,N,16
0.01,0.01,0.31000000000000005,3,N,17
0.01,0.01,0.31000000000000005,4,N,18
0.01,0.01,0.31000000000000005,5,N,19
0.01,0.01,0.41,1,N,20
0.01,0.01,0.41,2,N,21
0.01,0.01,0.41,3,N,22
0.01,0.01,0.41,4,N,23
0.01,0.01,0.41,5,N,24
0.01,0.01,0.51,1,N,25
0.01,0.01,0.51,2,N,26
0.01,0.01,0.51,3,N,27
0.01,0.01,0.51,4,N,28
0.01,0.01,0.51,5,N,29
0.01,0.01,0.6100000000000001,1,N,30
0.01,0.01,0.6100000000000001,2,N,31
0.01,0.01,0.6100000000000001,3,N,32
0.01,0.01,0.6100000000000001,4,N,33
0.01,0.01,0.6100000000000001,5,N,34
0.01,0.01,0.7100000000000001,1,N,35
0.01,0.01,0.7100000000000001,2,N,36
0.01,0.01,0.7100000000000001,3,N,37
0.01,0.01,0.7100000000000001,4,N,38
0.01,0.01,0.7100000000000001,5,N,39
0.01,0.01,0.81,1,N,40
0.01,0.01,0.81,2,N,41
0.01,0.01,0.81,3,N,42
0.01,0.01,0.81,4,N,43
0.01,0.01,0.81,5,N,44
0.01,0.01,0.91,1,N,45
0.01,0.01,0.91,2,N,46
0.01,0.01,0.91,3,N,47
0.01,0.01,0.91,4,N,48
0.01,0.01,0.91,5,N,49
0.01,0.01,1.01,1,N,50
0.01,0.01,1.01,2,N,51
0.01,0.01,1.01,3,N,52
0.01,0.01,1.01,4,N,53
0.01,0.01,1.01,5,N,54
0.01,0.01,1.11,1,N,55
0.01,0.01,1.11,2,N,56
0.01,0.01,1.11,3,N,57
0.01,0.01,1.11,4,N,58
0.01,0.01,1.11,5,N,59
0.01,0.01,1.3,1,N,60
0.01,0.01,1.3,2,N,61
0.01,0.01,1.3,3,N,62
0.01,0.01,1.3,4,N,63
0.01,0.01,1.3,5,N,64
0.01,0.01,1.6,1,N,65
0.01,0.01,1.6,2,N,66
0.01,0.01,1.6,3,N,67
0.01,0.01,1.6,4,N,68
0.01,0.01,1.6,5,N,69
0.01,0.01,1.9,1,N,70
0.01,0.01,1.9,2,N,71
0.01,0.01,1.9,3,N,72
0.01,0.01,1.9,4,N,73
0.01,0.01,1.9,5,N,74
0.01,0.01,2.2,1,N,75
0.01,0.01,2.2,2,N,76
0.01,0.01,2.2,3,N,77
0.01,0.01,2.2,4,N,78
0.01,0.01,2.2,5,N,79
0.01,0.01,2.5,1,N,80
0.01,0.01,2.5,2,N,81
0.01,0.01,2.5,3,N,82
0.01,0.01,2.5,4,N,83
0.01,0.01,2.5,5,N,84
0.01,0.01,2.8000000000000003,1,N,85
0.01,0.01,2.8000000000000003,2,N,86
0.01,0.01,2.8000000000000003,3,N,87
0.01,0.01,2.8000000000000003,4,N,88
0.01,0.01,2.8000000000000003,5,N,89
0.01,0.01,3.1000000000000005,1,N,90
0.01,0.01,3.1000000000000005,2,N,91
0.01,0.01,3.1000000000000005,3,N,92
0.01,0.01,3.1000000000000005,4,N,93
0.01,0.01,3.1000000000000005,5,N,94
0.01,0.01,3.4000000000000004,1,N,95
0.01,0.01,3.4000000000000004,2,N,96
0.01,0.01,3.4000000000000004,3,N,97
0.01,0.01,3.4000000000000004,4,N,98
0.01,0.01,3.4000000000000004,5,N,99
0.01,0.01,3.7,1,N,100
0.01,0.01,3.7,2,N,101
0.01,0.01,3.7,3,N,102
0.01,0.01,3.7,4,N,103
0.01,0.01,3.7,5,N,104
0.01,0.01,4.0,1,N,105
0.01,0.01,4.0,2,N,106
0.01,0.01,4.0,3,N,107
0.01,0.01,4.0,4,N,108
0.01,0.01,4.0,5,N,109
0.01,0.01,4.300000000000002,1,N,110
0.01,0.01,4.300000000000002,2,N,111
0.01,0.01,4.300000000000002,3,N,112
0.01,0.01,4.300000000000002,4,N,113
0.01,0.01,4.300000000000002,5,N,114
0.01,0.01,4.6000000000000005,1,N,115
0.01,0.01,4.6000000000000005,2,N,116
0.01,0.01,4.6000000000000005,3,N,117
0.01,0.01,4.6000000000000005,4,N,118
0.01,0.01,4.6000000000000005,5,N,119
0.01,0.01,4.9,1,N,120
0.01,0.01,4.9,2,N,121
0.01,0.01,4.9,3,N,122
0.01,0.01,4.9,4,N,123
0.01,0.01,4.9,5,N,124
0.01,0.11,0.01,1,N,125
0.01,0.11,0.01,2,N,126
0.01,0.11,0.01,3,N,127
0.01,0.11,0.01,4,N,128
0.01,0.11,0.01,5,N,129
0.01,0.11,0.11,1,N,130
0.01,0.11,0.11,2,N,131
0.01,0.11,0.11,3,N,132
0.01,0.11,0.11,4,N,133
0.01,0.11,0.11,5,N,134
0.01,0.11,0.21,1,N,135
0.01,0.11,0.21,2,N,136
0.01,0.11,0.21,3,N,137
0.01,0.11,0.21,4,N,138
0.01,0.11,0.21,5,N,139
0.01,0.11,0.31000000000000005,1,N,140
0.01,0.11,0.31000000000000005,2,N,141
0.01,0.11,0.31000000000000005,3,N,142
0.01,0.11,0.31000000000000005,4,N,143
0.01,0.11,0.31000000000000005,5,N,144
0.01,0.11,0.41,1,N,145
0.01,0.11,0.41,2,N,146
0.01,0.11,0.41,3,N,147
0.01,0.11,0.41,4,N,148
0.01,0.11,0.41,5,N,149
0.01,0.11,0.51,1,N,150
0.01,0.11,0.51,2,N,151
0.01,0.11,0.51,3,N,152
0.01,0.11,0.51,4,N,153
0.01,0.11,0.51,5,N,154
0.01,0.11,0.6100000000000001,1,N,155
0.01,0.11,0.6100000000000001,2,N,156
0.01,0.11,0.6100000000000001,3,N,157
0.01,0.11,0.6100000000000001,4,N,158
0.01,0.11,0.6100000000000001,5,N,159
0.01,0.11,0.7100000000000001,1,N,160
0.01,0.11,0.7100000000000001,2,N,161
0.01,0.11,0.7100000000000001,3,N,162
0.01,0.11,0.7100000000000001,4,N,163
0.01,0.11,0.7100000000000001,5,N,164
0.01,0.11,0.81,1,N,165
0.01,0.11,0.81,2,N,166
0.01,0.11,0.81,3,N,167
0.01,0.11,0.81,4,N,168
0.01,0.11,0.81,5,N,169
0.01,0.11,0.91,1,N,170
0.01,0.11,0.91,2,N,171
0.01,0.11,0.91,3,N,172
0.01,0.11,0.91,4,N,173
0.01,0.11,0.91,5,N,174
0.01,0.11,1.01,1,N,175
0.01,0.11,1.01,2,N,176
0.01,0.11,1.01,3,N,177
0.01,0.11,1.01,4,N,178
0.01,0.11,1.01,5,N,179
0.01,0.11,1.11,1,N,180
0.01,0.11,1.11,2,N,181
0.01,0.11,1.11,3,N,182
0.01,0.11,1.11,4,N,183
0.01,0.11,1.11,5,N,184
0.01,0.11,1.3,1,N,185
0.01,0.11,1.3,2,N,186
0.01,0.11,1.3,3,N,187
0.01,0.11,1.3,4,N,188
0.01,0.11,1.3,5,N,189
0.01,0.11,1.6,1,N,190
0.01,0.11,1.6,2,N,191
0.01,0.11,1.6,3,N,192
0.01,0.11,1.6,4,N,193
0.01,0.11,1.6,5,N,194
0.01,0.11,1.9,1,N,195
0.01,0.11,1.9,2,N,196
0.01,0.11,1.9,3,N,197
0.01,0.11,1.9,4,N,198
0.01,0.11,1.9,5,N,199
0.01,0.11,2.2,1,N,200
0.01,0.11,2.2,2,N,201
0.01,0.11,2.2,3,N,202
0.01,0.11,2.2,4,N,203
0.01,0.11,2.2,5,N,204
0.01,0.11,2.5,1,N,205
0.01,0.11,2.5,2,N,206
0.01,0.11,2.5,3,N,207
0.01,0.11,2.5,4,N,208
0.01,0.11,2.5,5,N,209
0.01,0.11,2.8000000000000003,1,N,210
0.01,0.11,2.8000000000000003,2,N,211
0.01,0.11,2.8000000000000003,3,N,212
0.01,0.11,2.8000000000000003,4,N,213
0.01,0.11,2.8000000000000003,5,N,214
0.01,0.11,3.1000000000000005,1,N,215
0.01,0.11,3.1000000000000005,2,N,216
0.01,0.11,3.1000000000000005,3,N,217
0.01,0.11,3.1000000000000005,4,N,218
0.01,0.11,3.1000000000000005,5,N,219
0.01,0.11,3.4000000000000004,1,N,220
0.01,0.11,3.4000000000000004,2,N,221
0.01,0.11,3.4000000000000004,3,N,222
0.01,0.11,3.4000000000000004,4,N,223
0.01,0.11,3.4000000000000004,5,N,224
0.01,0.11,3.7,1,N,225
0.01,0.11,3.7,2,N,226
0.01,0.11,3.7,3,N,227
0.01,0.11,3.7,4,N,228
0.01,0.11,3.7,5,N,229
0.01,0.11,4.0,1,N,230
0.01,0.11,4.0,2,N,231
0.01,0.11,4.0,3,N,232
0.01,0.11,4.0,4,N,233
0.01,0.11,4.0,5,N,234
0.01,0.11,4.300000000000002,1,N,235
0.01,0.11,4.300000000000002,2,N,236
0.01,0.11,4.300000000000002,3,N,237
0.01,0.11,4.300000000000002,4,N,238
0.01,0.11,4.300000000000002,5,N,239
0.01,0.11,4.6000000000000005,1,N,240
0.01,0.11,4.6000000000000005,2,N,241
0.01,0.11,4.6000000000000005,3,N,242
0.01,0.11,4.6000000000000005,4,N,243
0.01,0.11,4.6000000000000005,5,N,244
0.01,0.11,4.9,1,N,245
0.01,0.11,4.9,2,N,246
0.01,0.11,4.9,3,N,247
0.01,0.11,4.9,4,N,248
0.01,0.11,4.9,5,N,249
0.01,0.21,0.01,1,N,250
0.01,0.21,0.01,2,N,251
0.01,0.21,0.01,3,N,252
0.01,0.21,0.01,4,N,253
0.01,0.21,0.01,5,N,254
0.01,0.21,0.11,1,N,255
0.01,0.21,0.11,2,N,256
0.01,0.21,0.11,3,N,257
0.01,0.21,0.11,4,N,258
0.01,0.21,0.11,5,N,259
0.01,0.21,0.21,1,N,260
0.01,0.21,0.21,2,N,261
0.01,0.21,0.21,3,N,262
0.01,0.21,0.21,4,N,263
0.01,0.21,0.21,5,N,264
0.01,0.21,0.31000000000000005,1,N,265
0.01,0.21,0.31000000000000005,2,N,266
0.01,0.21,0.31000000000000005,3,N,267
0.01,0.21,0.31000000000000005,4,N,268
0.01,0.21,0.31000000000000005,5,N,269
0.01,0.21,0.41,1,N,270
0.01,0.21,0.41,2,N,271
0.01,0.21,0.41,3,N,272
0.01,0.21,0.41,4,N,273
0.01,0.21,0.41,5,N,274
0.01,0.21,0.51,1,N,275
0.01,0.21,0.51,2,N,276
0.01,0.21,0.51,3,N,277
0.01,0.21,0.51,4,N,278
0.01,0.21,0.51,5,N,279
0.01,0.21,0.6100000000000001,1,N,280
0.01,0.21,0.6100000000000001,2,N,281
0.01,0.21,0.6100000000000001,3,N,282
0.01,0.21,0.6100000000000001,4,N,283
0.01,0.21,0.6100000000000001,5,N,284
0.01,0.21,0.7100000000000001,1,N,285
0.01,0.21,0.7100000000000001,2,N,286
0.01,0.21,0.7100000000000001,3,N,287
0.01,0.21,0.7100000000000001,4,N,288
0.01,0.21,0.7100000000000001,5,N,289
0.01,0.21,0.81,1,N,290
0.01,0.21,0.81,2,N,291
0.01,0.21,0.81,3,N,292
0.01,0.21,0.81,4,N,293
0.01,0.21,0.81,5,N,294
0.01,0.21,0.91,1,N,295
0.01,0.21,0.91,2,N,296
0.01,0.21,0.91,3,N,297
0.01,0.21,0.91,4,N,298
0.01,0.21,0.91,5,N,299
0.01,0.21,1.01,1,N,300
0.01,0.21,1.01,2,N,301
0.01,0.21,1.01,3,N,302
0.01,0.21,1.01,4,N,303
0.01,0.21,1.01,5,N,304
0.01,0.21,1.11,1,N,305
0.01,0.21,1.11,2,N,306
0.01,0.21,1.11,3,N,307
0.01,0.21,1.11,4,N,308
0.01,0.21,1.11,5,N,309
0.01,0.21,1.3,1,N,310
0.01,0.21,1.3,2,N,311
0.01,0.21,1.3,3,N,312
0.01,0.21,1.3,4,N,313
0.01,0.21,1.3,5,N,314
0.01,0.21,1.6,1,N,315
0.01,0.21,1.6,2,N,316
0.01,0.21,1.6,3,N,317
0.01,0.21,1.6,4,N,318
0.01,0.21,1.6,5,N,319
0.01,0.21,1.9,1,N,320
0.01,0.21,1.9,2,N,321
0.01,0.21,1.9,3,N,322
0.01,0.21,1.9,4,N,323
0.01,0.21,1.9,5,N,324
0.01,0.21,2.2,1,N,325
0.01,0.21,2.2,2,N,326
0.01,0.21,2.2,3,N,327
0.01,0.21,2.2,4,N,328
0.01,0.21,2.2,5,N,329
0.01,0.21,2.5,1,N,330
0.01,0.21,2.5,2,N,331
0.01,0.21,2.5,3,N,332
0.01,0.21,2.5,4,N,333
0.01,0.21,2.5,5,N,334
0.01,0.21,2.8000000000000003,1,N,335
0.01,0.21,2.8000000000000003,2,N,336
0.01,0.21,2.8000000000000003,3,N,337
0.01,0.21,2.8000000000000003,4,N,338
0.01,0.21,2.8000000000000003,5,N,339
0.01,0.21,3.1000000000000005,1,N,340
0.01,0.21,3.1000000000000005,2,N,341
0.01,0.21,3.1000000000000005,3,N,342
0.01,0.21,3.1000000000000005,4,N,343
0.01,0.21,3.1000000000000005,5,N,344
0.01,0.21,3.4000000000000004,1,N,345
0.01,0.21,3.4000000000000004,2,N,346
0.01,0.21,3.4000000000000004,3,N,347
0.01,0.21,3.4000000000000004,4,N,348
0.01,0.21,3.4000000000000004,5,N,349
0.01,0.21,3.7,1,N,350
0.01,0.21,3.7,2,N,351
0.01,0.21,3.7,3,N,352
0.01,0.21,3.7,4,N,353
0.01,0.21,3.7,5,N,354
0.01,0.21,4.0,1,N,355
0.01,0.21,4.0,2,N,356
0.01,0.21,4.0,3,N,357
0.01,0.21,4.0,4,N,358
0.01,0.21,4.0,5,N,359
0.01,0.21,4.300000000000002,1,N,360
0.01,0.21,4.300000000000002,2,N,361
0.01,0.21,4.300000000000002,3,N,362
0.01,0.21,4.300000000000002,4,N,363
0.01,0.21,4.300000000000002,5,N,364
0.01,0.21,4.6000000000000005,1,N,365
0.01,0.21,4.6000000000000005,2,N,366
0.01,0.21,4.6000000000000005,3,N,367
0.01,0.21,4.6000000000000005,4,N,368
0.01,0.21,4.6000000000000005,5,N,369
0.01,0.21,4.9,1,N,370
0.01,0.21,4.9,2,N,371
0.01,0.21,4.9,3,N,372
0.01,0.21,4.9,4,N,373
0.01,0.21,4.9,5,N,374
0.01,0.31000000000000005,0.01,1,N,375
0.01,0.31000000000000005,0.01,2,N,376
0.01,0.31000000000000005,0.01,3,N,377
0.01,0.31000000000000005,0.01,4,N,378
0.01,0.31000000000000005,0.01,5,N,379
0.01,0.31000000000000005,0.11,1,N,380
0.01,0.31000000000000005,0.11,2,N,381
0.01,0.31000000000000005,0.11,3,N,382
0.01,0.31000000000000005,0.11,4,N,383
0.01,0.31000000000000005,0.11,5,N,384
0.01,0.31000000000000005,0.21,1,N,385
0.01,0.31000000000000005,0.21,2,N,386
0.01,0.31000000000000005,0.21,3,N,387
0.01,0.31000000000000005,0.21,4,N,388
0.01,0.31000000000000005,0.21,5,N,389
0.01,0.31000000000000005,0.31000000000000005,1,N,390
0.01,0.31000000000000005,0.31000000000000005,2,N,391
0.01,0.31000000000000005,0.31000000000000005,3,N,392
0.01,0.31000000000000005,0.31000000000000005,4,N,393
0.01,0.31000000000000005,0.31000000000000005,5,N,394
0.01,0.31000000000000005,0.41,1,N,395
0.01,0.31000000000000005,0.41,2,N,396
0.01,0.31000000000000005,0.41,3,N,397
0.01,0.31000000000000005,0.41,4,N,398
0.01,0.31000000000000005,0.41,5,N,399
0.01,0.31000000000000005,0.51,1,N,400
0.01,0.31000000000000005,0.51,2,N,401
0.01,0.31000000000000005,0.51,3,N,402
0.01,0.31000000000000005,0.51,4,N,403
0.01,0.31000000000000005,0.51,5,N,404
0.01,0.31000000000000005,0.6100000000000001,1,N,405
0.01,0.31000000000000005,0.6100000000000001,2,N,406
0.01,0.31000000000000005,0.6100000000000001,3,N,407
0.01,0.31000000000000005,0.6100000000000001,4,N,408
0.01,0.31000000000000005,0.6100000000000001,5,N,409
0.01,0.31000000000000005,0.7100000000000001,1,N,410
0.01,0.31000000000000005,0.7100000000000001,2,N,411
0.01,0.31000000000000005,0.7100000000000001,3,N,412
0.01,0.31000000000000005,0.7100000000000001,4,N,413
0.01,0.31000000000000005,0.7100000000000001,5,N,414
0.01,0.31000000000000005,0.81,1,N,415
0.01,0.31000000000000005,0.81,2,N,416
0.01,0.31000000000000005,0.81,3,N,417
0.01,0.31000000000000005,0.81,4,N,418
0.01,0.31000000000000005,0.81,5,N,419
0.01,0.31000000000000005,0.91,1,N,420
0.01,0.31000000000000005,0.91,2,N,421
0.01,0.31000000000000005,0.91,3,N,422
0.01,0.31000000000000005,0.91,4,N,423
0.01,0.31000000000000005,0.91,5,N,424
0.01,0.31000000000000005,1.01,1,N,425
0.01,0.31000000000000005,1.01,2,N,426
0.01,0.31000000000000005,1.01,3,N,427
0.01,0.31000000000000005,1.01,4,N,428
0.01,0.31000000000000005,1.01,5,N,429
0.01,0.31000000000000005,1.11,1,N,430
0.01,0.31000000000000005,1.11,2,N,431
0.01,0.31000000000000005,1.11,3,N,432
0.01,0.31000000000000005,1.11,4,N,433
0.01,0.31000000000000005,1.11,5,N,434
0.01,0.31000000000000005,1.3,1,N,435
0.01,0.31000000000000005,1.3,2,N,436
0.01,0.31000000000000005,1.3,3,N,437
0.01,0.31000000000000005,1.3,4,N,438
0.01,0.31000000000000005,1.3,5,N,439
0.01,0.31000000000000005,1.6,1,N,440
0.01,0.31000000000000005,1.6,2,N,441
0.01,0.31000000000000005,1.6,3,N,442
0.01,0.31000000000000005,1.6,4,N,443
0.01,0.31000000000000005,1.6,5,N,444
0.01,0.31000000000000005,1.9,1,N,445
0.01,0.31000000000000005,1.9,2,N,446
0.01,0.31000000000000005,1.9,3,N,447
0.01,0.31000000000000005,1.9,4,N,448
0.01,0.31000000000000005,1.9,5,N,449
0.01,0.31000000000000005,2.2,1,N,450
0.01,0.31000000000000005,2.2,2,N,451
0.01,0.31000000000000005,2.2,3,N,452
0.01,0.31000000000000005,2.2,4,N,453
0.01,0.31000000000000005,2.2,5,N,454
0.01,0.31000000000000005,2.5,1,N,455
0.01,0.31000000000000005,2.5,2,N,456
0.01,0.31000000000000005,2.5,3,N,457
0.01,0.31000000000000005,2.5,4,N,458
0.01,0.31000000000000005,2.5,5,N,459
0.01,0.31000000000000005,2.8000000000000003,1,N,460
0.01,0.31000000000000005,2.8000000000000003,2,N,461
0.01,0.31000000000000005,2.8000000000000003,3,N,462
0.01,0.31000000000000005,2.8000000000000003,4,N,463
0.01,0.31000000000000005,2.8000000000000003,5,N,464
0.01,0.31000000000000005,3.1000000000000005,1,N,465
0.01,0.31000000000000005,3.1000000000000005,2,N,466
0.01,0.31000000000000005,3.1000000000000005,3,N,467
0.01,0.31000000000000005,3.1000000000000005,4,N,468
0.01,0.31000000000000005,3.1000000000000005,5,N,469
0.01,0.31000000000000005,3.4000000000000004,1,N,470
0.01,0.31000000000000005,3.4000000000000004,2,N,471
0.01,0.31000000000000005,3.4000000000000004,3,N,472
0.01,0.31000000000000005,3.4000000000000004,4,N,473
0.01,0.31000000000000005,3.4000000000000004,5,N,474
0.01,0.31000000000000005,3.7,1,N,475
0.01,0.31000000000000005,3.7,2,N,476
0.01,0.31000000000000005,3.7,3,N,477
0.01,0.31000000000000005,3.7,4,N,478
0.01,0.31000000000000005,3.7,5,N,479
0.01,0.31000000000000005,4.0,1,N,480
0.01,0.31000000000000005,4.0,2,N,481
0.01,0.31000000000000005,4.0,3,N,482
0.01,0.31000000000000005,4.0,4,N,483
0.01,0.31000000000000005,4.0,5,N,484
0.01,0.31000000000000005,4.300000000000002,1,N,485
0.01,0.31000000000000005,4.300000000000002,2,N,486
0.01,0.31000000000000005,4.300000000000002,3,N,487
0.01,0.31000000000000005,4.300000000000002,4,N,488
0.01,0.31000000000000005,4.300000000000002,5,N,489
0.01,0.31000000000000005,4.6000000000000005,1,N,490
0.01,0.31000000000000005,4.6000000000000005,2,N,491
0.01,0.31000000000000005,4.6000000000000005,3,N,492
0.01,0.31000000000000005,4.6000000000000005,4,N,493
0.01,0.31000000000000005,4.6000000000000005,5,N,494
0.01,0.31000000000000005,4.9,1,N,495
0.01,0.31000000000000005,4.9,2,N,496
0.01,0.31000000000000005,4.9,3,N,497
0.01,0.31000000000000005,4.9,4,N,498
0.01,0.31000000000000005,4.9,5,N,499
0.01,0.41,0.01,1,N,500
0.01,0.41,0.01,2,N,501
0.01,0.41,0.01,3,N,502
0.01,0.41,0.01,4,N,503
0.01,0.41,0.01,5,N,504
0.01,0.41,0.11,1,N,505
0.01,0.41,0.11,2,N,506
0.01,0.41,0.11,3,N,507
0.01,0.41,0.11,4,N,508
0.01,0.41,0.11,5,N,509
0.01,0.41,0.21,1,N,510
0.01,0.41,0.21,2,N,511
0.01,0.41,0.21,3,N,512
0.01,0.41,0.21,4,N,513
0.01,0.41,0.21,5,N,514
0.01,0.41,0.31000000000000005,1,N,515
0.01,0.41,0.31000000000000005,2,N,516
0.01,0.41,0.31000000000000005,3,N,517
0.01,0.41,0.31000000000000005,4,N,518
0.01,0.41,0.31000000000000005,5,N,519
0.01,0.41,0.41,1,N,520
0.01,0.41,0.41,2,N,521
0.01,0.41,0.41,3,N,522
0.01,0.41,0.41,4,N,523
0.01,0.41,0.41,5,N,524
0.01,0.41,0.51,1,N,525
0.01,0.41,0.51,2,N,526
0.01,0.41,0.51,3,N,527
0.01,0.41,0.51,4,N,528
0.01,0.41,0.51,5,N,529
0.01,0.41,0.6100000000000001,1,N,530
0.01,0.41,0.6100000000000001,2,N,531
0.01,0.41,0.6100000000000001,3,N,532
0.01,0.41,0.6100000000000001,4,N,533
0.01,0.41,0.6100000000000001,5,N,534
0.01,0.41,0.7100000000000001,1,N,535
0.01,0.41,0.7100000000000001,2,N,536
0.01,0.41,0.7100000000000001,3,N,537
0.01,0.41,0.7100000000000001,4,N,538
0.01,0.41,0.7100000000000001,5,N,539
0.01,0.41,0.81,1,N,540
0.01,0.41,0.81,2,N,541
0.01,0.41,0.81,3,N,542
0.01,0.41,0.81,4,N,543
0.01,0.41,0.81,5,N,544
0.01,0.41,0.91,1,N,545
0.01,0.41,0.91,2,N,546
0.01,0.41,0.91,3,N,547
0.01,0.41,0.91,4,N,548
0.01,0.41,0.91,5,N,549
0.01,0.41,1.01,1,N,550
0.01,0.41,1.01,2,N,551
0.01,0.41,1.01,3,N,552
0.01,0.41,1.01,4,N,553
0.01,0.41,1.01,5,N,554
0.01,0.41,1.11,1,N,555
0.01,0.41,1.11,2,N,556
0.01,0.41,1.11,3,N,557
0.01,0.41,1.11,4,N,558
0.01,0.41,1.11,5,N,559
0.01,0.41,1.3,1,N,560
0.01,0.41,1.3,2,N,561
0.01,0.41,1.3,3,N,562
0.01,0.41,1.3,4,N,563
0.01,0.41,1.3,5,N,564
0.01,0.41,1.6,1,N,565
0.01,0.41,1.6,2,N,566
0.01,0.41,1.6,3,N,567
0.01,0.41,1.6,4,N,568
0.01,0.41,1.6,5,N,569
0.01,0.41,1.9,1,N,570
0.01,0.41,1.9,2,N,571
0.01,0.41,1.9,3,N,572
0.01,0.41,1.9,4,N,573
0.01,0.41,1.9,5,N,574
0.01,0.41,2.2,1,N,575
0.01,0.41,2.2,2,N,576
0.01,0.41,2.2,3,N,577
0.01,0.41,2.2,4,N,578
0.01,0.41,2.2,5,N,579
0.01,0.41,2.5,1,N,580
0.01,0.41,2.5,2,N,581
0.01,0.41,2.5,3,N,582
0.01,0.41,2.5,4,N,583
0.01,0.41,2.5,5,N,584
0.01,0.41,2.8000000000000003,1,N,585
0.01,0.41,2.8000000000000003,2,N,586
0.01,0.41,2.8000000000000003,3,N,587
0.01,0.41,2.8000000000000003,4,N,588
0.01,0.41,2.8000000000000003,5,N,589
0.01,0.41,3.1000000000000005,1,N,590
0.01,0.41,3.1000000000000005,2,N,591
0.01,0.41,3.1000000000000005,3,N,592
0.01,0.41,3.1000000000000005,4,N,593
0.01,0.41,3.1000000000000005,5,N,594
0.01,0.41,3.4000000000000004,1,N,595
0.01,0.41,3.4000000000000004,2,N,596
0.01,0.41,3.4000000000000004,3,N,597
0.01,0.41,3.4000000000000004,4,N,598
0.01,0.41,3.4000000000000004,5,N,599
0.01,0.41,3.7,1,N,600
0.01,0.41,3.7,2,N,601
0.01,0.41,3.7,3,N,602
0.01,0.41,3.7,4,N,603
0.01,0.41,3.7,5,N,604
0.01,0.41,4.0,1,N,605
0.01,0.41,4.0,2,N,606
0.01,0.41,4.0,3,N,607
0.01,0.41,4.0,4,N,608
0.01,0.41,4.0,5,N,609
0.01,0.41,4.300000000000002,1,N,610
0.01,0.41,4.300000000000002,2,N,611
0.01,0.41,4.300000000000002,3,N,612
0.01,0.41,4.300000000000002,4,N,613
0.01,0.41,4.300000000000002,5,N,614
0.01,0.41,4.6000000000000005,1,N,615
0.01,0.41,4.6000000000000005,2,N,616
0.01,0.41,4.6000000000000005,3,N,617
0.01,0.41,4.6000000000000005,4,N,618
0.01,0.41,4.6000000000000005,5,N,619
0.01,0.41,4.9,1,N,620
0.01,0.41,4.9,2,N,621
0.01,0.41,4.9,3,N,622
0.01,0.41,4.9,4,N,623
0.01,0.41,4.9,5,N,624
0.01,0.51,0.01,1,N,625
0.01,0.51,0.01,2,N,626
0.01,0.51,0.01,3,N,627
0.01,0.51,0.01,4,N,628
0.01,0.51,0.01,5,N,629
0.01,0.51,0.11,1,N,630
0.01,0.51,0.11,2,N,631
0.01,0.51,0.11,3,N,632
0.01,0.51,0.11,4,N,633
0.01,0.51,0.11,5,N,634
0.01,0.51,0.21,1,N,635
0.01,0.51,0.21,2,N,636
0.01,0.51,0.21,3,N,637
0.01,0.51,0.21,4,N,638
0.01,0.51,0.21,5,N,639
0.01,0.51,0.31000000000000005,1,N,640
0.01,0.51,0.31000000000000005,2,N,641
0.01,0.51,0.31000000000000005,3,N,642
0.01,0.51,0.31000000000000005,4,N,643
0.01,0.51,0.31000000000000005,5,N,644
0.01,0.51,0.41,1,N,645
0.01,0.51,0.41,2,N,646
0.01,0.51,0.41,3,N,647
0.01,0.51,0.41,4,N,648
0.01,0.51,0.41,5,N,649
0.01,0.51,0.51,1,N,650
0.01,0.51,0.51,2,N,651
0.01,0.51,0.51,3,N,652
0.01,0.51,0.51,4,N,653
0.01,0.51,0.51,5,N,654
0.01,0.51,0.6100000000000001,1,N,655
0.01,0.51,0.6100000000000001,2,N,656
0.01,0.51,0.6100000000000001,3,N,657
0.01,0.51,0.6100000000000001,4,N,658
0.01,0.51,0.6100000000000001,5,N,659
0.01,0.51,0.7100000000000001,1,N,660
0.01,0.51,0.7100000000000001,2,N,661
0.01,0.51,0.7100000000000001,3,N,662
0.01,0.51,0.7100000000000001,4,N,663
0.01,0.51,0.7100000000000001,5,N,664
0.01,0.51,0.81,1,N,665
0.01,0.51,0.81,2,N,666
0.01,0.51,0.81,3,N,667
0.01,0.51,0.81,4,N,668
0.01,0.51,0.81,5,N,669
0.01,0.51,0.91,1,N,670
0.01,0.51,0.91,2,N,671
0.01,0.51,0.91,3,N,672
0.01,0.51,0.91,4,N,673
0.01,0.51,0.91,5,N,674
0.01,0.51,1.01,1,N,675
0.01,0.51,1.01,2,N,676
0.01,0.51,1.01,3,N,677
0.01,0.51,1.01,4,N,678
0.01,0.51,1.01,5,N,679
0.01,0.51,1.11,1,N,680
0.01,0.51,1.11,2,N,681
0.01,0.51,1.11,3,N,682
0.01,0.51,1.11,4,N,683
0.01,0.51,1.11,5,N,684
0.01,0.51,1.3,1,N,685
0.01,0.51,1.3,2,N,686
0.01,0.51,1.3,3,N,687
0.01,0.51,1.3,4,N,688
0.01,0.51,1.3,5,N,689
0.01,0.51,1.6,1,N,690
0.01,0.51,1.6,2,N,691
0.01,0.51,1.6,3,N,692
0.01,0.51,1.6,4,N,693
0.01,0.51,1.6,5,N,694
0.01,0.51,1.9,1,N,695
0.01,0.51,1.9,2,N,696
0.01,0.51,1.9,3,N,697
0.01,0.51,1.9,4,N,698
0.01,0.51,1.9,5,N,699
0.01,0.51,2.2,1,N,700
0.01,0.51,2.2,2,N,701
0.01,0.51,2.2,3,N,702
0.01,0.51,2.2,4,N,703
0.01,0.51,2.2,5,N,704
0.01,0.51,2.5,1,N,705
0.01,0.51,2.5,2,N,706
0.01,0.51,2.5,3,N,707
0.01,0.51,2.5,4,N,708
0.01,0.51,2.5,5,N,709
0.01,0.51,2.8000000000000003,1,N,710
0.01,0.51,2.8000000000000003,2,N,711
0.01,0.51,2.8000000000000003,3,N,712
0.01,0.51,2.8000000000000003,4,N,713
0.01,0.51,2.8000000000000003,5,N,714
0.01,0.51,3.1000000000000005,1,N,715
0.01,0.51,3.1000000000000005,2,N,716
0.01,0.51,3.1000000000000005,3,N,717
0.01,0.51,3.1000000000000005,4,N,718
0.01,0.51,3.1000000000000005,5,N,719
0.01,0.51,3.4000000000000004,1,N,720
0.01,0.51,3.4000000000000004,2,N,721
0.01,0.51,3.4000000000000004,3,N,722
0.01,0.51,3.4000000000000004,4,N,723
0.01,0.51,3.4000000000000004,5,N,724
0.01,0.51,3.7,1,N,725
0.01,0.51,3.7,2,N,726
0.01,0.51,3.7,3,N,727
0.01,0.51,3.7,4,N,728
0.01,0.51,3.7,5,N,729
0.01,0.51,4.0,1,N,730
0.01,0.51,4.0,2,N,731
0.01,0.51,4.0,3,N,732
0.01,0.51,4.0,4,N,733
0.01,0.51,4.0,5,N,734
0.01,0.51,4.300000000000002,1,N,735
0.01,0.51,4.300000000000002,2,N,736
0.01,0.51,4.300000000000002,3,N,737
0.01,0.51,4.300000000000002,4,N,738
0.01,0.51,4.300000000000002,5,N,739
0.01,0.51,4.6000000000000005,1,N,740
0.01,0.51,4.6000000000000005,2,N,741
0.01,0.51,4.6000000000000005,3,N,742
0.01,0.51,4.6000000000000005,4,N,743
0.01,0.51,4.6000000000000005,5,N,744
0.01,0.51,4.9,1,N,745
0.01,0.51,4.9,2,N,746
0.01,0.51,4.9,3,N,747
0.01,0.51,4.9,4,N,748
0.01,0.51,4.9,5,N,749
0.01,0.6100000000000001,0.01,1,N,750
0.01,0.6100000000000001,0.01,2,N,751
0.01,0.6100000000000001,0.01,3,N,752
0.01,0.6100000000000001,0.01,4,N,753
0.01,0.6100000000000001,0.01,5,N,754
0.01,0.6100000000000001,0.11,1,N,755
0.01,0.6100000000000001,0.11,2,N,756
0.01,0.6100000000000001,0.11,3,N,757
0.01,0.6100000000000001,0.11,4,N,758
0.01,0.6100000000000001,0.11,5,N,759
0.01,0.6100000000000001,0.21,1,N,760
0.01,0.6100000000000001,0.21,2,N,761
0.01,0.6100000000000001,0.21,3,N,762
0.01,0.6100000000000001,0.21,4,N,763
0.01,0.6100000000000001,0.21,5,N,764
0.01,0.6100000000000001,0.31000000000000005,1,N,765
0.01,0.6100000000000001,0.31000000000000005,2,N,766
0.01,0.6100000000000001,0.31000000000000005,3,N,767
0.01,0.6100000000000001,0.31000000000000005,4,N,768
0.01,0.6100000000000001,0.31000000000000005,5,N,769
0.01,0.6100000000000001,0.41,1,N,770
0.01,0.6100000000000001,0.41,2,N,771
0.01,0.6100000000000001,0.41,3,N,772
0.01,0.6100000000000001,0.41,4,N,773
0.01,0.6100000000000001,0.41,5,N,774
0.01,0.6100000000000001,0.51,1,N,775
0.01,0.6100000000000001,0.51,2,N,776
0.01,0.6100000000000001,0.51,3,N,777
0.01,0.6100000000000001,0.51,4,N,778
0.01,0.6100000000000001,0.51,5,N,779
0.01,0.6100000000000001,0.6100000000000001,1,N,780
0.01,0.6100000000000001,0.6100000000000001,2,N,781
0.01,0.6100000000000001,0.6100000000000001,3,N,782
0.01,0.6100000000000001,0.6100000000000001,4,N,783
0.01,0.6100000000000001,0.6100000000000001,5,N,784
0.01,0.6100000000000001,0.7100000000000001,1,N,785
0.01,0.6100000000000001,0.7100000000000001,2,N,786
0.01,0.6100000000000001,0.7100000000000001,3,N,787
0.01,0.6100000000000001,0.7100000000000001,4,N,788
0.01,0.6100000000000001,0.7100000000000001,5,N,789
0.01,0.6100000000000001,0.81,1,N,790
0.01,0.6100000000000001,0.81,2,N,791
0.01,0.6100000000000001,0.81,3,N,792
0.01,0.6100000000000001,0.81,4,N,793
0.01,0.6100000000000001,0.81,5,N,794
0.01,0.6100000000000001,0.91,1,N,795
0.01,0.6100000000000001,0.91,2,N,796
0.01,0.6100000000000001,0.91,3,N,797
0.01,0.6100000000000001,0.91,4,N,798
0.01,0.6100000000000001,0.91,5,N,799
0.01,0.6100000000000001,1.01,1,N,800
0.01,0.6100000000000001,1.01,2,N,801
0.01,0.6100000000000001,1.01,3,N,802
0.01,0.6100000000000001,1.01,4,N,803
0.01,0.6100000000000001,1.01,5,N,804
0.01,0.6100000000000001,1.11,1,N,805
0.01,0.6100000000000001,1.11,2,N,806
0.01,0.6100000000000001,1.11,3,N,807
0.01,0.6100000000000001,1.11,4,N,808
0.01,0.6100000000000001,1.11,5,N,809
0.01,0.6100000000000001,1.3,1,N,810
0.01,0.6100000000000001,1.3,2,N,811
0.01,0.6100000000000001,1.3,3,N,812
0.01,0.6100000000000001,1.3,4,N,813
0.01,0.6100000000000001,1.3,5,N,814
0.01,0.6100000000000001,1.6,1,N,815
0.01,0.6100000000000001,1.6,2,N,816
0.01,0.6100000000000001,1.6,3,N,817
0.01,0.6100000000000001,1.6,4,N,818
0.01,0.6100000000000001,1.6,5,N,819
0.01,0.6100000000000001,1.9,1,N,820
0.01,0.6100000000000001,1.9,2,N,821
0.01,0.6100000000000001,1.9,3,N,822
0.01,0.6100000000000001,1.9,4,N,823
0.01,0.6100000000000001,1.9,5,N,824
0.01,0.6100000000000001,2.2,1,N,825
0.01,0.6100000000000001,2.2,2,N,826
0.01,0.6100000000000001,2.2,3,N,827
0.01,0.6100000000000001,2.2,4,N,828
0.01,0.6100000000000001,2.2,5,N,829
0.01,0.6100000000000001,2.5,1,N,830
0.01,0.6100000000000001,2.5,2,N,831
0.01,0.6100000000000001,2.5,3,N,832
0.01,0.6100000000000001,2.5,4,N,833
0.01,0.6100000000000001,2.5,5,N,834
0.01,0.6100000000000001,2.8000000000000003,1,N,835
0.01,0.6100000000000001,2.8000000000000003,2,N,836
0.01,0.6100000000000001,2.8000000000000003,3,N,837
0.01,0.6100000000000001,2.8000000000000003,4,N,838
0.01,0.6100000000000001,2.8000000000000003,5,N,839
0.01,0.6100000000000001,3.1000000000000005,1,N,840
0.01,0.6100000000000001,3.1000000000000005,2,N,841
0.01,0.6100000000000001,3.1000000000000005,3,N,842
0.01,0.6100000000000001,3.1000000000000005,4,N,843
0.01,0.6100000000000001,3.1000000000000005,5,N,844
0.01,0.6100000000000001,3.4000000000000004,1,N,845
0.01,0.6100000000000001,3.4000000000000004,2,N,846
0.01,0.6100000000000001,3.4000000000000004,3,N,847
0.01,0.6100000000000001,3.4000000000000004,4,N,848
0.01,0.6100000000000001,3.4000000000000004,5,N,849
0.01,0.6100000000000001,3.7,1,N,850
0.01,0.6100000000000001,3.7,2,N,851
0.01,0.6100000000000001,3.7,3,N,852
0.01,0.6100000000000001,3.7,4,N,853
0.01,0.6100000000000001,3.7,5,N,854
0.01,0.6100000000000001,4.0,1,N,855
0.01,0.6100000000000001,4.0,2,N,856
0.01,0.6100000000000001,4.0,3,N,857
0.01,0.6100000000000001,4.0,4,N,858
0.01,0.6100000000000001,4.0,5,N,859
0.01,0.6100000000000001,4.300000000000002,1,N,860
0.01,0.6100000000000001,4.300000000000002,2,N,861
0.01,0.6100000000000001,4.300000000000002,3,N,862
0.01,0.6100000000000001,4.300000000000002,4,N,863
0.01,0.6100000000000001,4.300000000000002,5,N,864
0.01,0.6100000000000001,4.6000000000000005,1,N,865
0.01,0.6100000000000001,4.6000000000000005,2,N,866
0.01,0.6100000000000001,4.6000000000000005,3,N,867
0.01,0.6100000000000001,4.6000000000000005,4,N,868
0.01,0.6100000000000001,4.6000000000000005,5,N,869
0.01,0.6100000000000001,4.9,1,N,870
0.01,0.6100000000000001,4.9,2,N,871
0.01,0.6100000000000001,4.9,3,N,872
0.01,0.6100000000000001,4.9,4,N,873
0.01,0.6100000000000001,4.9,5,N,874
0.01,0.7100000000000001,0.01,1,N,875
0.01,0.7100000000000001,0.01,2,N,876
0.01,0.7100000000000001,0.01,3,N,877
0.01,0.7100000000000001,0.01,4,N,878
0.01,0.7100000000000001,0.01,5,N,879
0.01,0.7100000000000001,0.11,1,N,880
0.01,0.7100000000000001,0.11,2,N,881
0.01,0.7100000000000001,0.11,3,N,882
0.01,0.7100000000000001,0.11,4,N,883
0.01,0.7100000000000001,0.11,5,N,884
0.01,0.7100000000000001,0.21,1,N,885
0.01,0.7100000000000001,0.21,2,N,886
0.01,0.7100000000000001,0.21,3,N,887
0.01,0.7100000000000001,0.21,4,N,888
0.01,0.7100000000000001,0.21,5,N,889
0.01,0.7100000000000001,0.31000000000000005,1,N,890
0.01,0.7100000000000001,0.31000000000000005,2,N,891
0.01,0.7100000000000001,0.31000000000000005,3,N,892
0.01,0.7100000000000001,0.31000000000000005,4,N,893
0.01,0.7100000000000001,0.31000000000000005,5,N,894
0.01,0.7100000000000001,0.41,1,N,895
0.01,0.7100000000000001,0.41,2,N,896
0.01,0.7100000000000001,0.41,3,N,897
0.01,0.7100000000000001,0.41,4,N,898
0.01,0.7100000000000001,0.41,5,N,899
0.01,0.7100000000000001,0.51,1,N,900
0.01,0.7100000000000001,0.51,2,N,901
0.01,0.7100000000000001,0.51,3,N,902
0.01,0.7100000000000001,0.51,4,N,903
0.01,0.7100000000000001,0.51,5,N,904
0.01,0.7100000000000001,0.6100000000000001,1,N,905
0.01,0.7100000000000001,0.6100000000000001,2,N,906
0.01,0.7100000000000001,0.6100000000000001,3,N,907
0.01,0.7100000000000001,0.6100000000000001,4,N,908
0.01,0.7100000000000001,0.6100000000000001,5,N,909
0.01,0.7100000000000001,0.7100000000000001,1,N,910
0.01,0.7100000000000001,0.7100000000000001,2,N,911
0.01,0.7100000000000001,0.7100000000000001,3,N,912
0.01,0.7100000000000001,0.7100000000000001,4,N,913
0.01,0.7100000000000001,0.7100000000000001,5,N,914
0.01,0.7100000000000001,0.81,1,N,915
0.01,0.7100000000000001,0.81,2,N,916
0.01,0.7100000000000001,0.81,3,N,917
0.01,0.7100000000000001,0.81,4,N,918
0.01,0.7100000000000001,0.81,5,N,919
0.01,0.7100000000000001,0.91,1,N,920
0.01,0.7100000000000001,0.91,2,N,921
0.01,0.7100000000000001,0.91,3,N,922
0.01,0.7100000000000001,0.91,4,N,923
0.01,0.7100000000000001,0.91,5,N,924
0.01,0.7100000000000001,1.01,1,N,925
0.01,0.7100000000000001,1.01,2,N,926
0.01,0.7100000000000001,1.01,3,N,927
0.01,0.7100000000000001,1.01,4,N,928
0.01,0.7100000000000001,1.01,5,N,929
0.01,0.7100000000000001,1.11,1,N,930
0.01,0.7100000000000001,1.11,2,N,931
0.01,0.7100000000000001,1.11,3,N,932
0.01,0.7100000000000001,1.11,4,N,933
0.01,0.7100000000000001,1.11,5,N,934
0.01,0.7100000000000001,1.3,1,N,935
0.01,0.7100000000000001,1.3,2,N,936
0.01,0.7100000000000001,1.3,3,N,937
0.01,0.7100000000000001,1.3,4,N,938
0.01,0.7100000000000001,1.3,5,N,939
0.01,0.7100000000000001,1.6,1,N,940
0.01,0.7100000000000001,1.6,2,N,941
0.01,0.7100000000000001,1.6,3,N,942
0.01,0.7100000000000001,1.6,4,N,943
0.01,0.7100000000000001,1.6,5,N,944
0.01,0.7100000000000001,1.9,1,N,945
0.01,0.7100000000000001,1.9,2,N,946
0.01,0.7100000000000001,1.9,3,N,947
0.01,0.7100000000000001,1.9,4,N,948
0.01,0.7100000000000001,1.9,5,N,949
0.01,0.7100000000000001,2.2,1,N,950
0.01,0.7100000000000001,2.2,2,N,951
0.01,0.7100000000000001,2.2,3,N,952
0.01,0.7100000000000001,2.2,4,N,953
0.01,0.7100000000000001,2.2,5,N,954
0.01,0.7100000000000001,2.5,1,N,955
0.01,0.7100000000000001,2.5,2,N,956
0.01,0.7100000000000001,2.5,3,N,957
0.01,0.7100000000000001,2.5,4,N,958
0.01,0.7100000000000001,2.5,5,N,959
0.01,0.7100000000000001,2.8000000000000003,1,N,960
0.01,0.7100000000000001,2.8000000000000003,2,N,961
0.01,0.7100000000000001,2.8000000000000003,3,N,962
0.01,0.7100000000000001,2.8000000000000003,4,N,963
0.01,0.7100000000000001,2.8000000000000003,5,N,964
0.01,0.7100000000000001,3.1000000000000005,1,N,965
0.01,0.7100000000000001,3.1000000000000005,2,N,966
0.01,0.7100000000000001,3.1000000000000005,3,N,967
0.01,0.7100000000000001,3.1000000000000005,4,N,968
0.01,0.7100000000000001,3.1000000000000005,5,N,969
0.01,0.7100000000000001,3.4000000000000004,1,N,970
0.01,0.7100000000000001,3.4000000000000004,2,N,971
0.01,0.7100000000000001,3.4000000000000004,3,N,972
0.01,0.7100000000000001,3.4000000000000004,4,N,973
0.01,0.7100000000000001,3.4000000000000004,5,N,974
0.01,0.7100000000000001,3.7,1,N,975
0.01,0.7100000000000001,3.7,2,N,976
0.01,0.7100000000000001,3.7,3,N,977
0.01,0.7100000000000001,3.7,4,N,978
0.01,0.7100000000000001,3.7,5,N,979
0.01,0.7100000000000001,4.0,1,N,980
0.01,0.7100000000000001,4.0,2,N,981
0.01,0.7100000000000001,4.0,3,N,982
0.01,0.7100000000000001,4.0,4,N,983
0.01,0.7100000000000001,4.0,5,N,984
0.01,0.7100000000000001,4.300000000000002,1,N,985
0.01,0.7100000000000001,4.300000000000002,2,N,986
0.01,0.7100000000000001,4.300000000000002,3,N,987
0.01,0.7100000000000001,4.300000000000002,4,N,988
0.01,0.7100000000000001,4.300000000000002,5,N,989
0.01,0.7100000000000001,4.6000000000000005,1,N,990
0.01,0.7100000000000001,4.6000000000000005,2,N,991
0.01,0.7100000000000001,4.6000000000000005,3,N,992
0.01,0.7100000000000001,4.6000000000000005,4,N,993
0.01,0.7100000000000001,4.6000000000000005,5,N,994
0.01,0.7100000000000001,4.9,1,N,995
0.01,0.7100000000000001,4.9,2,N,996
0.01,0.7100000000000001,4.9,3,N,997
0.01,0.7100000000000001,4.9,4,N,998
0.01,0.7100000000000001,4.9,5,N,999
0.01,0.81,0.01,1,N,1000
0.01,0.81,0.01,2,N,1001
0.01,0.81,0.01,3,N,1002
0.01,0.81,0.01,4,N,1003
0.01,0.81,0.01,5,N,1004
0.01,0.81,0.11,1,N,1005
0.01,0.81,0.11,2,N,1006
0.01,0.81,0.11,3,N,1007
0.01,0.81,0.11,4,N,1008
0.01,0.81,0.11,5,N,1009
0.01,0.81,0.21,1,N,1010
0.01,0.81,0.21,2,N,1011
0.01,0.81,0.21,3,N,1012
0.01,0.81,0.21,4,N,1013
0.01,0.81,0.21,5,N,1014
0.01,0.81,0.31000000000000005,1,N,1015
0.01,0.81,0.31000000000000005,2,N,1016
0.01,0.81,0.31000000000000005,3,N,1017
0.01,0.81,0.31000000000000005,4,N,1018
0.01,0.81,0.31000000000000005,5,N,1019
0.01,0.81,0.41,1,N,1020
0.01,0.81,0.41,2,N,1021
0.01,0.81,0.41,3,N,1022
0.01,0.81,0.41,4,N,1023
0.01,0.81,0.41,5,N,1024
0.01,0.81,0.51,1,N,1025
0.01,0.81,0.51,2,N,1026
0.01,0.81,0.51,3,N,1027
0.01,0.81,0.51,4,N,1028
0.01,0.81,0.51,5,N,1029
0.01,0.81,0.6100000000000001,1,N,1030
0.01,0.81,0.6100000000000001,2,N,1031
0.01,0.81,0.6100000000000001,3,N,1032
0.01,0.81,0.6100000000000001,4,N,1033
0.01,0.81,0.6100000000000001,5,N,1034
0.01,0.81,0.7100000000000001,1,N,1035
0.01,0.81,0.7100000000000001,2,N,1036
0.01,0.81,0.7100000000000001,3,N,1037
0.01,0.81,0.7100000000000001,4,N,1038
0.01,0.81,0.7100000000000001,5,N,1039
0.01,0.81,0.81,1,N,1040
0.01,0.81,0.81,2,N,1041
0.01,0.81,0.81,3,N,1042
0.01,0.81,0.81,4,N,1043
0.01,0.81,0.81,5,N,1044
0.01,0.81,0.91,1,N,1045
0.01,0.81,0.91,2,N,1046
0.01,0.81,0.91,3,N,1047
0.01,0.81,0.91,4,N,1048
0.01,0.81,0.91,5,N,1049
0.01,0.81,1.01,1,N,1050
0.01,0.81,1.01,2,N,1051
0.01,0.81,1.01,3,N,1052
0.01,0.81,1.01,4,N,1053
0.01,0.81,1.01,5,N,1054
0.01,0.81,1.11,1,N,1055
0.01,0.81,1.11,2,N,1056
0.01,0.81,1.11,3,N,1057
0.01,0.81,1.11,4,N,1058
0.01,0.81,1.11,5,N,1059
0.01,0.81,1.3,1,N,1060
0.01,0.81,1.3,2,N,1061
0.01,0.81,1.3,3,N,1062
0.01,0.81,1.3,4,N,1063
0.01,0.81,1.3,5,N,1064
0.01,0.81,1.6,1,N,1065
0.01,0.81,1.6,2,N,1066
0.01,0.81,1.6,3,N,1067
0.01,0.81,1.6,4,N,1068
0.01,0.81,1.6,5,N,1069
0.01,0.81,1.9,1,N,1070
0.01,0.81,1.9,2,N,1071
0.01,0.81,1.9,3,N,1072
0.01,0.81,1.9,4,N,1073
0.01,0.81,1.9,5,N,1074
0.01,0.81,2.2,1,N,1075
0.01,0.81,2.2,2,N,1076
0.01,0.81,2.2,3,N,1077
0.01,0.81,2.2,4,N,1078
0.01,0.81,2.2,5,N,1079
0.01,0.81,2.5,1,N,1080
0.01,0.81,2.5,2,N,1081
0.01,0.81,2.5,3,N,1082
0.01,0.81,2.5,4,N,1083
0.01,0.81,2.5,5,N,1084
0.01,0.81,2.8000000000000003,1,N,1085
0.01,0.81,2.8000000000000003,2,N,1086
0.01,0.81,2.8000000000000003,3,N,1087
0.01,0.81,2.8000000000000003,4,N,1088
0.01,0.81,2.8000000000000003,5,N,1089
0.01,0.81,3.1000000000000005,1,N,1090
0.01,0.81,3.1000000000000005,2,N,1091
0.01,0.81,3.1000000000000005,3,N,1092
0.01,0.81,3.1000000000000005,4,N,1093
0.01,0.81,3.1000000000000005,5,N,1094
0.01,0.81,3.4000000000000004,1,N,1095
0.01,0.81,3.4000000000000004,2,N,1096
0.01,0.81,3.4000000000000004,3,N,1097
0.01,0.81,3.4000000000000004,4,N,1098
0.01,0.81,3.4000000000000004,5,N,1099
0.01,0.81,3.7,1,N,1100
0.01,0.81,3.7,2,N,1101
0.01,0.81,3.7,3,N,1102
0.01,0.81,3.7,4,N,1103
0.01,0.81,3.7,5,N,1104
0.01,0.81,4.0,1,N,1105
0.01,0.81,4.0,2,N,1106
0.01,0.81,4.0,3,N,1107
0.01,0.81,4.0,4,N,1108
0.01,0.81,4.0,5,N,1109
0.01,0.81,4.300000000000002,1,N,1110
0.01,0.81,4.300000000000002,2,N,1111
0.01,0.81,4.300000000000002,3,N,1112
0.01,0.81,4.300000000000002,4,N,1113
0.01,0.81,4.300000000000002,5,N,1114
0.01,0.81,4.6000000000000005,1,N,1115
0.01,0.81,4.6000000000000005,2,N,1116
0.01,0.81,4.6000000000000005,3,N,1117
0.01,0.81,4.6000000000000005,4,N,1118
0.01,0.81,4.6000000000000005,5,N,1119
0.01,0.81,4.9,1,N,1120
0.01,0.81,4.9,2,N,1121
0.01,0.81,4.9,3,N,1122
0.01,0.81,4.9,4,N,1123
0.01,0.81,4.9,5,N,1124
0.01,0.91,0.01,1,N,1125
0.01,0.91,0.01,2,N,1126
0.01,0.91,0.01,3,N,1127
0.01,0.91,0.01,4,N,1128
0.01,0.91,0.01,5,N,1129
0.01,0.91,0.11,1,N,1130
0.01,0.91,0.11,2,N,1131
0.01,0.91,0.11,3,N,1132
0.01,0.91,0.11,4,N,1133
0.01,0.91,0.11,5,N,1134
0.01,0.91,0.21,1,N,1135
0.01,0.91,0.21,2,N,1136
0.01,0.91,0.21,3,N,1137
0.01,0.91,0.21,4,N,1138
0.01,0.91,0.21,5,N,1139
0.01,0.91,0.31000000000000005,1,N,1140
0.01,0.91,0.31000000000000005,2,N,1141
0.01,0.91,0.31000000000000005,3,N,1142
0.01,0.91,0.31000000000000005,4,N,1143
0.01,0.91,0.31000000000000005,5,N,1144
0.01,0.91,0.41,1,N,1145
0.01,0.91,0.41,2,N,1146
0.01,0.91,0.41,3,N,1147
0.01,0.91,0.41,4,N,1148
0.01,0.91,0.41,5,N,1149
0.01,0.91,0.51,1,N,1150
0.01,0.91,0.51,2,N,1151
0.01,0.91,0.51,3,N,1152
0.01,0.91,0.51,4,N,1153
0.01,0.91,0.51,5,N,1154
0.01,0.91,0.6100000000000001,1,N,1155
0.01,0.91,0.6100000000000001,2,N,1156
0.01,0.91,0.6100000000000001,3,N,1157
0.01,0.91,0.6100000000000001,4,N,1158
0.01,0.91,0.6100000000000001,5,N,1159
0.01,0.91,0.7100000000000001,1,N,1160
0.01,0.91,0.7100000000000001,2,N,1161
0.01,0.91,0.7100000000000001,3,N,1162
0.01,0.91,0.7100000000000001,4,N,1163
0.01,0.91,0.7100000000000001,5,N,1164
0.01,0.91,0.81,1,N,1165
0.01,0.91,0.81,2,N,1166
0.01,0.91,0.81,3,N,1167
0.01,0.91,0.81,4,N,1168
0.01,0.91,0.81,5,N,1169
0.01,0.91,0.91,1,N,1170
0.01,0.91,0.91,2,N,1171
0.01,0.91,0.91,3,N,1172
0.01,0.91,0.91,4,N,1173
0.01,0.91,0.91,5,N,1174
0.01,0.91,1.01,1,N,1175
0.01,0.91,1.01,2,N,1176
0.01,0.91,1.01,3,N,1177
0.01,0.91,1.01,4,N,1178
0.01,0.91,1.01,5,N,1179
0.01,0.91,1.11,1,N,1180
0.01,0.91,1.11,2,N,1181
0.01,0.91,1.11,3,N,1182
0.01,0.91,1.11,4,N,1183
0.01,0.91,1.11,5,N,1184
0.01,0.91,1.3,1,N,1185
0.01,0.91,1.3,2,N,1186
0.01,0.91,1.3,3,N,1187
0.01,0.91,1.3,4,N,1188
0.01,0.91,1.3,5,N,1189
0.01,0.91,1.6,1,N,1190
0.01,0.91,1.6,2,N,1191
0.01,0.91,1.6,3,N,1192
0.01,0.91,1.6,4,N,1193
0.01,0.91,1.6,5,N,1194
0.01,0.91,1.9,1,N,1195
0.01,0.91,1.9,2,N,1196
0.01,0.91,1.9,3,N,1197
0.01,0.91,1.9,4,N,1198
0.01,0.91,1.9,5,N,1199
0.01,0.91,2.2,1,N,1200
0.01,0.91,2.2,2,N,1201
0.01,0.91,2.2,3,N,1202
0.01,0.91,2.2,4,N,1203
0.01,0.91,2.2,5,N,1204
0.01,0.91,2.5,1,N,1205
0.01,0.91,2.5,2,N,1206
0.01,0.91,2.5,3,N,1207
0.01,0.91,2.5,4,N,1208
0.01,0.91,2.5,5,N,1209
0.01,0.91,2.8000000000000003,1,N,1210
0.01,0.91,2.8000000000000003,2,N,1211
0.01,0.91,2.8000000000000003,3,N,1212
0.01,0.91,2.8000000000000003,4,N,1213
0.01,0.91,2.8000000000000003,5,N,1214
0.01,0.91,3.1000000000000005,1,N,1215
0.01,0.91,3.1000000000000005,2,N,1216
0.01,0.91,3.1000000000000005,3,N,1217
0.01,0.91,3.1000000000000005,4,N,1218
0.01,0.91,3.1000000000000005,5,N,1219
0.01,0.91,3.4000000000000004,1,N,1220
0.01,0.91,3.4000000000000004,2,N,1221
0.01,0.91,3.4000000000000004,3,N,1222
0.01,0.91,3.4000000000000004,4,N,1223
0.01,0.91,3.4000000000000004,5,N,1224
0.01,0.91,3.7,1,N,1225
0.01,0.91,3.7,2,N,1226
0.01,0.91,3.7,3,N,1227
0.01,0.91,3.7,4,N,1228
0.01,0.91,3.7,5,N,1229
0.01,0.91,4.0,1,N,1230
0.01,0.91,4.0,2,N,1231
0.01,0.91,4.0,3,N,1232
0.01,0.91,4.0,4,N,1233
0.01,0.91,4.0,5,N,1234
0.01,0.91,4.300000000000002,1,N,1235
0.01,0.91,4.300000000000002,2,N,1236
0.01,0.91,4.300000000000002,3,N,1237
0.01,0.91,4.300000000000002,4,N,1238
0.01,0.91,4.300000000000002,5,N,1239
0.01,0.91,4.6000000000000005,1,N,1240
0.01,0.91,4.6000000000000005,2,N,1241
0.01,0.91,4.6000000000000005,3,N,1242
0.01,0.91,4.6000000000000005,4,N,1243
0.01,0.91,4.6000000000000005,5,N,1244
0.01,0.91,4.9,1,N,1245
0.01,0.91,4.9,2,N,1246
0.01,0.91,4.9,3,N,1247
0.01,0.91,4.9,4,N,1248
0.01,0.91,4.9,5,N,1249
0.01,1.01,0.01,1,N,1250
0.01,1.01,0.01,2,N,1251
0.01,1.01,0.01,3,N,1252
0.01,1.01,0.01,4,N,1253
0.01,1.01,0.01,5,N,1254
0.01,1.01,0.11,1,N,1255
0.01,1.01,0.11,2,N,1256
0.01,1.01,0.11,3,N,1257
0.01,1.01,0.11,4,N,1258
0.01,1.01,0.11,5,N,1259
0.01,1.01,0.21,1,N,1260
0.01,1.01,0.21,2,N,1261
0.01,1.01,0.21,3,N,1262
0.01,1.01,0.21,4,N,1263
0.01,1.01,0.21,5,N,1264
0.01,1.01,0.31000000000000005,1,N,1265
0.01,1.01,0.31000000000000005,2,N,1266
0.01,1.01,0.31000000000000005,3,N,1267
0.01,1.01,0.31000000000000005,4,N,1268
0.01,1.01,0.31000000000000005,5,N,1269
0.01,1.01,0.41,1,N,1270
0.01,1.01,0.41,2,N,1271
0.01,1.01,0.41,3,N,1272
0.01,1.01,0.41,4,N,1273
0.01,1.01,0.41,5,N,1274
0.01,1.01,0.51,1,N,1275
0.01,1.01,0.51,2,N,1276
0.01,1.01,0.51,3,N,1277
0.01,1.01,0.51,4,N,1278
0.01,1.01,0.51,5,N,1279
0.01,1.01,0.6100000000000001,1,N,1280
0.01,1.01,0.6100000000000001,2,N,1281
0.01,1.01,0.6100000000000001,3,N,1282
0.01,1.01,0.6100000000000001,4,N,1283
0.01,1.01,0.6100000000000001,5,N,1284
0.01,1.01,0.7100000000000001,1,N,1285
0.01,1.01,0.7100000000000001,2,N,1286
0.01,1.01,0.7100000000000001,3,N,1287
0.01,1.01,0.7100000000000001,4,N,1288
0.01,1.01,0.7100000000000001,5,N,1289
0.01,1.01,0.81,1,N,1290
0.01,1.01,0.81,2,N,1291
0.01,1.01,0.81,3,N,1292
0.01,1.01,0.81,4,N,1293
0.01,1.01,0.81,5,N,1294
0.01,1.01,0.91,1,N,1295
0.01,1.01,0.91,2,N,1296
0.01,1.01,0.91,3,N,1297
0.01,1.01,0.91,4,N,1298
0.01,1.01,0.91,5,N,1299
0.01,1.01,1.01,1,N,1300
0.01,1.01,1.01,2,N,1301
0.01,1.01,1.01,3,N,1302
0.01,1.01,1.01,4,N,1303
0.01,1.01,1.01,5,N,1304
0.01,1.01,1.11,1,N,1305
0.01,1.01,1.11,2,N,1306
0.01,1.01,1.11,3,N,1307
0.01,1.01,1.11,4,N,1308
0.01,1.01,1.11,5,N,1309
0.01,1.01,1.3,1,N,1310
0.01,1.01,1.3,2,N,1311
0.01,1.01,1.3,3,N,1312
0.01,1.01,1.3,4,N,1313
0.01,1.01,1.3,5,N,1314
0.01,1.01,1.6,1,N,1315
0.01,1.01,1.6,2,N,1316
0.01,1.01,1.6,3,N,1317
0.01,1.01,1.6,4,N,1318
0.01,1.01,1.6,5,N,1319
0.01,1.01,1.9,1,N,1320
0.01,1.01,1.9,2,N,1321
0.01,1.01,1.9,3,N,1322
0.01,1.01,1.9,4,N,1323
0.01,1.01,1.9,5,N,1324
0.01,1.01,2.2,1,N,1325
0.01,1.01,2.2,2,N,1326
0.01,1.01,2.2,3,N,1327
0.01,1.01,2.2,4,N,1328
0.01,1.01,2.2,5,N,1329
0.01,1.01,2.5,1,N,1330
0.01,1.01,2.5,2,N,1331
0.01,1.01,2.5,3,N,1332
0.01,1.01,2.5,4,N,1333
0.01,1.01,2.5,5,N,1334
0.01,1.01,2.8000000000000003,1,N,1335
0.01,1.01,2.8000000000000003,2,N,1336
0.01,1.01,2.8000000000000003,3,N,1337
0.01,1.01,2.8000000000000003,4,N,1338
0.01,1.01,2.8000000000000003,5,N,1339
0.01,1.01,3.1000000000000005,1,N,1340
0.01,1.01,3.1000000000000005,2,N,1341
0.01,1.01,3.1000000000000005,3,N,1342
0.01,1.01,3.1000000000000005,4,N,1343
0.01,1.01,3.1000000000000005,5,N,1344
0.01,1.01,3.4000000000000004,1,N,1345
0.01,1.01,3.4000000000000004,2,N,1346
0.01,1.01,3.4000000000000004,3,N,1347
0.01,1.01,3.4000000000000004,4,N,1348
0.01,1.01,3.4000000000000004,5,N,1349
0.01,1.01,3.7,1,N,1350
0.01,1.01,3.7,2,N,1351
0.01,1.01,3.7,3,N,1352
0.01,1.01,3.7,4,N,1353
0.01,1.01,3.7,5,N,1354
0.01,1.01,4.0,1,N,1355
0.01,1.01,4.0,2,N,1356
0.01,1.01,4.0,3,N,1357
0.01,1.01,4.0,4,N,1358
0.01,1.01,4.0,5,N,1359
0.01,1.01,4.300000000000002,1,N,1360
0.01,1.01,4.300000000000002,2,N,1361
0.01,1.01,4.300000000000002,3,N,1362
0.01,1.01,4.300000000000002,4,N,1363
0.01,1.01,4.300000000000002,5,N,1364
0.01,1.01,4.6000000000000005,1,N,1365
0.01,1.01,4.6000000000000005,2,N,1366
0.01,1.01,4.6000000000000005,3,N,1367
0.01,1.01,4.6000000000000005,4,N,1368
0.01,1.01,4.6000000000000005,5,N,1369
0.01,1.01,4.9,1,N,1370
0.01,1.01,4.9,2,N,1371
0.01,1.01,4.9,3,N,1372
0.01,1.01,4.9,4,N,1373
0.01,1.01,4.9,5,N,1374
0.01,1.11,0.01,1,N,1375
0.01,1.11,0.01,2,N,1376
0.01,1.11,0.01,3,N,1377
0.01,1.11,0.01,4,N,1378
0.01,1.11,0.01,5,N,1379
0.01,1.11,0.11,1,N,1380
0.01,1.11,0.11,2,N,1381
0.01,1.11,0.11,3,N,1382
0.01,1.11,0.11,4,N,1383
0.01,1.11,0.11,5,N,1384
0.01,1.11,0.21,1,N,1385
0.01,1.11,0.21,2,N,1386
0.01,1.11,0.21,3,N,1387
0.01,1.11,0.21,4,N,1388
0.01,1.11,0.21,5,N,1389
0.01,1.11,0.31000000000000005,1,N,1390
0.01,1.11,0.31000000000000005,2,N,1391
0.01,1.11,0.31000000000000005,3,N,1392
0.01,1.11,0.31000000000000005,4,N,1393
0.01,1.11,0.31000000000000005,5,N,1394
0.01,1.11,0.41,1,N,1395
0.01,1.11,0.41,2,N,1396
0.01,1.11,0.41,3,N,1397
0.01,1.11,0.41,4,N,1398
0.01,1.11,0.41,5,N,1399
0.01,1.11,0.51,1,N,1400
0.01,1.11,0.51,2,N,1401
0.01,1.11,0.51,3,N,1402
0.01,1.11,0.51,4,N,1403
0.01,1.11,0.51,5,N,1404
0.01,1.11,0.6100000000000001,1,N,1405
0.01,1.11,0.6100000000000001,2,N,1406
0.01,1.11,0.6100000000000001,3,N,1407
0.01,1.11,0.6100000000000001,4,N,1408
0.01,1.11,0.6100000000000001,5,N,1409
0.01,1.11,0.7100000000000001,1,N,1410
0.01,1.11,0.7100000000000001,2,N,1411
0.01,1.11,0.7100000000000001,3,N,1412
0.01,1.11,0.7100000000000001,4,N,1413
0.01,1.11,0.7100000000000001,5,N,1414
0.01,1.11,0.81,1,N,1415
0.01,1.11,0.81,2,N,1416
0.01,1.11,0.81,3,N,1417
0.01,1.11,0.81,4,N,1418
0.01,1.11,0.81,5,N,1419
0.01,1.11,0.91,1,N,1420
0.01,1.11,0.91,2,N,1421
0.01,1.11,0.91,3,N,1422
0.01,1.11,0.91,4,N,1423
0.01,1.11,0.91,5,N,1424
0.01,1.11,1.01,1,N,1425
0.01,1.11,1.01,2,N,1426
0.01,1.11,1.01,3,N,1427
0.01,1.11,1.01,4,N,1428
0.01,1.11,1.01,5,N,1429
0.01,1.11,1.11,1,N,1430
0.01,1.11,1.11,2,N,1431
0.01,1.11,1.11,3,N,1432
0.01,1.11,1.11,4,N,1433
0.01,1.11,1.11,5,N,1434
0.01,1.11,1.3,1,N,1435
0.01,1.11,1.3,2,N,1436
0.01,1.11,1.3,3,N,1437
0.01,1.11,1.3,4,N,1438
0.01,1.11,1.3,5,N,1439
0.01,1.11,1.6,1,N,1440
0.01,1.11,1.6,2,N,1441
0.01,1.11,1.6,3,N,1442
0.01,1.11,1.6,4,N,1443
0.01,1.11,1.6,5,N,1444
0.01,1.11,1.9,1,N,1445
0.01,1.11,1.9,2,N,1446
0.01,1.11,1.9,3,N,1447
0.01,1.11,1.9,4,N,1448
0.01,1.11,1.9,5,N,1449
0.01,1.11,2.2,1,N,1450
0.01,1.11,2.2,2,N,1451
0.01,1.11,2.2,3,N,1452
0.01,1.11,2.2,4,N,1453
0.01,1.11,2.2,5,N,1454
0.01,1.11,2.5,1,N,1455
0.01,1.11,2.5,2,N,1456
0.01,1.11,2.5,3,N,1457
0.01,1.11,2.5,4,N,1458
0.01,1.11,2.5,5,N,1459
0.01,1.11,2.8000000000000003,1,N,1460
0.01,1.11,2.8000000000000003,2,N,1461
0.01,1.11,2.8000000000000003,3,N,1462
0.01,1.11,2.8000000000000003,4,N,1463
0.01,1.11,2.8000000000000003,5,N,1464
0.01,1.11,3.1000000000000005,1,N,1465
0.01,1.11,3.1000000000000005,2,N,1466
0.01,1.11,3.1000000000000005,3,N,1467
0.01,1.11,3.1000000000000005,4,N,1468
0.01,1.11,3.1000000000000005,5,N,1469
0.01,1.11,3.4000000000000004,1,N,1470
0.01,1.11,3.4000000000000004,2,N,1471
0.01,1.11,3.4000000000000004,3,N,1472
0.01,1.11,3.4000000000000004,4,N,1473
0.01,1.11,3.4000000000000004,5,N,1474
0.01,1.11,3.7,1,N,1475
0.01,1.11,3.7,2,N,1476
0.01,1.11,3.7,3,N,1477
0.01,1.11,3.7,4,N,1478
0.01,1.11,3.7,5,N,1479
0.01,1.11,4.0,1,N,1480
0.01,1.11,4.0,2,N,1481
0.01,1.11,4.0,3,N,1482
0.01,1.11,4.0,4,N,1483
0.01,1.11,4.0,5,N,1484
0.01,1.11,4.300000000000002,1,N,1485
0.01,1.11,4.300000000000002,2,N,1486
0.01,1.11,4.300000000000002,3,N,1487
0.01,1.11,4.300000000000002,4,N,1488
0.01,1.11,4.300000000000002,5,N,1489
0.01,1.11,4.6000000000000005,1,N,1490
0.01,1.11,4.6000000000000005,2,N,1491
0.01,1.11,4.6000000000000005,3,N,1492
0.01,1.11,4.6000000000000005,4,N,1493
0.01,1.11,4.6000000000000005,5,N,1494
0.01,1.11,4.9,1,N,1495
0.01,1.11,4.9,2,N,1496
0.01,1.11,4.9,3,N,1497
0.01,1.11,4.9,4,N,1498
0.01,1.11,4.9,5,N,1499
0.01,1.3,0.01,1,N,1500
0.01,1.3,0.01,2,N,1501
0.01,1.3,0.01,3,N,1502
0.01,1.3,0.01,4,N,1503
0.01,1.3,0.01,5,N,1504
0.01,1.3,0.11,1,N,1505
0.01,1.3,0.11,2,N,1506
0.01,1.3,0.11,3,N,1507
0.01,1.3,0.11,4,N,1508
0.01,1.3,0.11,5,N,1509
0.01,1.3,0.21,1,N,1510
0.01,1.3,0.21,2,N,1511
0.01,1.3,0.21,3,N,1512
0.01,1.3,0.21,4,N,1513
0.01,1.3,0.21,5,N,1514
0.01,1.3,0.31000000000000005,1,N,1515
0.01,1.3,0.31000000000000005,2,N,1516
0.01,1.3,0.31000000000000005,3,N,1517
0.01,1.3,0.31000000000000005,4,N,1518
0.01,1.3,0.31000000000000005,5,N,1519
0.01,1.3,0.41,1,N,1520
0.01,1.3,0.41,2,N,1521
0.01,1.3,0.41,3,N,1522
0.01,1.3,0.41,4,N,1523
0.01,1.3,0.41,5,N,1524
0.01,1.3,0.51,1,N,1525
0.01,1.3,0.51,2,N,1526
0.01,1.3,0.51,3,N,1527
0.01,1.3,0.51,4,N,1528
0.01,1.3,0.51,5,N,1529
0.01,1.3,0.6100000000000001,1,N,1530
0.01,1.3,0.6100000000000001,2,N,1531
0.01,1.3,0.6100000000000001,3,N,1532
0.01,1.3,0.6100000000000001,4,N,1533
0.01,1.3,0.6100000000000001,5,N,1534
0.01,1.3,0.7100000000000001,1,N,1535
0.01,1.3,0.7100000000000001,2,N,1536
0.01,1.3,0.7100000000000001,3,N,1537
0.01,1.3,0.7100000000000001,4,N,1538
0.01,1.3,0.7100000000000001,5,N,1539
0.01,1.3,0.81,1,N,1540
0.01,1.3,0.81,2,N,1541
0.01,1.3,0.81,3,N,1542
0.01,1.3,0.81,4,N,1543
0.01,1.3,0.81,5,N,1544
0.01,1.3,0.91,1,N,1545
0.01,1.3,0.91,2,N,1546
0.01,1.3,0.91,3,N,1547
0.01,1.3,0.91,4,N,1548
0.01,1.3,0.91,5,N,1549
0.01,1.3,1.01,1,N,1550
0.01,1.3,1.01,2,N,1551
0.01,1.3,1.01,3,N,1552
0.01,1.3,1.01,4,N,1553
0.01,1.3,1.01,5,N,1554
0.01,1.3,1.11,1,N,1555
0.01,1.3,1.11,2,N,1556
0.01,1.3,1.11,3,N,1557
0.01,1.3,1.11,4,N,1558
0.01,1.3,1.11,5,N,1559
0.01,1.3,1.3,1,N,1560
0.01,1.3,1.3,2,N,1561
0.01,1.3,1.3,3,N,1562
0.01,1.3,1.3,4,N,1563
0.01,1.3,1.3,5,N,1564
0.01,1.3,1.6,1,N,1565
0.01,1.3,1.6,2,N,1566
0.01,1.3,1.6,3,N,1567
0.01,1.3,1.6,4,N,1568
0.01,1.3,1.6,5,N,1569
0.01,1.3,1.9,1,N,1570
0.01,1.3,1.9,2,N,1571
0.01,1.3,1.9,3,N,1572
0.01,1.3,1.9,4,N,1573
0.01,1.3,1.9,5,N,1574
0.01,1.3,2.2,1,N,1575
0.01,1.3,2.2,2,N,1576
0.01,1.3,2.2,3,N,1577
0.01,1.3,2.2,4,N,1578
0.01,1.3,2.2,5,N,1579
0.01,1.3,2.5,1,N,1580
0.01,1.3,2.5,2,N,1581
0.01,1.3,2.5,3,N,1582
0.01,1.3,2.5,4,N,1583
0.01,1.3,2.5,5,N,1584
0.01,1.3,2.8000000000000003,1,N,1585
0.01,1.3,2.8000000000000003,2,N,1586
0.01,1.3,2.8000000000000003,3,N,1587
0.01,1.3,2.8000000000000003,4,N,1588
0.01,1.3,2.8000000000000003,5,N,1589
0.01,1.3,3.1000000000000005,1,N,1590
0.01,1.3,3.1000000000000005,2,N,1591
0.01,1.3,3.1000000000000005,3,N,1592
0.01,1.3,3.1000000000000005,4,N,1593
0.01,1.3,3.1000000000000005,5,N,1594
0.01,1.3,3.4000000000000004,1,N,1595
0.01,1.3,3.4000000000000004,2,N,1596
0.01,1.3,3.4000000000000004,3,N,1597
0.01,1.3,3.4000000000000004,4,N,1598
0.01,1.3,3.4000000000000004,5,N,1599
0.01,1.3,3.7,1,N,1600
0.01,1.3,3.7,2,N,1601
0.01,1.3,3.7,3,N,1602
0.01,1.3,3.7,4,N,1603
0.01,1.3,3.7,5,N,1604
0.01,1.3,4.0,1,N,1605
0.01,1.3,4.0,2,N,1606
0.01,1.3,4.0,3,N,1607
0.01,1.3,4.0,4,N,1608
0.01,1.3,4.0,5,N,1609
0.01,1.3,4.300000000000002,1,N,1610
0.01,1.3,4.300000000000002,2,N,1611
0.01,1.3,4.300000000000002,3,N,1612
0.01,1.3,4.300000000000002,4,N,1613
0.01,1.3,4.300000000000002,5,N,1614
0.01,1.3,4.6000000000000005,1,N,1615
0.01,1.3,4.6000000000000005,2,N,1616
0.01,1.3,4.6000000000000005,3,N,1617
0.01,1.3,4.6000000000000005,4,N,1618
0.01,1.3,4.6000000000000005,5,N,1619
0.01,1.3,4.9,1,N,1620
0.01,1.3,4.9,2,N,1621
0.01,1.3,4.9,3,N,1622
0.01,1.3,4.9,4,N,1623
0.01,1.3,4.9,5,N,1624
0.01,1.6,0.01,1,N,1625
0.01,1.6,0.01,2,N,1626
0.01,1.6,0.01,3,N,1627
0.01,1.6,0.01,4,N,1628
0.01,1.6,0.01,5,N,1629
0.01,1.6,0.11,1,N,1630
0.01,1.6,0.11,2,N,1631
0.01,1.6,0.11,3,N,1632
0.01,1.6,0.11,4,N,1633
0.01,1.6,0.11,5,N,1634
0.01,1.6,0.21,1,N,1635
0.01,1.6,0.21,2,N,1636
0.01,1.6,0.21,3,N,1637
0.01,1.6,0.21,4,N,1638
0.01,1.6,0.21,5,N,1639
0.01,1.6,0.31000000000000005,1,N,1640
0.01,1.6,0.31000000000000005,2,N,1641
0.01,1.6,0.31000000000000005,3,N,1642
0.01,1.6,0.31000000000000005,4,N,1643
0.01,1.6,0.31000000000000005,5,N,1644
0.01,1.6,0.41,1,N,1645
0.01,1.6,0.41,2,N,1646
0.01,1.6,0.41,3,N,1647
0.01,1.6,0.41,4,N,1648
0.01,1.6,0.41,5,N,1649
0.01,1.6,0.51,1,N,1650
0.01,1.6,0.51,2,N,1651
0.01,1.6,0.51,3,N,1652
0.01,1.6,0.51,4,N,1653
0.01,1.6,0.51,5,N,1654
0.01,1.6,0.6100000000000001,1,N,1655
0.01,1.6,0.6100000000000001,2,N,1656
0.01,1.6,0.6100000000000001,3,N,1657
0.01,1.6,0.6100000000000001,4,N,1658
0.01,1.6,0.6100000000000001,5,N,1659
0.01,1.6,0.7100000000000001,1,N,1660
0.01,1.6,0.7100000000000001,2,N,1661
0.01,1.6,0.7100000000000001,3,N,1662
0.01,1.6,0.7100000000000001,4,N,1663
0.01,1.6,0.7100000000000001,5,N,1664
0.01,1.6,0.81,1,N,1665
0.01,1.6,0.81,2,N,1666
0.01,1.6,0.81,3,N,1667
0.01,1.6,0.81,4,N,1668
0.01,1.6,0.81,5,N,1669
0.01,1.6,0.91,1,N,1670
0.01,1.6,0.91,2,N,1671
0.01,1.6,0.91,3,N,1672
0.01,1.6,0.91,4,N,1673
0.01,1.6,0.91,5,N,1674
0.01,1.6,1.01,1,N,1675
0.01,1.6,1.01,2,N,1676
0.01,1.6,1.01,3,N,1677
0.01,1.6,1.01,4,N,1678
0.01,1.6,1.01,5,N,1679
0.01,1.6,1.11,1,N,1680
0.01,1.6,1.11,2,N,1681
0.01,1.6,1.11,3,N,1682
0.01,1.6,1.11,4,N,1683
0.01,1.6,1.11,5,N,1684
0.01,1.6,1.3,1,N,1685
0.01,1.6,1.3,2,N,1686
0.01,1.6,1.3,3,N,1687
0.01,1.6,1.3,4,N,1688
0.01,1.6,1.3,5,N,1689
0.01,1.6,1.6,1,N,1690
0.01,1.6,1.6,2,N,1691
0.01,1.6,1.6,3,N,1692
0.01,1.6,1.6,4,N,1693
0.01,1.6,1.6,5,N,1694
0.01,1.6,1.9,1,N,1695
0.01,1.6,1.9,2,N,1696
0.01,1.6,1.9,3,N,1697
0.01,1.6,1.9,4,N,1698
0.01,1.6,1.9,5,N,1699
0.01,1.6,2.2,1,N,1700
0.01,1.6,2.2,2,N,1701
0.01,1.6,2.2,3,N,1702
0.01,1.6,2.2,4,N,1703
0.01,1.6,2.2,5,N,1704
0.01,1.6,2.5,1,N,1705
0.01,1.6,2.5,2,N,1706
0.01,1.6,2.5,3,N,1707
0.01,1.6,2.5,4,N,1708
0.01,1.6,2.5,5,N,1709
0.01,1.6,2.8000000000000003,1,N,1710
0.01,1.6,2.8000000000000003,2,N,1711
0.01,1.6,2.8000000000000003,3,N,1712
0.01,1.6,2.8000000000000003,4,N,1713
0.01,1.6,2.8000000000000003,5,N,1714
0.01,1.6,3.1000000000000005,1,N,1715
0.01,1.6,3.1000000000000005,2,N,1716
0.01,1.6,3.1000000000000005,3,N,1717
0.01,1.6,3.1000000000000005,4,N,1718
0.01,1.6,3.1000000000000005,5,N,1719
0.01,1.6,3.4000000000000004,1,N,1720
0.01,1.6,3.4000000000000004,2,N,1721
0.01,1.6,3.4000000000000004,3,N,1722
0.01,1.6,3.4000000000000004,4,N,1723
0.01,1.6,3.4000000000000004,5,N,1724
0.01,1.6,3.7,1,N,1725
0.01,1.6,3.7,2,N,1726
0.01,1.6,3.7,3,N,1727
0.01,1.6,3.7,4,N,1728
0.01,1.6,3.7,5,N,1729
0.01,1.6,4.0,1,N,1730
0.01,1.6,4.0,2,N,1731
0.01,1.6,4.0,3,N,1732
0.01,1.6,4.0,4,N,1733
0.01,1.6,4.0,5,N,1734
0.01,1.6,4.300000000000002,1,N,1735
0.01,1.6,4.300000000000002,2,N,1736
0.01,1.6,4.300000000000002,3,N,1737
0.01,1.6,4.300000000000002,4,N,1738
0.01,1.6,4.300000000000002,5,N,1739
0.01,1.6,4.6000000000000005,1,N,1740
0.01,1.6,4.6000000000000005,2,N,1741
0.01,1.6,4.6000000000000005,3,N,1742
0.01,1.6,4.6000000000000005,4,N,1743
0.01,1.6,4.6000000000000005,5,N,1744
0.01,1.6,4.9,1,N,1745
0.01,1.6,4.9,2,N,1746
0.01,1.6,4.9,3,N,1747
0.01,1.6,4.9,4,N,1748
0.01,1.6,4.9,5,N,1749
0.01,1.9,0.01,1,N,1750
0.01,1.9,0.01,2,N,1751
0.01,1.9,0.01,3,N,1752
0.01,1.9,0.01,4,N,1753
0.01,1.9,0.01,5,N,1754
0.01,1.9,0.11,1,N,1755
0.01,1.9,0.11,2,N,1756
0.01,1.9,0.11,3,N,1757
0.01,1.9,0.11,4,N,1758
0.01,1.9,0.11,5,N,1759
0.01,1.9,0.21,1,N,1760
0.01,1.9,0.21,2,N,1761
0.01,1.9,0.21,3,N,1762
0.01,1.9,0.21,4,N,1763
0.01,1.9,0.21,5,N,1764
0.01,1.9,0.31000000000000005,1,N,1765
0.01,1.9,0.31000000000000005,2,N,1766
0.01,1.9,0.31000000000000005,3,N,1767
0.01,1.9,0.31000000000000005,4,N,1768
0.01,1.9,0.31000000000000005,5,N,1769
0.01,1.9,0.41,1,N,1770
0.01,1.9,0.41,2,N,1771
0.01,1.9,0.41,3,N,1772
0.01,1.9,0.41,4,N,1773
0.01,1.9,0.41,5,N,1774
0.01,1.9,0.51,1,N,1775
0.01,1.9,0.51,2,N,1776
0.01,1.9,0.51,3,N,1777
0.01,1.9,0.51,4,N,1778
0.01,1.9,0.51,5,N,1779
0.01,1.9,0.6100000000000001,1,N,1780
0.01,1.9,0.6100000000000001,2,N,1781
0.01,1.9,0.6100000000000001,3,N,1782
0.01,1.9,0.6100000000000001,4,N,1783
0.01,1.9,0.6100000000000001,5,N,1784
0.01,1.9,0.7100000000000001,1,N,1785
0.01,1.9,0.7100000000000001,2,N,1786
0.01,1.9,0.7100000000000001,3,N,1787
0.01,1.9,0.7100000000000001,4,N,1788
0.01,1.9,0.7100000000000001,5,N,1789
0.01,1.9,0.81,1,N,1790
0.01,1.9,0.81,2,N,1791
0.01,1.9,0.81,3,N,1792
0.01,1.9,0.81,4,N,1793
0.01,1.9,0.81,5,N,1794
0.01,1.9,0.91,1,N,1795
0.01,1.9,0.91,2,N,1796
0.01,1.9,0.91,3,N,1797
0.01,1.9,0.91,4,N,1798
0.01,1.9,0.91,5,N,1799
0.01,1.9,1.01,1,N,1800
0.01,1.9,1.01,2,N,1801
0.01,1.9,1.01,3,N,1802
0.01,1.9,1.01,4,N,1803
0.01,1.9,1.01,5,N,1804
0.01,1.9,1.11,1,N,1805
0.01,1.9,1.11,2,N,1806
0.01,1.9,1.11,3,N,1807
0.01,1.9,1.11,4,N,1808
0.01,1.9,1.11,5,N,1809
0.01,1.9,1.3,1,N,1810
0.01,1.9,1.3,2,N,1811
0.01,1.9,1.3,3,N,1812
0.01,1.9,1.3,4,N,1813
0.01,1.9,1.3,5,N,1814
0.01,1.9,1.6,1,N,1815
0.01,1.9,1.6,2,N,1816
0.01,1.9,1.6,3,N,1817
0.01,1.9,1.6,4,N,1818
0.01,1.9,1.6,5,N,1819
0.01,1.9,1.9,1,N,1820
0.01,1.9,1.9,2,N,1821
0.01,1.9,1.9,3,N,1822
0.01,1.9,1.9,4,N,1823
0.01,1.9,1.9,5,N,1824
0.01,1.9,2.2,1,N,1825
0.01,1.9,2.2,2,N,1826
0.01,1.9,2.2,3,N,1827
0.01,1.9,2.2,4,N,1828
0.01,1.9,2.2,5,N,1829
0.01,1.9,2.5,1,N,1830
0.01,1.9,2.5,2,N,1831
0.01,1.9,2.5,3,N,1832
0.01,1.9,2.5,4,N,1833
0.01,1.9,2.5,5,N,1834
0.01,1.9,2.8000000000000003,1,N,1835
0.01,1.9,2.8000000000000003,2,N,1836
0.01,1.9,2.8000000000000003,3,N,1837
0.01,1.9,2.8000000000000003,4,N,1838
0.01,1.9,2.8000000000000003,5,N,1839
0.01,1.9,3.1000000000000005,1,N,1840
0.01,1.9,3.1000000000000005,2,N,1841
0.01,1.9,3.1000000000000005,3,N,1842
0.01,1.9,3.1000000000000005,4,N,1843
0.01,1.9,3.1000000000000005,5,N,1844
0.01,1.9,3.4000000000000004,1,N,1845
0.01,1.9,3.4000000000000004,2,N,1846
0.01,1.9,3.4000000000000004,3,N,1847
0.01,1.9,3.4000000000000004,4,N,1848
0.01,1.9,3.4000000000000004,5,N,1849
0.01,1.9,3.7,1,N,1850
0.01,1.9,3.7,2,N,1851
0.01,1.9,3.7,3,N,1852
0.01,1.9,3.7,4,N,1853
0.01,1.9,3.7,5,N,1854
0.01,1.9,4.0,1,N,1855
0.01,1.9,4.0,2,N,1856
0.01,1.9,4.0,3,N,1857
0.01,1.9,4.0,4,N,1858
0.01,1.9,4.0,5,N,1859
0.01,1.9,4.300000000000002,1,N,1860
0.01,1.9,4.300000000000002,2,N,1861
0.01,1.9,4.300000000000002,3,N,1862
0.01,1.9,4.300000000000002,4,N,1863
0.01,1.9,4.300000000000002,5,N,1864
0.01,1.9,4.6000000000000005,1,N,1865
0.01,1.9,4.6000000000000005,2,N,1866
0.01,1.9,4.6000000000000005,3,N,1867
0.01,1.9,4.6000000000000005,4,N,1868
0.01,1.9,4.6000000000000005,5,N,1869
0.01,1.9,4.9,1,N,1870
0.01,1.9,4.9,2,N,1871
0.01,1.9,4.9,3,N,1872
0.01,1.9,4.9,4,N,1873
0.01,1.9,4.9,5,N,1874
0.01,2.2,0.01,1,N,1875
0.01,2.2,0.01,2,N,1876
0.01,2.2,0.01,3,N,1877
0.01,2.2,0.01,4,N,1878
0.01,2.2,0.01,5,N,1879
0.01,2.2,0.11,1,N,1880
0.01,2.2,0.11,2,N,1881
0.01,2.2,0.11,3,N,1882
0.01,2.2,0.11,4,N,1883
0.01,2.2,0.11,5,N,1884
0.01,2.2,0.21,1,N,1885
0.01,2.2,0.21,2,N,1886
0.01,2.2,0.21,3,N,1887
0.01,2.2,0.21,4,N,1888
0.01,2.2,0.21,5,N,1889
0.01,2.2,0.31000000000000005,1,N,1890
0.01,2.2,0.31000000000000005,2,N,1891
0.01,2.2,0.31000000000000005,3,N,1892
0.01,2.2,0.31000000000000005,4,N,1893
0.01,2.2,0.31000000000000005,5,N,1894
0.01,2.2,0.41,1,N,1895
0.01,2.2,0.41,2,N,1896
0.01,2.2,0.41,3,N,1897
0.01,2.2,0.41,4,N,1898
0.01,2.2,0.41,5,N,1899
0.01,2.2,0.51,1,N,1900
0.01,2.2,0.51,2,N,1901
0.01,2.2,0.51,3,N,1902
0.01,2.2,0.51,4,N,1903
0.01,2.2,0.51,5,N,1904
0.01,2.2,0.6100000000000001,1,N,1905
0.01,2.2,0.6100000000000001,2,N,1906
0.01,2.2,0.6100000000000001,3,N,1907
0.01,2.2,0.6100000000000001,4,N,1908
0.01,2.2,0.6100000000000001,5,N,1909
0.01,2.2,0.7100000000000001,1,N,1910
0.01,2.2,0.7100000000000001,2,N,1911
0.01,2.2,0.7100000000000001,3,N,1912
0.01,2.2,0.7100000000000001,4,N,1913
0.01,2.2,0.7100000000000001,5,N,1914
0.01,2.2,0.81,1,N,1915
0.01,2.2,0.81,2,N,1916
0.01,2.2,0.81,3,N,1917
0.01,2.2,0.81,4,N,1918
0.01,2.2,0.81,5,N,1919
0.01,2.2,0.91,1,N,1920
0.01,2.2,0.91,2,N,1921
0.01,2.2,0.91,3,N,1922
0.01,2.2,0.91,4,N,1923
0.01,2.2,0.91,5,N,1924
0.01,2.2,1.01,1,N,1925
0.01,2.2,1.01,2,N,1926
0.01,2.2,1.01,3,N,1927
0.01,2.2,1.01,4,N,1928
0.01,2.2,1.01,5,N,1929
0.01,2.2,1.11,1,N,1930
0.01,2.2,1.11,2,N,1931
0.01,2.2,1.11,3,N,1932
0.01,2.2,1.11,4,N,1933
0.01,2.2,1.11,5,N,1934
0.01,2.2,1.3,1,N,1935
0.01,2.2,1.3,2,N,1936
0.01,2.2,1.3,3,N,1937
0.01,2.2,1.3,4,N,1938
0.01,2.2,1.3,5,N,1939
0.01,2.2,1.6,1,N,1940
0.01,2.2,1.6,2,N,1941
0.01,2.2,1.6,3,N,1942
0.01,2.2,1.6,4,N,1943
0.01,2.2,1.6,5,N,1944
0.01,2.2,1.9,1,N,1945
0.01,2.2,1.9,2,N,1946
0.01,2.2,1.9,3,N,1947
0.01,2.2,1.9,4,N,1948
0.01,2.2,1.9,5,N,1949
0.01,2.2,2.2,1,N,1950
0.01,2.2,2.2,2,N,1951
0.01,2.2,2.2,3,N,1952
0.01,2.2,2.2,4,N,1953
0.01,2.2,2.2,5,N,1954
0.01,2.2,2.5,1,N,1955
0.01,2.2,2.5,2,N,1956
0.01,2.2,2.5,3,N,1957
0.01,2.2,2.5,4,N,1958
0.01,2.2,2.5,5,N,1959
0.01,2.2,2.8000000000000003,1,N,1960
0.01,2.2,2.8000000000000003,2,N,1961
0.01,2.2,2.8000000000000003,3,N,1962
0.01,2.2,2.8000000000000003,4,N,1963
0.01,2.2,2.8000000000000003,5,N,1964
0.01,2.2,3.1000000000000005,1,N,1965
0.01,2.2,3.1000000000000005,2,N,1966
0.01,2.2,3.1000000000000005,3,N,1967
0.01,2.2,3.1000000000000005,4,N,1968
0.01,2.2,3.1000000000000005,5,N,1969
0.01,2.2,3.4000000000000004,1,N,1970
0.01,2.2,3.4000000000000004,2,N,1971
0.01,2.2,3.4000000000000004,3,N,1972
0.01,2.2,3.4000000000000004,4,N,1973
0.01,2.2,3.4000000000000004,5,N,1974
0.01,2.2,3.7,1,N,1975
0.01,2.2,3.7,2,N,1976
0.01,2.2,3.7,3,N,1977
0.01,2.2,3.7,4,N,1978
0.01,2.2,3.7,5,N,1979
0.01,2.2,4.0,1,N,1980
0.01,2.2,4.0,2,N,1981
0.01,2.2,4.0,3,N,1982
0.01,2.2,4.0,4,N,1983
0.01,2.2,4.0,5,N,1984
0.01,2.2,4.300000000000002,1,N,1985
0.01,2.2,4.300000000000002,2,N,1986
0.01,2.2,4.300000000000002,3,N,1987
0.01,2.2,4.300000000000002,4,N,1988
0.01,2.2,4.300000000000002,5,N,1989
0.01,2.2,4.6000000000000005,1,N,1990
0.01,2.2,4.6000000000000005,2,N,1991
0.01,2.2,4.6000000000000005,3,N,1992
0.01,2.2,4.6000000000000005,4,N,1993
0.01,2.2,4.6000000000000005,5,N,1994
0.01,2.2,4.9,1,N,1995
0.01,2.2,4.9,2,N,1996
0.01,2.2,4.9,3,N,1997
0.01,2.2,4.9,4,N,1998
0.01,2.2,4.9,5,N,1999
0.01,2.5,0.01,1,N,2000
0.01,2.5,0.01,2,N,2001
0.01,2.5,0.01,3,N,2002
0.01,2.5,0.01,4,N,2003
0.01,2.5,0.01,5,N,2004
0.01,2.5,0.11,1,N,2005
0.01,2.5,0.11,2,N,2006
0.01,2.5,0.11,3,N,2007
0.01,2.5,0.11,4,N,2008
0.01,2.5,0.11,5,N,2009
0.01,2.5,0.21,1,N,2010
0.01,2.5,0.21,2,N,2011
0.01,2.5,0.21,3,N,2012
0.01,2.5,0.21,4,N,2013
0.01,2.5,0.21,5,N,2014
0.01,2.5,0.31000000000000005,1,N,2015
0.01,2.5,0.31000000000000005,2,N,2016
0.01,2.5,0.31000000000000005,3,N,2017
0.01,2.5,0.31000000000000005,4,N,2018
0.01,2.5,0.31000000000000005,5,N,2019
0.01,2.5,0.41,1,N,2020
0.01,2.5,0.41,2,N,2021
0.01,2.5,0.41,3,N,2022
0.01,2.5,0.41,4,N,2023
0.01,2.5,0.41,5,N,2024
0.01,2.5,0.51,1,N,2025
0.01,2.5,0.51,2,N,2026
0.01,2.5,0.51,3,N,2027
0.01,2.5,0.51,4,N,2028
0.01,2.5,0.51,5,N,2029
0.01,2.5,0.6100000000000001,1,N,2030
0.01,2.5,0.6100000000000001,2,N,2031
0.01,2.5,0.6100000000000001,3,N,2032
0.01,2.5,0.6100000000000001,4,N,2033
0.01,2.5,0.6100000000000001,5,N,2034
0.01,2.5,0.7100000000000001,1,N,2035
0.01,2.5,0.7100000000000001,2,N,2036
0.01,2.5,0.7100000000000001,3,N,2037
0.01,2.5,0.7100000000000001,4,N,2038
0.01,2.5,0.7100000000000001,5,N,2039
0.01,2.5,0.81,1,N,2040
0.01,2.5,0.81,2,N,2041
0.01,2.5,0.81,3,N,2042
0.01,2.5,0.81,4,N,2043
0.01,2.5,0.81,5,N,2044
0.01,2.5,0.91,1,N,2045
0.01,2.5,0.91,2,N,2046
0.01,2.5,0.91,3,N,2047
0.01,2.5,0.91,4,N,2048
0.01,2.5,0.91,5,N,2049
0.01,2.5,1.01,1,N,2050
0.01,2.5,1.01,2,N,2051
0.01,2.5,1.01,3,N,2052
0.01,2.5,1.01,4,N,2053
0.01,2.5,1.01,5,N,2054
0.01,2.5,1.11,1,N,2055
0.01,2.5,1.11,2,N,2056
0.01,2.5,1.11,3,N,2057
0.01,2.5,1.11,4,N,2058
0.01,2.5,1.11,5,N,2059
0.01,2.5,1.3,1,N,2060
0.01,2.5,1.3,2,N,2061
0.01,2.5,1.3,3,N,2062
0.01,2.5,1.3,4,N,2063
0.01,2.5,1.3,5,N,2064
0.01,2.5,1.6,1,N,2065
0.01,2.5,1.6,2,N,2066
0.01,2.5,1.6,3,N,2067
0.01,2.5,1.6,4,N,2068
0.01,2.5,1.6,5,N,2069
0.01,2.5,1.9,1,N,2070
0.01,2.5,1.9,2,N,2071
0.01,2.5,1.9,3,N,2072
0.01,2.5,1.9,4,N,2073
0.01,2.5,1.9,5,N,2074
0.01,2.5,2.2,1,N,2075
0.01,2.5,2.2,2,N,2076
0.01,2.5,2.2,3,N,2077
0.01,2.5,2.2,4,N,2078
0.01,2.5,2.2,5,N,2079
0.01,2.5,2.5,1,N,2080
0.01,2.5,2.5,2,N,2081
0.01,2.5,2.5,3,N,2082
0.01,2.5,2.5,4,N,2083
0.01,2.5,2.5,5,N,2084
0.01,2.5,2.8000000000000003,1,N,2085
0.01,2.5,2.8000000000000003,2,N,2086
0.01,2.5,2.8000000000000003,3,N,2087
0.01,2.5,2.8000000000000003,4,N,2088
0.01,2.5,2.8000000000000003,5,N,2089
0.01,2.5,3.1000000000000005,1,N,2090
0.01,2.5,3.1000000000000005,2,N,2091
0.01,2.5,3.1000000000000005,3,N,2092
0.01,2.5,3.1000000000000005,4,N,2093
0.01,2.5,3.1000000000000005,5,N,2094
0.01,2.5,3.4000000000000004,1,N,2095
0.01,2.5,3.4000000000000004,2,N,2096
0.01,2.5,3.4000000000000004,3,N,2097
0.01,2.5,3.4000000000000004,4,N,2098
0.01,2.5,3.4000000000000004,5,N,2099
0.01,2.5,3.7,1,N,2100
0.01,2.5,3.7,2,N,2101
0.01,2.5,3.7,3,N,2102
0.01,2.5,3.7,4,N,2103
0.01,2.5,3.7,5,N,2104
0.01,2.5,4.0,1,N,2105
0.01,2.5,4.0,2,N,2106
0.01,2.5,4.0,3,N,2107
0.01,2.5,4.0,4,N,2108
0.01,2.5,4.0,5,N,2109
0.01,2.5,4.300000000000002,1,N,2110
0.01,2.5,4.300000000000002,2,N,2111
0.01,2.5,4.300000000000002,3,N,2112
0.01,2.5,4.300000000000002,4,N,2113
0.01,2.5,4.300000000000002,5,N,2114
0.01,2.5,4.6000000000000005,1,N,2115
0.01,2.5,4.6000000000000005,2,N,2116
0.01,2.5,4.6000000000000005,3,N,2117
0.01,2.5,4.6000000000000005,4,N,2118
0.01,2.5,4.6000000000000005,5,N,2119
0.01,2.5,4.9,1,N,2120
0.01,2.5,4.9,2,N,2121
0.01,2.5,4.9,3,N,2122
0.01,2.5,4.9,4,N,2123
0.01,2.5,4.9,5,N,2124
0.01,2.8000000000000003,0.01,1,N,2125
0.01,2.8000000000000003,0.01,2,N,2126
0.01,2.8000000000000003,0.01,3,N,2127
0.01,2.8000000000000003,0.01,4,N,2128
0.01,2.8000000000000003,0.01,5,N,2129
0.01,2.8000000000000003,0.11,1,N,2130
0.01,2.8000000000000003,0.11,2,N,2131
0.01,2.8000000000000003,0.11,3,N,2132
0.01,2.8000000000000003,0.11,4,N,2133
0.01,2.8000000000000003,0.11,5,N,2134
0.01,2.8000000000000003,0.21,1,N,2135
0.01,2.8000000000000003,0.21,2,N,2136
0.01,2.8000000000000003,0.21,3,N,2137
0.01,2.8000000000000003,0.21,4,N,2138
0.01,2.8000000000000003,0.21,5,N,2139
0.01,2.8000000000000003,0.31000000000000005,1,N,2140
0.01,2.8000000000000003,0.31000000000000005,2,N,2141
0.01,2.8000000000000003,0.31000000000000005,3,N,2142
0.01,2.8000000000000003,0.31000000000000005,4,N,2143
0.01,2.8000000000000003,0.31000000000000005,5,N,2144
0.01,2.8000000000000003,0.41,1,N,2145
0.01,2.8000000000000003,0.41,2,N,2146
0.01,2.8000000000000003,0.41,3,N,2147
0.01,2.8000000000000003,0.41,4,N,2148
0.01,2.8000000000000003,0.41,5,N,2149
0.01,2.8000000000000003,0.51,1,N,2150
0.01,2.8000000000000003,0.51,2,N,2151
0.01,2.8000000000000003,0.51,3,N,2152
0.01,2.8000000000000003,0.51,4,N,2153
0.01,2.8000000000000003,0.51,5,N,2154
0.01,2.8000000000000003,0.6100000000000001,1,N,2155
0.01,2.8000000000000003,0.6100000000000001,2,N,2156
0.01,2.8000000000000003,0.6100000000000001,3,N,2157
0.01,2.8000000000000003,0.6100000000000001,4,N,2158
0.01,2.8000000000000003,0.6100000000000001,5,N,2159
0.01,2.8000000000000003,0.7100000000000001,1,N,2160
0.01,2.8000000000000003,0.7100000000000001,2,N,2161
0.01,2.8000000000000003,0.7100000000000001,3,N,2162
0.01,2.8000000000000003,0.7100000000000001,4,N,2163
0.01,2.8000000000000003,0.7100000000000001,5,N,2164
0.01,2.8000000000000003,0.81,1,N,2165
0.01,2.8000000000000003,0.81,2,N,2166
0.01,2.8000000000000003,0.81,3,N,2167
0.01,2.8000000000000003,0.81,4,N,2168
0.01,2.8000000000000003,0.81,5,N,2169
0.01,2.8000000000000003,0.91,1,N,2170
0.01,2.8000000000000003,0.91,2,N,2171
0.01,2.8000000000000003,0.91,3,N,2172
0.01,2.8000000000000003,0.91,4,N,2173
0.01,2.8000000000000003,0.91,5,N,2174
0.01,2.8000000000000003,1.01,1,N,2175
0.01,2.8000000000000003,1.01,2,N,2176
0.01,2.8000000000000003,1.01,3,N,2177
0.01,2.8000000000000003,1.01,4,N,2178
0.01,2.8000000000000003,1.01,5,N,2179
0.01,2.8000000000000003,1.11,1,N,2180
0.01,2.8000000000000003,1.11,2,N,2181
0.01,2.8000000000000003,1.11,3,N,2182
0.01,2.8000000000000003,1.11,4,N,2183
0.01,2.8000000000000003,1.11,5,N,2184
0.01,2.8000000000000003,1.3,1,N,2185
0.01,2.8000000000000003,1.3,2,N,2186
0.01,2.8000000000000003,1.3,3,N,2187
0.01,2.8000000000000003,1.3,4,N,2188
0.01,2.8000000000000003,1.3,5,N,2189
0.01,2.8000000000000003,1.6,1,N,2190
0.01,2.8000000000000003,1.6,2,N,2191
0.01,2.8000000000000003,1.6,3,N,2192
0.01,2.8000000000000003,1.6,4,N,2193
0.01,2.8000000000000003,1.6,5,N,2194
0.01,2.8000000000000003,1.9,1,N,2195
0.01,2.8000000000000003,1.9,2,N,2196
0.01,2.8000000000000003,1.9,3,N,2197
0.01,2.8000000000000003,1.9,4,N,2198
0.01,2.8000000000000003,1.9,5,N,2199
0.01,2.8000000000000003,2.2,1,N,2200
0.01,2.8000000000000003,2.2,2,N,2201
0.01,2.8000000000000003,2.2,3,N,2202
0.01,2.8000000000000003,2.2,4,N,2203
0.01,2.8000000000000003,2.2,5,N,2204
0.01,2.8000000000000003,2.5,1,N,2205
0.01,2.8000000000000003,2.5,2,N,2206
0.01,2.8000000000000003,2.5,3,N,2207
0.01,2.8000000000000003,2.5,4,N,2208
0.01,2.8000000000000003,2.5,5,N,2209
0.01,2.8000000000000003,2.8000000000000003,1,N,2210
0.01,2.8000000000000003,2.8000000000000003,2,N,2211
0.01,2.8000000000000003,2.8000000000000003,3,N,2212
0.01,2.8000000000000003,2.8000000000000003,4,N,2213
0.01,2.8000000000000003,2.8000000000000003,5,N,2214
0.01,2.8000000000000003,3.1000000000000005,1,N,2215
0.01,2.8000000000000003,3.1000000000000005,2,N,2216
0.01,2.8000000000000003,3.1000000000000005,3,N,2217
0.01,2.8000000000000003,3.1000000000000005,4,N,2218
0.01,2.8000000000000003,3.1000000000000005,5,N,2219
0.01,2.8000000000000003,3.4000000000000004,1,N,2220
0.01,2.8000000000000003,3.4000000000000004,2,N,2221
0.01,2.8000000000000003,3.4000000000000004,3,N,2222
0.01,2.8000000000000003,3.4000000000000004,4,N,2223
0.01,2.8000000000000003,3.4000000000000004,5,N,2224
0.01,2.8000000000000003,3.7,1,N,2225
0.01,2.8000000000000003,3.7,2,N,2226
0.01,2.8000000000000003,3.7,3,N,2227
0.01,2.8000000000000003,3.7,4,N,2228
0.01,2.8000000000000003,3.7,5,N,2229
0.01,2.8000000000000003,4.0,1,N,2230
0.01,2.8000000000000003,4.0,2,N,2231
0.01,2.8000000000000003,4.0,3,N,2232
0.01,2.8000000000000003,4.0,4,N,2233
0.01,2.8000000000000003,4.0,5,N,2234
0.01,2.8000000000000003,4.300000000000002,1,N,2235
0.01,2.8000000000000003,4.300000000000002,2,N,2236
0.01,2.8000000000000003,4.300000000000002,3,N,2237
0.01,2.8000000000000003,4.300000000000002,4,N,2238
0.01,2.8000000000000003,4.300000000000002,5,N,2239
0.01,2.8000000000000003,4.6000000000000005,1,N,2240
0.01,2.8000000000000003,4.6000000000000005,2,N,2241
0.01,2.8000000000000003,4.6000000000000005,3,N,2242
0.01,2.8000000000000003,4.6000000000000005,4,N,2243
0.01,2.8000000000000003,4.6000000000000005,5,N,2244
0.01,2.8000000000000003,4.9,1,N,2245
0.01,2.8000000000000003,4.9,2,N,2246
0.01,2.8000000000000003,4.9,3,N,2247
0.01,2.8000000000000003,4.9,4,N,2248
0.01,2.8000000000000003,4.9,5,N,2249
0.01,3.1000000000000005,0.01,1,N,2250
0.01,3.1000000000000005,0.01,2,N,2251
0.01,3.1000000000000005,0.01,3,N,2252
0.01,3.1000000000000005,0.01,4,N,2253
0.01,3.1000000000000005,0.01,5,N,2254
0.01,3.1000000000000005,0.11,1,N,2255
0.01,3.1000000000000005,0.11,2,N,2256
0.01,3.1000000000000005,0.11,3,N,2257
0.01,3.1000000000000005,0.11,4,N,2258
0.01,3.1000000000000005,0.11,5,N,2259
0.01,3.1000000000000005,0.21,1,N,2260
0.01,3.1000000000000005,0.21,2,N,2261
0.01,3.1000000000000005,0.21,3,N,2262
0.01,3.1000000000000005,0.21,4,N,2263
0.01,3.1000000000000005,0.21,5,N,2264
0.01,3.1000000000000005,0.31000000000000005,1,N,2265
0.01,3.1000000000000005,0.31000000000000005,2,N,2266
0.01,3.1000000000000005,0.31000000000000005,3,N,2267
0.01,3.1000000000000005,0.31000000000000005,4,N,2268
0.01,3.1000000000000005,0.31000000000000005,5,N,2269
0.01,3.1000000000000005,0.41,1,N,2270
0.01,3.1000000000000005,0.41,2,N,2271
0.01,3.1000000000000005,0.41,3,N,2272
0.01,3.1000000000000005,0.41,4,N,2273
0.01,3.1000000000000005,0.41,5,N,2274
0.01,3.1000000000000005,0.51,1,N,2275
0.01,3.1000000000000005,0.51,2,N,2276
0.01,3.1000000000000005,0.51,3,N,2277
0.01,3.1000000000000005,0.51,4,N,2278
0.01,3.1000000000000005,0.51,5,N,2279
0.01,3.1000000000000005,0.6100000000000001,1,N,2280
0.01,3.1000000000000005,0.6100000000000001,2,N,2281
0.01,3.1000000000000005,0.6100000000000001,3,N,2282
0.01,3.1000000000000005,0.6100000000000001,4,N,2283
0.01,3.1000000000000005,0.6100000000000001,5,N,2284
0.01,3.1000000000000005,0.7100000000000001,1,N,2285
0.01,3.1000000000000005,0.7100000000000001,2,N,2286
0.01,3.1000000000000005,0.7100000000000001,3,N,2287
0.01,3.1000000000000005,0.7100000000000001,4,N,2288
0.01,3.1000000000000005,0.7100000000000001,5,N,2289
0.01,3.1000000000000005,0.81,1,N,2290
0.01,3.1000000000000005,0.81,2,N,2291
0.01,3.1000000000000005,0.81,3,N,2292
0.01,3.1000000000000005,0.81,4,N,2293
0.01,3.1000000000000005,0.81,5,N,2294
0.01,3.1000000000000005,0.91,1,N,2295
0.01,3.1000000000000005,0.91,2,N,2296
0.01,3.1000000000000005,0.91,3,N,2297
0.01,3.1000000000000005,0.91,4,N,2298
0.01,3.1000000000000005,0.91,5,N,2299
0.01,3.1000000000000005,1.01,1,N,2300
0.01,3.1000000000000005,1.01,2,N,2301
0.01,3.1000000000000005,1.01,3,N,2302
0.01,3.1000000000000005,1.01,4,N,2303
0.01,3.1000000000000005,1.01,5,N,2304
0.01,3.1000000000000005,1.11,1,N,2305
0.01,3.1000000000000005,1.11,2,N,2306
0.01,3.1000000000000005,1.11,3,N,2307
0.01,3.1000000000000005,1.11,4,N,2308
0.01,3.1000000000000005,1.11,5,N,2309
0.01,3.1000000000000005,1.3,1,N,2310
0.01,3.1000000000000005,1.3,2,N,2311
0.01,3.1000000000000005,1.3,3,N,2312
0.01,3.1000000000000005,1.3,4,N,2313
0.01,3.1000000000000005,1.3,5,N,2314
0.01,3.1000000000000005,1.6,1,N,2315
0.01,3.1000000000000005,1.6,2,N,2316
0.01,3.1000000000000005,1.6,3,N,2317
0.01,3.1000000000000005,1.6,4,N,2318
0.01,3.1000000000000005,1.6,5,N,2319
0.01,3.1000000000000005,1.9,1,N,2320
0.01,3.1000000000000005,1.9,2,N,2321
0.01,3.1000000000000005,1.9,3,N,2322
0.01,3.1000000000000005,1.9,4,N,2323
0.01,3.1000000000000005,1.9,5,N,2324
0.01,3.1000000000000005,2.2,1,N,2325
0.01,3.1000000000000005,2.2,2,N,2326
0.01,3.1000000000000005,2.2,3,N,2327
0.01,3.1000000000000005,2.2,4,N,2328
0.01,3.1000000000000005,2.2,5,N,2329
0.01,3.1000000000000005,2.5,1,N,2330
0.01,3.1000000000000005,2.5,2,N,2331
0.01,3.1000000000000005,2.5,3,N,2332
0.01,3.1000000000000005,2.5,4,N,2333
0.01,3.1000000000000005,2.5,5,N,2334
0.01,3.1000000000000005,2.8000000000000003,1,N,2335
0.01,3.1000000000000005,2.8000000000000003,2,N,2336
0.01,3.1000000000000005,2.8000000000000003,3,N,2337
0.01,3.1000000000000005,2.8000000000000003,4,N,2338
0.01,3.1000000000000005,2.8000000000000003,5,N,2339
0.01,3.1000000000000005,3.1000000000000005,1,N,2340
0.01,3.1000000000000005,3.1000000000000005,2,N,2341
0.01,3.1000000000000005,3.1000000000000005,3,N,2342
0.01,3.1000000000000005,3.1000000000000005,4,N,2343
0.01,3.1000000000000005,3.1000000000000005,5,N,2344
0.01,3.1000000000000005,3.4000000000000004,1,N,2345
0.01,3.1000000000000005,3.4000000000000004,2,N,2346
0.01,3.1000000000000005,3.4000000000000004,3,N,2347
0.01,3.1000000000000005,3.4000000000000004,4,N,2348
0.01,3.1000000000000005,3.4000000000000004,5,N,2349
0.01,3.1000000000000005,3.7,1,N,2350
0.01,3.1000000000000005,3.7,2,N,2351
0.01,3.1000000000000005,3.7,3,N,2352
0.01,3.1000000000000005,3.7,4,N,2353
0.01,3.1000000000000005,3.7,5,N,2354
0.01,3.1000000000000005,4.0,1,N,2355
0.01,3.1000000000000005,4.0,2,N,2356
0.01,3.1000000000000005,4.0,3,N,2357
0.01,3.1000000000000005,4.0,4,N,2358
0.01,3.1000000000000005,4.0,5,N,2359
0.01,3.1000000000000005,4.300000000000002,1,N,2360
0.01,3.1000000000000005,4.300000000000002,2,N,2361
0.01,3.1000000000000005,4.300000000000002,3,N,2362
0.01,3.1000000000000005,4.300000000000002,4,N,2363
0.01,3.1000000000000005,4.300000000000002,5,N,2364
0.01,3.1000000000000005,4.6000000000000005,1,N,2365
0.01,3.1000000000000005,4.6000000000000005,2,N,2366
0.01,3.1000000000000005,4.6000000000000005,3,N,2367
0.01,3.1000000000000005,4.6000000000000005,4,N,2368
0.01,3.1000000000000005,4.6000000000000005,5,N,2369
0.01,3.1000000000000005,4.9,1,N,2370
0.01,3.1000000000000005,4.9,2,N,2371
0.01,3.1000000000000005,4.9,3,N,2372
0.01,3.1000000000000005,4.9,4,N,2373
0.01,3.1000000000000005,4.9,5,N,2374
0.01,3.4000000000000004,0.01,1,N,2375
0.01,3.4000000000000004,0.01,2,N,2376
0.01,3.4000000000000004,0.01,3,N,2377
0.01,3.4000000000000004,0.01,4,N,2378
0.01,3.4000000000000004,0.01,5,N,2379
0.01,3.4000000000000004,0.11,1,N,2380
0.01,3.4000000000000004,0.11,2,N,2381
0.01,3.4000000000000004,0.11,3,N,2382
0.01,3.4000000000000004,0.11,4,N,2383
0.01,3.4000000000000004,0.11,5,N,2384
0.01,3.4000000000000004,0.21,1,N,2385
0.01,3.4000000000000004,0.21,2,N,2386
0.01,3.4000000000000004,0.21,3,N,2387
0.01,3.4000000000000004,0.21,4,N,2388
0.01,3.4000000000000004,0.21,5,N,2389
0.01,3.4000000000000004,0.31000000000000005,1,N,2390
0.01,3.4000000000000004,0.31000000000000005,2,N,2391
0.01,3.4000000000000004,0.31000000000000005,3,N,2392
0.01,3.4000000000000004,0.31000000000000005,4,N,2393
0.01,3.4000000000000004,0.31000000000000005,5,N,2394
0.01,3.4000000000000004,0.41,1,N,2395
0.01,3.4000000000000004,0.41,2,N,2396
0.01,3.4000000000000004,0.41,3,N,2397
0.01,3.4000000000000004,0.41,4,N,2398
0.01,3.4000000000000004,0.41,5,N,2399
0.01,3.4000000000000004,0.51,1,N,2400
0.01,3.4000000000000004,0.51,2,N,2401
0.01,3.4000000000000004,0.51,3,N,2402
0.01,3.4000000000000004,0.51,4,N,2403
0.01,3.4000000000000004,0.51,5,N,2404
0.01,3.4000000000000004,0.6100000000000001,1,N,2405
0.01,3.4000000000000004,0.6100000000000001,2,N,2406
0.01,3.4000000000000004,0.6100000000000001,3,N,2407
0.01,3.4000000000000004,0.6100000000000001,4,N,2408
0.01,3.4000000000000004,0.6100000000000001,5,N,2409
0.01,3.4000000000000004,0.7100000000000001,1,N,2410
0.01,3.4000000000000004,0.7100000000000001,2,N,2411
0.01,3.4000000000000004,0.7100000000000001,3,N,2412
0.01,3.4000000000000004,0.7100000000000001,4,N,2413
0.01,3.4000000000000004,0.7100000000000001,5,N,2414
0.01,3.4000000000000004,0.81,1,N,2415
0.01,3.4000000000000004,0.81,2,N,2416
0.01,3.4000000000000004,0.81,3,N,2417
0.01,3.4000000000000004,0.81,4,N,2418
0.01,3.4000000000000004,0.81,5,N,2419
0.01,3.4000000000000004,0.91,1,N,2420
0.01,3.4000000000000004,0.91,2,N,2421
0.01,3.4000000000000004,0.91,3,N,2422
0.01,3.4000000000000004,0.91,4,N,2423
0.01,3.4000000000000004,0.91,5,N,2424
0.01,3.4000000000000004,1.01,1,N,2425
0.01,3.4000000000000004,1.01,2,N,2426
0.01,3.4000000000000004,1.01,3,N,2427
0.01,3.4000000000000004,1.01,4,N,2428
0.01,3.4000000000000004,1.01,5,N,2429
0.01,3.4000000000000004,1.11,1,N,2430
0.01,3.4000000000000004,1.11,2,N,2431
0.01,3.4000000000000004,1.11,3,N,2432
0.01,3.4000000000000004,1.11,4,N,2433
0.01,3.4000000000000004,1.11,5,N,2434
0.01,3.4000000000000004,1.3,1,N,2435
0.01,3.4000000000000004,1.3,2,N,2436
0.01,3.4000000000000004,1.3,3,N,2437
0.01,3.4000000000000004,1.3,4,N,2438
0.01,3.4000000000000004,1.3,5,N,2439
0.01,3.4000000000000004,1.6,1,N,2440
0.01,3.4000000000000004,1.6,2,N,2441
0.01,3.4000000000000004,1.6,3,N,2442
0.01,3.4000000000000004,1.6,4,N,2443
0.01,3.4000000000000004,1.6,5,N,2444
0.01,3.4000000000000004,1.9,1,N,2445
0.01,3.4000000000000004,1.9,2,N,2446
0.01,3.4000000000000004,1.9,3,N,2447
0.01,3.4000000000000004,1.9,4,N,2448
0.01,3.4000000000000004,1.9,5,N,2449
0.01,3.4000000000000004,2.2,1,N,2450
0.01,3.4000000000000004,2.2,2,N,2451
0.01,3.4000000000000004,2.2,3,N,2452
0.01,3.4000000000000004,2.2,4,N,2453
0.01,3.4000000000000004,2.2,5,N,2454
0.01,3.4000000000000004,2.5,1,N,2455
0.01,3.4000000000000004,2.5,2,N,2456
0.01,3.4000000000000004,2.5,3,N,2457
0.01,3.4000000000000004,2.5,4,N,2458
0.01,3.4000000000000004,2.5,5,N,2459
0.01,3.4000000000000004,2.8000000000000003,1,N,2460
0.01,3.4000000000000004,2.8000000000000003,2,N,2461
0.01,3.4000000000000004,2.8000000000000003,3,N,2462
0.01,3.4000000000000004,2.8000000000000003,4,N,2463
0.01,3.4000000000000004,2.8000000000000003,5,N,2464
0.01,3.4000000000000004,3.1000000000000005,1,N,2465
0.01,3.4000000000000004,3.1000000000000005,2,N,2466
0.01,3.4000000000000004,3.1000000000000005,3,N,2467
0.01,3.4000000000000004,3.1000000000000005,4,N,2468
0.01,3.4000000000000004,3.1000000000000005,5,N,2469
0.01,3.4000000000000004,3.4000000000000004,1,N,2470
0.01,3.4000000000000004,3.4000000000000004,2,N,2471
0.01,3.4000000000000004,3.4000000000000004,3,N,2472
0.01,3.4000000000000004,3.4000000000000004,4,N,2473
0.01,3.4000000000000004,3.4000000000000004,5,N,2474
0.01,3.4000000000000004,3.7,1,N,2475
0.01,3.4000000000000004,3.7,2,N,2476
0.01,3.4000000000000004,3.7,3,N,2477
0.01,3.4000000000000004,3.7,4,N,2478
0.01,3.4000000000000004,3.7,5,N,2479
0.01,3.4000000000000004,4.0,1,N,2480
0.01,3.4000000000000004,4.0,2,N,2481
0.01,3.4000000000000004,4.0,3,N,2482
0.01,3.4000000000000004,4.0,4,N,2483
0.01,3.4000000000000004,4.0,5,N,2484
0.01,3.4000000000000004,4.300000000000002,1,N,2485
0.01,3.4000000000000004,4.300000000000002,2,N,2486
0.01,3.4000000000000004,4.300000000000002,3,N,2487
0.01,3.4000000000000004,4.300000000000002,4,N,2488
0.01,3.4000000000000004,4.300000000000002,5,N,2489
0.01,3.4000000000000004,4.6000000000000005,1,N,2490
0.01,3.4000000000000004,4.6000000000000005,2,N,2491
0.01,3.4000000000000004,4.6000000000000005,3,N,2492
0.01,3.4000000000000004,4.6000000000000005,4,N,2493
0.01,3.4000000000000004,4.6000000000000005,5,N,2494
0.01,3.4000000000000004,4.9,1,N,2495
0.01,3.4000000000000004,4.9,2,N,2496
0.01,3.4000000000000004,4.9,3,N,2497
0.01,3.4000000000000004,4.9,4,N,2498
0.01,3.4000000000000004,4.9,5,N,2499
0.01,3.7,0.01,1,N,2500
0.01,3.7,0.01,2,N,2501
0.01,3.7,0.01,3,N,2502
0.01,3.7,0.01,4,N,2503
0.01,3.7,0.01,5,N,2504
0.01,3.7,0.11,1,N,2505
0.01,3.7,0.11,2,N,2506
0.01,3.7,0.11,3,N,2507
0.01,3.7,0.11,4,N,2508
0.01,3.7,0.11,5,N,2509
0.01,3.7,0.21,1,N,2510
0.01,3.7,0.21,2,N,2511
0.01,3.7,0.21,3,N,2512
0.01,3.7,0.21,4,N,2513
0.01,3.7,0.21,5,N,2514
0.01,3.7,0.31000000000000005,1,N,2515
0.01,3.7,0.31000000000000005,2,N,2516
0.01,3.7,0.31000000000000005,3,N,2517
0.01,3.7,0.31000000000000005,4,N,2518
0.01,3.7,0.31000000000000005,5,N,2519
0.01,3.7,0.41,1,N,2520
0.01,3.7,0.41,2,N,2521
0.01,3.7,0.41,3,N,2522
0.01,3.7,0.41,4,N,2523
0.01,3.7,0.41,5,N,2524
0.01,3.7,0.51,1,N,2525
0.01,3.7,0.51,2,N,2526
0.01,3.7,0.51,3,N,2527
0.01,3.7,0.51,4,N,2528
0.01,3.7,0.51,5,N,2529
0.01,3.7,0.6100000000000001,1,N,2530
0.01,3.7,0.6100000000000001,2,N,2531
0.01,3.7,0.6100000000000001,3,N,2532
0.01,3.7,0.6100000000000001,4,N,2533
0.01,3.7,0.6100000000000001,5,N,2534
0.01,3.7,0.7100000000000001,1,N,2535
0.01,3.7,0.7100000000000001,2,N,2536
0.01,3.7,0.7100000000000001,3,N,2537
0.01,3.7,0.7100000000000001,4,N,2538
0.01,3.7,0.7100000000000001,5,N,2539
0.01,3.7,0.81,1,N,2540
0.01,3.7,0.81,2,N,2541
0.01,3.7,0.81,3,N,2542
0.01,3.7,0.81,4,N,2543
0.01,3.7,0.81,5,N,2544
0.01,3.7,0.91,1,N,2545
0.01,3.7,0.91,2,N,2546
0.01,3.7,0.91,3,N,2547
0.01,3.7,0.91,4,N,2548
0.01,3.7,0.91,5,N,2549
0.01,3.7,1.01,1,N,2550
0.01,3.7,1.01,2,N,2551
0.01,3.7,1.01,3,N,2552
0.01,3.7,1.01,4,N,2553
0.01,3.7,1.01,5,N,2554
0.01,3.7,1.11,1,N,2555
0.01,3.7,1.11,2,N,2556
0.01,3.7,1.11,3,N,2557
0.01,3.7,1.11,4,N,2558
0.01,3.7,1.11,5,N,2559
0.01,3.7,1.3,1,N,2560
0.01,3.7,1.3,2,N,2561
0.01,3.7,1.3,3,N,2562
0.01,3.7,1.3,4,N,2563
0.01,3.7,1.3,5,N,2564
0.01,3.7,1.6,1,N,2565
0.01,3.7,1.6,2,N,2566
0.01,3.7,1.6,3,N,2567
0.01,3.7,1.6,4,N,2568
0.01,3.7,1.6,5,N,2569
0.01,3.7,1.9,1,N,2570
0.01,3.7,1.9,2,N,2571
0.01,3.7,1.9,3,N,2572
0.01,3.7,1.9,4,N,2573
0.01,3.7,1.9,5,N,2574
0.01,3.7,2.2,1,N,2575
0.01,3.7,2.2,2,N,2576
0.01,3.7,2.2,3,N,2577
0.01,3.7,2.2,4,N,2578
0.01,3.7,2.2,5,N,2579
0.01,3.7,2.5,1,N,2580
0.01,3.7,2.5,2,N,2581
0.01,3.7,2.5,3,N,2582
0.01,3.7,2.5,4,N,2583
0.01,3.7,2.5,5,N,2584
0.01,3.7,2.8000000000000003,1,N,2585
0.01,3.7,2.8000000000000003,2,N,2586
0.01,3.7,2.8000000000000003,3,N,2587
0.01,3.7,2.8000000000000003,4,N,2588
0.01,3.7,2.8000000000000003,5,N,2589
0.01,3.7,3.1000000000000005,1,N,2590
0.01,3.7,3.1000000000000005,2,N,2591
0.01,3.7,3.1000000000000005,3,N,2592
0.01,3.7,3.1000000000000005,4,N,2593
0.01,3.7,3.1000000000000005,5,N,2594
0.01,3.7,3.4000000000000004,1,N,2595
0.01,3.7,3.4000000000000004,2,N,2596
0.01,3.7,3.4000000000000004,3,N,2597
0.01,3.7,3.4000000000000004,4,N,2598
0.01,3.7,3.4000000000000004,5,N,2599
0.01,3.7,3.7,1,N,2600
0.01,3.7,3.7,2,N,2601
0.01,3.7,3.7,3,N,2602
0.01,3.7,3.7,4,N,2603
0.01,3.7,3.7,5,N,2604
0.01,3.7,4.0,1,N,2605
0.01,3.7,4.0,2,N,2606
0.01,3.7,4.0,3,N,2607
0.01,3.7,4.0,4,N,2608
0.01,3.7,4.0,5,N,2609
0.01,3.7,4.300000000000002,1,N,2610
0.01,3.7,4.300000000000002,2,N,2611
0.01,3.7,4.300000000000002,3,N,2612
0.01,3.7,4.300000000000002,4,N,2613
0.01,3.7,4.300000000000002,5,N,2614
0.01,3.7,4.6000000000000005,1,N,2615
0.01,3.7,4.6000000000000005,2,N,2616
0.01,3.7,4.6000000000000005,3,N,2617
0.01,3.7,4.6000000000000005,4,N,2618
0.01,3.7,4.6000000000000005,5,N,2619
0.01,3.7,4.9,1,N,2620
0.01,3.7,4.9,2,N,2621
0.01,3.7,4.9,3,N,2622
0.01,3.7,4.9,4,N,2623
0.01,3.7,4.9,5,N,2624
0.01,4.0,0.01,1,N,2625
0.01,4.0,0.01,2,N,2626
0.01,4.0,0.01,3,N,2627
0.01,4.0,0.01,4,N,2628
0.01,4.0,0.01,5,N,2629
0.01,4.0,0.11,1,N,2630
0.01,4.0,0.11,2,N,2631
0.01,4.0,0.11,3,N,2632
0.01,4.0,0.11,4,N,2633
0.01,4.0,0.11,5,N,2634
0.01,4.0,0.21,1,N,2635
0.01,4.0,0.21,2,N,2636
0.01,4.0,0.21,3,N,2637
0.01,4.0,0.21,4,N,2638
0.01,4.0,0.21,5,N,2639
0.01,4.0,0.31000000000000005,1,N,2640
0.01,4.0,0.31000000000000005,2,N,2641
0.01,4.0,0.31000000000000005,3,N,2642
0.01,4.0,0.31000000000000005,4,N,2643
0.01,4.0,0.31000000000000005,5,N,2644
0.01,4.0,0.41,1,N,2645
0.01,4.0,0.41,2,N,2646
0.01,4.0,0.41,3,N,2647
0.01,4.0,0.41,4,N,2648
0.01,4.0,0.41,5,N,2649
0.01,4.0,0.51,1,N,2650
0.01,4.0,0.51,2,N,2651
0.01,4.0,0.51,3,N,2652
0.01,4.0,0.51,4,N,2653
0.01,4.0,0.51,5,N,2654
0.01,4.0,0.6100000000000001,1,N,2655
0.01,4.0,0.6100000000000001,2,N,2656
0.01,4.0,0.6100000000000001,3,N,2657
0.01,4.0,0.6100000000000001,4,N,2658
0.01,4.0,0.6100000000000001,5,N,2659
0.01,4.0,0.7100000000000001,1,N,2660
0.01,4.0,0.7100000000000001,2,N,2661
0.01,4.0,0.7100000000000001,3,N,2662
0.01,4.0,0.7100000000000001,4,N,2663
0.01,4.0,0.7100000000000001,5,N,2664
0.01,4.0,0.81,1,N,2665
0.01,4.0,0.81,2,N,2666
0.01,4.0,0.81,3,N,2667
0.01,4.0,0.81,4,N,2668
0.01,4.0,0.81,5,N,2669
0.01,4.0,0.91,1,N,2670
0.01,4.0,0.91,2,N,2671
0.01,4.0,0.91,3,N,2672
0.01,4.0,0.91,4,N,2673
0.01,4.0,0.91,5,N,2674
0.01,4.0,1.01,1,N,2675
0.01,4.0,1.01,2,N,2676
0.01,4.0,1.01,3,N,2677
0.01,4.0,1.01,4,N,2678
0.01,4.0,1.01,5,N,2679
0.01,4.0,1.11,1,N,2680
0.01,4.0,1.11,2,N,2681
0.01,4.0,1.11,3,N,2682
0.01,4.0,1.11,4,N,2683
0.01,4.0,1.11,5,N,2684
0.01,4.0,1.3,1,N,2685
0.01,4.0,1.3,2,N,2686
0.01,4.0,1.3,3,N,2687
0.01,4.0,1.3,4,N,2688
0.01,4.0,1.3,5,N,2689
0.01,4.0,1.6,1,N,2690
0.01,4.0,1.6,2,N,2691
0.01,4.0,1.6,3,N,2692
0.01,4.0,1.6,4,N,2693
0.01,4.0,1.6,5,N,2694
0.01,4.0,1.9,1,N,2695
0.01,4.0,1.9,2,N,2696
0.01,4.0,1.9,3,N,2697
0.01,4.0,1.9,4,N,2698
0.01,4.0,1.9,5,N,2699
0.01,4.0,2.2,1,N,2700
0.01,4.0,2.2,2,N,2701
0.01,4.0,2.2,3,N,2702
0.01,4.0,2.2,4,N,2703
0.01,4.0,2.2,5,N,2704
0.01,4.0,2.5,1,N,2705
0.01,4.0,2.5,2,N,2706
0.01,4.0,2.5,3,N,2707
0.01,4.0,2.5,4,N,2708
0.01,4.0,2.5,5,N,2709
0.01,4.0,2.8000000000000003,1,N,2710
0.01,4.0,2.8000000000000003,2,N,2711
0.01,4.0,2.8000000000000003,3,N,2712
0.01,4.0,2.8000000000000003,4,N,2713
0.01,4.0,2.8000000000000003,5,N,2714
0.01,4.0,3.1000000000000005,1,N,2715
0.01,4.0,3.1000000000000005,2,N,2716
0.01,4.0,3.1000000000000005,3,N,2717
0.01,4.0,3.1000000000000005,4,N,2718
0.01,4.0,3.1000000000000005,5,N,2719
0.01,4.0,3.4000000000000004,1,N,2720
0.01,4.0,3.4000000000000004,2,N,2721
0.01,4.0,3.4000000000000004,3,N,2722
0.01,4.0,3.4000000000000004,4,N,2723
0.01,4.0,3.4000000000000004,5,N,2724
0.01,4.0,3.7,1,N,2725
0.01,4.0,3.7,2,N,2726
0.01,4.0,3.7,3,N,2727
0.01,4.0,3.7,4,N,2728
0.01,4.0,3.7,5,N,2729
0.01,4.0,4.0,1,N,2730
0.01,4.0,4.0,2,N,2731
0.01,4.0,4.0,3,N,2732
0.01,4.0,4.0,4,N,2733
0.01,4.0,4.0,5,N,2734
0.01,4.0,4.300000000000002,1,N,2735
0.01,4.0,4.300000000000002,2,N,2736
0.01,4.0,4.300000000000002,3,N,2737
0.01,4.0,4.300000000000002,4,N,2738
0.01,4.0,4.300000000000002,5,N,2739
0.01,4.0,4.6000000000000005,1,N,2740
0.01,4.0,4.6000000000000005,2,N,2741
0.01,4.0,4.6000000000000005,3,N,2742
0.01,4.0,4.6000000000000005,4,N,2743
0.01,4.0,4.6000000000000005,5,N,2744
0.01,4.0,4.9,1,N,2745
0.01,4.0,4.9,2,N,2746
0.01,4.0,4.9,3,N,2747
0.01,4.0,4.9,4,N,2748
0.01,4.0,4.9,5,N,2749
0.01,4.300000000000002,0.01,1,N,2750
0.01,4.300000000000002,0.01,2,N,2751
0.01,4.300000000000002,0.01,3,N,2752
0.01,4.300000000000002,0.01,4,N,2753
0.01,4.300000000000002,0.01,5,N,2754
0.01,4.300000000000002,0.11,1,N,2755
0.01,4.300000000000002,0.11,2,N,2756
0.01,4.300000000000002,0.11,3,N,2757
0.01,4.300000000000002,0.11,4,N,2758
0.01,4.300000000000002,0.11,5,N,2759
0.01,4.300000000000002,0.21,1,N,2760
0.01,4.300000000000002,0.21,2,N,2761
0.01,4.300000000000002,0.21,3,N,2762
0.01,4.300000000000002,0.21,4,N,2763
0.01,4.300000000000002,0.21,5,N,2764
0.01,4.300000000000002,0.31000000000000005,1,N,2765
0.01,4.300000000000002,0.31000000000000005,2,N,2766
0.01,4.300000000000002,0.31000000000000005,3,N,2767
0.01,4.300000000000002,0.31000000000000005,4,N,2768
0.01,4.300000000000002,0.31000000000000005,5,N,2769
0.01,4.300000000000002,0.41,1,N,2770
0.01,4.300000000000002,0.41,2,N,2771
0.01,4.300000000000002,0.41,3,N,2772
0.01,4.300000000000002,0.41,4,N,2773
0.01,4.300000000000002,0.41,5,N,2774
0.01,4.300000000000002,0.51,1,N,2775
0.01,4.300000000000002,0.51,2,N,2776
0.01,4.300000000000002,0.51,3,N,2777
0.01,4.300000000000002,0.51,4,N,2778
0.01,4.300000000000002,0.51,5,N,2779
0.01,4.300000000000002,0.6100000000000001,1,N,2780
0.01,4.300000000000002,0.6100000000000001,2,N,2781
0.01,4.300000000000002,0.6100000000000001,3,N,2782
0.01,4.300000000000002,0.6100000000000001,4,N,2783
0.01,4.300000000000002,0.6100000000000001,5,N,2784
0.01,4.300000000000002,0.7100000000000001,1,N,2785
0.01,4.300000000000002,0.7100000000000001,2,N,2786
0.01,4.300000000000002,0.7100000000000001,3,N,2787
0.01,4.300000000000002,0.7100000000000001,4,N,2788
0.01,4.300000000000002,0.7100000000000001,5,N,2789
0.01,4.300000000000002,0.81,1,N,2790
0.01,4.300000000000002,0.81,2,N,2791
0.01,4.300000000000002,0.81,3,N,2792
0.01,4.300000000000002,0.81,4,N,2793
0.01,4.300000000000002,0.81,5,N,2794
0.01,4.300000000000002,0.91,1,N,2795
0.01,4.300000000000002,0.91,2,N,2796
0.01,4.300000000000002,0.91,3,N,2797
0.01,4.300000000000002,0.91,4,N,2798
0.01,4.300000000000002,0.91,5,N,2799
0.01,4.300000000000002,1.01,1,N,2800
0.01,4.300000000000002,1.01,2,N,2801
0.01,4.300000000000002,1.01,3,N,2802
0.01,4.300000000000002,1.01,4,N,2803
0.01,4.300000000000002,1.01,5,N,2804
0.01,4.300000000000002,1.11,1,N,2805
0.01,4.300000000000002,1.11,2,N,2806
0.01,4.300000000000002,1.11,3,N,2807
0.01,4.300000000000002,1.11,4,N,2808
0.01,4.300000000000002,1.11,5,N,2809
0.01,4.300000000000002,1.3,1,N,2810
0.01,4.300000000000002,1.3,2,N,2811
0.01,4.300000000000002,1.3,3,N,2812
0.01,4.300000000000002,1.3,4,N,2813
0.01,4.300000000000002,1.3,5,N,2814
0.01,4.300000000000002,1.6,1,N,2815
0.01,4.300000000000002,1.6,2,N,2816
0.01,4.300000000000002,1.6,3,N,2817
0.01,4.300000000000002,1.6,4,N,2818
0.01,4.300000000000002,1.6,5,N,2819
0.01,4.300000000000002,1.9,1,N,2820
0.01,4.300000000000002,1.9,2,N,2821
0.01,4.300000000000002,1.9,3,N,2822
0.01,4.300000000000002,1.9,4,N,2823
0.01,4.300000000000002,1.9,5,N,2824
0.01,4.300000000000002,2.2,1,N,2825
0.01,4.300000000000002,2.2,2,N,2826
0.01,4.300000000000002,2.2,3,N,2827
0.01,4.300000000000002,2.2,4,N,2828
0.01,4.300000000000002,2.2,5,N,2829
0.01,4.300000000000002,2.5,1,N,2830
0.01,4.300000000000002,2.5,2,N,2831
0.01,4.300000000000002,2.5,3,N,2832
0.01,4.300000000000002,2.5,4,N,2833
0.01,4.300000000000002,2.5,5,N,2834
0.01,4.300000000000002,2.8000000000000003,1,N,2835
0.01,4.300000000000002,2.8000000000000003,2,N,2836
0.01,4.300000000000002,2.8000000000000003,3,N,2837
0.01,4.300000000000002,2.8000000000000003,4,N,2838
0.01,4.300000000000002,2.8000000000000003,5,N,2839
0.01,4.300000000000002,3.1000000000000005,1,N,2840
0.01,4.300000000000002,3.1000000000000005,2,N,2841
0.01,4.300000000000002,3.1000000000000005,3,N,2842
0.01,4.300000000000002,3.1000000000000005,4,N,2843
0.01,4.300000000000002,3.1000000000000005,5,N,2844
0.01,4.300000000000002,3.4000000000000004,1,N,2845
0.01,4.300000000000002,3.4000000000000004,2,N,2846
0.01,4.300000000000002,3.4000000000000004,3,N,2847
0.01,4.300000000000002,3.4000000000000004,4,N,2848
0.01,4.300000000000002,3.4000000000000004,5,N,2849
0.01,4.300000000000002,3.7,1,N,2850
0.01,4.300000000000002,3.7,2,N,2851
0.01,4.300000000000002,3.7,3,N,2852
0.01,4.300000000000002,3.7,4,N,2853
0.01,4.300000000000002,3.7,5,N,2854
0.01,4.300000000000002,4.0,1,N,2855
0.01,4.300000000000002,4.0,2,N,2856
0.01,4.300000000000002,4.0,3,N,2857
0.01,4.300000000000002,4.0,4,N,2858
0.01,4.300000000000002,4.0,5,N,2859
0.01,4.300000000000002,4.300000000000002,1,N,2860
0.01,4.300000000000002,4.300000000000002,2,N,2861
0.01,4.300000000000002,4.300000000000002,3,N,2862
0.01,4.300000000000002,4.300000000000002,4,N,2863
0.01,4.300000000000002,4.300000000000002,5,N,2864
0.01,4.300000000000002,4.6000000000000005,1,N,2865
0.01,4.300000000000002,4.6000000000000005,2,N,2866
0.01,4.300000000000002,4.6000000000000005,3,N,2867
0.01,4.300000000000002,4.6000000000000005,4,N,2868
0.01,4.300000000000002,4.6000000000000005,5,N,2869
0.01,4.300000000000002,4.9,1,N,2870
0.01,4.300000000000002,4.9,2,N,2871
0.01,4.300000000000002,4.9,3,N,2872
0.01,4.300000000000002,4.9,4,N,2873
0.01,4.300000000000002,4.9,5,N,2874
0.01,4.6000000000000005,0.01,1,N,2875
0.01,4.6000000000000005,0.01,2,N,2876
0.01,4.6000000000000005,0.01,3,N,2877
0.01,4.6000000000000005,0.01,4,N,2878
0.01,4.6000000000000005,0.01,5,N,2879
0.01,4.6000000000000005,0.11,1,N,2880
0.01,4.6000000000000005,0.11,2,N,2881
0.01,4.6000000000000005,0.11,3,N,2882
0.01,4.6000000000000005,0.11,4,N,2883
0.01,4.6000000000000005,0.11,5,N,2884
0.01,4.6000000000000005,0.21,1,N,2885
0.01,4.6000000000000005,0.21,2,N,2886
0.01,4.6000000000000005,0.21,3,N,2887
0.01,4.6000000000000005,0.21,4,N,2888
0.01,4.6000000000000005,0.21,5,N,2889
0.01,4.6000000000000005,0.31000000000000005,1,N,2890
0.01,4.6000000000000005,0.31000000000000005,2,N,2891
0.01,4.6000000000000005,0.31000000000000005,3,N,2892
0.01,4.6000000000000005,0.31000000000000005,4,N,2893
0.01,4.6000000000000005,0.31000000000000005,5,N,2894
0.01,4.6000000000000005,0.41,1,N,2895
0.01,4.6000000000000005,0.41,2,N,2896
0.01,4.6000000000000005,0.41,3,N,2897
0.01,4.6000000000000005,0.41,4,N,2898
0.01,4.6000000000000005,0.41,5,N,2899
0.01,4.6000000000000005,0.51,1,N,2900
0.01,4.6000000000000005,0.51,2,N,2901
0.01,4.6000000000000005,0.51,3,N,2902
0.01,4.6000000000000005,0.51,4,N,2903
0.01,4.6000000000000005,0.51,5,N,2904
0.01,4.6000000000000005,0.6100000000000001,1,N,2905
0.01,4.6000000000000005,0.6100000000000001,2,N,2906
0.01,4.6000000000000005,0.6100000000000001,3,N,2907
0.01,4.6000000000000005,0.6100000000000001,4,N,2908
0.01,4.6000000000000005,0.6100000000000001,5,N,2909
0.01,4.6000000000000005,0.7100000000000001,1,N,2910
0.01,4.6000000000000005,0.7100000000000001,2,N,2911
0.01,4.6000000000000005,0.7100000000000001,3,N,2912
0.01,4.6000000000000005,0.7100000000000001,4,N,2913
0.01,4.6000000000000005,0.7100000000000001,5,N,2914
0.01,4.6000000000000005,0.81,1,N,2915
0.01,4.6000000000000005,0.81,2,N,2916
0.01,4.6000000000000005,0.81,3,N,2917
0.01,4.6000000000000005,0.81,4,N,2918
0.01,4.6000000000000005,0.81,5,N,2919
0.01,4.6000000000000005,0.91,1,N,2920
0.01,4.6000000000000005,0.91,2,N,2921
0.01,4.6000000000000005,0.91,3,N,2922
0.01,4.6000000000000005,0.91,4,N,2923
0.01,4.6000000000000005,0.91,5,N,2924
0.01,4.6000000000000005,1.01,1,N,2925
0.01,4.6000000000000005,1.01,2,N,2926
0.01,4.6000000000000005,1.01,3,N,2927
0.01,4.6000000000000005,1.01,4,N,2928
0.01,4.6000000000000005,1.01,5,N,2929
0.01,4.6000000000000005,1.11,1,N,2930
0.01,4.6000000000000005,1.11,2,N,2931
0.01,4.6000000000000005,1.11,3,N,2932
0.01,4.6000000000000005,1.11,4,N,2933
0.01,4.6000000000000005,1.11,5,N,2934
0.01,4.6000000000000005,1.3,1,N,2935
0.01,4.6000000000000005,1.3,2,N,2936
0.01,4.6000000000000005,1.3,3,N,2937
0.01,4.6000000000000005,1.3,4,N,2938
0.01,4.6000000000000005,1.3,5,N,2939
0.01,4.6000000000000005,1.6,1,N,2940
0.01,4.6000000000000005,1.6,2,N,2941
0.01,4.6000000000000005,1.6,3,N,2942
0.01,4.6000000000000005,1.6,4,N,2943
0.01,4.6000000000000005,1.6,5,N,2944
0.01,4.6000000000000005,1.9,1,N,2945
0.01,4.6000000000000005,1.9,2,N,2946
0.01,4.6000000000000005,1.9,3,N,2947
0.01,4.6000000000000005,1.9,4,N,2948
0.01,4.6000000000000005,1.9,5,N,2949
0.01,4.6000000000000005,2.2,1,N,2950
0.01,4.6000000000000005,2.2,2,N,2951
0.01,4.6000000000000005,2.2,3,N,2952
0.01,4.6000000000000005,2.2,4,N,2953
0.01,4.6000000000000005,2.2,5,N,2954
0.01,4.6000000000000005,2.5,1,N,2955
0.01,4.6000000000000005,2.5,2,N,2956
0.01,4.6000000000000005,2.5,3,N,2957
0.01,4.6000000000000005,2.5,4,N,2958
0.01,4.6000000000000005,2.5,5,N,2959
0.01,4.6000000000000005,2.8000000000000003,1,N,2960
0.01,4.6000000000000005,2.8000000000000003,2,N,2961
0.01,4.6000000000000005,2.8000000000000003,3,N,2962
0.01,4.6000000000000005,2.8000000000000003,4,N,2963
0.01,4.6000000000000005,2.8000000000000003,5,N,2964
0.01,4.6000000000000005,3.1000000000000005,1,N,2965
0.01,4.6000000000000005,3.1000000000000005,2,N,2966
0.01,4.6000000000000005,3.1000000000000005,3,N,2967
0.01,4.6000000000000005,3.1000000000000005,4,N,2968
0.01,4.6000000000000005,3.1000000000000005,5,N,2969
0.01,4.6000000000000005,3.4000000000000004,1,N,2970
0.01,4.6000000000000005,3.4000000000000004,2,N,2971
0.01,4.6000000000000005,3.4000000000000004,3,N,2972
0.01,4.6000000000000005,3.4000000000000004,4,N,2973
0.01,4.6000000000000005,3.4000000000000004,5,N,2974
0.01,4.6000000000000005,3.7,1,N,2975
0.01,4.6000000000000005,3.7,2,N,2976
0.01,4.6000000000000005,3.7,3,N,2977
0.01,4.6000000000000005,3.7,4,N,2978
0.01,4.6000000000000005,3.7,5,N,2979
0.01,4.6000000000000005,4.0,1,N,2980
0.01,4.6000000000000005,4.0,2,N,2981
0.01,4.6000000000000005,4.0,3,N,2982
0.01,4.6000000000000005,4.0,4,N,2983
0.01,4.6000000000000005,4.0,5,N,2984
0.01,4.6000000000000005,4.300000000000002,1,N,2985
0.01,4.6000000000000005,4.300000000000002,2,N,2986
0.01,4.6000000000000005,4.300000000000002,3,N,2987
0.01,4.6000000000000005,4.300000000000002,4,N,2988
0.01,4.6000000000000005,4.300000000000002,5,N,2989
0.01,4.6000000000000005,4.6000000000000005,1,N,2990
0.01,4.6000000000000005,4.6000000000000005,2,N,2991
0.01,4.6000000000000005,4.6000000000000005,3,N,2992
0.01,4.6000000000000005,4.6000000000000005,4,N,2993
0.01,4.6000000000000005,4.6000000000000005,5,N,2994
0.01,4.6000000000000005,4.9,1,N,2995
0.01,4.6000000000000005,4.9,2,N,2996
0.01,4.6000000000000005,4.9,3,N,2997
0.01,4.6000000000000005,4.9,4,N,2998
0.01,4.6000000000000005,4.9,5,N,2999
0.01,4.9,0.01,1,N,3000
0.01,4.9,0.01,2,N,3001
0.01,4.9,0.01,3,N,3002
0.01,4.9,0.01,4,N,3003
0.01,4.9,0.01,5,N,3004
0.01,4.9,0.11,1,N,3005
0.01,4.9,0.11,2,N,3006
0.01,4.9,0.11,3,N,3007
0.01,4.9,0.11,4,N,3008
0.01,4.9,0.11,5,N,3009
0.01,4.9,0.21,1,N,3010
0.01,4.9,0.21,2,N,3011
0.01,4.9,0.21,3,N,3012
0.01,4.9,0.21,4,N,3013
0.01,4.9,0.21,5,N,3014
0.01,4.9,0.31000000000000005,1,N,3015
0.01,4.9,0.31000000000000005,2,N,3016
0.01,4.9,0.31000000000000005,3,N,3017
0.01,4.9,0.31000000000000005,4,N,3018
0.01,4.9,0.31000000000000005,5,N,3019
0.01,4.9,0.41,1,N,3020
0.01,4.9,0.41,2,N,3021
0.01,4.9,0.41,3,N,3022
0.01,4.9,0.41,4,N,3023
0.01,4.9,0.41,5,N,3024
0.01,4.9,0.51,1,N,3025
0.01,4.9,0.51,2,N,3026
0.01,4.9,0.51,3,N,3027
0.01,4.9,0.51,4,N,3028
0.01,4.9,0.51,5,N,3029
0.01,4.9,0.6100000000000001,1,N,3030
0.01,4.9,0.6100000000000001,2,N,3031
0.01,4.9,0.6100000000000001,3,N,3032
0.01,4.9,0.6100000000000001,4,N,3033
0.01,4.9,0.6100000000000001,5,N,3034
0.01,4.9,0.7100000000000001,1,N,3035
0.01,4.9,0.7100000000000001,2,N,3036
0.01,4.9,0.7100000000000001,3,N,3037
0.01,4.9,0.7100000000000001,4,N,3038
0.01,4.9,0.7100000000000001,5,N,3039
0.01,4.9,0.81,1,N,3040
0.01,4.9,0.81,2,N,3041
0.01,4.9,0.81,3,N,3042
0.01,4.9,0.81,4,N,3043
0.01,4.9,0.81,5,N,3044
0.01,4.9,0.91,1,N,3045
0.01,4.9,0.91,2,N,3046
0.01,4.9,0.91,3,N,3047
0.01,4.9,0.91,4,N,3048
0.01,4.9,0.91,5,N,3049
0.01,4.9,1.01,1,N,3050
0.01,4.9,1.01,2,N,3051
0.01,4.9,1.01,3,N,3052
0.01,4.9,1.01,4,N,3053
0.01,4.9,1.01,5,N,3054
0.01,4.9,1.11,1,N,3055
0.01,4.9,1.11,2,N,3056
0.01,4.9,1.11,3,N,3057
0.01,4.9,1.11,4,N,3058
0.01,4.9,1.11,5,N,3059
0.01,4.9,1.3,1,N,3060
0.01,4.9,1.3,2,N,3061
0.01,4.9,1.3,3,N,3062
0.01,4.9,1.3,4,N,3063
0.01,4.9,1.3,5,N,3064
0.01,4.9,1.6,1,N,3065
0.01,4.9,1.6,2,N,3066
0.01,4.9,1.6,3,N,3067
0.01,4.9,1.6,4,N,3068
0.01,4.9,1.6,5,N,3069
0.01,4.9,1.9,1,N,3070
0.01,4.9,1.9,2,N,3071
0.01,4.9,1.9,3,N,3072
0.01,4.9,1.9,4,N,3073
0.01,4.9,1.9,5,N,3074
0.01,4.9,2.2,1,N,3075
0.01,4.9,2.2,2,N,3076
0.01,4.9,2.2,3,N,3077
0.01,4.9,2.2,4,N,3078
0.01,4.9,2.2,5,N,3079
0.01,4.9,2.5,1,N,3080
0.01,4.9,2.5,2,N,3081
0.01,4.9,2.5,3,N,3082
0.01,4.9,2.5,4,N,3083
0.01,4.9,2.5,5,N,3084
0.01,4.9,2.8000000000000003,1,N,3085
0.01,4.9,2.8000000000000003,2,N,3086
0.01,4.9,2.8000000000000003,3,N,3087
0.01,4.9,2.8000000000000003,4,N,3088
0.01,4.9,2.8000000000000003,5,N,3089
0.01,4.9,3.1000000000000005,1,N,3090
0.01,4.9,3.1000000000000005,2,N,3091
0.01,4.9,3.1000000000000005,3,N,3092
0.01,4.9,3.1000000000000005,4,N,3093
0.01,4.9,3.1000000000000005,5,N,3094
0.01,4.9,3.4000000000000004,1,N,3095
0.01,4.9,3.4000000000000004,2,N,3096
0.01,4.9,3.4000000000000004,3,N,3097
0.01,4.9,3.4000000000000004,4,N,3098
0.01,4.9,3.4000000000000004,5,N,3099
0.01,4.9,3.7,1,N,3100
0.01,4.9,3.7,2,N,3101
0.01,4.9,3.7,3,N,3102
0.01,4.9,3.7,4,N,3103
0.01,4.9,3.7,5,N,3104
0.01,4.9,4.0,1,N,3105
0.01,4.9,4.0,2,N,3106
0.01,4.9,4.0,3,N,3107
0.01,4.9,4.0,4,N,3108
0.01,4.9,4.0,5,N,3109
0.01,4.9,4.300000000000002,1,N,3110
0.01,4.9,4.300000000000002,2,N,3111
0.01,4.9,4.300000000000002,3,N,3112
0.01,4.9,4.300000000000002,4,N,3113
0.01,4.9,4.300000000000002,5,N,3114
0.01,4.9,4.6000000000000005,1,N,3115
0.01,4.9,4.6000000000000005,2,N,3116
0.01,4.9,4.6000000000000005,3,N,3117
0.01,4.9,4.6000000000000005,4,N,3118
0.01,4.9,4.6000000000000005,5,N,3119
0.01,4.9,4.9,1,N,3120
0.01,4.9,4.9,2,N,3121
0.01,4.9,4.9,3,N,3122
0.01,4.9,4.9,4,N,3123
0.01,4.9,4.9,5,N,3124
0.11,0.01,0.01,1,N,3125
0.11,0.01,0.01,2,N,3126
0.11,0.01,0.01,3,N,3127
0.11,0.01,0.01,4,N,3128
0.11,0.01,0.01,5,N,3129
0.11,0.01,0.11,1,N,3130
0.11,0.01,0.11,2,N,3131
0.11,0.01,0.11,3,N,3132
0.11,0.01,0.11,4,N,3133
0.11,0.01,0.11,5,N,3134
0.11,0.01,0.21,1,N,3135
0.11,0.01,0.21,2,N,3136
0.11,0.01,0.21,3,N,3137
0.11,0.01,0.21,4,N,3138
0.11,0.01,0.21,5,N,3139
0.11,0.01,0.31000000000000005,1,N,3140
0.11,0.01,0.31000000000000005,2,N,3141
0.11,0.01,0.31000000000000005,3,N,3142
0.11,0.01,0.31000000000000005,4,N,3143
0.11,0.01,0.31000000000000005,5,N,3144
0.11,0.01,0.41,1,N,3145
0.11,0.01,0.41,2,N,3146
0.11,0.01,0.41,3,N,3147
0.11,0.01,0.41,4,N,3148
0.11,0.01,0.41,5,N,3149
0.11,0.01,0.51,1,N,3150
0.11,0.01,0.51,2,N,3151
0.11,0.01,0.51,3,N,3152
0.11,0.01,0.51,4,N,3153
0.11,0.01,0.51,5,N,3154
0.11,0.01,0.6100000000000001,1,N,3155
0.11,0.01,0.6100000000000001,2,N,3156
0.11,0.01,0.6100000000000001,3,N,3157
0.11,0.01,0.6100000000000001,4,N,3158
0.11,0.01,0.6100000000000001,5,N,3159
0.11,0.01,0.7100000000000001,1,N,3160
0.11,0.01,0.7100000000000001,2,N,3161
0.11,0.01,0.7100000000000001,3,N,3162
0.11,0.01,0.7100000000000001,4,N,3163
0.11,0.01,0.7100000000000001,5,N,3164
0.11,0.01,0.81,1,N,3165
0.11,0.01,0.81,2,N,3166
0.11,0.01,0.81,3,N,3167
0.11,0.01,0.81,4,N,3168
0.11,0.01,0.81,5,N,3169
0.11,0.01,0.91,1,N,3170
0.11,0.01,0.91,2,N,3171
0.11,0.01,0.91,3,N,3172
0.11,0.01,0.91,4,N,3173
0.11,0.01,0.91,5,N,3174
0.11,0.01,1.01,1,N,3175
0.11,0.01,1.01,2,N,3176
0.11,0.01,1.01,3,N,3177
0.11,0.01,1.01,4,N,3178
0.11,0.01,1.01,5,N,3179
0.11,0.01,1.11,1,N,3180
0.11,0.01,1.11,2,N,3181
0.11,0.01,1.11,3,N,3182
0.11,0.01,1.11,4,N,3183
0.11,0.01,1.11,5,N,3184
0.11,0.01,1.3,1,N,3185
0.11,0.01,1.3,2,N,3186
0.11,0.01,1.3,3,N,3187
0.11,0.01,1.3,4,N,3188
0.11,0.01,1.3,5,N,3189
0.11,0.01,1.6,1,N,3190
0.11,0.01,1.6,2,N,3191
0.11,0.01,1.6,3,N,3192
0.11,0.01,1.6,4,N,3193
0.11,0.01,1.6,5,N,3194
0.11,0.01,1.9,1,N,3195
0.11,0.01,1.9,2,N,3196
0.11,0.01,1.9,3,N,3197
0.11,0.01,1.9,4,N,3198
0.11,0.01,1.9,5,N,3199
0.11,0.01,2.2,1,N,3200
0.11,0.01,2.2,2,N,3201
0.11,0.01,2.2,3,N,3202
0.11,0.01,2.2,4,N,3203
0.11,0.01,2.2,5,N,3204
0.11,0.01,2.5,1,N,3205
0.11,0.01,2.5,2,N,3206
0.11,0.01,2.5,3,N,3207
0.11,0.01,2.5,4,N,3208
0.11,0.01,2.5,5,N,3209
0.11,0.01,2.8000000000000003,1,N,3210
0.11,0.01,2.8000000000000003,2,N,3211
0.11,0.01,2.8000000000000003,3,N,3212
0.11,0.01,2.8000000000000003,4,N,3213
0.11,0.01,2.8000000000000003,5,N,3214
0.11,0.01,3.1000000000000005,1,N,3215
0.11,0.01,3.1000000000000005,2,N,3216
0.11,0.01,3.1000000000000005,3,N,3217
0.11,0.01,3.1000000000000005,4,N,3218
0.11,0.01,3.1000000000000005,5,N,3219
0.11,0.01,3.4000000000000004,1,N,3220
0.11,0.01,3.4000000000000004,2,N,3221
0.11,0.01,3.4000000000000004,3,N,3222
0.11,0.01,3.4000000000000004,4,N,3223
0.11,0.01,3.4000000000000004,5,N,3224
0.11,0.01,3.7,1,N,3225
0.11,0.01,3.7,2,N,3226
0.11,0.01,3.7,3,N,3227
0.11,0.01,3.7,4,N,3228
0.11,0.01,3.7,5,N,3229
0.11,0.01,4.0,1,N,3230
0.11,0.01,4.0,2,N,3231
0.11,0.01,4.0,3,N,3232
0.11,0.01,4.0,4,N,3233
0.11,0.01,4.0,5,N,3234
0.11,0.01,4.300000000000002,1,N,3235
0.11,0.01,4.300000000000002,2,N,3236
0.11,0.01,4.300000000000002,3,N,3237
0.11,0.01,4.300000000000002,4,N,3238
0.11,0.01,4.300000000000002,5,N,3239
0.11,0.01,4.6000000000000005,1,N,3240
0.11,0.01,4.6000000000000005,2,N,3241
0.11,0.01,4.6000000000000005,3,N,3242
0.11,0.01,4.6000000000000005,4,N,3243
0.11,0.01,4.6000000000000005,5,N,3244
0.11,0.01,4.9,1,N,3245
0.11,0.01,4.9,2,N,3246
0.11,0.01,4.9,3,N,3247
0.11,0.01,4.9,4,N,3248
0.11,0.01,4.9,5,N,3249
0.11,0.11,0.01,1,N,3250
0.11,0.11,0.01,2,N,3251
0.11,0.11,0.01,3,N,3252
0.11,0.11,0.01,4,N,3253
0.11,0.11,0.01,5,N,3254
0.11,0.11,0.11,1,N,3255
0.11,0.11,0.11,2,N,3256
0.11,0.11,0.11,3,N,3257
0.11,0.11,0.11,4,N,3258
0.11,0.11,0.11,5,N,3259
0.11,0.11,0.21,1,N,3260
0.11,0.11,0.21,2,N,3261
0.11,0.11,0.21,3,N,3262
0.11,0.11,0.21,4,N,3263
0.11,0.11,0.21,5,N,3264
0.11,0.11,0.31000000000000005,1,N,3265
0.11,0.11,0.31000000000000005,2,N,3266
0.11,0.11,0.31000000000000005,3,N,3267
0.11,0.11,0.31000000000000005,4,N,3268
0.11,0.11,0.31000000000000005,5,N,3269
0.11,0.11,0.41,1,N,3270
0.11,0.11,0.41,2,N,3271
0.11,0.11,0.41,3,N,3272
0.11,0.11,0.41,4,N,3273
0.11,0.11,0.41,5,N,3274
0.11,0.11,0.51,1,N,3275
0.11,0.11,0.51,2,N,3276
0.11,0.11,0.51,3,N,3277
0.11,0.11,0.51,4,N,3278
0.11,0.11,0.51,5,N,3279
0.11,0.11,0.6100000000000001,1,N,3280
0.11,0.11,0.6100000000000001,2,N,3281
0.11,0.11,0.6100000000000001,3,N,3282
0.11,0.11,0.6100000000000001,4,N,3283
0.11,0.11,0.6100000000000001,5,N,3284
0.11,0.11,0.7100000000000001,1,N,3285
0.11,0.11,0.7100000000000001,2,N,3286
0.11,0.11,0.7100000000000001,3,N,3287
0.11,0.11,0.7100000000000001,4,N,3288
0.11,0.11,0.7100000000000001,5,N,3289
0.11,0.11,0.81,1,N,3290
0.11,0.11,0.81,2,N,3291
0.11,0.11,0.81,3,N,3292
0.11,0.11,0.81,4,N,3293
0.11,0.11,0.81,5,N,3294
0.11,0.11,0.91,1,N,3295
0.11,0.11,0.91,2,N,3296
0.11,0.11,0.91,3,N,3297
0.11,0.11,0.91,4,N,3298
0.11,0.11,0.91,5,N,3299
0.11,0.11,1.01,1,N,3300
0.11,0.11,1.01,2,N,3301
0.11,0.11,1.01,3,N,3302
0.11,0.11,1.01,4,N,3303
0.11,0.11,1.01,5,N,3304
0.11,0.11,1.11,1,N,3305
0.11,0.11,1.11,2,N,3306
0.11,0.11,1.11,3,N,3307
0.11,0.11,1.11,4,N,3308
0.11,0.11,1.11,5,N,3309
0.11,0.11,1.3,1,N,3310
0.11,0.11,1.3,2,N,3311
0.11,0.11,1.3,3,N,3312
0.11,0.11,1.3,4,N,3313
0.11,0.11,1.3,5,N,3314
0.11,0.11,1.6,1,N,3315
0.11,0.11,1.6,2,N,3316
0.11,0.11,1.6,3,N,3317
0.11,0.11,1.6,4,N,3318
0.11,0.11,1.6,5,N,3319
0.11,0.11,1.9,1,N,3320
0.11,0.11,1.9,2,N,3321
0.11,0.11,1.9,3,N,3322
0.11,0.11,1.9,4,N,3323
0.11,0.11,1.9,5,N,3324
0.11,0.11,2.2,1,N,3325
0.11,0.11,2.2,2,N,3326
0.11,0.11,2.2,3,N,3327
0.11,0.11,2.2,4,N,3328
0.11,0.11,2.2,5,N,3329
0.11,0.11,2.5,1,N,3330
0.11,0.11,2.5,2,N,3331
0.11,0.11,2.5,3,N,3332
0.11,0.11,2.5,4,N,3333
0.11,0.11,2.5,5,N,3334
0.11,0.11,2.8000000000000003,1,N,3335
0.11,0.11,2.8000000000000003,2,N,3336
0.11,0.11,2.8000000000000003,3,N,3337
0.11,0.11,2.8000000000000003,4,N,3338
0.11,0.11,2.8000000000000003,5,N,3339
0.11,0.11,3.1000000000000005,1,N,3340
0.11,0.11,3.1000000000000005,2,N,3341
0.11,0.11,3.1000000000000005,3,N,3342
0.11,0.11,3.1000000000000005,4,N,3343
0.11,0.11,3.1000000000000005,5,N,3344
0.11,0.11,3.4000000000000004,1,N,3345
0.11,0.11,3.4000000000000004,2,N,3346
0.11,0.11,3.4000000000000004,3,N,3347
0.11,0.11,3.4000000000000004,4,N,3348
0.11,0.11,3.4000000000000004,5,N,3349
0.11,0.11,3.7,1,N,3350
0.11,0.11,3.7,2,N,3351
0.11,0.11,3.7,3,N,3352
0.11,0.11,3.7,4,N,3353
0.11,0.11,3.7,5,N,3354
0.11,0.11,4.0,1,N,3355
0.11,0.11,4.0,2,N,3356
0.11,0.11,4.0,3,N,3357
0.11,0.11,4.0,4,N,3358
0.11,0.11,4.0,5,N,3359
0.11,0.11,4.300000000000002,1,N,3360
0.11,0.11,4.300000000000002,2,N,3361
0.11,0.11,4.300000000000002,3,N,3362
0.11,0.11,4.300000000000002,4,N,3363
0.11,0.11,4.300000000000002,5,N,3364
0.11,0.11,4.6000000000000005,1,N,3365
0.11,0.11,4.6000000000000005,2,N,3366
0.11,0.11,4.6000000000000005,3,N,3367
0.11,0.11,4.6000000000000005,4,N,3368
0.11,0.11,4.6000000000000005,5,N,3369
0.11,0.11,4.9,1,N,3370
0.11,0.11,4.9,2,N,3371
0.11,0.11,4.9,3,N,3372
0.11,0.11,4.9,4,N,3373
0.11,0.11,4.9,5,N,3374
0.11,0.21,0.01,1,N,3375
0.11,0.21,0.01,2,N,3376
0.11,0.21,0.01,3,N,3377
0.11,0.21,0.01,4,N,3378
0.11,0.21,0.01,5,N,3379
0.11,0.21,0.11,1,N,3380
0.11,0.21,0.11,2,N,3381
0.11,0.21,0.11,3,N,3382
0.11,0.21,0.11,4,N,3383
0.11,0.21,0.11,5,N,3384
0.11,0.21,0.21,1,N,3385
0.11,0.21,0.21,2,N,3386
0.11,0.21,0.21,3,N,3387
0.11,0.21,0.21,4,N,3388
0.11,0.21,0.21,5,N,3389
0.11,0.21,0.31000000000000005,1,N,3390
0.11,0.21,0.31000000000000005,2,N,3391
0.11,0.21,0.31000000000000005,3,N,3392
0.11,0.21,0.31000000000000005,4,N,3393
0.11,0.21,0.31000000000000005,5,N,3394
0.11,0.21,0.41,1,N,3395
0.11,0.21,0.41,2,N,3396
0.11,0.21,0.41,3,N,3397
0.11,0.21,0.41,4,N,3398
0.11,0.21,0.41,5,N,3399
0.11,0.21,0.51,1,N,3400
0.11,0.21,0.51,2,N,3401
0.11,0.21,0.51,3,N,3402
0.11,0.21,0.51,4,N,3403
0.11,0.21,0.51,5,N,3404
0.11,0.21,0.6100000000000001,1,N,3405
0.11,0.21,0.6100000000000001,2,N,3406
0.11,0.21,0.6100000000000001,3,N,3407
0.11,0.21,0.6100000000000001,4,N,3408
0.11,0.21,0.6100000000000001,5,N,3409
0.11,0.21,0.7100000000000001,1,N,3410
0.11,0.21,0.7100000000000001,2,N,3411
0.11,0.21,0.7100000000000001,3,N,3412
0.11,0.21,0.7100000000000001,4,N,3413
0.11,0.21,0.7100000000000001,5,N,3414
0.11,0.21,0.81,1,N,3415
0.11,0.21,0.81,2,N,3416
0.11,0.21,0.81,3,N,3417
0.11,0.21,0.81,4,N,3418
0.11,0.21,0.81,5,N,3419
0.11,0.21,0.91,1,N,3420
0.11,0.21,0.91,2,N,3421
0.11,0.21,0.91,3,N,3422
0.11,0.21,0.91,4,N,3423
0.11,0.21,0.91,5,N,3424
0.11,0.21,1.01,1,N,3425
0.11,0.21,1.01,2,N,3426
0.11,0.21,1.01,3,N,3427
0.11,0.21,1.01,4,N,3428
0.11,0.21,1.01,5,N,3429
0.11,0.21,1.11,1,N,3430
0.11,0.21,1.11,2,N,3431
0.11,0.21,1.11,3,N,3432
0.11,0.21,1.11,4,N,3433
0.11,0.21,1.11,5,N,3434
0.11,0.21,1.3,1,N,3435
0.11,0.21,1.3,2,N,3436
0.11,0.21,1.3,3,N,3437
0.11,0.21,1.3,4,N,3438
0.11,0.21,1.3,5,N,3439
0.11,0.21,1.6,1,N,3440
0.11,0.21,1.6,2,N,3441
0.11,0.21,1.6,3,N,3442
0.11,0.21,1.6,4,N,3443
0.11,0.21,1.6,5,N,3444
0.11,0.21,1.9,1,N,3445
0.11,0.21,1.9,2,N,3446
0.11,0.21,1.9,3,N,3447
0.11,0.21,1.9,4,N,3448
0.11,0.21,1.9,5,N,3449
0.11,0.21,2.2,1,N,3450
0.11,0.21,2.2,2,N,3451
0.11,0.21,2.2,3,N,3452
0.11,0.21,2.2,4,N,3453
0.11,0.21,2.2,5,N,3454
0.11,0.21,2.5,1,N,3455
0.11,0.21,2.5,2,N,3456
0.11,0.21,2.5,3,N,3457
0.11,0.21,2.5,4,N,3458
0.11,0.21,2.5,5,N,3459
0.11,0.21,2.8000000000000003,1,N,3460
0.11,0.21,2.8000000000000003,2,N,3461
0.11,0.21,2.8000000000000003,3,N,3462
0.11,0.21,2.8000000000000003,4,N,3463
0.11,0.21,2.8000000000000003,5,N,3464
0.11,0.21,3.1000000000000005,1,N,3465
0.11,0.21,3.1000000000000005,2,N,3466
0.11,0.21,3.1000000000000005,3,N,3467
0.11,0.21,3.1000000000000005,4,N,3468
0.11,0.21,3.1000000000000005,5,N,3469
0.11,0.21,3.4000000000000004,1,N,3470
0.11,0.21,3.4000000000000004,2,N,3471
0.11,0.21,3.4000000000000004,3,N,3472
0.11,0.21,3.4000000000000004,4,N,3473
0.11,0.21,3.4000000000000004,5,N,3474
0.11,0.21,3.7,1,N,3475
0.11,0.21,3.7,2,N,3476
0.11,0.21,3.7,3,N,3477
0.11,0.21,3.7,4,N,3478
0.11,0.21,3.7,5,N,3479
0.11,0.21,4.0,1,N,3480
0.11,0.21,4.0,2,N,3481
0.11,0.21,4.0,3,N,3482
0.11,0.21,4.0,4,N,3483
0.11,0.21,4.0,5,N,3484
0.11,0.21,4.300000000000002,1,N,3485
0.11,0.21,4.300000000000002,2,N,3486
0.11,0.21,4.300000000000002,3,N,3487
0.11,0.21,4.300000000000002,4,N,3488
0.11,0.21,4.300000000000002,5,N,3489
0.11,0.21,4.6000000000000005,1,N,3490
0.11,0.21,4.6000000000000005,2,N,3491
0.11,0.21,4.6000000000000005,3,N,3492
0.11,0.21,4.6000000000000005,4,N,3493
0.11,0.21,4.6000000000000005,5,N,3494
0.11,0.21,4.9,1,N,3495
0.11,0.21,4.9,2,N,3496
0.11,0.21,4.9,3,N,3497
0.11,0.21,4.9,4,N,3498
0.11,0.21,4.9,5,N,3499
0.11,0.31000000000000005,0.01,1,N,3500
0.11,0.31000000000000005,0.01,2,N,3501
0.11,0.31000000000000005,0.01,3,N,3502
0.11,0.31000000000000005,0.01,4,N,3503
0.11,0.31000000000000005,0.01,5,N,3504
0.11,0.31000000000000005,0.11,1,N,3505
0.11,0.31000000000000005,0.11,2,N,3506
0.11,0.31000000000000005,0.11,3,N,3507
0.11,0.31000000000000005,0.11,4,N,3508
0.11,0.31000000000000005,0.11,5,N,3509
0.11,0.31000000000000005,0.21,1,N,3510
0.11,0.31000000000000005,0.21,2,N,3511
0.11,0.31000000000000005,0.21,3,N,3512
0.11,0.31000000000000005,0.21,4,N,3513
0.11,0.31000000000000005,0.21,5,N,3514
0.11,0.31000000000000005,0.31000000000000005,1,N,3515
0.11,0.31000000000000005,0.31000000000000005,2,N,3516
0.11,0.31000000000000005,0.31000000000000005,3,N,3517
0.11,0.31000000000000005,0.31000000000000005,4,N,3518
0.11,0.31000000000000005,0.31000000000000005,5,N,3519
0.11,0.31000000000000005,0.41,1,N,3520
0.11,0.31000000000000005,0.41,2,N,3521
0.11,0.31000000000000005,0.41,3,N,3522
0.11,0.31000000000000005,0.41,4,N,3523
0.11,0.31000000000000005,0.41,5,N,3524
0.11,0.31000000000000005,0.51,1,N,3525
0.11,0.31000000000000005,0.51,2,N,3526
0.11,0.31000000000000005,0.51,3,N,3527
0.11,0.31000000000000005,0.51,4,N,3528
0.11,0.31000000000000005,0.51,5,N,3529
0.11,0.31000000000000005,0.6100000000000001,1,N,3530
0.11,0.31000000000000005,0.6100000000000001,2,N,3531
0.11,0.31000000000000005,0.6100000000000001,3,N,3532
0.11,0.31000000000000005,0.6100000000000001,4,N,3533
0.11,0.31000000000000005,0.6100000000000001,5,N,3534
0.11,0.31000000000000005,0.7100000000000001,1,N,3535
0.11,0.31000000000000005,0.7100000000000001,2,N,3536
0.11,0.31000000000000005,0.7100000000000001,3,N,3537
0.11,0.31000000000000005,0.7100000000000001,4,N,3538
0.11,0.31000000000000005,0.7100000000000001,5,N,3539
0.11,0.31000000000000005,0.81,1,N,3540
0.11,0.31000000000000005,0.81,2,N,3541
0.11,0.31000000000000005,0.81,3,N,3542
0.11,0.31000000000000005,0.81,4,N,3543
0.11,0.31000000000000005,0.81,5,N,3544
0.11,0.31000000000000005,0.91,1,N,3545
0.11,0.31000000000000005,0.91,2,N,3546
0.11,0.31000000000000005,0.91,3,N,3547
0.11,0.31000000000000005,0.91,4,N,3548
0.11,0.31000000000000005,0.91,5,N,3549
0.11,0.31000000000000005,1.01,1,N,3550
0.11,0.31000000000000005,1.01,2,N,3551
0.11,0.31000000000000005,1.01,3,N,3552
0.11,0.31000000000000005,1.01,4,N,3553
0.11,0.31000000000000005,1.01,5,N,3554
0.11,0.31000000000000005,1.11,1,N,3555
0.11,0.31000000000000005,1.11,2,N,3556
0.11,0.31000000000000005,1.11,3,N,3557
0.11,0.31000000000000005,1.11,4,N,3558
0.11,0.31000000000000005,1.11,5,N,3559
0.11,0.31000000000000005,1.3,1,N,3560
0.11,0.31000000000000005,1.3,2,N,3561
0.11,0.31000000000000005,1.3,3,N,3562
0.11,0.31000000000000005,1.3,4,N,3563
0.11,0.31000000000000005,1.3,5,N,3564
0.11,0.31000000000000005,1.6,1,N,3565
0.11,0.31000000000000005,1.6,2,N,3566
0.11,0.31000000000000005,1.6,3,N,3567
0.11,0.31000000000000005,1.6,4,N,3568
0.11,0.31000000000000005,1.6,5,N,3569
0.11,0.31000000000000005,1.9,1,N,3570
0.11,0.31000000000000005,1.9,2,N,3571
0.11,0.31000000000000005,1.9,3,N,3572
0.11,0.31000000000000005,1.9,4,N,3573
0.11,0.31000000000000005,1.9,5,N,3574
0.11,0.31000000000000005,2.2,1,N,3575
0.11,0.31000000000000005,2.2,2,N,3576
0.11,0.31000000000000005,2.2,3,N,3577
0.11,0.31000000000000005,2.2,4,N,3578
0.11,0.31000000000000005,2.2,5,N,3579
0.11,0.31000000000000005,2.5,1,N,3580
0.11,0.31000000000000005,2.5,2,N,3581
0.11,0.31000000000000005,2.5,3,N,3582
0.11,0.31000000000000005,2.5,4,N,3583
0.11,0.31000000000000005,2.5,5,N,3584
0.11,0.31000000000000005,2.8000000000000003,1,N,3585
0.11,0.31000000000000005,2.8000000000000003,2,N,3586
0.11,0.31000000000000005,2.8000000000000003,3,N,3587
0.11,0.31000000000000005,2.8000000000000003,4,N,3588
0.11,0.31000000000000005,2.8000000000000003,5,N,3589
0.11,0.31000000000000005,3.1000000000000005,1,N,3590
0.11,0.31000000000000005,3.1000000000000005,2,N,3591
0.11,0.31000000000000005,3.1000000000000005,3,N,3592
0.11,0.31000000000000005,3.1000000000000005,4,N,3593
0.11,0.31000000000000005,3.1000000000000005,5,N,3594
0.11,0.31000000000000005,3.4000000000000004,1,N,3595
0.11,0.31000000000000005,3.4000000000000004,2,N,3596
0.11,0.31000000000000005,3.4000000000000004,3,N,3597
0.11,0.31000000000000005,3.4000000000000004,4,N,3598
0.11,0.31000000000000005,3.4000000000000004,5,N,3599
0.11,0.31000000000000005,3.7,1,N,3600
0.11,0.31000000000000005,3.7,2,N,3601
0.11,0.31000000000000005,3.7,3,N,3602
0.11,0.31000000000000005,3.7,4,N,3603
0.11,0.31000000000000005,3.7,5,N,3604
0.11,0.31000000000000005,4.0,1,N,3605
0.11,0.31000000000000005,4.0,2,N,3606
0.11,0.31000000000000005,4.0,3,N,3607
0.11,0.31000000000000005,4.0,4,N,3608
0.11,0.31000000000000005,4.0,5,N,3609
0.11,0.31000000000000005,4.300000000000002,1,N,3610
0.11,0.31000000000000005,4.300000000000002,2,N,3611
0.11,0.31000000000000005,4.300000000000002,3,N,3612
0.11,0.31000000000000005,4.300000000000002,4,N,3613
0.11,0.31000000000000005,4.300000000000002,5,N,3614
0.11,0.31000000000000005,4.6000000000000005,1,N,3615
0.11,0.31000000000000005,4.6000000000000005,2,N,3616
0.11,0.31000000000000005,4.6000000000000005,3,N,3617
0.11,0.31000000000000005,4.6000000000000005,4,N,3618
0.11,0.31000000000000005,4.6000000000000005,5,N,3619
0.11,0.31000000000000005,4.9,1,N,3620
0.11,0.31000000000000005,4.9,2,N,3621
0.11,0.31000000000000005,4.9,3,N,3622
0.11,0.31000000000000005,4.9,4,N,3623
0.11,0.31000000000000005,4.9,5,N,3624
0.11,0.41,0.01,1,N,3625
0.11,0.41,0.01,2,N,3626
0.11,0.41,0.01,3,N,3627
0.11,0.41,0.01,4,N,3628
0.11,0.41,0.01,5,N,3629
0.11,0.41,0.11,1,N,3630
0.11,0.41,0.11,2,N,3631
0.11,0.41,0.11,3,N,3632
0.11,0.41,0.11,4,N,3633
0.11,0.41,0.11,5,N,3634
0.11,0.41,0.21,1,N,3635
0.11,0.41,0.21,2,N,3636
0.11,0.41,0.21,3,N,3637
0.11,0.41,0.21,4,N,3638
0.11,0.41,0.21,5,N,3639
0.11,0.41,0.31000000000000005,1,N,3640
0.11,0.41,0.31000000000000005,2,N,3641
0.11,0.41,0.31000000000000005,3,N,3642
0.11,0.41,0.31000000000000005,4,N,3643
0.11,0.41,0.31000000000000005,5,N,3644
0.11,0.41,0.41,1,N,3645
0.11,0.41,0.41,2,N,3646
0.11,0.41,0.41,3,N,3647
0.11,0.41,0.41,4,N,3648
0.11,0.41,0.41,5,N,3649
0.11,0.41,0.51,1,N,3650
0.11,0.41,0.51,2,N,3651
0.11,0.41,0.51,3,N,3652
0.11,0.41,0.51,4,N,3653
0.11,0.41,0.51,5,N,3654
0.11,0.41,0.6100000000000001,1,N,3655
0.11,0.41,0.6100000000000001,2,N,3656
0.11,0.41,0.6100000000000001,3,N,3657
0.11,0.41,0.6100000000000001,4,N,3658
0.11,0.41,0.6100000000000001,5,N,3659
0.11,0.41,0.7100000000000001,1,N,3660
0.11,0.41,0.7100000000000001,2,N,3661
0.11,0.41,0.7100000000000001,3,N,3662
0.11,0.41,0.7100000000000001,4,N,3663
0.11,0.41,0.7100000000000001,5,N,3664
0.11,0.41,0.81,1,N,3665
0.11,0.41,0.81,2,N,3666
0.11,0.41,0.81,3,N,3667
0.11,0.41,0.81,4,N,3668
0.11,0.41,0.81,5,N,3669
0.11,0.41,0.91,1,N,3670
0.11,0.41,0.91,2,N,3671
0.11,0.41,0.91,3,N,3672
0.11,0.41,0.91,4,N,3673
0.11,0.41,0.91,5,N,3674
0.11,0.41,1.01,1,N,3675
0.11,0.41,1.01,2,N,3676
0.11,0.41,1.01,3,N,3677
0.11,0.41,1.01,4,N,3678
0.11,0.41,1.01,5,N,3679
0.11,0.41,1.11,1,N,3680
0.11,0.41,1.11,2,N,3681
0.11,0.41,1.11,3,N,3682
0.11,0.41,1.11,4,N,3683
0.11,0.41,1.11,5,N,3684
0.11,0.41,1.3,1,N,3685
0.11,0.41,1.3,2,N,3686
0.11,0.41,1.3,3,N,3687
0.11,0.41,1.3,4,N,3688
0.11,0.41,1.3,5,N,3689
0.11,0.41,1.6,1,N,3690
0.11,0.41,1.6,2,N,3691
0.11,0.41,1.6,3,N,3692
0.11,0.41,1.6,4,N,3693
0.11,0.41,1.6,5,N,3694
0.11,0.41,1.9,1,N,3695
0.11,0.41,1.9,2,N,3696
0.11,0.41,1.9,3,N,3697
0.11,0.41,1.9,4,N,3698
0.11,0.41,1.9,5,N,3699
0.11,0.41,2.2,1,N,3700
0.11,0.41,2.2,2,N,3701
0.11,0.41,2.2,3,N,3702
0.11,0.41,2.2,4,N,3703
0.11,0.41,2.2,5,N,3704
0.11,0.41,2.5,1,N,3705
0.11,0.41,2.5,2,N,3706
0.11,0.41,2.5,3,N,3707
0.11,0.41,2.5,4,N,3708
0.11,0.41,2.5,5,N,3709
0.11,0.41,2.8000000000000003,1,N,3710
0.11,0.41,2.8000000000000003,2,N,3711
0.11,0.41,2.8000000000000003,3,N,3712
0.11,0.41,2.8000000000000003,4,N,3713
0.11,0.41,2.8000000000000003,5,N,3714
0.11,0.41,3.1000000000000005,1,N,3715
0.11,0.41,3.1000000000000005,2,N,3716
0.11,0.41,3.1000000000000005,3,N,3717
0.11,0.41,3.1000000000000005,4,N,3718
0.11,0.41,3.1000000000000005,5,N,3719
0.11,0.41,3.4000000000000004,1,N,3720
0.11,0.41,3.4000000000000004,2,N,3721
0.11,0.41,3.4000000000000004,3,N,3722
0.11,0.41,3.4000000000000004,4,N,3723
0.11,0.41,3.4000000000000004,5,N,3724
0.11,0.41,3.7,1,N,3725
0.11,0.41,3.7,2,N,3726
0.11,0.41,3.7,3,N,3727
0.11,0.41,3.7,4,N,3728
0.11,0.41,3.7,5,N,3729
0.11,0.41,4.0,1,N,3730
0.11,0.41,4.0,2,N,3731
0.11,0.41,4.0,3,N,3732
0.11,0.41,4.0,4,N,3733
0.11,0.41,4.0,5,N,3734
0.11,0.41,4.300000000000002,1,N,3735
0.11,0.41,4.300000000000002,2,N,3736
0.11,0.41,4.300000000000002,3,N,3737
0.11,0.41,4.300000000000002,4,N,3738
0.11,0.41,4.300000000000002,5,N,3739
0.11,0.41,4.6000000000000005,1,N,3740
0.11,0.41,4.6000000000000005,2,N,3741
0.11,0.41,4.6000000000000005,3,N,3742
0.11,0.41,4.6000000000000005,4,N,3743
0.11,0.41,4.6000000000000005,5,N,3744
0.11,0.41,4.9,1,N,3745
0.11,0.41,4.9,2,N,3746
0.11,0.41,4.9,3,N,3747
0.11,0.41,4.9,4,N,3748
0.11,0.41,4.9,5,N,3749
0.11,0.51,0.01,1,N,3750
0.11,0.51,0.01,2,N,3751
0.11,0.51,0.01,3,N,3752
0.11,0.51,0.01,4,N,3753
0.11,0.51,0.01,5,N,3754
0.11,0.51,0.11,1,N,3755
0.11,0.51,0.11,2,N,3756
0.11,0.51,0.11,3,N,3757
0.11,0.51,0.11,4,N,3758
0.11,0.51,0.11,5,N,3759
0.11,0.51,0.21,1,N,3760
0.11,0.51,0.21,2,N,3761
0.11,0.51,0.21,3,N,3762
0.11,0.51,0.21,4,N,3763
0.11,0.51,0.21,5,N,3764
0.11,0.51,0.31000000000000005,1,N,3765
0.11,0.51,0.31000000000000005,2,N,3766
0.11,0.51,0.31000000000000005,3,N,3767
0.11,0.51,0.31000000000000005,4,N,3768
0.11,0.51,0.31000000000000005,5,N,3769
0.11,0.51,0.41,1,N,3770
0.11,0.51,0.41,2,N,3771
0.11,0.51,0.41,3,N,3772
0.11,0.51,0.41,4,N,3773
0.11,0.51,0.41,5,N,3774
0.11,0.51,0.51,1,N,3775
0.11,0.51,0.51,2,N,3776
0.11,0.51,0.51,3,N,3777
0.11,0.51,0.51,4,N,3778
0.11,0.51,0.51,5,N,3779
0.11,0.51,0.6100000000000001,1,N,3780
0.11,0.51,0.6100000000000001,2,N,3781
0.11,0.51,0.6100000000000001,3,N,3782
0.11,0.51,0.6100000000000001,4,N,3783
0.11,0.51,0.6100000000000001,5,N,3784
0.11,0.51,0.7100000000000001,1,N,3785
0.11,0.51,0.7100000000000001,2,N,3786
0.11,0.51,0.7100000000000001,3,N,3787
0.11,0.51,0.7100000000000001,4,N,3788
0.11,0.51,0.7100000000000001,5,N,3789
0.11,0.51,0.81,1,N,3790
0.11,0.51,0.81,2,N,3791
0.11,0.51,0.81,3,N,3792
0.11,0.51,0.81,4,N,3793
0.11,0.51,0.81,5,N,3794
0.11,0.51,0.91,1,N,3795
0.11,0.51,0.91,2,N,3796
0.11,0.51,0.91,3,N,3797
0.11,0.51,0.91,4,N,3798
0.11,0.51,0.91,5,N,3799
0.11,0.51,1.01,1,N,3800
0.11,0.51,1.01,2,N,3801
0.11,0.51,1.01,3,N,3802
0.11,0.51,1.01,4,N,3803
0.11,0.51,1.01,5,N,3804
0.11,0.51,1.11,1,N,3805
0.11,0.51,1.11,2,N,3806
0.11,0.51,1.11,3,N,3807
0.11,0.51,1.11,4,N,3808
0.11,0.51,1.11,5,N,3809
0.11,0.51,1.3,1,N,3810
0.11,0.51,1.3,2,N,3811
0.11,0.51,1.3,3,N,3812
0.11,0.51,1.3,4,N,3813
0.11,0.51,1.3,5,N,3814
0.11,0.51,1.6,1,N,3815
0.11,0.51,1.6,2,N,3816
0.11,0.51,1.6,3,N,3817
0.11,0.51,1.6,4,N,3818
0.11,0.51,1.6,5,N,3819
0.11,0.51,1.9,1,N,3820
0.11,0.51,1.9,2,N,3821
0.11,0.51,1.9,3,N,3822
0.11,0.51,1.9,4,N,3823
0.11,0.51,1.9,5,N,3824
0.11,0.51,2.2,1,N,3825
0.11,0.51,2.2,2,N,3826
0.11,0.51,2.2,3,N,3827
0.11,0.51,2.2,4,N,3828
0.11,0.51,2.2,5,N,3829
0.11,0.51,2.5,1,N,3830
0.11,0.51,2.5,2,N,3831
0.11,0.51,2.5,3,N,3832
0.11,0.51,2.5,4,N,3833
0.11,0.51,2.5,5,N,3834
0.11,0.51,2.8000000000000003,1,N,3835
0.11,0.51,2.8000000000000003,2,N,3836
0.11,0.51,2.8000000000000003,3,N,3837
0.11,0.51,2.8000000000000003,4,N,3838
0.11,0.51,2.8000000000000003,5,N,3839
0.11,0.51,3.1000000000000005,1,N,3840
0.11,0.51,3.1000000000000005,2,N,3841
0.11,0.51,3.1000000000000005,3,N,3842
0.11,0.51,3.1000000000000005,4,N,3843
0.11,0.51,3.1000000000000005,5,N,3844
0.11,0.51,3.4000000000000004,1,N,3845
0.11,0.51,3.4000000000000004,2,N,3846
0.11,0.51,3.4000000000000004,3,N,3847
0.11,0.51,3.4000000000000004,4,N,3848
0.11,0.51,3.4000000000000004,5,N,3849
0.11,0.51,3.7,1,N,3850
0.11,0.51,3.7,2,N,3851
0.11,0.51,3.7,3,N,3852
0.11,0.51,3.7,4,N,3853
0.11,0.51,3.7,5,N,3854
0.11,0.51,4.0,1,N,3855
0.11,0.51,4.0,2,N,3856
0.11,0.51,4.0,3,N,3857
0.11,0.51,4.0,4,N,3858
0.11,0.51,4.0,5,N,3859
0.11,0.51,4.300000000000002,1,N,3860
0.11,0.51,4.300000000000002,2,N,3861
0.11,0.51,4.300000000000002,3,N,3862
0.11,0.51,4.300000000000002,4,N,3863
0.11,0.51,4.300000000000002,5,N,3864
0.11,0.51,4.6000000000000005,1,N,3865
0.11,0.51,4.6000000000000005,2,N,3866
0.11,0.51,4.6000000000000005,3,N,3867
0.11,0.51,4.6000000000000005,4,N,3868
0.11,0.51,4.6000000000000005,5,N,3869
0.11,0.51,4.9,1,N,3870
0.11,0.51,4.9,2,N,3871
0.11,0.51,4.9,3,N,3872
0.11,0.51,4.9,4,N,3873
0.11,0.51,4.9,5,N,3874
0.11,0.6100000000000001,0.01,1,N,3875
0.11,0.6100000000000001,0.01,2,N,3876
0.11,0.6100000000000001,0.01,3,N,3877
0.11,0.6100000000000001,0.01,4,N,3878
0.11,0.6100000000000001,0.01,5,N,3879
0.11,0.6100000000000001,0.11,1,N,3880
0.11,0.6100000000000001,0.11,2,N,3881
0.11,0.6100000000000001,0.11,3,N,3882
0.11,0.6100000000000001,0.11,4,N,3883
0.11,0.6100000000000001,0.11,5,N,3884
0.11,0.6100000000000001,0.21,1,N,3885
0.11,0.6100000000000001,0.21,2,N,3886
0.11,0.6100000000000001,0.21,3,N,3887
0.11,0.6100000000000001,0.21,4,N,3888
0.11,0.6100000000000001,0.21,5,N,3889
0.11,0.6100000000000001,0.31000000000000005,1,N,3890
0.11,0.6100000000000001,0.31000000000000005,2,N,3891
0.11,0.6100000000000001,0.31000000000000005,3,N,3892
0.11,0.6100000000000001,0.31000000000000005,4,N,3893
0.11,0.6100000000000001,0.31000000000000005,5,N,3894
0.11,0.6100000000000001,0.41,1,N,3895
0.11,0.6100000000000001,0.41,2,N,3896
0.11,0.6100000000000001,0.41,3,N,3897
0.11,0.6100000000000001,0.41,4,N,3898
0.11,0.6100000000000001,0.41,5,N,3899
0.11,0.6100000000000001,0.51,1,N,3900
0.11,0.6100000000000001,0.51,2,N,3901
0.11,0.6100000000000001,0.51,3,N,3902
0.11,0.6100000000000001,0.51,4,N,3903
0.11,0.6100000000000001,0.51,5,N,3904
0.11,0.6100000000000001,0.6100000000000001,1,N,3905
0.11,0.6100000000000001,0.6100000000000001,2,N,3906
0.11,0.6100000000000001,0.6100000000000001,3,N,3907
0.11,0.6100000000000001,0.6100000000000001,4,N,3908
0.11,0.6100000000000001,0.6100000000000001,5,N,3909
0.11,0.6100000000000001,0.7100000000000001,1,N,3910
0.11,0.6100000000000001,0.7100000000000001,2,N,3911
0.11,0.6100000000000001,0.7100000000000001,3,N,3912
0.11,0.6100000000000001,0.7100000000000001,4,N,3913
0.11,0.6100000000000001,0.7100000000000001,5,N,3914
0.11,0.6100000000000001,0.81,1,N,3915
0.11,0.6100000000000001,0.81,2,N,3916
0.11,0.6100000000000001,0.81,3,N,3917
0.11,0.6100000000000001,0.81,4,N,3918
0.11,0.6100000000000001,0.81,5,N,3919
0.11,0.6100000000000001,0.91,1,N,3920
0.11,0.6100000000000001,0.91,2,N,3921
0.11,0.6100000000000001,0.91,3,N,3922
0.11,0.6100000000000001,0.91,4,N,3923
0.11,0.6100000000000001,0.91,5,N,3924
0.11,0.6100000000000001,1.01,1,N,3925
0.11,0.6100000000000001,1.01,2,N,3926
0.11,0.6100000000000001,1.01,3,N,3927
0.11,0.6100000000000001,1.01,4,N,3928
0.11,0.6100000000000001,1.01,5,N,3929
0.11,0.6100000000000001,1.11,1,N,3930
0.11,0.6100000000000001,1.11,2,N,3931
0.11,0.6100000000000001,1.11,3,N,3932
0.11,0.6100000000000001,1.11,4,N,3933
0.11,0.6100000000000001,1.11,5,N,3934
0.11,0.6100000000000001,1.3,1,N,3935
0.11,0.6100000000000001,1.3,2,N,3936
0.11,0.6100000000000001,1.3,3,N,3937
0.11,0.6100000000000001,1.3,4,N,3938
0.11,0.6100000000000001,1.3,5,N,3939
0.11,0.6100000000000001,1.6,1,N,3940
0.11,0.6100000000000001,1.6,2,N,3941
0.11,0.6100000000000001,1.6,3,N,3942
0.11,0.6100000000000001,1.6,4,N,3943
0.11,0.6100000000000001,1.6,5,N,3944
0.11,0.6100000000000001,1.9,1,N,3945
0.11,0.6100000000000001,1.9,2,N,3946
0.11,0.6100000000000001,1.9,3,N,3947
0.11,0.6100000000000001,1.9,4,N,3948
0.11,0.6100000000000001,1.9,5,N,3949
0.11,0.6100000000000001,2.2,1,N,3950
0.11,0.6100000000000001,2.2,2,N,3951
0.11,0.6100000000000001,2.2,3,N,3952
0.11,0.6100000000000001,2.2,4,N,3953
0.11,0.6100000000000001,2.2,5,N,3954
0.11,0.6100000000000001,2.5,1,N,3955
0.11,0.6100000000000001,2.5,2,N,3956
0.11,0.6100000000000001,2.5,3,N,3957
0.11,0.6100000000000001,2.5,4,N,3958
0.11,0.6100000000000001,2.5,5,N,3959
0.11,0.6100000000000001,2.8000000000000003,1,N,3960
0.11,0.6100000000000001,2.8000000000000003,2,N,3961
0.11,0.6100000000000001,2.8000000000000003,3,N,3962
0.11,0.6100000000000001,2.8000000000000003,4,N,3963
0.11,0.6100000000000001,2.8000000000000003,5,N,3964
0.11,0.6100000000000001,3.1000000000000005,1,N,3965
0.11,0.6100000000000001,3.1000000000000005,2,N,3966
0.11,0.6100000000000001,3.1000000000000005,3,N,3967
0.11,0.6100000000000001,3.1000000000000005,4,N,3968
0.11,0.6100000000000001,3.1000000000000005,5,N,3969
0.11,0.6100000000000001,3.4000000000000004,1,N,3970
0.11,0.6100000000000001,3.4000000000000004,2,N,3971
0.11,0.6100000000000001,3.4000000000000004,3,N,3972
0.11,0.6100000000000001,3.4000000000000004,4,N,3973
0.11,0.6100000000000001,3.4000000000000004,5,N,3974
0.11,0.6100000000000001,3.7,1,N,3975
0.11,0.6100000000000001,3.7,2,N,3976
0.11,0.6100000000000001,3.7,3,N,3977
0.11,0.6100000000000001,3.7,4,N,3978
0.11,0.6100000000000001,3.7,5,N,3979
0.11,0.6100000000000001,4.0,1,N,3980
0.11,0.6100000000000001,4.0,2,N,3981
0.11,0.6100000000000001,4.0,3,N,3982
0.11,0.6100000000000001,4.0,4,N,3983
0.11,0.6100000000000001,4.0,5,N,3984
0.11,0.6100000000000001,4.300000000000002,1,N,3985
0.11,0.6100000000000001,4.300000000000002,2,N,3986
0.11,0.6100000000000001,4.300000000000002,3,N,3987
0.11,0.6100000000000001,4.300000000000002,4,N,3988
0.11,0.6100000000000001,4.300000000000002,5,N,3989
0.11,0.6100000000000001,4.6000000000000005,1,N,3990
0.11,0.6100000000000001,4.6000000000000005,2,N,3991
0.11,0.6100000000000001,4.6000000000000005,3,N,3992
0.11,0.6100000000000001,4.6000000000000005,4,N,3993
0.11,0.6100000000000001,4.6000000000000005,5,N,3994
0.11,0.6100000000000001,4.9,1,N,3995
0.11,0.6100000000000001,4.9,2,N,3996
0.11,0.6100000000000001,4.9,3,N,3997
0.11,0.6100000000000001,4.9,4,N,3998
0.11,0.6100000000000001,4.9,5,N,3999
0.11,0.7100000000000001,0.01,1,N,4000
0.11,0.7100000000000001,0.01,2,N,4001
0.11,0.7100000000000001,0.01,3,N,4002
0.11,0.7100000000000001,0.01,4,N,4003
0.11,0.7100000000000001,0.01,5,N,4004
0.11,0.7100000000000001,0.11,1,N,4005
0.11,0.7100000000000001,0.11,2,N,4006
0.11,0.7100000000000001,0.11,3,N,4007
0.11,0.7100000000000001,0.11,4,N,4008
0.11,0.7100000000000001,0.11,5,N,4009
0.11,0.7100000000000001,0.21,1,N,4010
0.11,0.7100000000000001,0.21,2,N,4011
0.11,0.7100000000000001,0.21,3,N,4012
0.11,0.7100000000000001,0.21,4,N,4013
0.11,0.7100000000000001,0.21,5,N,4014
0.11,0.7100000000000001,0.31000000000000005,1,N,4015
0.11,0.7100000000000001,0.31000000000000005,2,N,4016
0.11,0.7100000000000001,0.31000000000000005,3,N,4017
0.11,0.7100000000000001,0.31000000000000005,4,N,4018
0.11,0.7100000000000001,0.31000000000000005,5,N,4019
0.11,0.7100000000000001,0.41,1,N,4020
0.11,0.7100000000000001,0.41,2,N,4021
0.11,0.7100000000000001,0.41,3,N,4022
0.11,0.7100000000000001,0.41,4,N,4023
0.11,0.7100000000000001,0.41,5,N,4024
0.11,0.7100000000000001,0.51,1,N,4025
0.11,0.7100000000000001,0.51,2,N,4026
0.11,0.7100000000000001,0.51,3,N,4027
0.11,0.7100000000000001,0.51,4,N,4028
0.11,0.7100000000000001,0.51,5,N,4029
0.11,0.7100000000000001,0.6100000000000001,1,N,4030
0.11,0.7100000000000001,0.6100000000000001,2,N,4031
0.11,0.7100000000000001,0.6100000000000001,3,N,4032
0.11,0.7100000000000001,0.6100000000000001,4,N,4033
0.11,0.7100000000000001,0.6100000000000001,5,N,4034
0.11,0.7100000000000001,0.7100000000000001,1,N,4035
0.11,0.7100000000000001,0.7100000000000001,2,N,4036
0.11,0.7100000000000001,0.7100000000000001,3,N,4037
0.11,0.7100000000000001,0.7100000000000001,4,N,4038
0.11,0.7100000000000001,0.7100000000000001,5,N,4039
0.11,0.7100000000000001,0.81,1,N,4040
0.11,0.7100000000000001,0.81,2,N,4041
0.11,0.7100000000000001,0.81,3,N,4042
0.11,0.7100000000000001,0.81,4,N,4043
0.11,0.7100000000000001,0.81,5,N,4044
0.11,0.7100000000000001,0.91,1,N,4045
0.11,0.7100000000000001,0.91,2,N,4046
0.11,0.7100000000000001,0.91,3,N,4047
0.11,0.7100000000000001,0.91,4,N,4048
0.11,0.7100000000000001,0.91,5,N,4049
0.11,0.7100000000000001,1.01,1,N,4050
0.11,0.7100000000000001,1.01,2,N,4051
0.11,0.7100000000000001,1.01,3,N,4052
0.11,0.7100000000000001,1.01,4,N,4053
0.11,0.7100000000000001,1.01,5,N,4054
0.11,0.7100000000000001,1.11,1,N,4055
0.11,0.7100000000000001,1.11,2,N,4056
0.11,0.7100000000000001,1.11,3,N,4057
0.11,0.7100000000000001,1.11,4,N,4058
0.11,0.7100000000000001,1.11,5,N,4059
0.11,0.7100000000000001,1.3,1,N,4060
0.11,0.7100000000000001,1.3,2,N,4061
0.11,0.7100000000000001,1.3,3,N,4062
0.11,0.7100000000000001,1.3,4,N,4063
0.11,0.7100000000000001,1.3,5,N,4064
0.11,0.7100000000000001,1.6,1,N,4065
0.11,0.7100000000000001,1.6,2,N,4066
0.11,0.7100000000000001,1.6,3,N,4067
0.11,0.7100000000000001,1.6,4,N,4068
0.11,0.7100000000000001,1.6,5,N,4069
0.11,0.7100000000000001,1.9,1,N,4070
0.11,0.7100000000000001,1.9,2,N,4071
0.11,0.7100000000000001,1.9,3,N,4072
0.11,0.7100000000000001,1.9,4,N,4073
0.11,0.7100000000000001,1.9,5,N,4074
0.11,0.7100000000000001,2.2,1,N,4075
0.11,0.7100000000000001,2.2,2,N,4076
0.11,0.7100000000000001,2.2,3,N,4077
0.11,0.7100000000000001,2.2,4,N,4078
0.11,0.7100000000000001,2.2,5,N,4079
0.11,0.7100000000000001,2.5,1,N,4080
0.11,0.7100000000000001,2.5,2,N,4081
0.11,0.7100000000000001,2.5,3,N,4082
0.11,0.7100000000000001,2.5,4,N,4083
0.11,0.7100000000000001,2.5,5,N,4084
0.11,0.7100000000000001,2.8000000000000003,1,N,4085
0.11,0.7100000000000001,2.8000000000000003,2,N,4086
0.11,0.7100000000000001,2.8000000000000003,3,N,4087
0.11,0.7100000000000001,2.8000000000000003,4,N,4088
0.11,0.7100000000000001,2.8000000000000003,5,N,4089
0.11,0.7100000000000001,3.1000000000000005,1,N,4090
0.11,0.7100000000000001,3.1000000000000005,2,N,4091
0.11,0.7100000000000001,3.1000000000000005,3,N,4092
0.11,0.7100000000000001,3.1000000000000005,4,N,4093
0.11,0.7100000000000001,3.1000000000000005,5,N,4094
0.11,0.7100000000000001,3.4000000000000004,1,N,4095
0.11,0.7100000000000001,3.4000000000000004,2,N,4096
0.11,0.7100000000000001,3.4000000000000004,3,N,4097
0.11,0.7100000000000001,3.4000000000000004,4,N,4098
0.11,0.7100000000000001,3.4000000000000004,5,N,4099
0.11,0.7100000000000001,3.7,1,N,4100
0.11,0.7100000000000001,3.7,2,N,4101
0.11,0.7100000000000001,3.7,3,N,4102
0.11,0.7100000000000001,3.7,4,N,4103
0.11,0.7100000000000001,3.7,5,N,4104
0.11,0.7100000000000001,4.0,1,N,4105
0.11,0.7100000000000001,4.0,2,N,4106
0.11,0.7100000000000001,4.0,3,N,4107
0.11,0.7100000000000001,4.0,4,N,4108
0.11,0.7100000000000001,4.0,5,N,4109
0.11,0.7100000000000001,4.300000000000002,1,N,4110
0.11,0.7100000000000001,4.300000000000002,2,N,4111
0.11,0.7100000000000001,4.300000000000002,3,N,4112
0.11,0.7100000000000001,4.300000000000002,4,N,4113
0.11,0.7100000000000001,4.300000000000002,5,N,4114
0.11,0.7100000000000001,4.6000000000000005,1,N,4115
0.11,0.7100000000000001,4.6000000000000005,2,N,4116
0.11,0.7100000000000001,4.6000000000000005,3,N,4117
0.11,0.7100000000000001,4.6000000000000005,4,N,4118
0.11,0.7100000000000001,4.6000000000000005,5,N,4119
0.11,0.7100000000000001,4.9,1,N,4120
0.11,0.7100000000000001,4.9,2,N,4121
0.11,0.7100000000000001,4.9,3,N,4122
0.11,0.7100000000000001,4.9,4,N,4123
0.11,0.7100000000000001,4.9,5,N,4124
0.11,0.81,0.01,1,N,4125
0.11,0.81,0.01,2,N,4126
0.11,0.81,0.01,3,N,4127
0.11,0.81,0.01,4,N,4128
0.11,0.81,0.01,5,N,4129
0.11,0.81,0.11,1,N,4130
0.11,0.81,0.11,2,N,4131
0.11,0.81,0.11,3,N,4132
0.11,0.81,0.11,4,N,4133
0.11,0.81,0.11,5,N,4134
0.11,0.81,0.21,1,N,4135
0.11,0.81,0.21,2,N,4136
0.11,0.81,0.21,3,N,4137
0.11,0.81,0.21,4,N,4138
0.11,0.81,0.21,5,N,4139
0.11,0.81,0.31000000000000005,1,N,4140
0.11,0.81,0.31000000000000005,2,N,4141
0.11,0.81,0.31000000000000005,3,N,4142
0.11,0.81,0.31000000000000005,4,N,4143
0.11,0.81,0.31000000000000005,5,N,4144
0.11,0.81,0.41,1,N,4145
0.11,0.81,0.41,2,N,4146
0.11,0.81,0.41,3,N,4147
0.11,0.81,0.41,4,N,4148
0.11,0.81,0.41,5,N,4149
0.11,0.81,0.51,1,N,4150
0.11,0.81,0.51,2,N,4151
0.11,0.81,0.51,3,N,4152
0.11,0.81,0.51,4,N,4153
0.11,0.81,0.51,5,N,4154
0.11,0.81,0.6100000000000001,1,N,4155
0.11,0.81,0.6100000000000001,2,N,4156
0.11,0.81,0.6100000000000001,3,N,4157
0.11,0.81,0.6100000000000001,4,N,4158
0.11,0.81,0.6100000000000001,5,N,4159
0.11,0.81,0.7100000000000001,1,N,4160
0.11,0.81,0.7100000000000001,2,N,4161
0.11,0.81,0.7100000000000001,3,N,4162
0.11,0.81,0.7100000000000001,4,N,4163
0.11,0.81,0.7100000000000001,5,N,4164
0.11,0.81,0.81,1,N,4165
0.11,0.81,0.81,2,N,4166
0.11,0.81,0.81,3,N,4167
0.11,0.81,0.81,4,Y,4168
0.11,0.81,0.81,5,N,4169
0.11,0.81,0.91,1,N,4170
0.11,0.81,0.91,2,N,4171
0.11,0.81,0.91,3,N,4172
0.11,0.81,0.91,4,N,4173
0.11,0.81,0.91,5,N,4174
0.11,0.81,1.01,1,N,4175
0.11,0.81,1.01,2,N,4176
0.11,0.81,1.01,3,N,4177
0.11,0.81,1.01,4,N,4178
0.11,0.81,1.01,5,N,4179
0.11,0.81,1.11,1,N,4180
0.11,0.81,1.11,2,N,4181
0.11,0.81,1.11,3,N,4182
0.11,0.81,1.11,4,N,4183
0.11,0.81,1.11,5,N,4184
0.11,0.81,1.3,1,N,4185
0.11,0.81,1.3,2,N,4186
0.11,0.81,1.3,3,N,4187
0.11,0.81,1.3,4,N,4188
0.11,0.81,1.3,5,N,4189
0.11,0.81,1.6,1,N,4190
0.11,0.81,1.6,2,N,4191
0.11,0.81,1.6,3,N,4192
0.11,0.81,1.6,4,N,4193
0.11,0.81,1.6,5,N,4194
0.11,0.81,1.9,1,N,4195
0.11,0.81,1.9,2,N,4196
0.11,0.81,1.9,3,N,4197
0.11,0.81,1.9,4,N,4198
0.11,0.81,1.9,5,N,4199
0.11,0.81,2.2,1,N,4200
0.11,0.81,2.2,2,N,4201
0.11,0.81,2.2,3,N,4202
0.11,0.81,2.2,4,N,4203
0.11,0.81,2.2,5,N,4204
0.11,0.81,2.5,1,N,4205
0.11,0.81,2.5,2,N,4206
0.11,0.81,2.5,3,N,4207
0.11,0.81,2.5,4,N,4208
0.11,0.81,2.5,5,N,4209
0.11,0.81,2.8000000000000003,1,N,4210
0.11,0.81,2.8000000000000003,2,N,4211
0.11,0.81,2.8000000000000003,3,N,4212
0.11,0.81,2.8000000000000003,4,N,4213
0.11,0.81,2.8000000000000003,5,N,4214
0.11,0.81,3.1000000000000005,1,N,4215
0.11,0.81,3.1000000000000005,2,N,4216
0.11,0.81,3.1000000000000005,3,N,4217
0.11,0.81,3.1000000000000005,4,N,4218
0.11,0.81,3.1000000000000005,5,N,4219
0.11,0.81,3.4000000000000004,1,N,4220
0.11,0.81,3.4000000000000004,2,N,4221
0.11,0.81,3.4000000000000004,3,N,4222
0.11,0.81,3.4000000000000004,4,N,4223
0.11,0.81,3.4000000000000004,5,N,4224
0.11,0.81,3.7,1,N,4225
0.11,0.81,3.7,2,N,4226
0.11,0.81,3.7,3,N,4227
0.11,0.81,3.7,4,N,4228
0.11,0.81,3.7,5,N,4229
0.11,0.81,4.0,1,N,4230
0.11,0.81,4.0,2,N,4231
0.11,0.81,4.0,3,N,4232
0.11,0.81,4.0,4,N,4233
0.11,0.81,4.0,5,N,4234
0.11,0.81,4.300000000000002,1,N,4235
0.11,0.81,4.300000000000002,2,N,4236
0.11,0.81,4.300000000000002,3,N,4237
0.11,0.81,4.300000000000002,4,N,4238
0.11,0.81,4.300000000000002,5,N,4239
0.11,0.81,4.6000000000000005,1,N,4240
0.11,0.81,4.6000000000000005,2,N,4241
0.11,0.81,4.6000000000000005,3,N,4242
0.11,0.81,4.6000000000000005,4,N,4243
0.11,0.81,4.6000000000000005,5,N,4244
0.11,0.81,4.9,1,N,4245
0.11,0.81,4.9,2,N,4246
0.11,0.81,4.9,3,N,4247
0.11,0.81,4.9,4,N,4248
0.11,0.81,4.9,5,N,4249
0.11,0.91,0.01,1,N,4250
0.11,0.91,0.01,2,N,4251
0.11,0.91,0.01,3,N,4252
0.11,0.91,0.01,4,N,4253
0.11,0.91,0.01,5,N,4254
0.11,0.91,0.11,1,N,4255
0.11,0.91,0.11,2,N,4256
0.11,0.91,0.11,3,N,4257
0.11,0.91,0.11,4,N,4258
0.11,0.91,0.11,5,N,4259
0.11,0.91,0.21,1,N,4260
0.11,0.91,0.21,2,N,4261
0.11,0.91,0.21,3,N,4262
0.11,0.91,0.21,4,N,4263
0.11,0.91,0.21,5,N,4264
0.11,0.91,0.31000000000000005,1,N,4265
0.11,0.91,0.31000000000000005,2,N,4266
0.11,0.91,0.31000000000000005,3,N,4267
0.11,0.91,0.31000000000000005,4,N,4268
0.11,0.91,0.31000000000000005,5,N,4269
0.11,0.91,0.41,1,N,4270
0.11,0.91,0.41,2,N,4271
0.11,0.91,0.41,3,N,4272
0.11,0.91,0.41,4,N,4273
0.11,0.91,0.41,5,N,4274
0.11,0.91,0.51,1,N,4275
0.11,0.91,0.51,2,N,4276
0.11,0.91,0.51,3,N,4277
0.11,0.91,0.51,4,N,4278
0.11,0.91,0.51,5,N,4279
0.11,0.91,0.6100000000000001,1,N,4280
0.11,0.91,0.6100000000000001,2,N,4281
0.11,0.91,0.6100000000000001,3,N,4282
0.11,0.91,0.6100000000000001,4,N,4283
0.11,0.91,0.6100000000000001,5,N,4284
0.11,0.91,0.7100000000000001,1,N,4285
0.11,0.91,0.7100000000000001,2,N,4286
0.11,0.91,0.7100000000000001,3,N,4287
0.11,0.91,0.7100000000000001,4,N,4288
0.11,0.91,0.7100000000000001,5,N,4289
0.11,0.91,0.81,1,N,4290
0.11,0.91,0.81,2,N,4291
0.11,0.91,0.81,3,N,4292
0.11,0.91,0.81,4,N,4293
0.11,0.91,0.81,5,N,4294
0.11,0.91,0.91,1,N,4295
0.11,0.91,0.91,2,N,4296
0.11,0.91,0.91,3,N,4297
0.11,0.91,0.91,4,N,4298
0.11,0.91,0.91,5,N,4299
0.11,0.91,1.01,1,N,4300
0.11,0.91,1.01,2,N,4301
0.11,0.91,1.01,3,N,4302
0.11,0.91,1.01,4,N,4303
0.11,0.91,1.01,5,N,4304
0.11,0.91,1.11,1,N,4305
0.11,0.91,1.11,2,N,4306
0.11,0.91,1.11,3,N,4307
0.11,0.91,1.11,4,N,4308
0.11,0.91,1.11,5,N,4309
0.11,0.91,1.3,1,N,4310
0.11,0.91,1.3,2,N,4311
0.11,0.91,1.3,3,N,4312
0.11,0.91,1.3,4,N,4313
0.11,0.91,1.3,5,N,4314
0.11,0.91,1.6,1,N,4315
0.11,0.91,1.6,2,N,4316
0.11,0.91,1.6,3,N,4317
0.11,0.91,1.6,4,N,4318
0.11,0.91,1.6,5,N,4319
0.11,0.91,1.9,1,N,4320
0.11,0.91,1.9,2,N,4321
0.11,0.91,1.9,3,N,4322
0.11,0.91,1.9,4,N,4323
0.11,0.91,1.9,5,N,4324
0.11,0.91,2.2,1,N,4325
0.11,0.91,2.2,2,N,4326
0.11,0.91,2.2,3,N,4327
0.11,0.91,2.2,4,N,4328
0.11,0.91,2.2,5,N,4329
0.11,0.91,2.5,1,N,4330
0.11,0.91,2.5,2,N,4331
0.11,0.91,2.5,3,N,4332
0.11,0.91,2.5,4,N,4333
0.11,0.91,2.5,5,N,4334
0.11,0.91,2.8000000000000003,1,N,4335
0.11,0.91,2.8000000000000003,2,N,4336
0.11,0.91,2.8000000000000003,3,N,4337
0.11,0.91,2.8000000000000003,4,N,4338
0.11,0.91,2.8000000000000003,5,N,4339
0.11,0.91,3.1000000000000005,1,N,4340
0.11,0.91,3.1000000000000005,2,N,4341
0.11,0.91,3.1000000000000005,3,N,4342
0.11,0.91,3.1000000000000005,4,N,4343
0.11,0.91,3.1000000000000005,5,N,4344
0.11,0.91,3.4000000000000004,1,N,4345
0.11,0.91,3.4000000000000004,2,N,4346
0.11,0.91,3.4000000000000004,3,N,4347
0.11,0.91,3.4000000000000004,4,N,4348
0.11,0.91,3.4000000000000004,5,N,4349
0.11,0.91,3.7,1,N,4350
0.11,0.91,3.7,2,N,4351
0.11,0.91,3.7,3,N,4352
0.11,0.91,3.7,4,N,4353
0.11,0.91,3.7,5,N,4354
0.11,0.91,4.0,1,N,4355
0.11,0.91,4.0,2,N,4356
0.11,0.91,4.0,3,N,4357
0.11,0.91,4.0,4,N,4358
0.11,0.91,4.0,5,N,4359
0.11,0.91,4.300000000000002,1,N,4360
0.11,0.91,4.300000000000002,2,N,4361
0.11,0.91,4.300000000000002,3,N,4362
0.11,0.91,4.300000000000002,4,N,4363
0.11,0.91,4.300000000000002,5,N,4364
0.11,0.91,4.6000000000000005,1,N,4365
0.11,0.91,4.6000000000000005,2,N,4366
0.11,0.91,4.6000000000000005,3,N,4367
0.11,0.91,4.6000000000000005,4,N,4368
0.11,0.91,4.6000000000000005,5,N,4369
0.11,0.91,4.9,1,N,4370
0.11,0.91,4.9,2,N,4371
0.11,0.91,4.9,3,N,4372
0.11,0.91,4.9,4,N,4373
0.11,0.91,4.9,5,N,4374
0.11,1.01,0.01,1,N,4375
0.11,1.01,0.01,2,N,4376
0.11,1.01,0.01,3,N,4377
0.11,1.01,0.01,4,N,4378
0.11,1.01,0.01,5,N,4379
0.11,1.01,0.11,1,N,4380
0.11,1.01,0.11,2,N,4381
0.11,1.01,0.11,3,N,4382
0.11,1.01,0.11,4,N,4383
0.11,1.01,0.11,5,N,4384
0.11,1.01,0.21,1,N,4385
0.11,1.01,0.21,2,N,4386
0.11,1.01,0.21,3,N,4387
0.11,1.01,0.21,4,N,4388
0.11,1.01,0.21,5,N,4389
0.11,1.01,0.31000000000000005,1,N,4390
0.11,1.01,0.31000000000000005,2,N,4391
0.11,1.01,0.31000000000000005,3,N,4392
0.11,1.01,0.31000000000000005,4,N,4393
0.11,1.01,0.31000000000000005,5,N,4394
0.11,1.01,0.41,1,N,4395
0.11,1.01,0.41,2,N,4396
0.11,1.01,0.41,3,N,4397
0.11,1.01,0.41,4,N,4398
0.11,1.01,0.41,5,N,4399
0.11,1.01,0.51,1,N,4400
0.11,1.01,0.51,2,N,4401
0.11,1.01,0.51,3,N,4402
0.11,1.01,0.51,4,N,4403
0.11,1.01,0.51,5,N,4404
0.11,1.01,0.6100000000000001,1,N,4405
0.11,1.01,0.6100000000000001,2,N,4406
0.11,1.01,0.6100000000000001,3,N,4407
0.11,1.01,0.6100000000000001,4,N,4408
0.11,1.01,0.6100000000000001,5,N,4409
0.11,1.01,0.7100000000000001,1,N,4410
0.11,1.01,0.7100000000000001,2,N,4411
0.11,1.01,0.7100000000000001,3,N,4412
0.11,1.01,0.7100000000000001,4,N,4413
0.11,1.01,0.7100000000000001,5,N,4414
0.11,1.01,0.81,1,N,4415
0.11,1.01,0.81,2,N,4416
0.11,1.01,0.81,3,N,4417
0.11,1.01,0.81,4,N,4418
0.11,1.01,0.81,5,N,4419
0.11,1.01,0.91,1,N,4420
0.11,1.01,0.91,2,N,4421
0.11,1.01,0.91,3,N,4422
0.11,1.01,0.91,4,N,4423
0.11,1.01,0.91,5,N,4424
0.11,1.01,1.01,1,N,4425
0.11,1.01,1.01,2,N,4426
0.11,1.01,1.01,3,N,4427
0.11,1.01,1.01,4,N,4428
0.11,1.01,1.01,5,N,4429
0.11,1.01,1.11,1,N,4430
0.11,1.01,1.11,2,N,4431
0.11,1.01,1.11,3,N,4432
0.11,1.01,1.11,4,N,4433
0.11,1.01,1.11,5,N,4434
0.11,1.01,1.3,1,N,4435
0.11,1.01,1.3,2,N,4436
0.11,1.01,1.3,3,N,4437
0.11,1.01,1.3,4,N,4438
0.11,1.01,1.3,5,N,4439
0.11,1.01,1.6,1,N,4440
0.11,1.01,1.6,2,N,4441
0.11,1.01,1.6,3,N,4442
0.11,1.01,1.6,4,N,4443
0.11,1.01,1.6,5,N,4444
0.11,1.01,1.9,1,N,4445
0.11,1.01,1.9,2,N,4446
0.11,1.01,1.9,3,N,4447
0.11,1.01,1.9,4,N,4448
0.11,1.01,1.9,5,N,4449
0.11,1.01,2.2,1,N,4450
0.11,1.01,2.2,2,N,4451
0.11,1.01,2.2,3,N,4452
0.11,1.01,2.2,4,N,4453
0.11,1.01,2.2,5,N,4454
0.11,1.01,2.5,1,N,4455
0.11,1.01,2.5,2,N,4456
0.11,1.01,2.5,3,N,4457
0.11,1.01,2.5,4,N,4458
0.11,1.01,2.5,5,N,4459
0.11,1.01,2.8000000000000003,1,N,4460
0.11,1.01,2.8000000000000003,2,N,4461
0.11,1.01,2.8000000000000003,3,N,4462
0.11,1.01,2.8000000000000003,4,N,4463
0.11,1.01,2.8000000000000003,5,N,4464
0.11,1.01,3.1000000000000005,1,N,4465
0.11,1.01,3.1000000000000005,2,N,4466
0.11,1.01,3.1000000000000005,3,N,4467
0.11,1.01,3.1000000000000005,4,N,4468
0.11,1.01,3.1000000000000005,5,N,4469
0.11,1.01,3.4000000000000004,1,N,4470
0.11,1.01,3.4000000000000004,2,N,4471
0.11,1.01,3.4000000000000004,3,N,4472
0.11,1.01,3.4000000000000004,4,N,4473
0.11,1.01,3.4000000000000004,5,N,4474
0.11,1.01,3.7,1,N,4475
0.11,1.01,3.7,2,N,4476
0.11,1.01,3.7,3,N,4477
0.11,1.01,3.7,4,N,4478
0.11,1.01,3.7,5,N,4479
0.11,1.01,4.0,1,N,4480
0.11,1.01,4.0,2,N,4481
0.11,1.01,4.0,3,N,4482
0.11,1.01,4.0,4,N,4483
0.11,1.01,4.0,5,N,4484
0.11,1.01,4.300000000000002,1,N,4485
0.11,1.01,4.300000000000002,2,N,4486
0.11,1.01,4.300000000000002,3,N,4487
0.11,1.01,4.300000000000002,4,N,4488
0.11,1.01,4.300000000000002,5,N,4489
0.11,1.01,4.6000000000000005,1,N,4490
0.11,1.01,4.6000000000000005,2,N,4491
0.11,1.01,4.6000000000000005,3,N,4492
0.11,1.01,4.6000000000000005,4,N,4493
0.11,1.01,4.6000000000000005,5,N,4494
0.11,1.01,4.9,1,N,4495
0.11,1.01,4.9,2,N,4496
0.11,1.01,4.9,3,N,4497
0.11,1.01,4.9,4,N,4498
0.11,1.01,4.9,5,N,4499
0.11,1.11,0.01,1,N,4500
0.11,1.11,0.01,2,N,4501
0.11,1.11,0.01,3,N,4502
0.11,1.11,0.01,4,N,4503
0.11,1.11,0.01,5,N,4504
0.11,1.11,0.11,1,N,4505
0.11,1.11,0.11,2,N,4506
0.11,1.11,0.11,3,N,4507
0.11,1.11,0.11,4,N,4508
0.11,1.11,0.11,5,N,4509
0.11,1.11,0.21,1,N,4510
0.11,1.11,0.21,2,N,4511
0.11,1.11,0.21,3,N,4512
0.11,1.11,0.21,4,N,4513
0.11,1.11,0.21,5,N,4514
0.11,1.11,0.31000000000000005,1,N,4515
0.11,1.11,0.31000000000000005,2,N,4516
0.11,1.11,0.31000000000000005,3,N,4517
0.11,1.11,0.31000000000000005,4,N,4518
0.11,1.11,0.31000000000000005,5,N,4519
0.11,1.11,0.41,1,N,4520
0.11,1.11,0.41,2,N,4521
0.11,1.11,0.41,3,N,4522
0.11,1.11,0.41,4,N,4523
0.11,1.11,0.41,5,N,4524
0.11,1.11,0.51,1,N,4525
0.11,1.11,0.51,2,N,4526
0.11,1.11,0.51,3,N,4527
0.11,1.11,0.51,4,N,4528
0.11,1.11,0.51,5,N,4529
0.11,1.11,0.6100000000000001,1,N,4530
0.11,1.11,0.6100000000000001,2,N,4531
0.11,1.11,0.6100000000000001,3,N,4532
0.11,1.11,0.6100000000000001,4,N,4533
0.11,1.11,0.6100000000000001,5,N,4534
0.11,1.11,0.7100000000000001,1,N,4535
0.11,1.11,0.7100000000000001,2,N,4536
0.11,1.11,0.7100000000000001,3,N,4537
0.11,1.11,0.7100000000000001,4,N,4538
0.11,1.11,0.7100000000000001,5,N,4539
0.11,1.11,0.81,1,N,4540
0.11,1.11,0.81,2,N,4541
0.11,1.11,0.81,3,N,4542
0.11,1.11,0.81,4,N,4543
0.11,1.11,0.81,5,N,4544
0.11,1.11,0.91,1,N,4545
0.11,1.11,0.91,2,N,4546
0.11,1.11,0.91,3,N,4547
0.11,1.11,0.91,4,N,4548
0.11,1.11,0.91,5,N,4549
0.11,1.11,1.01,1,N,4550
0.11,1.11,1.01,2,N,4551
0.11,1.11,1.01,3,N,4552
0.11,1.11,1.01,4,N,4553
0.11,1.11,1.01,5,N,4554
0.11,1.11,1.11,1,N,4555
0.11,1.11,1.11,2,N,4556
0.11,1.11,1.11,3,N,4557
0.11,1.11,1.11,4,N,4558
0.11,1.11,1.11,5,N,4559
0.11,1.11,1.3,1,N,4560
0.11,1.11,1.3,2,N,4561
0.11,1.11,1.3,3,N,4562
0.11,1.11,1.3,4,N,4563
0.11,1.11,1.3,5,N,4564
0.11,1.11,1.6,1,N,4565
0.11,1.11,1.6,2,N,4566
0.11,1.11,1.6,3,N,4567
0.11,1.11,1.6,4,N,4568
0.11,1.11,1.6,5,N,4569
0.11,1.11,1.9,1,N,4570
0.11,1.11,1.9,2,N,4571
0.11,1.11,1.9,3,N,4572
0.11,1.11,1.9,4,N,4573
0.11,1.11,1.9,5,N,4574
0.11,1.11,2.2,1,N,4575
0.11,1.11,2.2,2,N,4576
0.11,1.11,2.2,3,N,4577
0.11,1.11,2.2,4,N,4578
0.11,1.11,2.2,5,N,4579
0.11,1.11,2.5,1,N,4580
0.11,1.11,2.5,2,N,4581
0.11,1.11,2.5,3,N,4582
0.11,1.11,2.5,4,N,4583
0.11,1.11,2.5,5,N,4584
0.11,1.11,2.8000000000000003,1,N,4585
0.11,1.11,2.8000000000000003,2,N,4586
0.11,1.11,2.8000000000000003,3,N,4587
0.11,1.11,2.8000000000000003,4,N,4588
0.11,1.11,2.8000000000000003,5,N,4589
0.11,1.11,3.1000000000000005,1,N,4590
0.11,1.11,3.1000000000000005,2,N,4591
0.11,1.11,3.1000000000000005,3,N,4592
0.11,1.11,3.1000000000000005,4,N,4593
0.11,1.11,3.1000000000000005,5,N,4594
0.11,1.11,3.4000000000000004,1,N,4595
0.11,1.11,3.4000000000000004,2,N,4596
0.11,1.11,3.4000000000000004,3,N,4597
0.11,1.11,3.4000000000000004,4,N,4598
0.11,1.11,3.4000000000000004,5,N,4599
0.11,1.11,3.7,1,N,4600
0.11,1.11,3.7,2,N,4601
0.11,1.11,3.7,3,N,4602
0.11,1.11,3.7,4,N,4603
0.11,1.11,3.7,5,N,4604
0.11,1.11,4.0,1,N,4605
0.11,1.11,4.0,2,N,4606
0.11,1.11,4.0,3,N,4607
0.11,1.11,4.0,4,N,4608
0.11,1.11,4.0,5,N,4609
0.11,1.11,4.300000000000002,1,N,4610
0.11,1.11,4.300000000000002,2,N,4611
0.11,1.11,4.300000000000002,3,N,4612
0.11,1.11,4.300000000000002,4,N,4613
0.11,1.11,4.300000000000002,5,N,4614
0.11,1.11,4.6000000000000005,1,N,4615
0.11,1.11,4.6000000000000005,2,N,4616
0.11,1.11,4.6000000000000005,3,N,4617
0.11,1.11,4.6000000000000005,4,N,4618
0.11,1.11,4.6000000000000005,5,N,4619
0.11,1.11,4.9,1,N,4620
0.11,1.11,4.9,2,N,4621
0.11,1.11,4.9,3,N,4622
0.11,1.11,4.9,4,N,4623
0.11,1.11,4.9,5,N,4624
0.11,1.3,0.01,1,N,4625
0.11,1.3,0.01,2,N,4626
0.11,1.3,0.01,3,N,4627
0.11,1.3,0.01,4,N,4628
0.11,1.3,0.01,5,N,4629
0.11,1.3,0.11,1,N,4630
0.11,1.3,0.11,2,N,4631
0.11,1.3,0.11,3,N,4632
0.11,1.3,0.11,4,N,4633
0.11,1.3,0.11,5,N,4634
0.11,1.3,0.21,1,N,4635
0.11,1.3,0.21,2,N,4636
0.11,1.3,0.21,3,N,4637
0.11,1.3,0.21,4,N,4638
0.11,1.3,0.21,5,N,4639
0.11,1.3,0.31000000000000005,1,N,4640
0.11,1.3,0.31000000000000005,2,N,4641
0.11,1.3,0.31000000000000005,3,N,4642
0.11,1.3,0.31000000000000005,4,N,4643
0.11,1.3,0.31000000000000005,5,N,4644
0.11,1.3,0.41,1,N,4645
0.11,1.3,0.41,2,N,4646
0.11,1.3,0.41,3,N,4647
0.11,1.3,0.41,4,N,4648
0.11,1.3,0.41,5,N,4649
0.11,1.3,0.51,1,N,4650
0.11,1.3,0.51,2,N,4651
0.11,1.3,0.51,3,N,4652
0.11,1.3,0.51,4,N,4653
0.11,1.3,0.51,5,N,4654
0.11,1.3,0.6100000000000001,1,N,4655
0.11,1.3,0.6100000000000001,2,N,4656
0.11,1.3,0.6100000000000001,3,N,4657
0.11,1.3,0.6100000000000001,4,N,4658
0.11,1.3,0.6100000000000001,5,N,4659
0.11,1.3,0.7100000000000001,1,N,4660
0.11,1.3,0.7100000000000001,2,N,4661
0.11,1.3,0.7100000000000001,3,N,4662
0.11,1.3,0.7100000000000001,4,N,4663
0.11,1.3,0.7100000000000001,5,N,4664
0.11,1.3,0.81,1,N,4665
0.11,1.3,0.81,2,N,4666
0.11,1.3,0.81,3,N,4667
0.11,1.3,0.81,4,N,4668
0.11,1.3,0.81,5,N,4669
0.11,1.3,0.91,1,N,4670
0.11,1.3,0.91,2,N,4671
0.11,1.3,0.91,3,N,4672
0.11,1.3,0.91,4,N,4673
0.11,1.3,0.91,5,N,4674
0.11,1.3,1.01,1,N,4675
0.11,1.3,1.01,2,N,4676
0.11,1.3,1.01,3,N,4677
0.11,1.3,1.01,4,N,4678
0.11,1.3,1.01,5,N,4679
0.11,1.3,1.11,1,N,4680
0.11,1.3,1.11,2,N,4681
0.11,1.3,1.11,3,N,4682
0.11,1.3,1.11,4,N,4683
0.11,1.3,1.11,5,N,4684
0.11,1.3,1.3,1,N,4685
0.11,1.3,1.3,2,N,4686
0.11,1.3,1.3,3,N,4687
0.11,1.3,1.3,4,N,4688
0.11,1.3,1.3,5,N,4689
0.11,1.3,1.6,1,N,4690
0.11,1.3,1.6,2,N,4691
0.11,1.3,1.6,3,N,4692
0.11,1.3,1.6,4,N,4693
0.11,1.3,1.6,5,N,4694
0.11,1.3,1.9,1,N,4695
0.11,1.3,1.9,2,N,4696
0.11,1.3,1.9,3,N,4697
0.11,1.3,1.9,4,N,4698
0.11,1.3,1.9,5,N,4699
0.11,1.3,2.2,1,N,4700
0.11,1.3,2.2,2,N,4701
0.11,1.3,2.2,3,N,4702
0.11,1.3,2.2,4,N,4703
0.11,1.3,2.2,5,N,4704
0.11,1.3,2.5,1,N,4705
0.11,1.3,2.5,2,N,4706
0.11,1.3,2.5,3,N,4707
0.11,1.3,2.5,4,N,4708
0.11,1.3,2.5,5,N,4709
0.11,1.3,2.8000000000000003,1,N,4710
0.11,1.3,2.8000000000000003,2,N,4711
0.11,1.3,2.8000000000000003,3,N,4712
0.11,1.3,2.8000000000000003,4,N,4713
0.11,1.3,2.8000000000000003,5,N,4714
0.11,1.3,3.1000000000000005,1,N,4715
0.11,1.3,3.1000000000000005,2,N,4716
0.11,1.3,3.1000000000000005,3,N,4717
0.11,1.3,3.1000000000000005,4,N,4718
0.11,1.3,3.1000000000000005,5,N,4719
0.11,1.3,3.4000000000000004,1,N,4720
0.11,1.3,3.4000000000000004,2,N,4721
0.11,1.3,3.4000000000000004,3,N,4722
0.11,1.3,3.4000000000000004,4,N,4723
0.11,1.3,3.4000000000000004,5,N,4724
0.11,1.3,3.7,1,N,4725
0.11,1.3,3.7,2,N,4726
0.11,1.3,3.7,3,N,4727
0.11,1.3,3.7,4,N,4728
0.11,1.3,3.7,5,N,4729
0.11,1.3,4.0,1,N,4730
0.11,1.3,4.0,2,N,4731
0.11,1.3,4.0,3,N,4732
0.11,1.3,4.0,4,N,4733
0.11,1.3,4.0,5,N,4734
0.11,1.3,4.300000000000002,1,N,4735
0.11,1.3,4.300000000000002,2,N,4736
0.11,1.3,4.300000000000002,3,N,4737
0.11,1.3,4.300000000000002,4,N,4738
0.11,1.3,4.300000000000002,5,N,4739
0.11,1.3,4.6000000000000005,1,N,4740
0.11,1.3,4.6000000000000005,2,N,4741
0.11,1.3,4.6000000000000005,3,N,4742
0.11,1.3,4.6000000000000005,4,N,4743
0.11,1.3,4.6000000000000005,5,N,4744
0.11,1.3,4.9,1,N,4745
0.11,1.3,4.9,2,N,4746
0.11,1.3,4.9,3,N,4747
0.11,1.3,4.9,4,N,4748
0.11,1.3,4.9,5,N,4749
0.11,1.6,0.01,1,N,4750
0.11,1.6,0.01,2,N,4751
0.11,1.6,0.01,3,N,4752
0.11,1.6,0.01,4,N,4753
0.11,1.6,0.01,5,N,4754
0.11,1.6,0.11,1,N,4755
0.11,1.6,0.11,2,N,4756
0.11,1.6,0.11,3,N,4757
0.11,1.6,0.11,4,N,4758
0.11,1.6,0.11,5,N,4759
0.11,1.6,0.21,1,N,4760
0.11,1.6,0.21,2,N,4761
0.11,1.6,0.21,3,N,4762
0.11,1.6,0.21,4,N,4763
0.11,1.6,0.21,5,N,4764
0.11,1.6,0.31000000000000005,1,N,4765
0.11,1.6,0.31000000000000005,2,N,4766
0.11,1.6,0.31000000000000005,3,N,4767
0.11,1.6,0.31000000000000005,4,N,4768
0.11,1.6,0.31000000000000005,5,N,4769
0.11,1.6,0.41,1,N,4770
0.11,1.6,0.41,2,N,4771
0.11,1.6,0.41,3,N,4772
0.11,1.6,0.41,4,N,4773
0.11,1.6,0.41,5,N,4774
0.11,1.6,0.51,1,N,4775
0.11,1.6,0.51,2,N,4776
0.11,1.6,0.51,3,N,4777
0.11,1.6,0.51,4,N,4778
0.11,1.6,0.51,5,N,4779
0.11,1.6,0.6100000000000001,1,N,4780
0.11,1.6,0.6100000000000001,2,N,4781
0.11,1.6,0.6100000000000001,3,N,4782
0.11,1.6,0.6100000000000001,4,N,4783
0.11,1.6,0.6100000000000001,5,N,4784
0.11,1.6,0.7100000000000001,1,N,4785
0.11,1.6,0.7100000000000001,2,N,4786
0.11,1.6,0.7100000000000001,3,N,4787
0.11,1.6,0.7100000000000001,4,N,4788
0.11,1.6,0.7100000000000001,5,N,4789
0.11,1.6,0.81,1,N,4790
0.11,1.6,0.81,2,N,4791
0.11,1.6,0.81,3,N,4792
0.11,1.6,0.81,4,N,4793
0.11,1.6,0.81,5,N,4794
0.11,1.6,0.91,1,N,4795
0.11,1.6,0.91,2,N,4796
0.11,1.6,0.91,3,N,4797
0.11,1.6,0.91,4,N,4798
0.11,1.6,0.91,5,N,4799
0.11,1.6,1.01,1,N,4800
0.11,1.6,1.01,2,N,4801
0.11,1.6,1.01,3,N,4802
0.11,1.6,1.01,4,N,4803
0.11,1.6,1.01,5,N,4804
0.11,1.6,1.11,1,N,4805
0.11,1.6,1.11,2,N,4806
0.11,1.6,1.11,3,N,4807
0.11,1.6,1.11,4,N,4808
0.11,1.6,1.11,5,N,4809
0.11,1.6,1.3,1,N,4810
0.11,1.6,1.3,2,N,4811
0.11,1.6,1.3,3,N,4812
0.11,1.6,1.3,4,N,4813
0.11,1.6,1.3,5,N,4814
0.11,1.6,1.6,1,N,4815
0.11,1.6,1.6,2,N,4816
0.11,1.6,1.6,3,N,4817
0.11,1.6,1.6,4,N,4818
0.11,1.6,1.6,5,N,4819
0.11,1.6,1.9,1,N,4820
0.11,1.6,1.9,2,N,4821
0.11,1.6,1.9,3,N,4822
0.11,1.6,1.9,4,N,4823
0.11,1.6,1.9,5,N,4824
0.11,1.6,2.2,1,N,4825
0.11,1.6,2.2,2,N,4826
0.11,1.6,2.2,3,N,4827
0.11,1.6,2.2,4,N,4828
0.11,1.6,2.2,5,N,4829
0.11,1.6,2.5,1,N,4830
0.11,1.6,2.5,2,N,4831
0.11,1.6,2.5,3,N,4832
0.11,1.6,2.5,4,N,4833
0.11,1.6,2.5,5,N,4834
0.11,1.6,2.8000000000000003,1,N,4835
0.11,1.6,2.8000000000000003,2,N,4836
0.11,1.6,2.8000000000000003,3,N,4837
0.11,1.6,2.8000000000000003,4,N,4838
0.11,1.6,2.8000000000000003,5,N,4839
0.11,1.6,3.1000000000000005,1,N,4840
0.11,1.6,3.1000000000000005,2,N,4841
0.11,1.6,3.1000000000000005,3,N,4842
0.11,1.6,3.1000000000000005,4,N,4843
0.11,1.6,3.1000000000000005,5,N,4844
0.11,1.6,3.4000000000000004,1,N,4845
0.11,1.6,3.4000000000000004,2,N,4846
0.11,1.6,3.4000000000000004,3,N,4847
0.11,1.6,3.4000000000000004,4,N,4848
0.11,1.6,3.4000000000000004,5,N,4849
0.11,1.6,3.7,1,N,4850
0.11,1.6,3.7,2,N,4851
0.11,1.6,3.7,3,N,4852
0.11,1.6,3.7,4,N,4853
0.11,1.6,3.7,5,N,4854
0.11,1.6,4.0,1,N,4855
0.11,1.6,4.0,2,N,4856
0.11,1.6,4.0,3,N,4857
0.11,1.6,4.0,4,N,4858
0.11,1.6,4.0,5,N,4859
0.11,1.6,4.300000000000002,1,N,4860
0.11,1.6,4.300000000000002,2,N,4861
0.11,1.6,4.300000000000002,3,N,4862
0.11,1.6,4.300000000000002,4,N,4863
0.11,1.6,4.300000000000002,5,N,4864
0.11,1.6,4.6000000000000005,1,N,4865
0.11,1.6,4.6000000000000005,2,N,4866
0.11,1.6,4.6000000000000005,3,N,4867
0.11,1.6,4.6000000000000005,4,N,4868
0.11,1.6,4.6000000000000005,5,N,4869
0.11,1.6,4.9,1,N,4870
0.11,1.6,4.9,2,N,4871
0.11,1.6,4.9,3,N,4872
0.11,1.6,4.9,4,N,4873
0.11,1.6,4.9,5,N,4874
0.11,1.9,0.01,1,N,4875
0.11,1.9,0.01,2,N,4876
0.11,1.9,0.01,3,N,4877
0.11,1.9,0.01,4,N,4878
0.11,1.9,0.01,5,N,4879
0.11,1.9,0.11,1,N,4880
0.11,1.9,0.11,2,N,4881
0.11,1.9,0.11,3,N,4882
0.11,1.9,0.11,4,N,4883
0.11,1.9,0.11,5,N,4884
0.11,1.9,0.21,1,N,4885
0.11,1.9,0.21,2,N,4886
0.11,1.9,0.21,3,N,4887
0.11,1.9,0.21,4,N,4888
0.11,1.9,0.21,5,N,4889
0.11,1.9,0.31000000000000005,1,N,4890
0.11,1.9,0.31000000000000005,2,N,4891
0.11,1.9,0.31000000000000005,3,N,4892
0.11,1.9,0.31000000000000005,4,N,4893
0.11,1.9,0.31000000000000005,5,N,4894
0.11,1.9,0.41,1,N,4895
0.11,1.9,0.41,2,N,4896
0.11,1.9,0.41,3,N,4897
0.11,1.9,0.41,4,N,4898
0.11,1.9,0.41,5,N,4899
0.11,1.9,0.51,1,N,4900
0.11,1.9,0.51,2,N,4901
0.11,1.9,0.51,3,N,4902
0.11,1.9,0.51,4,N,4903
0.11,1.9,0.51,5,N,4904
0.11,1.9,0.6100000000000001,1,N,4905
0.11,1.9,0.6100000000000001,2,N,4906
0.11,1.9,0.6100000000000001,3,N,4907
0.11,1.9,0.6100000000000001,4,N,4908
0.11,1.9,0.6100000000000001,5,N,4909
0.11,1.9,0.7100000000000001,1,N,4910
0.11,1.9,0.7100000000000001,2,N,4911
0.11,1.9,0.7100000000000001,3,N,4912
0.11,1.9,0.7100000000000001,4,N,4913
0.11,1.9,0.7100000000000001,5,N,4914
0.11,1.9,0.81,1,N,4915
0.11,1.9,0.81,2,N,4916
0.11,1.9,0.81,3,N,4917
0.11,1.9,0.81,4,N,4918
0.11,1.9,0.81,5,N,4919
0.11,1.9,0.91,1,N,4920
0.11,1.9,0.91,2,N,4921
0.11,1.9,0.91,3,N,4922
0.11,1.9,0.91,4,N,4923
0.11,1.9,0.91,5,N,4924
0.11,1.9,1.01,1,N,4925
0.11,1.9,1.01,2,N,4926
0.11,1.9,1.01,3,N,4927
0.11,1.9,1.01,4,N,4928
0.11,1.9,1.01,5,N,4929
0.11,1.9,1.11,1,N,4930
0.11,1.9,1.11,2,N,4931
0.11,1.9,1.11,3,N,4932
0.11,1.9,1.11,4,N,4933
0.11,1.9,1.11,5,N,4934
0.11,1.9,1.3,1,N,4935
0.11,1.9,1.3,2,N,4936
0.11,1.9,1.3,3,N,4937
0.11,1.9,1.3,4,N,4938
0.11,1.9,1.3,5,N,4939
0.11,1.9,1.6,1,N,4940
0.11,1.9,1.6,2,N,4941
0.11,1.9,1.6,3,N,4942
0.11,1.9,1.6,4,N,4943
0.11,1.9,1.6,5,N,4944
0.11,1.9,1.9,1,N,4945
0.11,1.9,1.9,2,N,4946
0.11,1.9,1.9,3,N,4947
0.11,1.9,1.9,4,N,4948
0.11,1.9,1.9,5,N,4949
0.11,1.9,2.2,1,N,4950
0.11,1.9,2.2,2,N,4951
0.11,1.9,2.2,3,N,4952
0.11,1.9,2.2,4,N,4953
0.11,1.9,2.2,5,N,4954
0.11,1.9,2.5,1,N,4955
0.11,1.9,2.5,2,N,4956
0.11,1.9,2.5,3,N,4957
0.11,1.9,2.5,4,N,4958
0.11,1.9,2.5,5,N,4959
0.11,1.9,2.8000000000000003,1,N,4960
0.11,1.9,2.8000000000000003,2,N,4961
0.11,1.9,2.8000000000000003,3,N,4962
0.11,1.9,2.8000000000000003,4,N,4963
0.11,1.9,2.8000000000000003,5,N,4964
0.11,1.9,3.1000000000000005,1,N,4965
0.11,1.9,3.1000000000000005,2,N,4966
0.11,1.9,3.1000000000000005,3,N,4967
0.11,1.9,3.1000000000000005,4,N,4968
0.11,1.9,3.1000000000000005,5,N,4969
0.11,1.9,3.4000000000000004,1,N,4970
0.11,1.9,3.4000000000000004,2,N,4971
0.11,1.9,3.4000000000000004,3,N,4972
0.11,1.9,3.4000000000000004,4,N,4973
0.11,1.9,3.4000000000000004,5,N,4974
0.11,1.9,3.7,1,N,4975
0.11,1.9,3.7,2,N,4976
0.11,1.9,3.7,3,N,4977
0.11,1.9,3.7,4,N,4978
0.11,1.9,3.7,5,N,4979
0.11,1.9,4.0,1,N,4980
0.11,1.9,4.0,2,N,4981
0.11,1.9,4.0,3,N,4982
0.11,1.9,4.0,4,N,4983
0.11,1.9,4.0,5,N,4984
0.11,1.9,4.300000000000002,1,N,4985
0.11,1.9,4.300000000000002,2,N,4986
0.11,1.9,4.300000000000002,3,N,4987
0.11,1.9,4.300000000000002,4,N,4988
0.11,1.9,4.300000000000002,5,N,4989
0.11,1.9,4.6000000000000005,1,N,4990
0.11,1.9,4.6000000000000005,2,N,4991
0.11,1.9,4.6000000000000005,3,N,4992
0.11,1.9,4.6000000000000005,4,N,4993
0.11,1.9,4.6000000000000005,5,N,4994
0.11,1.9,4.9,1,N,4995
0.11,1.9,4.9,2,N,4996
0.11,1.9,4.9,3,N,4997
0.11,1.9,4.9,4,N,4998
0.11,1.9,4.9,5,N,4999
0.11,2.2,0.01,1,N,5000
0.11,2.2,0.01,2,N,5001
0.11,2.2,0.01,3,N,5002
0.11,2.2,0.01,4,N,5003
0.11,2.2,0.01,5,N,5004
0.11,2.2,0.11,1,N,5005
0.11,2.2,0.11,2,N,5006
0.11,2.2,0.11,3,N,5007
0.11,2.2,0.11,4,N,5008
0.11,2.2,0.11,5,N,5009
0.11,2.2,0.21,1,N,5010
0.11,2.2,0.21,2,N,5011
0.11,2.2,0.21,3,N,5012
0.11,2.2,0.21,4,N,5013
0.11,2.2,0.21,5,N,5014
0.11,2.2,0.31000000000000005,1,N,5015
0.11,2.2,0.31000000000000005,2,N,5016
0.11,2.2,0.31000000000000005,3,N,5017
0.11,2.2,0.31000000000000005,4,N,5018
0.11,2.2,0.31000000000000005,5,N,5019
0.11,2.2,0.41,1,N,5020
0.11,2.2,0.41,2,N,5021
0.11,2.2,0.41,3,N,5022
0.11,2.2,0.41,4,N,5023
0.11,2.2,0.41,5,N,5024
0.11,2.2,0.51,1,N,5025
0.11,2.2,0.51,2,N,5026
0.11,2.2,0.51,3,N,5027
0.11,2.2,0.51,4,N,5028
0.11,2.2,0.51,5,N,5029
0.11,2.2,0.6100000000000001,1,N,5030
0.11,2.2,0.6100000000000001,2,N,5031
0.11,2.2,0.6100000000000001,3,N,5032
0.11,2.2,0.6100000000000001,4,N,5033
0.11,2.2,0.6100000000000001,5,N,5034
0.11,2.2,0.7100000000000001,1,N,5035
0.11,2.2,0.7100000000000001,2,N,5036
0.11,2.2,0.7100000000000001,3,N,5037
0.11,2.2,0.7100000000000001,4,N,5038
0.11,2.2,0.7100000000000001,5,N,5039
0.11,2.2,0.81,1,N,5040
0.11,2.2,0.81,2,N,5041
0.11,2.2,0.81,3,N,5042
0.11,2.2,0.81,4,N,5043
0.11,2.2,0.81,5,N,5044
0.11,2.2,0.91,1,N,5045
0.11,2.2,0.91,2,N,5046
0.11,2.2,0.91,3,N,5047
0.11,2.2,0.91,4,N,5048
0.11,2.2,0.91,5,N,5049
0.11,2.2,1.01,1,N,5050
0.11,2.2,1.01,2,N,5051
0.11,2.2,1.01,3,N,5052
0.11,2.2,1.01,4,N,5053
0.11,2.2,1.01,5,N,5054
0.11,2.2,1.11,1,N,5055
0.11,2.2,1.11,2,N,5056
0.11,2.2,1.11,3,N,5057
0.11,2.2,1.11,4,N,5058
0.11,2.2,1.11,5,N,5059
0.11,2.2,1.3,1,N,5060
0.11,2.2,1.3,2,N,5061
0.11,2.2,1.3,3,N,5062
0.11,2.2,1.3,4,N,5063
0.11,2.2,1.3,5,N,5064
0.11,2.2,1.6,1,N,5065
0.11,2.2,1.6,2,N,5066
0.11,2.2,1.6,3,N,5067
0.11,2.2,1.6,4,N,5068
0.11,2.2,1.6,5,N,5069
0.11,2.2,1.9,1,N,5070
0.11,2.2,1.9,2,N,5071
0.11,2.2,1.9,3,N,5072
0.11,2.2,1.9,4,N,5073
0.11,2.2,1.9,5,N,5074
0.11,2.2,2.2,1,N,5075
0.11,2.2,2.2,2,N,5076
0.11,2.2,2.2,3,N,5077
0.11,2.2,2.2,4,N,5078
0.11,2.2,2.2,5,N,5079
0.11,2.2,2.5,1,N,5080
0.11,2.2,2.5,2,N,5081
0.11,2.2,2.5,3,N,5082
0.11,2.2,2.5,4,N,5083
0.11,2.2,2.5,5,N,5084
0.11,2.2,2.8000000000000003,1,N,5085
0.11,2.2,2.8000000000000003,2,N,5086
0.11,2.2,2.8000000000000003,3,N,5087
0.11,2.2,2.8000000000000003,4,N,5088
0.11,2.2,2.8000000000000003,5,N,5089
0.11,2.2,3.1000000000000005,1,N,5090
0.11,2.2,3.1000000000000005,2,N,5091
0.11,2.2,3.1000000000000005,3,N,5092
0.11,2.2,3.1000000000000005,4,N,5093
0.11,2.2,3.1000000000000005,5,N,5094
0.11,2.2,3.4000000000000004,1,N,5095
0.11,2.2,3.4000000000000004,2,N,5096
0.11,2.2,3.4000000000000004,3,N,5097
0.11,2.2,3.4000000000000004,4,N,5098
0.11,2.2,3.4000000000000004,5,N,5099
0.11,2.2,3.7,1,N,5100
0.11,2.2,3.7,2,N,5101
0.11,2.2,3.7,3,N,5102
0.11,2.2,3.7,4,N,5103
0.11,2.2,3.7,5,N,5104
0.11,2.2,4.0,1,N,5105
0.11,2.2,4.0,2,N,5106
0.11,2.2,4.0,3,N,5107
0.11,2.2,4.0,4,N,5108
0.11,2.2,4.0,5,N,5109
0.11,2.2,4.300000000000002,1,N,5110
0.11,2.2,4.300000000000002,2,N,5111
0.11,2.2,4.300000000000002,3,N,5112
0.11,2.2,4.300000000000002,4,N,5113
0.11,2.2,4.300000000000002,5,N,5114
0.11,2.2,4.6000000000000005,1,N,5115
0.11,2.2,4.6000000000000005,2,N,5116
0.11,2.2,4.6000000000000005,3,N,5117
0.11,2.2,4.6000000000000005,4,N,5118
0.11,2.2,4.6000000000000005,5,N,5119
0.11,2.2,4.9,1,N,5120
0.11,2.2,4.9,2,N,5121
0.11,2.2,4.9,3,N,5122
0.11,2.2,4.9,4,N,5123
0.11,2.2,4.9,5,N,5124
0.11,2.5,0.01,1,N,5125
0.11,2.5,0.01,2,N,5126
0.11,2.5,0.01,3,N,5127
0.11,2.5,0.01,4,N,5128
0.11,2.5,0.01,5,N,5129
0.11,2.5,0.11,1,N,5130
0.11,2.5,0.11,2,N,5131
0.11,2.5,0.11,3,N,5132
0.11,2.5,0.11,4,N,5133
0.11,2.5,0.11,5,N,5134
0.11,2.5,0.21,1,N,5135
0.11,2.5,0.21,2,N,5136
0.11,2.5,0.21,3,N,5137
0.11,2.5,0.21,4,N,5138
0.11,2.5,0.21,5,N,5139
0.11,2.5,0.31000000000000005,1,N,5140
0.11,2.5,0.31000000000000005,2,N,5141
0.11,2.5,0.31000000000000005,3,N,5142
0.11,2.5,0.31000000000000005,4,N,5143
0.11,2.5,0.31000000000000005,5,N,5144
0.11,2.5,0.41,1,N,5145
0.11,2.5,0.41,2,N,5146
0.11,2.5,0.41,3,N,5147
0.11,2.5,0.41,4,N,5148
0.11,2.5,0.41,5,N,5149
0.11,2.5,0.51,1,N,5150
0.11,2.5,0.51,2,N,5151
0.11,2.5,0.51,3,N,5152
0.11,2.5,0.51,4,N,5153
0.11,2.5,0.51,5,N,5154
0.11,2.5,0.6100000000000001,1,N,5155
0.11,2.5,0.6100000000000001,2,N,5156
0.11,2.5,0.6100000000000001,3,N,5157
0.11,2.5,0.6100000000000001,4,N,5158
0.11,2.5,0.6100000000000001,5,N,5159
0.11,2.5,0.7100000000000001,1,N,5160
0.11,2.5,0.7100000000000001,2,N,5161
0.11,2.5,0.7100000000000001,3,N,5162
0.11,2.5,0.7100000000000001,4,N,5163
0.11,2.5,0.7100000000000001,5,N,5164
0.11,2.5,0.81,1,N,5165
0.11,2.5,0.81,2,N,5166
0.11,2.5,0.81,3,N,5167
0.11,2.5,0.81,4,N,5168
0.11,2.5,0.81,5,N,5169
0.11,2.5,0.91,1,N,5170
0.11,2.5,0.91,2,N,5171
0.11,2.5,0.91,3,N,5172
0.11,2.5,0.91,4,N,5173
0.11,2.5,0.91,5,N,5174
0.11,2.5,1.01,1,N,5175
0.11,2.5,1.01,2,N,5176
0.11,2.5,1.01,3,N,5177
0.11,2.5,1.01,4,N,5178
0.11,2.5,1.01,5,N,5179
0.11,2.5,1.11,1,N,5180
0.11,2.5,1.11,2,N,5181
0.11,2.5,1.11,3,N,5182
0.11,2.5,1.11,4,N,5183
0.11,2.5,1.11,5,N,5184
0.11,2.5,1.3,1,N,5185
0.11,2.5,1.3,2,N,5186
0.11,2.5,1.3,3,N,5187
0.11,2.5,1.3,4,N,5188
0.11,2.5,1.3,5,N,5189
0.11,2.5,1.6,1,N,5190
0.11,2.5,1.6,2,N,5191
0.11,2.5,1.6,3,N,5192
0.11,2.5,1.6,4,N,5193
0.11,2.5,1.6,5,N,5194
0.11,2.5,1.9,1,N,5195
0.11,2.5,1.9,2,N,5196
0.11,2.5,1.9,3,N,5197
0.11,2.5,1.9,4,N,5198
0.11,2.5,1.9,5,N,5199
0.11,2.5,2.2,1,N,5200
0.11,2.5,2.2,2,N,5201
0.11,2.5,2.2,3,N,5202
0.11,2.5,2.2,4,N,5203
0.11,2.5,2.2,5,N,5204
0.11,2.5,2.5,1,N,5205
0.11,2.5,2.5,2,N,5206
0.11,2.5,2.5,3,N,5207
0.11,2.5,2.5,4,N,5208
0.11,2.5,2.5,5,N,5209
0.11,2.5,2.8000000000000003,1,N,5210
0.11,2.5,2.8000000000000003,2,N,5211
0.11,2.5,2.8000000000000003,3,N,5212
0.11,2.5,2.8000000000000003,4,N,5213
0.11,2.5,2.8000000000000003,5,N,5214
0.11,2.5,3.1000000000000005,1,N,5215
0.11,2.5,3.1000000000000005,2,N,5216
0.11,2.5,3.1000000000000005,3,N,5217
0.11,2.5,3.1000000000000005,4,N,5218
0.11,2.5,3.1000000000000005,5,N,5219
0.11,2.5,3.4000000000000004,1,N,5220
0.11,2.5,3.4000000000000004,2,N,5221
0.11,2.5,3.4000000000000004,3,N,5222
0.11,2.5,3.4000000000000004,4,N,5223
0.11,2.5,3.4000000000000004,5,N,5224
0.11,2.5,3.7,1,N,5225
0.11,2.5,3.7,2,N,5226
0.11,2.5,3.7,3,N,5227
0.11,2.5,3.7,4,N,5228
0.11,2.5,3.7,5,N,5229
0.11,2.5,4.0,1,N,5230
0.11,2.5,4.0,2,N,5231
0.11,2.5,4.0,3,N,5232
0.11,2.5,4.0,4,N,5233
0.11,2.5,4.0,5,N,5234
0.11,2.5,4.300000000000002,1,N,5235
0.11,2.5,4.300000000000002,2,N,5236
0.11,2.5,4.300000000000002,3,N,5237
0.11,2.5,4.300000000000002,4,N,5238
0.11,2.5,4.300000000000002,5,N,5239
0.11,2.5,4.6000000000000005,1,N,5240
0.11,2.5,4.6000000000000005,2,N,5241
0.11,2.5,4.6000000000000005,3,N,5242
0.11,2.5,4.6000000000000005,4,N,5243
0.11,2.5,4.6000000000000005,5,N,5244
0.11,2.5,4.9,1,N,5245
0.11,2.5,4.9,2,N,5246
0.11,2.5,4.9,3,N,5247
0.11,2.5,4.9,4,N,5248
0.11,2.5,4.9,5,N,5249
0.11,2.8000000000000003,0.01,1,N,5250
0.11,2.8000000000000003,0.01,2,N,5251
0.11,2.8000000000000003,0.01,3,N,5252
0.11,2.8000000000000003,0.01,4,N,5253
0.11,2.8000000000000003,0.01,5,N,5254
0.11,2.8000000000000003,0.11,1,N,5255
0.11,2.8000000000000003,0.11,2,N,5256
0.11,2.8000000000000003,0.11,3,N,5257
0.11,2.8000000000000003,0.11,4,N,5258
0.11,2.8000000000000003,0.11,5,N,5259
0.11,2.8000000000000003,0.21,1,N,5260
0.11,2.8000000000000003,0.21,2,N,5261
0.11,2.8000000000000003,0.21,3,N,5262
0.11,2.8000000000000003,0.21,4,N,5263
0.11,2.8000000000000003,0.21,5,N,5264
0.11,2.8000000000000003,0.31000000000000005,1,N,5265
0.11,2.8000000000000003,0.31000000000000005,2,N,5266
0.11,2.8000000000000003,0.31000000000000005,3,N,5267
0.11,2.8000000000000003,0.31000000000000005,4,N,5268
0.11,2.8000000000000003,0.31000000000000005,5,N,5269
0.11,2.8000000000000003,0.41,1,N,5270
0.11,2.8000000000000003,0.41,2,N,5271
0.11,2.8000000000000003,0.41,3,N,5272
0.11,2.8000000000000003,0.41,4,N,5273
0.11,2.8000000000000003,0.41,5,N,5274
0.11,2.8000000000000003,0.51,1,N,5275
0.11,2.8000000000000003,0.51,2,N,5276
0.11,2.8000000000000003,0.51,3,N,5277
0.11,2.8000000000000003,0.51,4,N,5278
0.11,2.8000000000000003,0.51,5,N,5279
0.11,2.8000000000000003,0.6100000000000001,1,N,5280
0.11,2.8000000000000003,0.6100000000000001,2,N,5281
0.11,2.8000000000000003,0.6100000000000001,3,N,5282
0.11,2.8000000000000003,0.6100000000000001,4,N,5283
0.11,2.8000000000000003,0.6100000000000001,5,N,5284
0.11,2.8000000000000003,0.7100000000000001,1,N,5285
0.11,2.8000000000000003,0.7100000000000001,2,N,5286
0.11,2.8000000000000003,0.7100000000000001,3,N,5287
0.11,2.8000000000000003,0.7100000000000001,4,N,5288
0.11,2.8000000000000003,0.7100000000000001,5,N,5289
0.11,2.8000000000000003,0.81,1,N,5290
0.11,2.8000000000000003,0.81,2,N,5291
0.11,2.8000000000000003,0.81,3,N,5292
0.11,2.8000000000000003,0.81,4,N,5293
0.11,2.8000000000000003,0.81,5,N,5294
0.11,2.8000000000000003,0.91,1,N,5295
0.11,2.8000000000000003,0.91,2,N,5296
0.11,2.8000000000000003,0.91,3,N,5297
0.11,2.8000000000000003,0.91,4,N,5298
0.11,2.8000000000000003,0.91,5,N,5299
0.11,2.8000000000000003,1.01,1,N,5300
0.11,2.8000000000000003,1.01,2,N,5301
0.11,2.8000000000000003,1.01,3,N,5302
0.11,2.8000000000000003,1.01,4,N,5303
0.11,2.8000000000000003,1.01,5,N,5304
0.11,2.8000000000000003,1.11,1,N,5305
0.11,2.8000000000000003,1.11,2,N,5306
0.11,2.8000000000000003,1.11,3,N,5307
0.11,2.8000000000000003,1.11,4,N,5308
0.11,2.8000000000000003,1.11,5,N,5309
0.11,2.8000000000000003,1.3,1,N,5310
0.11,2.8000000000000003,1.3,2,N,5311
0.11,2.8000000000000003,1.3,3,N,5312
0.11,2.8000000000000003,1.3,4,N,5313
0.11,2.8000000000000003,1.3,5,N,5314
0.11,2.8000000000000003,1.6,1,N,5315
0.11,2.8000000000000003,1.6,2,N,5316
0.11,2.8000000000000003,1.6,3,N,5317
0.11,2.8000000000000003,1.6,4,N,5318
0.11,2.8000000000000003,1.6,5,N,5319
0.11,2.8000000000000003,1.9,1,N,5320
0.11,2.8000000000000003,1.9,2,N,5321
0.11,2.8000000000000003,1.9,3,N,5322
0.11,2.8000000000000003,1.9,4,N,5323
0.11,2.8000000000000003,1.9,5,N,5324
0.11,2.8000000000000003,2.2,1,N,5325
0.11,2.8000000000000003,2.2,2,N,5326
0.11,2.8000000000000003,2.2,3,N,5327
0.11,2.8000000000000003,2.2,4,N,5328
0.11,2.8000000000000003,2.2,5,N,5329
0.11,2.8000000000000003,2.5,1,N,5330
0.11,2.8000000000000003,2.5,2,N,5331
0.11,2.8000000000000003,2.5,3,N,5332
0.11,2.8000000000000003,2.5,4,N,5333
0.11,2.8000000000000003,2.5,5,N,5334
0.11,2.8000000000000003,2.8000000000000003,1,N,5335
0.11,2.8000000000000003,2.8000000000000003,2,N,5336
0.11,2.8000000000000003,2.8000000000000003,3,N,5337
0.11,2.8000000000000003,2.8000000000000003,4,N,5338
0.11,2.8000000000000003,2.8000000000000003,5,N,5339
0.11,2.8000000000000003,3.1000000000000005,1,N,5340
0.11,2.8000000000000003,3.1000000000000005,2,N,5341
0.11,2.8000000000000003,3.1000000000000005,3,N,5342
0.11,2.8000000000000003,3.1000000000000005,4,N,5343
0.11,2.8000000000000003,3.1000000000000005,5,N,5344
0.11,2.8000000000000003,3.4000000000000004,1,N,5345
0.11,2.8000000000000003,3.4000000000000004,2,N,5346
0.11,2.8000000000000003,3.4000000000000004,3,N,5347
0.11,2.8000000000000003,3.4000000000000004,4,N,5348
0.11,2.8000000000000003,3.4000000000000004,5,N,5349
0.11,2.8000000000000003,3.7,1,N,5350
0.11,2.8000000000000003,3.7,2,N,5351
0.11,2.8000000000000003,3.7,3,N,5352
0.11,2.8000000000000003,3.7,4,N,5353
0.11,2.8000000000000003,3.7,5,N,5354
0.11,2.8000000000000003,4.0,1,N,5355
0.11,2.8000000000000003,4.0,2,N,5356
0.11,2.8000000000000003,4.0,3,N,5357
0.11,2.8000000000000003,4.0,4,N,5358
0.11,2.8000000000000003,4.0,5,N,5359
0.11,2.8000000000000003,4.300000000000002,1,N,5360
0.11,2.8000000000000003,4.300000000000002,2,N,5361
0.11,2.8000000000000003,4.300000000000002,3,N,5362
0.11,2.8000000000000003,4.300000000000002,4,N,5363
0.11,2.8000000000000003,4.300000000000002,5,N,5364
0.11,2.8000000000000003,4.6000000000000005,1,N,5365
0.11,2.8000000000000003,4.6000000000000005,2,N,5366
0.11,2.8000000000000003,4.6000000000000005,3,N,5367
0.11,2.8000000000000003,4.6000000000000005,4,N,5368
0.11,2.8000000000000003,4.6000000000000005,5,N,5369
0.11,2.8000000000000003,4.9,1,N,5370
0.11,2.8000000000000003,4.9,2,N,5371
0.11,2.8000000000000003,4.9,3,N,5372
0.11,2.8000000000000003,4.9,4,N,5373
0.11,2.8000000000000003,4.9,5,N,5374
0.11,3.1000000000000005,0.01,1,N,5375
0.11,3.1000000000000005,0.01,2,N,5376
0.11,3.1000000000000005,0.01,3,N,5377
0.11,3.1000000000000005,0.01,4,N,5378
0.11,3.1000000000000005,0.01,5,N,5379
0.11,3.1000000000000005,0.11,1,N,5380
0.11,3.1000000000000005,0.11,2,N,5381
0.11,3.1000000000000005,0.11,3,N,5382
0.11,3.1000000000000005,0.11,4,N,5383
0.11,3.1000000000000005,0.11,5,N,5384
0.11,3.1000000000000005,0.21,1,N,5385
0.11,3.1000000000000005,0.21,2,N,5386
0.11,3.1000000000000005,0.21,3,N,5387
0.11,3.1000000000000005,0.21,4,N,5388
0.11,3.1000000000000005,0.21,5,N,5389
0.11,3.1000000000000005,0.31000000000000005,1,N,5390
0.11,3.1000000000000005,0.31000000000000005,2,N,5391
0.11,3.1000000000000005,0.31000000000000005,3,N,5392
0.11,3.1000000000000005,0.31000000000000005,4,N,5393
0.11,3.1000000000000005,0.31000000000000005,5,N,5394
0.11,3.1000000000000005,0.41,1,N,5395
0.11,3.1000000000000005,0.41,2,N,5396
0.11,3.1000000000000005,0.41,3,N,5397
0.11,3.1000000000000005,0.41,4,N,5398
0.11,3.1000000000000005,0.41,5,N,5399
0.11,3.1000000000000005,0.51,1,N,5400
0.11,3.1000000000000005,0.51,2,N,5401
0.11,3.1000000000000005,0.51,3,N,5402
0.11,3.1000000000000005,0.51,4,N,5403
0.11,3.1000000000000005,0.51,5,N,5404
0.11,3.1000000000000005,0.6100000000000001,1,N,5405
0.11,3.1000000000000005,0.6100000000000001,2,N,5406
0.11,3.1000000000000005,0.6100000000000001,3,N,5407
0.11,3.1000000000000005,0.6100000000000001,4,N,5408
0.11,3.1000000000000005,0.6100000000000001,5,N,5409
0.11,3.1000000000000005,0.7100000000000001,1,N,5410
0.11,3.1000000000000005,0.7100000000000001,2,N,5411
0.11,3.1000000000000005,0.7100000000000001,3,N,5412
0.11,3.1000000000000005,0.7100000000000001,4,N,5413
0.11,3.1000000000000005,0.7100000000000001,5,N,5414
0.11,3.1000000000000005,0.81,1,N,5415
0.11,3.1000000000000005,0.81,2,N,5416
0.11,3.1000000000000005,0.81,3,N,5417
0.11,3.1000000000000005,0.81,4,N,5418
0.11,3.1000000000000005,0.81,5,N,5419
0.11,3.1000000000000005,0.91,1,N,5420
0.11,3.1000000000000005,0.91,2,N,5421
0.11,3.1000000000000005,0.91,3,N,5422
0.11,3.1000000000000005,0.91,4,N,5423
0.11,3.1000000000000005,0.91,5,N,5424
0.11,3.1000000000000005,1.01,1,N,5425
0.11,3.1000000000000005,1.01,2,N,5426
0.11,3.1000000000000005,1.01,3,N,5427
0.11,3.1000000000000005,1.01,4,N,5428
0.11,3.1000000000000005,1.01,5,N,5429
0.11,3.1000000000000005,1.11,1,N,5430
0.11,3.1000000000000005,1.11,2,N,5431
0.11,3.1000000000000005,1.11,3,N,5432
0.11,3.1000000000000005,1.11,4,N,5433
0.11,3.1000000000000005,1.11,5,N,5434
0.11,3.1000000000000005,1.3,1,N,5435
0.11,3.1000000000000005,1.3,2,N,5436
0.11,3.1000000000000005,1.3,3,N,5437
0.11,3.1000000000000005,1.3,4,N,5438
0.11,3.1000000000000005,1.3,5,N,5439
0.11,3.1000000000000005,1.6,1,N,5440
0.11,3.1000000000000005,1.6,2,N,5441
0.11,3.1000000000000005,1.6,3,N,5442
0.11,3.1000000000000005,1.6,4,N,5443
0.11,3.1000000000000005,1.6,5,N,5444
0.11,3.1000000000000005,1.9,1,N,5445
0.11,3.1000000000000005,1.9,2,N,5446
0.11,3.1000000000000005,1.9,3,N,5447
0.11,3.1000000000000005,1.9,4,N,5448
0.11,3.1000000000000005,1.9,5,N,5449
0.11,3.1000000000000005,2.2,1,N,5450
0.11,3.1000000000000005,2.2,2,N,5451
0.11,3.1000000000000005,2.2,3,N,5452
0.11,3.1000000000000005,2.2,4,N,5453
0.11,3.1000000000000005,2.2,5,N,5454
0.11,3.1000000000000005,2.5,1,N,5455
0.11,3.1000000000000005,2.5,2,N,5456
0.11,3.1000000000000005,2.5,3,N,5457
0.11,3.1000000000000005,2.5,4,N,5458
0.11,3.1000000000000005,2.5,5,N,5459
0.11,3.1000000000000005,2.8000000000000003,1,N,5460
0.11,3.1000000000000005,2.8000000000000003,2,N,5461
0.11,3.1000000000000005,2.8000000000000003,3,N,5462
0.11,3.1000000000000005,2.8000000000000003,4,N,5463
0.11,3.1000000000000005,2.8000000000000003,5,N,5464
0.11,3.1000000000000005,3.1000000000000005,1,N,5465
0.11,3.1000000000000005,3.1000000000000005,2,N,5466
0.11,3.1000000000000005,3.1000000000000005,3,N,5467
0.11,3.1000000000000005,3.1000000000000005,4,N,5468
0.11,3.1000000000000005,3.1000000000000005,5,N,5469
0.11,3.1000000000000005,3.4000000000000004,1,N,5470
0.11,3.1000000000000005,3.4000000000000004,2,N,5471
0.11,3.1000000000000005,3.4000000000000004,3,N,5472
0.11,3.1000000000000005,3.4000000000000004,4,N,5473
0.11,3.1000000000000005,3.4000000000000004,5,N,5474
0.11,3.1000000000000005,3.7,1,N,5475
0.11,3.1000000000000005,3.7,2,N,5476
0.11,3.1000000000000005,3.7,3,N,5477
0.11,3.1000000000000005,3.7,4,N,5478
0.11,3.1000000000000005,3.7,5,N,5479
0.11,3.1000000000000005,4.0,1,N,5480
0.11,3.1000000000000005,4.0,2,N,5481
0.11,3.1000000000000005,4.0,3,N,5482
0.11,3.1000000000000005,4.0,4,N,5483
0.11,3.1000000000000005,4.0,5,N,5484
0.11,3.1000000000000005,4.300000000000002,1,N,5485
0.11,3.1000000000000005,4.300000000000002,2,N,5486
0.11,3.1000000000000005,4.300000000000002,3,N,5487
0.11,3.1000000000000005,4.300000000000002,4,N,5488
0.11,3.1000000000000005,4.300000000000002,5,N,5489
0.11,3.1000000000000005,4.6000000000000005,1,N,5490
0.11,3.1000000000000005,4.6000000000000005,2,N,5491
0.11,3.1000000000000005,4.6000000000000005,3,N,5492
0.11,3.1000000000000005,4.6000000000000005,4,N,5493
0.11,3.1000000000000005,4.6000000000000005,5,N,5494
0.11,3.1000000000000005,4.9,1,N,5495
0.11,3.1000000000000005,4.9,2,N,5496
0.11,3.1000000000000005,4.9,3,N,5497
0.11,3.1000000000000005,4.9,4,N,5498
0.11,3.1000000000000005,4.9,5,N,5499
0.11,3.4000000000000004,0.01,1,N,5500
0.11,3.4000000000000004,0.01,2,N,5501
0.11,3.4000000000000004,0.01,3,N,5502
0.11,3.4000000000000004,0.01,4,N,5503
0.11,3.4000000000000004,0.01,5,N,5504
0.11,3.4000000000000004,0.11,1,N,5505
0.11,3.4000000000000004,0.11,2,N,5506
0.11,3.4000000000000004,0.11,3,N,5507
0.11,3.4000000000000004,0.11,4,N,5508
0.11,3.4000000000000004,0.11,5,N,5509
0.11,3.4000000000000004,0.21,1,N,5510
0.11,3.4000000000000004,0.21,2,N,5511
0.11,3.4000000000000004,0.21,3,N,5512
0.11,3.4000000000000004,0.21,4,N,5513
0.11,3.4000000000000004,0.21,5,N,5514
0.11,3.4000000000000004,0.31000000000000005,1,N,5515
0.11,3.4000000000000004,0.31000000000000005,2,N,5516
0.11,3.4000000000000004,0.31000000000000005,3,N,5517
0.11,3.4000000000000004,0.31000000000000005,4,N,5518
0.11,3.4000000000000004,0.31000000000000005,5,N,5519
0.11,3.4000000000000004,0.41,1,N,5520
0.11,3.4000000000000004,0.41,2,N,5521
0.11,3.4000000000000004,0.41,3,N,5522
0.11,3.4000000000000004,0.41,4,N,5523
0.11,3.4000000000000004,0.41,5,N,5524
0.11,3.4000000000000004,0.51,1,N,5525
0.11,3.4000000000000004,0.51,2,N,5526
0.11,3.4000000000000004,0.51,3,N,5527
0.11,3.4000000000000004,0.51,4,N,5528
0.11,3.4000000000000004,0.51,5,N,5529
0.11,3.4000000000000004,0.6100000000000001,1,N,5530
0.11,3.4000000000000004,0.6100000000000001,2,N,5531
0.11,3.4000000000000004,0.6100000000000001,3,N,5532
0.11,3.4000000000000004,0.6100000000000001,4,N,5533
0.11,3.4000000000000004,0.6100000000000001,5,N,5534
0.11,3.4000000000000004,0.7100000000000001,1,N,5535
0.11,3.4000000000000004,0.7100000000000001,2,N,5536
0.11,3.4000000000000004,0.7100000000000001,3,N,5537
0.11,3.4000000000000004,0.7100000000000001,4,N,5538
0.11,3.4000000000000004,0.7100000000000001,5,N,5539
0.11,3.4000000000000004,0.81,1,N,5540
0.11,3.4000000000000004,0.81,2,N,5541
0.11,3.4000000000000004,0.81,3,N,5542
0.11,3.4000000000000004,0.81,4,N,5543
0.11,3.4000000000000004,0.81,5,N,5544
0.11,3.4000000000000004,0.91,1,N,5545
0.11,3.4000000000000004,0.91,2,N,5546
0.11,3.4000000000000004,0.91,3,N,5547
0.11,3.4000000000000004,0.91,4,N,5548
0.11,3.4000000000000004,0.91,5,N,5549
0.11,3.4000000000000004,1.01,1,N,5550
0.11,3.4000000000000004,1.01,2,N,5551
0.11,3.4000000000000004,1.01,3,N,5552
0.11,3.4000000000000004,1.01,4,N,5553
0.11,3.4000000000000004,1.01,5,N,5554
0.11,3.4000000000000004,1.11,1,N,5555
0.11,3.4000000000000004,1.11,2,N,5556
0.11,3.4000000000000004,1.11,3,N,5557
0.11,3.4000000000000004,1.11,4,N,5558
0.11,3.4000000000000004,1.11,5,N,5559
0.11,3.4000000000000004,1.3,1,N,5560
0.11,3.4000000000000004,1.3,2,N,5561
0.11,3.4000000000000004,1.3,3,N,5562
0.11,3.4000000000000004,1.3,4,N,5563
0.11,3.4000000000000004,1.3,5,N,5564
0.11,3.4000000000000004,1.6,1,N,5565
0.11,3.4000000000000004,1.6,2,N,5566
0.11,3.4000000000000004,1.6,3,N,5567
0.11,3.4000000000000004,1.6,4,N,5568
0.11,3.4000000000000004,1.6,5,N,5569
0.11,3.4000000000000004,1.9,1,N,5570
0.11,3.4000000000000004,1.9,2,N,5571
0.11,3.4000000000000004,1.9,3,N,5572
0.11,3.4000000000000004,1.9,4,N,5573
0.11,3.4000000000000004,1.9,5,N,5574
0.11,3.4000000000000004,2.2,1,N,5575
0.11,3.4000000000000004,2.2,2,N,5576
0.11,3.4000000000000004,2.2,3,N,5577
0.11,3.4000000000000004,2.2,4,N,5578
0.11,3.4000000000000004,2.2,5,N,5579
0.11,3.4000000000000004,2.5,1,N,5580
0.11,3.4000000000000004,2.5,2,N,5581
0.11,3.4000000000000004,2.5,3,N,5582
0.11,3.4000000000000004,2.5,4,N,5583
0.11,3.4000000000000004,2.5,5,N,5584
0.11,3.4000000000000004,2.8000000000000003,1,N,5585
0.11,3.4000000000000004,2.8000000000000003,2,N,5586
0.11,3.4000000000000004,2.8000000000000003,3,N,5587
0.11,3.4000000000000004,2.8000000000000003,4,N,5588
0.11,3.4000000000000004,2.8000000000000003,5,N,5589
0.11,3.4000000000000004,3.1000000000000005,1,N,5590
0.11,3.4000000000000004,3.1000000000000005,2,N,5591
0.11,3.4000000000000004,3.1000000000000005,3,N,5592
0.11,3.4000000000000004,3.1000000000000005,4,N,5593
0.11,3.4000000000000004,3.1000000000000005,5,N,5594
0.11,3.4000000000000004,3.4000000000000004,1,N,5595
0.11,3.4000000000000004,3.4000000000000004,2,N,5596
0.11,3.4000000000000004,3.4000000000000004,3,N,5597
0.11,3.4000000000000004,3.4000000000000004,4,N,5598
0.11,3.4000000000000004,3.4000000000000004,5,N,5599
0.11,3.4000000000000004,3.7,1,N,5600
0.11,3.4000000000000004,3.7,2,N,5601
0.11,3.4000000000000004,3.7,3,N,5602
0.11,3.4000000000000004,3.7,4,N,5603
0.11,3.4000000000000004,3.7,5,N,5604
0.11,3.4000000000000004,4.0,1,N,5605
0.11,3.4000000000000004,4.0,2,N,5606
0.11,3.4000000000000004,4.0,3,N,5607
0.11,3.4000000000000004,4.0,4,N,5608
0.11,3.4000000000000004,4.0,5,N,5609
0.11,3.4000000000000004,4.300000000000002,1,N,5610
0.11,3.4000000000000004,4.300000000000002,2,N,5611
0.11,3.4000000000000004,4.300000000000002,3,N,5612
0.11,3.4000000000000004,4.300000000000002,4,N,5613
0.11,3.4000000000000004,4.300000000000002,5,N,5614
0.11,3.4000000000000004,4.6000000000000005,1,N,5615
0.11,3.4000000000000004,4.6000000000000005,2,N,5616
0.11,3.4000000000000004,4.6000000000000005,3,N,5617
0.11,3.4000000000000004,4.6000000000000005,4,N,5618
0.11,3.4000000000000004,4.6000000000000005,5,N,5619
0.11,3.4000000000000004,4.9,1,N,5620
0.11,3.4000000000000004,4.9,2,N,5621
0.11,3.4000000000000004,4.9,3,N,5622
0.11,3.4000000000000004,4.9,4,N,5623
0.11,3.4000000000000004,4.9,5,N,5624
0.11,3.7,0.01,1,N,5625
0.11,3.7,0.01,2,N,5626
0.11,3.7,0.01,3,N,5627
0.11,3.7,0.01,4,N,5628
0.11,3.7,0.01,5,N,5629
0.11,3.7,0.11,1,N,5630
0.11,3.7,0.11,2,N,5631
0.11,3.7,0.11,3,N,5632
0.11,3.7,0.11,4,N,5633
0.11,3.7,0.11,5,N,5634
0.11,3.7,0.21,1,N,5635
0.11,3.7,0.21,2,N,5636
0.11,3.7,0.21,3,N,5637
0.11,3.7,0.21,4,N,5638
0.11,3.7,0.21,5,N,5639
0.11,3.7,0.31000000000000005,1,N,5640
0.11,3.7,0.31000000000000005,2,N,5641
0.11,3.7,0.31000000000000005,3,N,5642
0.11,3.7,0.31000000000000005,4,N,5643
0.11,3.7,0.31000000000000005,5,N,5644
0.11,3.7,0.41,1,N,5645
0.11,3.7,0.41,2,N,5646
0.11,3.7,0.41,3,N,5647
0.11,3.7,0.41,4,N,5648
0.11,3.7,0.41,5,N,5649
0.11,3.7,0.51,1,N,5650
0.11,3.7,0.51,2,N,5651
0.11,3.7,0.51,3,N,5652
0.11,3.7,0.51,4,N,5653
0.11,3.7,0.51,5,N,5654
0.11,3.7,0.6100000000000001,1,N,5655
0.11,3.7,0.6100000000000001,2,N,5656
0.11,3.7,0.6100000000000001,3,N,5657
0.11,3.7,0.6100000000000001,4,N,5658
0.11,3.7,0.6100000000000001,5,N,5659
0.11,3.7,0.7100000000000001,1,N,5660
0.11,3.7,0.7100000000000001,2,N,5661
0.11,3.7,0.7100000000000001,3,N,5662
0.11,3.7,0.7100000000000001,4,N,5663
0.11,3.7,0.7100000000000001,5,N,5664
0.11,3.7,0.81,1,N,5665
0.11,3.7,0.81,2,N,5666
0.11,3.7,0.81,3,N,5667
0.11,3.7,0.81,4,N,5668
0.11,3.7,0.81,5,N,5669
0.11,3.7,0.91,1,N,5670
0.11,3.7,0.91,2,N,5671
0.11,3.7,0.91,3,N,5672
0.11,3.7,0.91,4,N,5673
0.11,3.7,0.91,5,N,5674
0.11,3.7,1.01,1,N,5675
0.11,3.7,1.01,2,N,5676
0.11,3.7,1.01,3,N,5677
0.11,3.7,1.01,4,N,5678
0.11,3.7,1.01,5,N,5679
0.11,3.7,1.11,1,N,5680
0.11,3.7,1.11,2,N,5681
0.11,3.7,1.11,3,N,5682
0.11,3.7,1.11,4,N,5683
0.11,3.7,1.11,5,N,5684
0.11,3.7,1.3,1,N,5685
0.11,3.7,1.3,2,N,5686
0.11,3.7,1.3,3,N,5687
0.11,3.7,1.3,4,N,5688
0.11,3.7,1.3,5,N,5689
0.11,3.7,1.6,1,N,5690
0.11,3.7,1.6,2,N,5691
0.11,3.7,1.6,3,N,5692
0.11,3.7,1.6,4,N,5693
0.11,3.7,1.6,5,N,5694
0.11,3.7,1.9,1,N,5695
0.11,3.7,1.9,2,N,5696
0.11,3.7,1.9,3,N,5697
0.11,3.7,1.9,4,N,5698
0.11,3.7,1.9,5,N,5699
0.11,3.7,2.2,1,N,5700
0.11,3.7,2.2,2,N,5701
0.11,3.7,2.2,3,N,5702
0.11,3.7,2.2,4,N,5703
0.11,3.7,2.2,5,N,5704
0.11,3.7,2.5,1,N,5705
0.11,3.7,2.5,2,N,5706
0.11,3.7,2.5,3,N,5707
0.11,3.7,2.5,4,N,5708
0.11,3.7,2.5,5,N,5709
0.11,3.7,2.8000000000000003,1,N,5710
0.11,3.7,2.8000000000000003,2,N,5711
0.11,3.7,2.8000000000000003,3,N,5712
0.11,3.7,2.8000000000000003,4,N,5713
0.11,3.7,2.8000000000000003,5,N,5714
0.11,3.7,3.1000000000000005,1,N,5715
0.11,3.7,3.1000000000000005,2,N,5716
0.11,3.7,3.1000000000000005,3,N,5717
0.11,3.7,3.1000000000000005,4,N,5718
0.11,3.7,3.1000000000000005,5,N,5719
0.11,3.7,3.4000000000000004,1,N,5720
0.11,3.7,3.4000000000000004,2,N,5721
0.11,3.7,3.4000000000000004,3,N,5722
0.11,3.7,3.4000000000000004,4,N,5723
0.11,3.7,3.4000000000000004,5,N,5724
0.11,3.7,3.7,1,N,5725
0.11,3.7,3.7,2,N,5726
0.11,3.7,3.7,3,N,5727
0.11,3.7,3.7,4,N,5728
0.11,3.7,3.7,5,N,5729
0.11,3.7,4.0,1,N,5730
0.11,3.7,4.0,2,N,5731
0.11,3.7,4.0,3,N,5732
0.11,3.7,4.0,4,N,5733
0.11,3.7,4.0,5,N,5734
0.11,3.7,4.300000000000002,1,N,5735
0.11,3.7,4.300000000000002,2,N,5736
0.11,3.7,4.300000000000002,3,N,5737
0.11,3.7,4.300000000000002,4,N,5738
0.11,3.7,4.300000000000002,5,N,5739
0.11,3.7,4.6000000000000005,1,N,5740
0.11,3.7,4.6000000000000005,2,N,5741
0.11,3.7,4.6000000000000005,3,N,5742
0.11,3.7,4.6000000000000005,4,N,5743
0.11,3.7,4.6000000000000005,5,N,5744
0.11,3.7,4.9,1,N,5745
0.11,3.7,4.9,2,N,5746
0.11,3.7,4.9,3,N,5747
0.11,3.7,4.9,4,N,5748
0.11,3.7,4.9,5,N,5749
0.11,4.0,0.01,1,N,5750
0.11,4.0,0.01,2,N,5751
0.11,4.0,0.01,3,N,5752
0.11,4.0,0.01,4,N,5753
0.11,4.0,0.01,5,N,5754
0.11,4.0,0.11,1,N,5755
0.11,4.0,0.11,2,N,5756
0.11,4.0,0.11,3,N,5757
0.11,4.0,0.11,4,N,5758
0.11,4.0,0.11,5,N,5759
0.11,4.0,0.21,1,N,5760
0.11,4.0,0.21,2,N,5761
0.11,4.0,0.21,3,N,5762
0.11,4.0,0.21,4,N,5763
0.11,4.0,0.21,5,N,5764
0.11,4.0,0.31000000000000005,1,N,5765
0.11,4.0,0.31000000000000005,2,N,5766
0.11,4.0,0.31000000000000005,3,N,5767
0.11,4.0,0.31000000000000005,4,N,5768
0.11,4.0,0.31000000000000005,5,N,5769
0.11,4.0,0.41,1,N,5770
0.11,4.0,0.41,2,N,5771
0.11,4.0,0.41,3,N,5772
0.11,4.0,0.41,4,N,5773
0.11,4.0,0.41,5,N,5774
0.11,4.0,0.51,1,N,5775
0.11,4.0,0.51,2,N,5776
0.11,4.0,0.51,3,N,5777
0.11,4.0,0.51,4,N,5778
0.11,4.0,0.51,5,N,5779
0.11,4.0,0.6100000000000001,1,N,5780
0.11,4.0,0.6100000000000001,2,N,5781
0.11,4.0,0.6100000000000001,3,N,5782
0.11,4.0,0.6100000000000001,4,N,5783
0.11,4.0,0.6100000000000001,5,N,5784
0.11,4.0,0.7100000000000001,1,N,5785
0.11,4.0,0.7100000000000001,2,N,5786
0.11,4.0,0.7100000000000001,3,N,5787
0.11,4.0,0.7100000000000001,4,N,5788
0.11,4.0,0.7100000000000001,5,N,5789
0.11,4.0,0.81,1,N,5790
0.11,4.0,0.81,2,N,5791
0.11,4.0,0.81,3,N,5792
0.11,4.0,0.81,4,N,5793
0.11,4.0,0.81,5,N,5794
0.11,4.0,0.91,1,N,5795
0.11,4.0,0.91,2,N,5796
0.11,4.0,0.91,3,N,5797
0.11,4.0,0.91,4,N,5798
0.11,4.0,0.91,5,N,5799
0.11,4.0,1.01,1,N,5800
0.11,4.0,1.01,2,N,5801
0.11,4.0,1.01,3,N,5802
0.11,4.0,1.01,4,N,5803
0.11,4.0,1.01,5,N,5804
0.11,4.0,1.11,1,N,5805
0.11,4.0,1.11,2,N,5806
0.11,4.0,1.11,3,N,5807
0.11,4.0,1.11,4,N,5808
0.11,4.0,1.11,5,N,5809
0.11,4.0,1.3,1,N,5810
0.11,4.0,1.3,2,N,5811
0.11,4.0,1.3,3,N,5812
0.11,4.0,1.3,4,N,5813
0.11,4.0,1.3,5,N,5814
0.11,4.0,1.6,1,N,5815
0.11,4.0,1.6,2,N,5816
0.11,4.0,1.6,3,N,5817
0.11,4.0,1.6,4,N,5818
0.11,4.0,1.6,5,N,5819
0.11,4.0,1.9,1,N,5820
0.11,4.0,1.9,2,N,5821
0.11,4.0,1.9,3,N,5822
0.11,4.0,1.9,4,N,5823
0.11,4.0,1.9,5,N,5824
0.11,4.0,2.2,1,N,5825
0.11,4.0,2.2,2,N,5826
0.11,4.0,2.2,3,N,5827
0.11,4.0,2.2,4,N,5828
0.11,4.0,2.2,5,N,5829
0.11,4.0,2.5,1,N,5830
0.11,4.0,2.5,2,N,5831
0.11,4.0,2.5,3,N,5832
0.11,4.0,2.5,4,N,5833
0.11,4.0,2.5,5,N,5834
0.11,4.0,2.8000000000000003,1,N,5835
0.11,4.0,2.8000000000000003,2,N,5836
0.11,4.0,2.8000000000000003,3,N,5837
0.11,4.0,2.8000000000000003,4,N,5838
0.11,4.0,2.8000000000000003,5,N,5839
0.11,4.0,3.1000000000000005,1,N,5840
0.11,4.0,3.1000000000000005,2,N,5841
0.11,4.0,3.1000000000000005,3,N,5842
0.11,4.0,3.1000000000000005,4,N,5843
0.11,4.0,3.1000000000000005,5,N,5844
0.11,4.0,3.4000000000000004,1,N,5845
0.11,4.0,3.4000000000000004,2,N,5846
0.11,4.0,3.4000000000000004,3,N,5847
0.11,4.0,3.4000000000000004,4,N,5848
0.11,4.0,3.4000000000000004,5,N,5849
0.11,4.0,3.7,1,N,5850
0.11,4.0,3.7,2,N,5851
0.11,4.0,3.7,3,N,5852
0.11,4.0,3.7,4,N,5853
0.11,4.0,3.7,5,N,5854
0.11,4.0,4.0,1,N,5855
0.11,4.0,4.0,2,N,5856
0.11,4.0,4.0,3,N,5857
0.11,4.0,4.0,4,N,5858
0.11,4.0,4.0,5,N,5859
0.11,4.0,4.300000000000002,1,N,5860
0.11,4.0,4.300000000000002,2,N,5861
0.11,4.0,4.300000000000002,3,N,5862
0.11,4.0,4.300000000000002,4,N,5863
0.11,4.0,4.300000000000002,5,N,5864
0.11,4.0,4.6000000000000005,1,N,5865
0.11,4.0,4.6000000000000005,2,N,5866
0.11,4.0,4.6000000000000005,3,N,5867
0.11,4.0,4.6000000000000005,4,N,5868
0.11,4.0,4.6000000000000005,5,N,5869
0.11,4.0,4.9,1,N,5870
0.11,4.0,4.9,2,N,5871
0.11,4.0,4.9,3,N,5872
0.11,4.0,4.9,4,N,5873
0.11,4.0,4.9,5,N,5874
0.11,4.300000000000002,0.01,1,N,5875
0.11,4.300000000000002,0.01,2,N,5876
0.11,4.300000000000002,0.01,3,N,5877
0.11,4.300000000000002,0.01,4,N,5878
0.11,4.300000000000002,0.01,5,N,5879
0.11,4.300000000000002,0.11,1,N,5880
0.11,4.300000000000002,0.11,2,N,5881
0.11,4.300000000000002,0.11,3,N,5882
0.11,4.300000000000002,0.11,4,N,5883
0.11,4.300000000000002,0.11,5,N,5884
0.11,4.300000000000002,0.21,1,N,5885
0.11,4.300000000000002,0.21,2,N,5886
0.11,4.300000000000002,0.21,3,N,5887
0.11,4.300000000000002,0.21,4,N,5888
0.11,4.300000000000002,0.21,5,N,5889
0.11,4.300000000000002,0.31000000000000005,1,N,5890
0.11,4.300000000000002,0.31000000000000005,2,N,5891
0.11,4.300000000000002,0.31000000000000005,3,N,5892
0.11,4.300000000000002,0.31000000000000005,4,N,5893
0.11,4.300000000000002,0.31000000000000005,5,N,5894
0.11,4.300000000000002,0.41,1,N,5895
0.11,4.300000000000002,0.41,2,N,5896
0.11,4.300000000000002,0.41,3,N,5897
0.11,4.300000000000002,0.41,4,N,5898
0.11,4.300000000000002,0.41,5,N,5899
0.11,4.300000000000002,0.51,1,N,5900
0.11,4.300000000000002,0.51,2,N,5901
0.11,4.300000000000002,0.51,3,N,5902
0.11,4.300000000000002,0.51,4,N,5903
0.11,4.300000000000002,0.51,5,N,5904
0.11,4.300000000000002,0.6100000000000001,1,N,5905
0.11,4.300000000000002,0.6100000000000001,2,N,5906
0.11,4.300000000000002,0.6100000000000001,3,N,5907
0.11,4.300000000000002,0.6100000000000001,4,N,5908
0.11,4.300000000000002,0.6100000000000001,5,N,5909
0.11,4.300000000000002,0.7100000000000001,1,N,5910
0.11,4.300000000000002,0.7100000000000001,2,N,5911
0.11,4.300000000000002,0.7100000000000001,3,N,5912
0.11,4.300000000000002,0.7100000000000001,4,N,5913
0.11,4.300000000000002,0.7100000000000001,5,N,5914
0.11,4.300000000000002,0.81,1,N,5915
0.11,4.300000000000002,0.81,2,N,5916
0.11,4.300000000000002,0.81,3,N,5917
0.11,4.300000000000002,0.81,4,N,5918
0.11,4.300000000000002,0.81,5,N,5919
0.11,4.300000000000002,0.91,1,N,5920
0.11,4.300000000000002,0.91,2,N,5921
0.11,4.300000000000002,0.91,3,N,5922
0.11,4.300000000000002,0.91,4,N,5923
0.11,4.300000000000002,0.91,5,N,5924
0.11,4.300000000000002,1.01,1,N,5925
0.11,4.300000000000002,1.01,2,N,5926
0.11,4.300000000000002,1.01,3,N,5927
0.11,4.300000000000002,1.01,4,N,5928
0.11,4.300000000000002,1.01,5,N,5929
0.11,4.300000000000002,1.11,1,N,5930
0.11,4.300000000000002,1.11,2,N,5931
0.11,4.300000000000002,1.11,3,N,5932
0.11,4.300000000000002,1.11,4,N,5933
0.11,4.300000000000002,1.11,5,N,5934
0.11,4.300000000000002,1.3,1,N,5935
0.11,4.300000000000002,1.3,2,N,5936
0.11,4.300000000000002,1.3,3,N,5937
0.11,4.300000000000002,1.3,4,N,5938
0.11,4.300000000000002,1.3,5,N,5939
0.11,4.300000000000002,1.6,1,N,5940
0.11,4.300000000000002,1.6,2,N,5941
0.11,4.300000000000002,1.6,3,N,5942
0.11,4.300000000000002,1.6,4,N,5943
0.11,4.300000000000002,1.6,5,N,5944
0.11,4.300000000000002,1.9,1,N,5945
0.11,4.300000000000002,1.9,2,N,5946
0.11,4.300000000000002,1.9,3,N,5947
0.11,4.300000000000002,1.9,4,N,5948
0.11,4.300000000000002,1.9,5,N,5949
0.11,4.300000000000002,2.2,1,N,5950
0.11,4.300000000000002,2.2,2,N,5951
0.11,4.300000000000002,2.2,3,N,5952
0.11,4.300000000000002,2.2,4,N,5953
0.11,4.300000000000002,2.2,5,N,5954
0.11,4.300000000000002,2.5,1,N,5955
0.11,4.300000000000002,2.5,2,N,5956
0.11,4.300000000000002,2.5,3,N,5957
0.11,4.300000000000002,2.5,4,N,5958
0.11,4.300000000000002,2.5,5,N,5959
0.11,4.300000000000002,2.8000000000000003,1,N,5960
0.11,4.300000000000002,2.8000000000000003,2,N,5961
0.11,4.300000000000002,2.8000000000000003,3,N,5962
0.11,4.300000000000002,2.8000000000000003,4,N,5963
0.11,4.300000000000002,2.8000000000000003,5,N,5964
0.11,4.300000000000002,3.1000000000000005,1,N,5965
0.11,4.300000000000002,3.1000000000000005,2,N,5966
0.11,4.300000000000002,3.1000000000000005,3,N,5967
0.11,4.300000000000002,3.1000000000000005,4,N,5968
0.11,4.300000000000002,3.1000000000000005,5,N,5969
0.11,4.300000000000002,3.4000000000000004,1,N,5970
0.11,4.300000000000002,3.4000000000000004,2,N,5971
0.11,4.300000000000002,3.4000000000000004,3,N,5972
0.11,4.300000000000002,3.4000000000000004,4,N,5973
0.11,4.300000000000002,3.4000000000000004,5,N,5974
0.11,4.300000000000002,3.7,1,N,5975
0.11,4.300000000000002,3.7,2,N,5976
0.11,4.300000000000002,3.7,3,N,5977
0.11,4.300000000000002,3.7,4,N,5978
0.11,4.300000000000002,3.7,5,N,5979
0.11,4.300000000000002,4.0,1,N,5980
0.11,4.300000000000002,4.0,2,N,5981
0.11,4.300000000000002,4.0,3,N,5982
0.11,4.300000000000002,4.0,4,N,5983
0.11,4.300000000000002,4.0,5,N,5984
0.11,4.300000000000002,4.300000000000002,1,N,5985
0.11,4.300000000000002,4.300000000000002,2,N,5986
0.11,4.300000000000002,4.300000000000002,3,N,5987
0.11,4.300000000000002,4.300000000000002,4,N,5988
0.11,4.300000000000002,4.300000000000002,5,N,5989
0.11,4.300000000000002,4.6000000000000005,1,N,5990
0.11,4.300000000000002,4.6000000000000005,2,N,5991
0.11,4.300000000000002,4.6000000000000005,3,N,5992
0.11,4.300000000000002,4.6000000000000005,4,N,5993
0.11,4.300000000000002,4.6000000000000005,5,N,5994
0.11,4.300000000000002,4.9,1,N,5995
0.11,4.300000000000002,4.9,2,N,5996
0.11,4.300000000000002,4.9,3,N,5997
0.11,4.300000000000002,4.9,4,N,5998
0.11,4.300000000000002,4.9,5,N,5999
0.11,4.6000000000000005,0.01,1,N,6000
0.11,4.6000000000000005,0.01,2,N,6001
0.11,4.6000000000000005,0.01,3,N,6002
0.11,4.6000000000000005,0.01,4,N,6003
0.11,4.6000000000000005,0.01,5,N,6004
0.11,4.6000000000000005,0.11,1,N,6005
0.11,4.6000000000000005,0.11,2,N,6006
0.11,4.6000000000000005,0.11,3,N,6007
0.11,4.6000000000000005,0.11,4,N,6008
0.11,4.6000000000000005,0.11,5,N,6009
0.11,4.6000000000000005,0.21,1,N,6010
0.11,4.6000000000000005,0.21,2,N,6011
0.11,4.6000000000000005,0.21,3,N,6012
0.11,4.6000000000000005,0.21,4,N,6013
0.11,4.6000000000000005,0.21,5,N,6014
0.11,4.6000000000000005,0.31000000000000005,1,N,6015
0.11,4.6000000000000005,0.31000000000000005,2,N,6016
0.11,4.6000000000000005,0.31000000000000005,3,N,6017
0.11,4.6000000000000005,0.31000000000000005,4,N,6018
0.11,4.6000000000000005,0.31000000000000005,5,N,6019
0.11,4.6000000000000005,0.41,1,N,6020
0.11,4.6000000000000005,0.41,2,N,6021
0.11,4.6000000000000005,0.41,3,N,6022
0.11,4.6000000000000005,0.41,4,N,6023
0.11,4.6000000000000005,0.41,5,N,6024
0.11,4.6000000000000005,0.51,1,N,6025
0.11,4.6000000000000005,0.51,2,N,6026
0.11,4.6000000000000005,0.51,3,N,6027
0.11,4.6000000000000005,0.51,4,N,6028
0.11,4.6000000000000005,0.51,5,N,6029
0.11,4.6000000000000005,0.6100000000000001,1,N,6030
0.11,4.6000000000000005,0.6100000000000001,2,N,6031
0.11,4.6000000000000005,0.6100000000000001,3,N,6032
0.11,4.6000000000000005,0.6100000000000001,4,N,6033
0.11,4.6000000000000005,0.6100000000000001,5,N,6034
0.11,4.6000000000000005,0.7100000000000001,1,N,6035
0.11,4.6000000000000005,0.7100000000000001,2,N,6036
0.11,4.6000000000000005,0.7100000000000001,3,N,6037
0.11,4.6000000000000005,0.7100000000000001,4,N,6038
0.11,4.6000000000000005,0.7100000000000001,5,N,6039
0.11,4.6000000000000005,0.81,1,N,6040
0.11,4.6000000000000005,0.81,2,N,6041
0.11,4.6000000000000005,0.81,3,N,6042
0.11,4.6000000000000005,0.81,4,N,6043
0.11,4.6000000000000005,0.81,5,N,6044
0.11,4.6000000000000005,0.91,1,N,6045
0.11,4.6000000000000005,0.91,2,N,6046
0.11,4.6000000000000005,0.91,3,N,6047
0.11,4.6000000000000005,0.91,4,N,6048
0.11,4.6000000000000005,0.91,5,N,6049
0.11,4.6000000000000005,1.01,1,N,6050
0.11,4.6000000000000005,1.01,2,N,6051
0.11,4.6000000000000005,1.01,3,N,6052
0.11,4.6000000000000005,1.01,4,N,6053
0.11,4.6000000000000005,1.01,5,N,6054
0.11,4.6000000000000005,1.11,1,N,6055
0.11,4.6000000000000005,1.11,2,N,6056
0.11,4.6000000000000005,1.11,3,N,6057
0.11,4.6000000000000005,1.11,4,N,6058
0.11,4.6000000000000005,1.11,5,N,6059
0.11,4.6000000000000005,1.3,1,N,6060
0.11,4.6000000000000005,1.3,2,N,6061
0.11,4.6000000000000005,1.3,3,N,6062
0.11,4.6000000000000005,1.3,4,N,6063
0.11,4.6000000000000005,1.3,5,N,6064
0.11,4.6000000000000005,1.6,1,N,6065
0.11,4.6000000000000005,1.6,2,N,6066
0.11,4.6000000000000005,1.6,3,N,6067
0.11,4.6000000000000005,1.6,4,N,6068
0.11,4.6000000000000005,1.6,5,N,6069
0.11,4.6000000000000005,1.9,1,N,6070
0.11,4.6000000000000005,1.9,2,N,6071
0.11,4.6000000000000005,1.9,3,N,6072
0.11,4.6000000000000005,1.9,4,N,6073
0.11,4.6000000000000005,1.9,5,N,6074
0.11,4.6000000000000005,2.2,1,N,6075
0.11,4.6000000000000005,2.2,2,N,6076
0.11,4.6000000000000005,2.2,3,N,6077
0.11,4.6000000000000005,2.2,4,N,6078
0.11,4.6000000000000005,2.2,5,N,6079
0.11,4.6000000000000005,2.5,1,N,6080
0.11,4.6000000000000005,2.5,2,N,6081
0.11,4.6000000000000005,2.5,3,N,6082
0.11,4.6000000000000005,2.5,4,N,6083
0.11,4.6000000000000005,2.5,5,N,6084
0.11,4.6000000000000005,2.8000000000000003,1,N,6085
0.11,4.6000000000000005,2.8000000000000003,2,N,6086
0.11,4.6000000000000005,2.8000000000000003,3,N,6087
0.11,4.6000000000000005,2.8000000000000003,4,N,6088
0.11,4.6000000000000005,2.8000000000000003,5,N,6089
0.11,4.6000000000000005,3.1000000000000005,1,N,6090
0.11,4.6000000000000005,3.1000000000000005,2,N,6091
0.11,4.6000000000000005,3.1000000000000005,3,N,6092
0.11,4.6000000000000005,3.1000000000000005,4,N,6093
0.11,4.6000000000000005,3.1000000000000005,5,N,6094
0.11,4.6000000000000005,3.4000000000000004,1,N,6095
0.11,4.6000000000000005,3.4000000000000004,2,N,6096
0.11,4.6000000000000005,3.4000000000000004,3,N,6097
0.11,4.6000000000000005,3.4000000000000004,4,N,6098
0.11,4.6000000000000005,3.4000000000000004,5,N,6099
0.11,4.6000000000000005,3.7,1,N,6100
0.11,4.6000000000000005,3.7,2,N,6101
0.11,4.6000000000000005,3.7,3,N,6102
0.11,4.6000000000000005,3.7,4,N,6103
0.11,4.6000000000000005,3.7,5,N,6104
0.11,4.6000000000000005,4.0,1,N,6105
0.11,4.6000000000000005,4.0,2,N,6106
0.11,4.6000000000000005,4.0,3,N,6107
0.11,4.6000000000000005,4.0,4,N,6108
0.11,4.6000000000000005,4.0,5,N,6109
0.11,4.6000000000000005,4.300000000000002,1,N,6110
0.11,4.6000000000000005,4.300000000000002,2,N,6111
0.11,4.6000000000000005,4.300000000000002,3,N,6112
0.11,4.6000000000000005,4.300000000000002,4,N,6113
0.11,4.6000000000000005,4.300000000000002,5,N,6114
0.11,4.6000000000000005,4.6000000000000005,1,N,6115
0.11,4.6000000000000005,4.6000000000000005,2,N,6116
0.11,4.6000000000000005,4.6000000000000005,3,N,6117
0.11,4.6000000000000005,4.6000000000000005,4,N,6118
0.11,4.6000000000000005,4.6000000000000005,5,N,6119
0.11,4.6000000000000005,4.9,1,N,6120
0.11,4.6000000000000005,4.9,2,N,6121
0.11,4.6000000000000005,4.9,3,N,6122
0.11,4.6000000000000005,4.9,4,N,6123
0.11,4.6000000000000005,4.9,5,N,6124
0.11,4.9,0.01,1,N,6125
0.11,4.9,0.01,2,N,6126
0.11,4.9,0.01,3,N,6127
0.11,4.9,0.01,4,N,6128
0.11,4.9,0.01,5,N,6129
0.11,4.9,0.11,1,N,6130
0.11,4.9,0.11,2,N,6131
0.11,4.9,0.11,3,N,6132
0.11,4.9,0.11,4,N,6133
0.11,4.9,0.11,5,N,6134
0.11,4.9,0.21,1,N,6135
0.11,4.9,0.21,2,N,6136
0.11,4.9,0.21,3,N,6137
0.11,4.9,0.21,4,N,6138
0.11,4.9,0.21,5,N,6139
0.11,4.9,0.31000000000000005,1,N,6140
0.11,4.9,0.31000000000000005,2,N,6141
0.11,4.9,0.31000000000000005,3,N,6142
0.11,4.9,0.31000000000000005,4,N,6143
0.11,4.9,0.31000000000000005,5,N,6144
0.11,4.9,0.41,1,N,6145
0.11,4.9,0.41,2,N,6146
0.11,4.9,0.41,3,N,6147
0.11,4.9,0.41,4,N,6148
0.11,4.9,0.41,5,N,6149
0.11,4.9,0.51,1,N,6150
0.11,4.9,0.51,2,N,6151
0.11,4.9,0.51,3,N,6152
0.11,4.9,0.51,4,N,6153
0.11,4.9,0.51,5,N,6154
0.11,4.9,0.6100000000000001,1,N,6155
0.11,4.9,0.6100000000000001,2,N,6156
0.11,4.9,0.6100000000000001,3,N,6157
0.11,4.9,0.6100000000000001,4,N,6158
0.11,4.9,0.6100000000000001,5,N,6159
0.11,4.9,0.7100000000000001,1,N,6160
0.11,4.9,0.7100000000000001,2,N,6161
0.11,4.9,0.7100000000000001,3,N,6162
0.11,4.9,0.7100000000000001,4,N,6163
0.11,4.9,0.7100000000000001,5,N,6164
0.11,4.9,0.81,1,N,6165
0.11,4.9,0.81,2,N,6166
0.11,4.9,0.81,3,N,6167
0.11,4.9,0.81,4,N,6168
0.11,4.9,0.81,5,N,6169
0.11,4.9,0.91,1,N,6170
0.11,4.9,0.91,2,N,6171
0.11,4.9,0.91,3,N,6172
0.11,4.9,0.91,4,N,6173
0.11,4.9,0.91,5,N,6174
0.11,4.9,1.01,1,N,6175
0.11,4.9,1.01,2,N,6176
0.11,4.9,1.01,3,N,6177
0.11,4.9,1.01,4,N,6178
0.11,4.9,1.01,5,N,6179
0.11,4.9,1.11,1,N,6180
0.11,4.9,1.11,2,N,6181
0.11,4.9,1.11,3,N,6182
0.11,4.9,1.11,4,N,6183
0.11,4.9,1.11,5,N,6184
0.11,4.9,1.3,1,N,6185
0.11,4.9,1.3,2,N,6186
0.11,4.9,1.3,3,N,6187
0.11,4.9,1.3,4,N,6188
0.11,4.9,1.3,5,N,6189
0.11,4.9,1.6,1,N,6190
0.11,4.9,1.6,2,N,6191
0.11,4.9,1.6,3,N,6192
0.11,4.9,1.6,4,N,6193
0.11,4.9,1.6,5,N,6194
0.11,4.9,1.9,1,N,6195
0.11,4.9,1.9,2,N,6196
0.11,4.9,1.9,3,N,6197
0.11,4.9,1.9,4,N,6198
0.11,4.9,1.9,5,N,6199
0.11,4.9,2.2,1,N,6200
0.11,4.9,2.2,2,N,6201
0.11,4.9,2.2,3,N,6202
0.11,4.9,2.2,4,N,6203
0.11,4.9,2.2,5,N,6204
0.11,4.9,2.5,1,N,6205
0.11,4.9,2.5,2,N,6206
0.11,4.9,2.5,3,N,6207
0.11,4.9,2.5,4,N,6208
0.11,4.9,2.5,5,N,6209
0.11,4.9,2.8000000000000003,1,N,6210
0.11,4.9,2.8000000000000003,2,N,6211
0.11,4.9,2.8000000000000003,3,N,6212
0.11,4.9,2.8000000000000003,4,N,6213
0.11,4.9,2.8000000000000003,5,N,6214
0.11,4.9,3.1000000000000005,1,N,6215
0.11,4.9,3.1000000000000005,2,N,6216
0.11,4.9,3.1000000000000005,3,N,6217
0.11,4.9,3.1000000000000005,4,N,6218
0.11,4.9,3.1000000000000005,5,N,6219
0.11,4.9,3.4000000000000004,1,N,6220
0.11,4.9,3.4000000000000004,2,N,6221
0.11,4.9,3.4000000000000004,3,N,6222
0.11,4.9,3.4000000000000004,4,N,6223
0.11,4.9,3.4000000000000004,5,N,6224
0.11,4.9,3.7,1,N,6225
0.11,4.9,3.7,2,N,6226
0.11,4.9,3.7,3,N,6227
0.11,4.9,3.7,4,N,6228
0.11,4.9,3.7,5,N,6229
0.11,4.9,4.0,1,N,6230
0.11,4.9,4.0,2,N,6231
0.11,4.9,4.0,3,N,6232
0.11,4.9,4.0,4,N,6233
0.11,4.9,4.0,5,N,6234
0.11,4.9,4.300000000000002,1,N,6235
0.11,4.9,4.300000000000002,2,N,6236
0.11,4.9,4.300000000000002,3,N,6237
0.11,4.9,4.300000000000002,4,N,6238
0.11,4.9,4.300000000000002,5,N,6239
0.11,4.9,4.6000000000000005,1,N,6240
0.11,4.9,4.6000000000000005,2,N,6241
0.11,4.9,4.6000000000000005,3,N,6242
0.11,4.9,4.6000000000000005,4,N,6243
0.11,4.9,4.6000000000000005,5,N,6244
0.11,4.9,4.9,1,N,6245
0.11,4.9,4.9,2,N,6246
0.11,4.9,4.9,3,N,6247
0.11,4.9,4.9,4,N,6248
0.11,4.9,4.9,5,N,6249
0.21,0.01,0.01,1,N,6250
0.21,0.01,0.01,2,N,6251
0.21,0.01,0.01,3,N,6252
0.21,0.01,0.01,4,N,6253
0.21,0.01,0.01,5,N,6254
0.21,0.01,0.11,1,N,6255
0.21,0.01,0.11,2,N,6256
0.21,0.01,0.11,3,N,6257
0.21,0.01,0.11,4,N,6258
0.21,0.01,0.11,5,N,6259
0.21,0.01,0.21,1,N,6260
0.21,0.01,0.21,2,N,6261
0.21,0.01,0.21,3,N,6262
0.21,0.01,0.21,4,N,6263
0.21,0.01,0.21,5,N,6264
0.21,0.01,0.31000000000000005,1,N,6265
0.21,0.01,0.31000000000000005,2,N,6266
0.21,0.01,0.31000000000000005,3,N,6267
0.21,0.01,0.31000000000000005,4,N,6268
0.21,0.01,0.31000000000000005,5,N,6269
0.21,0.01,0.41,1,N,6270
0.21,0.01,0.41,2,N,6271
0.21,0.01,0.41,3,N,6272
0.21,0.01,0.41,4,N,6273
0.21,0.01,0.41,5,N,6274
0.21,0.01,0.51,1,N,6275
0.21,0.01,0.51,2,N,6276
0.21,0.01,0.51,3,N,6277
0.21,0.01,0.51,4,N,6278
0.21,0.01,0.51,5,N,6279
0.21,0.01,0.6100000000000001,1,N,6280
0.21,0.01,0.6100000000000001,2,N,6281
0.21,0.01,0.6100000000000001,3,N,6282
0.21,0.01,0.6100000000000001,4,N,6283
0.21,0.01,0.6100000000000001,5,N,6284
0.21,0.01,0.7100000000000001,1,N,6285
0.21,0.01,0.7100000000000001,2,N,6286
0.21,0.01,0.7100000000000001,3,N,6287
0.21,0.01,0.7100000000000001,4,N,6288
0.21,0.01,0.7100000000000001,5,N,6289
0.21,0.01,0.81,1,N,6290
0.21,0.01,0.81,2,N,6291
0.21,0.01,0.81,3,N,6292
0.21,0.01,0.81,4,N,6293
0.21,0.01,0.81,5,N,6294
0.21,0.01,0.91,1,N,6295
0.21,0.01,0.91,2,N,6296
0.21,0.01,0.91,3,N,6297
0.21,0.01,0.91,4,N,6298
0.21,0.01,0.91,5,N,6299
0.21,0.01,1.01,1,N,6300
0.21,0.01,1.01,2,N,6301
0.21,0.01,1.01,3,N,6302
0.21,0.01,1.01,4,N,6303
0.21,0.01,1.01,5,N,6304
0.21,0.01,1.11,1,N,6305
0.21,0.01,1.11,2,N,6306
0.21,0.01,1.11,3,N,6307
0.21,0.01,1.11,4,N,6308
0.21,0.01,1.11,5,N,6309
0.21,0.01,1.3,1,N,6310
0.21,0.01,1.3,2,N,6311
0.21,0.01,1.3,3,N,6312
0.21,0.01,1.3,4,N,6313
0.21,0.01,1.3,5,N,6314
0.21,0.01,1.6,1,N,6315
0.21,0.01,1.6,2,N,6316
0.21,0.01,1.6,3,N,6317
0.21,0.01,1.6,4,N,6318
0.21,0.01,1.6,5,N,6319
0.21,0.01,1.9,1,N,6320
0.21,0.01,1.9,2,N,6321
0.21,0.01,1.9,3,N,6322
0.21,0.01,1.9,4,N,6323
0.21,0.01,1.9,5,N,6324
0.21,0.01,2.2,1,N,6325
0.21,0.01,2.2,2,N,6326
0.21,0.01,2.2,3,N,6327
0.21,0.01,2.2,4,N,6328
0.21,0.01,2.2,5,N,6329
0.21,0.01,2.5,1,N,6330
0.21,0.01,2.5,2,N,6331
0.21,0.01,2.5,3,N,6332
0.21,0.01,2.5,4,N,6333
0.21,0.01,2.5,5,N,6334
0.21,0.01,2.8000000000000003,1,N,6335
0.21,0.01,2.8000000000000003,2,N,6336
0.21,0.01,2.8000000000000003,3,N,6337
0.21,0.01,2.8000000000000003,4,N,6338
0.21,0.01,2.8000000000000003,5,N,6339
0.21,0.01,3.1000000000000005,1,N,6340
0.21,0.01,3.1000000000000005,2,N,6341
0.21,0.01,3.1000000000000005,3,N,6342
0.21,0.01,3.1000000000000005,4,N,6343
0.21,0.01,3.1000000000000005,5,N,6344
0.21,0.01,3.4000000000000004,1,N,6345
0.21,0.01,3.4000000000000004,2,N,6346
0.21,0.01,3.4000000000000004,3,N,6347
0.21,0.01,3.4000000000000004,4,N,6348
0.21,0.01,3.4000000000000004,5,N,6349
0.21,0.01,3.7,1,N,6350
0.21,0.01,3.7,2,N,6351
0.21,0.01,3.7,3,N,6352
0.21,0.01,3.7,4,N,6353
0.21,0.01,3.7,5,N,6354
0.21,0.01,4.0,1,N,6355
0.21,0.01,4.0,2,N,6356
0.21,0.01,4.0,3,N,6357
0.21,0.01,4.0,4,N,6358
0.21,0.01,4.0,5,N,6359
0.21,0.01,4.300000000000002,1,N,6360
0.21,0.01,4.300000000000002,2,N,6361
0.21,0.01,4.300000000000002,3,N,6362
0.21,0.01,4.300000000000002,4,N,6363
0.21,0.01,4.300000000000002,5,N,6364
0.21,0.01,4.6000000000000005,1,N,6365
0.21,0.01,4.6000000000000005,2,N,6366
0.21,0.01,4.6000000000000005,3,N,6367
0.21,0.01,4.6000000000000005,4,N,6368
0.21,0.01,4.6000000000000005,5,N,6369
0.21,0.01,4.9,1,N,6370
0.21,0.01,4.9,2,N,6371
0.21,0.01,4.9,3,N,6372
0.21,0.01,4.9,4,N,6373
0.21,0.01,4.9,5,N,6374
0.21,0.11,0.01,1,N,6375
0.21,0.11,0.01,2,N,6376
0.21,0.11,0.01,3,N,6377
0.21,0.11,0.01,4,N,6378
0.21,0.11,0.01,5,N,6379
0.21,0.11,0.11,1,N,6380
0.21,0.11,0.11,2,N,6381
0.21,0.11,0.11,3,N,6382
0.21,0.11,0.11,4,N,6383
0.21,0.11,0.11,5,N,6384
0.21,0.11,0.21,1,N,6385
0.21,0.11,0.21,2,N,6386
0.21,0.11,0.21,3,N,6387
0.21,0.11,0.21,4,N,6388
0.21,0.11,0.21,5,N,6389
0.21,0.11,0.31000000000000005,1,N,6390
0.21,0.11,0.31000000000000005,2,N,6391
0.21,0.11,0.31000000000000005,3,N,6392
0.21,0.11,0.31000000000000005,4,N,6393
0.21,0.11,0.31000000000000005,5,N,6394
0.21,0.11,0.41,1,N,6395
0.21,0.11,0.41,2,N,6396
0.21,0.11,0.41,3,N,6397
0.21,0.11,0.41,4,N,6398
0.21,0.11,0.41,5,N,6399
0.21,0.11,0.51,1,N,6400
0.21,0.11,0.51,2,N,6401
0.21,0.11,0.51,3,N,6402
0.21,0.11,0.51,4,N,6403
0.21,0.11,0.51,5,N,6404
0.21,0.11,0.6100000000000001,1,N,6405
0.21,0.11,0.6100000000000001,2,N,6406
0.21,0.11,0.6100000000000001,3,N,6407
0.21,0.11,0.6100000000000001,4,N,6408
0.21,0.11,0.6100000000000001,5,N,6409
0.21,0.11,0.7100000000000001,1,N,6410
0.21,0.11,0.7100000000000001,2,N,6411
0.21,0.11,0.7100000000000001,3,N,6412
0.21,0.11,0.7100000000000001,4,N,6413
0.21,0.11,0.7100000000000001,5,N,6414
0.21,0.11,0.81,1,N,6415
0.21,0.11,0.81,2,N,6416
0.21,0.11,0.81,3,N,6417
0.21,0.11,0.81,4,N,6418
0.21,0.11,0.81,5,N,6419
0.21,0.11,0.91,1,N,6420
0.21,0.11,0.91,2,N,6421
0.21,0.11,0.91,3,N,6422
0.21,0.11,0.91,4,N,6423
0.21,0.11,0.91,5,N,6424
0.21,0.11,1.01,1,N,6425
0.21,0.11,1.01,2,N,6426
0.21,0.11,1.01,3,N,6427
0.21,0.11,1.01,4,N,6428
0.21,0.11,1.01,5,N,6429
0.21,0.11,1.11,1,N,6430
0.21,0.11,1.11,2,N,6431
0.21,0.11,1.11,3,N,6432
0.21,0.11,1.11,4,N,6433
0.21,0.11,1.11,5,N,6434
0.21,0.11,1.3,1,N,6435
0.21,0.11,1.3,2,N,6436
0.21,0.11,1.3,3,N,6437
0.21,0.11,1.3,4,N,6438
0.21,0.11,1.3,5,N,6439
0.21,0.11,1.6,1,N,6440
0.21,0.11,1.6,2,N,6441
0.21,0.11,1.6,3,N,6442
0.21,0.11,1.6,4,N,6443
0.21,0.11,1.6,5,N,6444
0.21,0.11,1.9,1,N,6445
0.21,0.11,1.9,2,N,6446
0.21,0.11,1.9,3,N,6447
0.21,0.11,1.9,4,N,6448
0.21,0.11,1.9,5,N,6449
0.21,0.11,2.2,1,N,6450
0.21,0.11,2.2,2,N,6451
0.21,0.11,2.2,3,N,6452
0.21,0.11,2.2,4,N,6453
0.21,0.11,2.2,5,N,6454
0.21,0.11,2.5,1,N,6455
0.21,0.11,2.5,2,N,6456
0.21,0.11,2.5,3,N,6457
0.21,0.11,2.5,4,N,6458
0.21,0.11,2.5,5,N,6459
0.21,0.11,2.8000000000000003,1,N,6460
0.21,0.11,2.8000000000000003,2,N,6461
0.21,0.11,2.8000000000000003,3,N,6462
0.21,0.11,2.8000000000000003,4,N,6463
0.21,0.11,2.8000000000000003,5,N,6464
0.21,0.11,3.1000000000000005,1,N,6465
0.21,0.11,3.1000000000000005,2,N,6466
0.21,0.11,3.1000000000000005,3,N,6467
0.21,0.11,3.1000000000000005,4,N,6468
0.21,0.11,3.1000000000000005,5,N,6469
0.21,0.11,3.4000000000000004,1,N,6470
0.21,0.11,3.4000000000000004,2,N,6471
0.21,0.11,3.4000000000000004,3,N,6472
0.21,0.11,3.4000000000000004,4,N,6473
0.21,0.11,3.4000000000000004,5,N,6474
0.21,0.11,3.7,1,N,6475
0.21,0.11,3.7,2,N,6476
0.21,0.11,3.7,3,N,6477
0.21,0.11,3.7,4,N,6478
0.21,0.11,3.7,5,N,6479
0.21,0.11,4.0,1,N,6480
0.21,0.11,4.0,2,N,6481
0.21,0.11,4.0,3,N,6482
0.21,0.11,4.0,4,N,6483
0.21,0.11,4.0,5,N,6484
0.21,0.11,4.300000000000002,1,N,6485
0.21,0.11,4.300000000000002,2,N,6486
0.21,0.11,4.300000000000002,3,N,6487
0.21,0.11,4.300000000000002,4,N,6488
0.21,0.11,4.300000000000002,5,N,6489
0.21,0.11,4.6000000000000005,1,N,6490
0.21,0.11,4.6000000000000005,2,N,6491
0.21,0.11,4.6000000000000005,3,N,6492
0.21,0.11,4.6000000000000005,4,N,6493
0.21,0.11,4.6000000000000005,5,N,6494
0.21,0.11,4.9,1,N,6495
0.21,0.11,4.9,2,N,6496
0.21,0.11,4.9,3,N,6497
0.21,0.11,4.9,4,N,6498
0.21,0.11,4.9,5,N,6499
0.21,0.21,0.01,1,N,6500
0.21,0.21,0.01,2,N,6501
0.21,0.21,0.01,3,N,6502
0.21,0.21,0.01,4,N,6503
0.21,0.21,0.01,5,N,6504
0.21,0.21,0.11,1,N,6505
0.21,0.21,0.11,2,N,6506
0.21,0.21,0.11,3,N,6507
0.21,0.21,0.11,4,N,6508
0.21,0.21,0.11,5,N,6509
0.21,0.21,0.21,1,N,6510
0.21,0.21,0.21,2,N,6511
0.21,0.21,0.21,3,N,6512
0.21,0.21,0.21,4,N,6513
0.21,0.21,0.21,5,N,6514
0.21,0.21,0.31000000000000005,1,N,6515
0.21,0.21,0.31000000000000005,2,N,6516
0.21,0.21,0.31000000000000005,3,N,6517
0.21,0.21,0.31000000000000005,4,N,6518
0.21,0.21,0.31000000000000005,5,N,6519
0.21,0.21,0.41,1,N,6520
0.21,0.21,0.41,2,N,6521
0.21,0.21,0.41,3,N,6522
0.21,0.21,0.41,4,N,6523
0.21,0.21,0.41,5,N,6524
0.21,0.21,0.51,1,N,6525
0.21,0.21,0.51,2,N,6526
0.21,0.21,0.51,3,N,6527
0.21,0.21,0.51,4,N,6528
0.21,0.21,0.51,5,N,6529
0.21,0.21,0.6100000000000001,1,N,6530
0.21,0.21,0.6100000000000001,2,N,6531
0.21,0.21,0.6100000000000001,3,N,6532
0.21,0.21,0.6100000000000001,4,N,6533
0.21,0.21,0.6100000000000001,5,N,6534
0.21,0.21,0.7100000000000001,1,N,6535
0.21,0.21,0.7100000000000001,2,N,6536
0.21,0.21,0.7100000000000001,3,N,6537
0.21,0.21,0.7100000000000001,4,N,6538
0.21,0.21,0.7100000000000001,5,N,6539
0.21,0.21,0.81,1,N,6540
0.21,0.21,0.81,2,N,6541
0.21,0.21,0.81,3,N,6542
0.21,0.21,0.81,4,N,6543
0.21,0.21,0.81,5,N,6544
0.21,0.21,0.91,1,N,6545
0.21,0.21,0.91,2,N,6546
0.21,0.21,0.91,3,N,6547
0.21,0.21,0.91,4,N,6548
0.21,0.21,0.91,5,N,6549
0.21,0.21,1.01,1,N,6550
0.21,0.21,1.01,2,N,6551
0.21,0.21,1.01,3,N,6552
0.21,0.21,1.01,4,N,6553
0.21,0.21,1.01,5,N,6554
0.21,0.21,1.11,1,N,6555
0.21,0.21,1.11,2,N,6556
0.21,0.21,1.11,3,N,6557
0.21,0.21,1.11,4,N,6558
0.21,0.21,1.11,5,N,6559
0.21,0.21,1.3,1,N,6560
0.21,0.21,1.3,2,N,6561
0.21,0.21,1.3,3,N,6562
0.21,0.21,1.3,4,N,6563
0.21,0.21,1.3,5,N,6564
0.21,0.21,1.6,1,N,6565
0.21,0.21,1.6,2,N,6566
0.21,0.21,1.6,3,N,6567
0.21,0.21,1.6,4,N,6568
0.21,0.21,1.6,5,N,6569
0.21,0.21,1.9,1,N,6570
0.21,0.21,1.9,2,N,6571
0.21,0.21,1.9,3,N,6572
0.21,0.21,1.9,4,N,6573
0.21,0.21,1.9,5,N,6574
0.21,0.21,2.2,1,N,6575
0.21,0.21,2.2,2,N,6576
0.21,0.21,2.2,3,N,6577
0.21,0.21,2.2,4,N,6578
0.21,0.21,2.2,5,N,6579
0.21,0.21,2.5,1,N,6580
0.21,0.21,2.5,2,N,6581
0.21,0.21,2.5,3,N,6582
0.21,0.21,2.5,4,N,6583
0.21,0.21,2.5,5,N,6584
0.21,0.21,2.8000000000000003,1,N,6585
0.21,0.21,2.8000000000000003,2,N,6586
0.21,0.21,2.8000000000000003,3,N,6587
0.21,0.21,2.8000000000000003,4,N,6588
0.21,0.21,2.8000000000000003,5,N,6589
0.21,0.21,3.1000000000000005,1,N,6590
0.21,0.21,3.1000000000000005,2,N,6591
0.21,0.21,3.1000000000000005,3,N,6592
0.21,0.21,3.1000000000000005,4,N,6593
0.21,0.21,3.1000000000000005,5,N,6594
0.21,0.21,3.4000000000000004,1,N,6595
0.21,0.21,3.4000000000000004,2,N,6596
0.21,0.21,3.4000000000000004,3,N,6597
0.21,0.21,3.4000000000000004,4,N,6598
0.21,0.21,3.4000000000000004,5,N,6599
0.21,0.21,3.7,1,N,6600
0.21,0.21,3.7,2,N,6601
0.21,0.21,3.7,3,N,6602
0.21,0.21,3.7,4,N,6603
0.21,0.21,3.7,5,N,6604
0.21,0.21,4.0,1,N,6605
0.21,0.21,4.0,2,N,6606
0.21,0.21,4.0,3,N,6607
0.21,0.21,4.0,4,N,6608
0.21,0.21,4.0,5,N,6609
0.21,0.21,4.300000000000002,1,N,6610
0.21,0.21,4.300000000000002,2,N,6611
0.21,0.21,4.300000000000002,3,N,6612
0.21,0.21,4.300000000000002,4,N,6613
0.21,0.21,4.300000000000002,5,N,6614
0.21,0.21,4.6000000000000005,1,N,6615
0.21,0.21,4.6000000000000005,2,N,6616
0.21,0.21,4.6000000000000005,3,N,6617
0.21,0.21,4.6000000000000005,4,N,6618
0.21,0.21,4.6000000000000005,5,N,6619
0.21,0.21,4.9,1,N,6620
0.21,0.21,4.9,2,N,6621
0.21,0.21,4.9,3,N,6622
0.21,0.21,4.9,4,N,6623
0.21,0.21,4.9,5,N,6624
0.21,0.31000000000000005,0.01,1,N,6625
0.21,0.31000000000000005,0.01,2,N,6626
0.21,0.31000000000000005,0.01,3,N,6627
0.21,0.31000000000000005,0.01,4,N,6628
0.21,0.31000000000000005,0.01,5,N,6629
0.21,0.31000000000000005,0.11,1,N,6630
0.21,0.31000000000000005,0.11,2,N,6631
0.21,0.31000000000000005,0.11,3,N,6632
0.21,0.31000000000000005,0.11,4,N,6633
0.21,0.31000000000000005,0.11,5,N,6634
0.21,0.31000000000000005,0.21,1,N,6635
0.21,0.31000000000000005,0.21,2,N,6636
0.21,0.31000000000000005,0.21,3,N,6637
0.21,0.31000000000000005,0.21,4,N,6638
0.21,0.31000000000000005,0.21,5,N,6639
0.21,0.31000000000000005,0.31000000000000005,1,N,6640
0.21,0.31000000000000005,0.31000000000000005,2,N,6641
0.21,0.31000000000000005,0.31000000000000005,3,N,6642
0.21,0.31000000000000005,0.31000000000000005,4,N,6643
0.21,0.31000000000000005,0.31000000000000005,5,N,6644
0.21,0.31000000000000005,0.41,1,N,6645
0.21,0.31000000000000005,0.41,2,N,6646
0.21,0.31000000000000005,0.41,3,N,6647
0.21,0.31000000000000005,0.41,4,N,6648
0.21,0.31000000000000005,0.41,5,N,6649
0.21,0.31000000000000005,0.51,1,N,6650
0.21,0.31000000000000005,0.51,2,N,6651
0.21,0.31000000000000005,0.51,3,N,6652
0.21,0.31000000000000005,0.51,4,N,6653
0.21,0.31000000000000005,0.51,5,N,6654
0.21,0.31000000000000005,0.6100000000000001,1,N,6655
0.21,0.31000000000000005,0.6100000000000001,2,N,6656
0.21,0.31000000000000005,0.6100000000000001,3,N,6657
0.21,0.31000000000000005,0.6100000000000001,4,N,6658
0.21,0.31000000000000005,0.6100000000000001,5,N,6659
0.21,0.31000000000000005,0.7100000000000001,1,N,6660
0.21,0.31000000000000005,0.7100000000000001,2,N,6661
0.21,0.31000000000000005,0.7100000000000001,3,N,6662
0.21,0.31000000000000005,0.7100000000000001,4,N,6663
0.21,0.31000000000000005,0.7100000000000001,5,N,6664
0.21,0.31000000000000005,0.81,1,N,6665
0.21,0.31000000000000005,0.81,2,N,6666
0.21,0.31000000000000005,0.81,3,N,6667
0.21,0.31000000000000005,0.81,4,N,6668
0.21,0.31000000000000005,0.81,5,N,6669
0.21,0.31000000000000005,0.91,1,N,6670
0.21,0.31000000000000005,0.91,2,N,6671
0.21,0.31000000000000005,0.91,3,N,6672
0.21,0.31000000000000005,0.91,4,N,6673
0.21,0.31000000000000005,0.91,5,N,6674
0.21,0.31000000000000005,1.01,1,N,6675
0.21,0.31000000000000005,1.01,2,N,6676
0.21,0.31000000000000005,1.01,3,N,6677
0.21,0.31000000000000005,1.01,4,N,6678
0.21,0.31000000000000005,1.01,5,N,6679
0.21,0.31000000000000005,1.11,1,N,6680
0.21,0.31000000000000005,1.11,2,N,6681
0.21,0.31000000000000005,1.11,3,N,6682
0.21,0.31000000000000005,1.11,4,N,6683
0.21,0.31000000000000005,1.11,5,N,6684
0.21,0.31000000000000005,1.3,1,N,6685
0.21,0.31000000000000005,1.3,2,N,6686
0.21,0.31000000000000005,1.3,3,N,6687
0.21,0.31000000000000005,1.3,4,N,6688
0.21,0.31000000000000005,1.3,5,N,6689
0.21,0.31000000000000005,1.6,1,N,6690
0.21,0.31000000000000005,1.6,2,N,6691
0.21,0.31000000000000005,1.6,3,N,6692
0.21,0.31000000000000005,1.6,4,N,6693
0.21,0.31000000000000005,1.6,5,N,6694
0.21,0.31000000000000005,1.9,1,N,6695
0.21,0.31000000000000005,1.9,2,N,6696
0.21,0.31000000000000005,1.9,3,N,6697
0.21,0.31000000000000005,1.9,4,N,6698
0.21,0.31000000000000005,1.9,5,N,6699
0.21,0.31000000000000005,2.2,1,N,6700
0.21,0.31000000000000005,2.2,2,N,6701
0.21,0.31000000000000005,2.2,3,N,6702
0.21,0.31000000000000005,2.2,4,N,6703
0.21,0.31000000000000005,2.2,5,N,6704
0.21,0.31000000000000005,2.5,1,N,6705
0.21,0.31000000000000005,2.5,2,N,6706
0.21,0.31000000000000005,2.5,3,N,6707
0.21,0.31000000000000005,2.5,4,N,6708
0.21,0.31000000000000005,2.5,5,N,6709
0.21,0.31000000000000005,2.8000000000000003,1,N,6710
0.21,0.31000000000000005,2.8000000000000003,2,N,6711
0.21,0.31000000000000005,2.8000000000000003,3,N,6712
0.21,0.31000000000000005,2.8000000000000003,4,N,6713
0.21,0.31000000000000005,2.8000000000000003,5,N,6714
0.21,0.31000000000000005,3.1000000000000005,1,N,6715
0.21,0.31000000000000005,3.1000000000000005,2,N,6716
0.21,0.31000000000000005,3.1000000000000005,3,N,6717
0.21,0.31000000000000005,3.1000000000000005,4,N,6718
0.21,0.31000000000000005,3.1000000000000005,5,N,6719
0.21,0.31000000000000005,3.4000000000000004,1,N,6720
0.21,0.31000000000000005,3.4000000000000004,2,N,6721
0.21,0.31000000000000005,3.4000000000000004,3,N,6722
0.21,0.31000000000000005,3.4000000000000004,4,N,6723
0.21,0.31000000000000005,3.4000000000000004,5,N,6724
0.21,0.31000000000000005,3.7,1,N,6725
0.21,0.31000000000000005,3.7,2,N,6726
0.21,0.31000000000000005,3.7,3,N,6727
0.21,0.31000000000000005,3.7,4,N,6728
0.21,0.31000000000000005,3.7,5,N,6729
0.21,0.31000000000000005,4.0,1,N,6730
0.21,0.31000000000000005,4.0,2,N,6731
0.21,0.31000000000000005,4.0,3,N,6732
0.21,0.31000000000000005,4.0,4,N,6733
0.21,0.31000000000000005,4.0,5,N,6734
0.21,0.31000000000000005,4.300000000000002,1,N,6735
0.21,0.31000000000000005,4.300000000000002,2,N,6736
0.21,0.31000000000000005,4.300000000000002,3,N,6737
0.21,0.31000000000000005,4.300000000000002,4,N,6738
0.21,0.31000000000000005,4.300000000000002,5,N,6739
0.21,0.31000000000000005,4.6000000000000005,1,N,6740
0.21,0.31000000000000005,4.6000000000000005,2,N,6741
0.21,0.31000000000000005,4.6000000000000005,3,N,6742
0.21,0.31000000000000005,4.6000000000000005,4,N,6743
0.21,0.31000000000000005,4.6000000000000005,5,N,6744
0.21,0.31000000000000005,4.9,1,N,6745
0.21,0.31000000000000005,4.9,2,N,6746
0.21,0.31000000000000005,4.9,3,N,6747
0.21,0.31000000000000005,4.9,4,N,6748
0.21,0.31000000000000005,4.9,5,N,6749
0.21,0.41,0.01,1,N,6750
0.21,0.41,0.01,2,N,6751
0.21,0.41,0.01,3,N,6752
0.21,0.41,0.01,4,N,6753
0.21,0.41,0.01,5,N,6754
0.21,0.41,0.11,1,N,6755
0.21,0.41,0.11,2,N,6756
0.21,0.41,0.11,3,N,6757
0.21,0.41,0.11,4,N,6758
0.21,0.41,0.11,5,N,6759
0.21,0.41,0.21,1,N,6760
0.21,0.41,0.21,2,N,6761
0.21,0.41,0.21,3,N,6762
0.21,0.41,0.21,4,N,6763
0.21,0.41,0.21,5,N,6764
0.21,0.41,0.31000000000000005,1,N,6765
0.21,0.41,0.31000000000000005,2,N,6766
0.21,0.41,0.31000000000000005,3,N,6767
0.21,0.41,0.31000000000000005,4,N,6768
0.21,0.41,0.31000000000000005,5,N,6769
0.21,0.41,0.41,1,N,6770
0.21,0.41,0.41,2,N,6771
0.21,0.41,0.41,3,N,6772
0.21,0.41,0.41,4,N,6773
0.21,0.41,0.41,5,N,6774
0.21,0.41,0.51,1,N,6775
0.21,0.41,0.51,2,N,6776
0.21,0.41,0.51,3,N,6777
0.21,0.41,0.51,4,N,6778
0.21,0.41,0.51,5,N,6779
0.21,0.41,0.6100000000000001,1,N,6780
0.21,0.41,0.6100000000000001,2,N,6781
0.21,0.41,0.6100000000000001,3,N,6782
0.21,0.41,0.6100000000000001,4,N,6783
0.21,0.41,0.6100000000000001,5,N,6784
0.21,0.41,0.7100000000000001,1,N,6785
0.21,0.41,0.7100000000000001,2,N,6786
0.21,0.41,0.7100000000000001,3,N,6787
0.21,0.41,0.7100000000000001,4,N,6788
0.21,0.41,0.7100000000000001,5,N,6789
0.21,0.41,0.81,1,N,6790
0.21,0.41,0.81,2,N,6791
0.21,0.41,0.81,3,N,6792
0.21,0.41,0.81,4,N,6793
0.21,0.41,0.81,5,N,6794
0.21,0.41,0.91,1,N,6795
0.21,0.41,0.91,2,N,6796
0.21,0.41,0.91,3,N,6797
0.21,0.41,0.91,4,N,6798
0.21,0.41,0.91,5,N,6799
0.21,0.41,1.01,1,N,6800
0.21,0.41,1.01,2,N,6801
0.21,0.41,1.01,3,N,6802
0.21,0.41,1.01,4,N,6803
0.21,0.41,1.01,5,N,6804
0.21,0.41,1.11,1,N,6805
0.21,0.41,1.11,2,N,6806
0.21,0.41,1.11,3,N,6807
0.21,0.41,1.11,4,N,6808
0.21,0.41,1.11,5,N,6809
0.21,0.41,1.3,1,N,6810
0.21,0.41,1.3,2,N,6811
0.21,0.41,1.3,3,N,6812
0.21,0.41,1.3,4,N,6813
0.21,0.41,1.3,5,N,6814
0.21,0.41,1.6,1,N,6815
0.21,0.41,1.6,2,N,6816
0.21,0.41,1.6,3,N,6817
0.21,0.41,1.6,4,N,6818
0.21,0.41,1.6,5,N,6819
0.21,0.41,1.9,1,N,6820
0.21,0.41,1.9,2,N,6821
0.21,0.41,1.9,3,N,6822
0.21,0.41,1.9,4,N,6823
0.21,0.41,1.9,5,N,6824
0.21,0.41,2.2,1,N,6825
0.21,0.41,2.2,2,N,6826
0.21,0.41,2.2,3,N,6827
0.21,0.41,2.2,4,N,6828
0.21,0.41,2.2,5,N,6829
0.21,0.41,2.5,1,N,6830
0.21,0.41,2.5,2,N,6831
0.21,0.41,2.5,3,N,6832
0.21,0.41,2.5,4,N,6833
0.21,0.41,2.5,5,N,6834
0.21,0.41,2.8000000000000003,1,N,6835
0.21,0.41,2.8000000000000003,2,N,6836
0.21,0.41,2.8000000000000003,3,N,6837
0.21,0.41,2.8000000000000003,4,N,6838
0.21,0.41,2.8000000000000003,5,N,6839
0.21,0.41,3.1000000000000005,1,N,6840
0.21,0.41,3.1000000000000005,2,N,6841
0.21,0.41,3.1000000000000005,3,N,6842
0.21,0.41,3.1000000000000005,4,N,6843
0.21,0.41,3.1000000000000005,5,N,6844
0.21,0.41,3.4000000000000004,1,N,6845
0.21,0.41,3.4000000000000004,2,N,6846
0.21,0.41,3.4000000000000004,3,N,6847
0.21,0.41,3.4000000000000004,4,N,6848
0.21,0.41,3.4000000000000004,5,N,6849
0.21,0.41,3.7,1,N,6850
0.21,0.41,3.7,2,N,6851
0.21,0.41,3.7,3,N,6852
0.21,0.41,3.7,4,N,6853
0.21,0.41,3.7,5,N,6854
0.21,0.41,4.0,1,N,6855
0.21,0.41,4.0,2,N,6856
0.21,0.41,4.0,3,N,6857
0.21,0.41,4.0,4,N,6858
0.21,0.41,4.0,5,N,6859
0.21,0.41,4.300000000000002,1,N,6860
0.21,0.41,4.300000000000002,2,N,6861
0.21,0.41,4.300000000000002,3,N,6862
0.21,0.41,4.300000000000002,4,N,6863
0.21,0.41,4.300000000000002,5,N,6864
0.21,0.41,4.6000000000000005,1,N,6865
0.21,0.41,4.6000000000000005,2,N,6866
0.21,0.41,4.6000000000000005,3,N,6867
0.21,0.41,4.6000000000000005,4,N,6868
0.21,0.41,4.6000000000000005,5,N,6869
0.21,0.41,4.9,1,N,6870
0.21,0.41,4.9,2,N,6871
0.21,0.41,4.9,3,N,6872
0.21,0.41,4.9,4,N,6873
0.21,0.41,4.9,5,N,6874
0.21,0.51,0.01,1,N,6875
0.21,0.51,0.01,2,N,6876
0.21,0.51,0.01,3,N,6877
0.21,0.51,0.01,4,N,6878
0.21,0.51,0.01,5,N,6879
0.21,0.51,0.11,1,N,6880
0.21,0.51,0.11,2,N,6881
0.21,0.51,0.11,3,N,6882
0.21,0.51,0.11,4,N,6883
0.21,0.51,0.11,5,N,6884
0.21,0.51,0.21,1,N,6885
0.21,0.51,0.21,2,N,6886
0.21,0.51,0.21,3,N,6887
0.21,0.51,0.21,4,N,6888
0.21,0.51,0.21,5,N,6889
0.21,0.51,0.31000000000000005,1,N,6890
0.21,0.51,0.31000000000000005,2,N,6891
0.21,0.51,0.31000000000000005,3,N,6892
0.21,0.51,0.31000000000000005,4,N,6893
0.21,0.51,0.31000000000000005,5,N,6894
0.21,0.51,0.41,1,N,6895
0.21,0.51,0.41,2,N,6896
0.21,0.51,0.41,3,N,6897
0.21,0.51,0.41,4,N,6898
0.21,0.51,0.41,5,N,6899
0.21,0.51,0.51,1,N,6900
0.21,0.51,0.51,2,N,6901
0.21,0.51,0.51,3,N,6902
0.21,0.51,0.51,4,N,6903
0.21,0.51,0.51,5,N,6904
0.21,0.51,0.6100000000000001,1,N,6905
0.21,0.51,0.6100000000000001,2,N,6906
0.21,0.51,0.6100000000000001,3,N,6907
0.21,0.51,0.6100000000000001,4,N,6908
0.21,0.51,0.6100000000000001,5,N,6909
0.21,0.51,0.7100000000000001,1,N,6910
0.21,0.51,0.7100000000000001,2,N,6911
0.21,0.51,0.7100000000000001,3,N,6912
0.21,0.51,0.7100000000000001,4,N,6913
0.21,0.51,0.7100000000000001,5,N,6914
0.21,0.51,0.81,1,N,6915
0.21,0.51,0.81,2,N,6916
0.21,0.51,0.81,3,N,6917
0.21,0.51,0.81,4,N,6918
0.21,0.51,0.81,5,N,6919
0.21,0.51,0.91,1,N,6920
0.21,0.51,0.91,2,N,6921
0.21,0.51,0.91,3,N,6922
0.21,0.51,0.91,4,N,6923
0.21,0.51,0.91,5,N,6924
0.21,0.51,1.01,1,N,6925
0.21,0.51,1.01,2,N,6926
0.21,0.51,1.01,3,N,6927
0.21,0.51,1.01,4,N,6928
0.21,0.51,1.01,5,N,6929
0.21,0.51,1.11,1,N,6930
0.21,0.51,1.11,2,N,6931
0.21,0.51,1.11,3,N,6932
0.21,0.51,1.11,4,N,6933
0.21,0.51,1.11,5,N,6934
0.21,0.51,1.3,1,N,6935
0.21,0.51,1.3,2,N,6936
0.21,0.51,1.3,3,N,6937
0.21,0.51,1.3,4,N,6938
0.21,0.51,1.3,5,N,6939
0.21,0.51,1.6,1,N,6940
0.21,0.51,1.6,2,N,6941
0.21,0.51,1.6,3,N,6942
0.21,0.51,1.6,4,N,6943
0.21,0.51,1.6,5,N,6944
0.21,0.51,1.9,1,N,6945
0.21,0.51,1.9,2,N,6946
0.21,0.51,1.9,3,N,6947
0.21,0.51,1.9,4,N,6948
0.21,0.51,1.9,5,N,6949
0.21,0.51,2.2,1,N,6950
0.21,0.51,2.2,2,N,6951
0.21,0.51,2.2,3,N,6952
0.21,0.51,2.2,4,N,6953
0.21,0.51,2.2,5,N,6954
0.21,0.51,2.5,1,N,6955
0.21,0.51,2.5,2,N,6956
0.21,0.51,2.5,3,N,6957
0.21,0.51,2.5,4,N,6958
0.21,0.51,2.5,5,N,6959
0.21,0.51,2.8000000000000003,1,N,6960
0.21,0.51,2.8000000000000003,2,N,6961
0.21,0.51,2.8000000000000003,3,N,6962
0.21,0.51,2.8000000000000003,4,N,6963
0.21,0.51,2.8000000000000003,5,N,6964
0.21,0.51,3.1000000000000005,1,N,6965
0.21,0.51,3.1000000000000005,2,N,6966
0.21,0.51,3.1000000000000005,3,N,6967
0.21,0.51,3.1000000000000005,4,N,6968
0.21,0.51,3.1000000000000005,5,N,6969
0.21,0.51,3.4000000000000004,1,N,6970
0.21,0.51,3.4000000000000004,2,N,6971
0.21,0.51,3.4000000000000004,3,N,6972
0.21,0.51,3.4000000000000004,4,N,6973
0.21,0.51,3.4000000000000004,5,N,6974
0.21,0.51,3.7,1,N,6975
0.21,0.51,3.7,2,N,6976
0.21,0.51,3.7,3,N,6977
0.21,0.51,3.7,4,N,6978
0.21,0.51,3.7,5,N,6979
0.21,0.51,4.0,1,N,6980
0.21,0.51,4.0,2,N,6981
0.21,0.51,4.0,3,N,6982
0.21,0.51,4.0,4,N,6983
0.21,0.51,4.0,5,N,6984
0.21,0.51,4.300000000000002,1,N,6985
0.21,0.51,4.300000000000002,2,N,6986
0.21,0.51,4.300000000000002,3,N,6987
0.21,0.51,4.300000000000002,4,N,6988
0.21,0.51,4.300000000000002,5,N,6989
0.21,0.51,4.6000000000000005,1,N,6990
0.21,0.51,4.6000000000000005,2,N,6991
0.21,0.51,4.6000000000000005,3,N,6992
0.21,0.51,4.6000000000000005,4,N,6993
0.21,0.51,4.6000000000000005,5,N,6994
0.21,0.51,4.9,1,N,6995
0.21,0.51,4.9,2,N,6996
0.21,0.51,4.9,3,N,6997
0.21,0.51,4.9,4,N,6998
0.21,0.51,4.9,5,N,6999
0.21,0.6100000000000001,0.01,1,N,7000
0.21,0.6100000000000001,0.01,2,N,7001
0.21,0.6100000000000001,0.01,3,N,7002
0.21,0.6100000000000001,0.01,4,N,7003
0.21,0.6100000000000001,0.01,5,N,7004
0.21,0.6100000000000001,0.11,1,N,7005
0.21,0.6100000000000001,0.11,2,N,7006
0.21,0.6100000000000001,0.11,3,N,7007
0.21,0.6100000000000001,0.11,4,N,7008
0.21,0.6100000000000001,0.11,5,N,7009
0.21,0.6100000000000001,0.21,1,N,7010
0.21,0.6100000000000001,0.21,2,N,7011
0.21,0.6100000000000001,0.21,3,N,7012
0.21,0.6100000000000001,0.21,4,N,7013
0.21,0.6100000000000001,0.21,5,N,7014
0.21,0.6100000000000001,0.31000000000000005,1,N,7015
0.21,0.6100000000000001,0.31000000000000005,2,N,7016
0.21,0.6100000000000001,0.31000000000000005,3,N,7017
0.21,0.6100000000000001,0.31000000000000005,4,N,7018
0.21,0.6100000000000001,0.31000000000000005,5,N,7019
0.21,0.6100000000000001,0.41,1,N,7020
0.21,0.6100000000000001,0.41,2,N,7021
0.21,0.6100000000000001,0.41,3,N,7022
0.21,0.6100000000000001,0.41,4,N,7023
0.21,0.6100000000000001,0.41,5,N,7024
0.21,0.6100000000000001,0.51,1,N,7025
0.21,0.6100000000000001,0.51,2,N,7026
0.21,0.6100000000000001,0.51,3,N,7027
0.21,0.6100000000000001,0.51,4,N,7028
0.21,0.6100000000000001,0.51,5,N,7029
0.21,0.6100000000000001,0.6100000000000001,1,N,7030
0.21,0.6100000000000001,0.6100000000000001,2,N,7031
0.21,0.6100000000000001,0.6100000000000001,3,N,7032
0.21,0.6100000000000001,0.6100000000000001,4,N,7033
0.21,0.6100000000000001,0.6100000000000001,5,N,7034
0.21,0.6100000000000001,0.7100000000000001,1,N,7035
0.21,0.6100000000000001,0.7100000000000001,2,N,7036
0.21,0.6100000000000001,0.7100000000000001,3,N,7037
0.21,0.6100000000000001,0.7100000000000001,4,N,7038
0.21,0.6100000000000001,0.7100000000000001,5,N,7039
0.21,0.6100000000000001,0.81,1,N,7040
0.21,0.6100000000000001,0.81,2,N,7041
0.21,0.6100000000000001,0.81,3,N,7042
0.21,0.6100000000000001,0.81,4,N,7043
0.21,0.6100000000000001,0.81,5,N,7044
0.21,0.6100000000000001,0.91,1,N,7045
0.21,0.6100000000000001,0.91,2,N,7046
0.21,0.6100000000000001,0.91,3,N,7047
0.21,0.6100000000000001,0.91,4,N,7048
0.21,0.6100000000000001,0.91,5,N,7049
0.21,0.6100000000000001,1.01,1,N,7050
0.21,0.6100000000000001,1.01,2,N,7051
0.21,0.6100000000000001,1.01,3,N,7052
0.21,0.6100000000000001,1.01,4,N,7053
0.21,0.6100000000000001,1.01,5,N,7054
0.21,0.6100000000000001,1.11,1,N,7055
0.21,0.6100000000000001,1.11,2,N,7056
0.21,0.6100000000000001,1.11,3,N,7057
0.21,0.6100000000000001,1.11,4,N,7058
0.21,0.6100000000000001,1.11,5,N,7059
0.21,0.6100000000000001,1.3,1,N,7060
0.21,0.6100000000000001,1.3,2,N,7061
0.21,0.6100000000000001,1.3,3,N,7062
0.21,0.6100000000000001,1.3,4,N,7063
0.21,0.6100000000000001,1.3,5,N,7064
0.21,0.6100000000000001,1.6,1,N,7065
0.21,0.6100000000000001,1.6,2,N,7066
0.21,0.6100000000000001,1.6,3,N,7067
0.21,0.6100000000000001,1.6,4,N,7068
0.21,0.6100000000000001,1.6,5,N,7069
0.21,0.6100000000000001,1.9,1,N,7070
0.21,0.6100000000000001,1.9,2,N,7071
0.21,0.6100000000000001,1.9,3,N,7072
0.21,0.6100000000000001,1.9,4,N,7073
0.21,0.6100000000000001,1.9,5,N,7074
0.21,0.6100000000000001,2.2,1,N,7075
0.21,0.6100000000000001,2.2,2,N,7076
0.21,0.6100000000000001,2.2,3,N,7077
0.21,0.6100000000000001,2.2,4,N,7078
0.21,0.6100000000000001,2.2,5,N,7079
0.21,0.6100000000000001,2.5,1,N,7080
0.21,0.6100000000000001,2.5,2,N,7081
0.21,0.6100000000000001,2.5,3,N,7082
0.21,0.6100000000000001,2.5,4,N,7083
0.21,0.6100000000000001,2.5,5,N,7084
0.21,0.6100000000000001,2.8000000000000003,1,N,7085
0.21,0.6100000000000001,2.8000000000000003,2,N,7086
0.21,0.6100000000000001,2.8000000000000003,3,N,7087
0.21,0.6100000000000001,2.8000000000000003,4,N,7088
0.21,0.6100000000000001,2.8000000000000003,5,N,7089
0.21,0.6100000000000001,3.1000000000000005,1,N,7090
0.21,0.6100000000000001,3.1000000000000005,2,N,7091
0.21,0.6100000000000001,3.1000000000000005,3,N,7092
0.21,0.6100000000000001,3.1000000000000005,4,N,7093
0.21,0.6100000000000001,3.1000000000000005,5,N,7094
0.21,0.6100000000000001,3.4000000000000004,1,N,7095
0.21,0.6100000000000001,3.4000000000000004,2,N,7096
0.21,0.6100000000000001,3.4000000000000004,3,N,7097
0.21,0.6100000000000001,3.4000000000000004,4,N,7098
0.21,0.6100000000000001,3.4000000000000004,5,N,7099
0.21,0.6100000000000001,3.7,1,N,7100
0.21,0.6100000000000001,3.7,2,N,7101
0.21,0.6100000000000001,3.7,3,N,7102
0.21,0.6100000000000001,3.7,4,N,7103
0.21,0.6100000000000001,3.7,5,N,7104
0.21,0.6100000000000001,4.0,1,N,7105
0.21,0.6100000000000001,4.0,2,N,7106
0.21,0.6100000000000001,4.0,3,N,7107
0.21,0.6100000000000001,4.0,4,N,7108
0.21,0.6100000000000001,4.0,5,N,7109
0.21,0.6100000000000001,4.300000000000002,1,N,7110
0.21,0.6100000000000001,4.300000000000002,2,N,7111
0.21,0.6100000000000001,4.300000000000002,3,N,7112
0.21,0.6100000000000001,4.300000000000002,4,N,7113
0.21,0.6100000000000001,4.300000000000002,5,N,7114
0.21,0.6100000000000001,4.6000000000000005,1,N,7115
0.21,0.6100000000000001,4.6000000000000005,2,N,7116
0.21,0.6100000000000001,4.6000000000000005,3,N,7117
0.21,0.6100000000000001,4.6000000000000005,4,N,7118
0.21,0.6100000000000001,4.6000000000000005,5,N,7119
0.21,0.6100000000000001,4.9,1,N,7120
0.21,0.6100000000000001,4.9,2,N,7121
0.21,0.6100000000000001,4.9,3,N,7122
0.21,0.6100000000000001,4.9,4,N,7123
0.21,0.6100000000000001,4.9,5,N,7124
0.21,0.7100000000000001,0.01,1,N,7125
0.21,0.7100000000000001,0.01,2,N,7126
0.21,0.7100000000000001,0.01,3,N,7127
0.21,0.7100000000000001,0.01,4,N,7128
0.21,0.7100000000000001,0.01,5,N,7129
0.21,0.7100000000000001,0.11,1,N,7130
0.21,0.7100000000000001,0.11,2,N,7131
0.21,0.7100000000000001,0.11,3,N,7132
0.21,0.7100000000000001,0.11,4,N,7133
0.21,0.7100000000000001,0.11,5,N,7134
0.21,0.7100000000000001,0.21,1,N,7135
0.21,0.7100000000000001,0.21,2,N,7136
0.21,0.7100000000000001,0.21,3,N,7137
0.21,0.7100000000000001,0.21,4,N,7138
0.21,0.7100000000000001,0.21,5,N,7139
0.21,0.7100000000000001,0.31000000000000005,1,N,7140
0.21,0.7100000000000001,0.31000000000000005,2,N,7141
0.21,0.7100000000000001,0.31000000000000005,3,N,7142
0.21,0.7100000000000001,0.31000000000000005,4,N,7143
0.21,0.7100000000000001,0.31000000000000005,5,N,7144
0.21,0.7100000000000001,0.41,1,N,7145
0.21,0.7100000000000001,0.41,2,N,7146
0.21,0.7100000000000001,0.41,3,N,7147
0.21,0.7100000000000001,0.41,4,N,7148
0.21,0.7100000000000001,0.41,5,N,7149
0.21,0.7100000000000001,0.51,1,N,7150
0.21,0.7100000000000001,0.51,2,N,7151
0.21,0.7100000000000001,0.51,3,N,7152
0.21,0.7100000000000001,0.51,4,N,7153
0.21,0.7100000000000001,0.51,5,N,7154
0.21,0.7100000000000001,0.6100000000000001,1,N,7155
0.21,0.7100000000000001,0.6100000000000001,2,N,7156
0.21,0.7100000000000001,0.6100000000000001,3,N,7157
0.21,0.7100000000000001,0.6100000000000001,4,N,7158
0.21,0.7100000000000001,0.6100000000000001,5,N,7159
0.21,0.7100000000000001,0.7100000000000001,1,N,7160
0.21,0.7100000000000001,0.7100000000000001,2,N,7161
0.21,0.7100000000000001,0.7100000000000001,3,N,7162
0.21,0.7100000000000001,0.7100000000000001,4,N,7163
0.21,0.7100000000000001,0.7100000000000001,5,N,7164
0.21,0.7100000000000001,0.81,1,N,7165
0.21,0.7100000000000001,0.81,2,N,7166
0.21,0.7100000000000001,0.81,3,N,7167
0.21,0.7100000000000001,0.81,4,N,7168
0.21,0.7100000000000001,0.81,5,N,7169
0.21,0.7100000000000001,0.91,1,N,7170
0.21,0.7100000000000001,0.91,2,N,7171
0.21,0.7100000000000001,0.91,3,N,7172
0.21,0.7100000000000001,0.91,4,N,7173
0.21,0.7100000000000001,0.91,5,N,7174
0.21,0.7100000000000001,1.01,1,N,7175
0.21,0.7100000000000001,1.01,2,N,7176
0.21,0.7100000000000001,1.01,3,N,7177
0.21,0.7100000000000001,1.01,4,N,7178
0.21,0.7100000000000001,1.01,5,N,7179
0.21,0.7100000000000001,1.11,1,N,7180
0.21,0.7100000000000001,1.11,2,N,7181
0.21,0.7100000000000001,1.11,3,N,7182
0.21,0.7100000000000001,1.11,4,N,7183
0.21,0.7100000000000001,1.11,5,N,7184
0.21,0.7100000000000001,1.3,1,N,7185
0.21,0.7100000000000001,1.3,2,N,7186
0.21,0.7100000000000001,1.3,3,N,7187
0.21,0.7100000000000001,1.3,4,N,7188
0.21,0.7100000000000001,1.3,5,N,7189
0.21,0.7100000000000001,1.6,1,N,7190
0.21,0.7100000000000001,1.6,2,N,7191
0.21,0.7100000000000001,1.6,3,N,7192
0.21,0.7100000000000001,1.6,4,N,7193
0.21,0.7100000000000001,1.6,5,N,7194
0.21,0.7100000000000001,1.9,1,N,7195
0.21,0.7100000000000001,1.9,2,N,7196
0.21,0.7100000000000001,1.9,3,N,7197
0.21,0.7100000000000001,1.9,4,N,7198
0.21,0.7100000000000001,1.9,5,N,7199
0.21,0.7100000000000001,2.2,1,N,7200
0.21,0.7100000000000001,2.2,2,N,7201
0.21,0.7100000000000001,2.2,3,N,7202
0.21,0.7100000000000001,2.2,4,N,7203
0.21,0.7100000000000001,2.2,5,N,7204
0.21,0.7100000000000001,2.5,1,N,7205
0.21,0.7100000000000001,2.5,2,N,7206
0.21,0.7100000000000001,2.5,3,N,7207
0.21,0.7100000000000001,2.5,4,N,7208
0.21,0.7100000000000001,2.5,5,N,7209
0.21,0.7100000000000001,2.8000000000000003,1,N,7210
0.21,0.7100000000000001,2.8000000000000003,2,N,7211
0.21,0.7100000000000001,2.8000000000000003,3,N,7212
0.21,0.7100000000000001,2.8000000000000003,4,N,7213
0.21,0.7100000000000001,2.8000000000000003,5,N,7214
0.21,0.7100000000000001,3.1000000000000005,1,N,7215
0.21,0.7100000000000001,3.1000000000000005,2,N,7216
0.21,0.7100000000000001,3.1000000000000005,3,N,7217
0.21,0.7100000000000001,3.1000000000000005,4,N,7218
0.21,0.7100000000000001,3.1000000000000005,5,N,7219
0.21,0.7100000000000001,3.4000000000000004,1,N,7220
0.21,0.7100000000000001,3.4000000000000004,2,N,7221
0.21,0.7100000000000001,3.4000000000000004,3,N,7222
0.21,0.7100000000000001,3.4000000000000004,4,N,7223
0.21,0.7100000000000001,3.4000000000000004,5,N,7224
0.21,0.7100000000000001,3.7,1,N,7225
0.21,0.7100000000000001,3.7,2,N,7226
0.21,0.7100000000000001,3.7,3,N,7227
0.21,0.7100000000000001,3.7,4,N,7228
0.21,0.7100000000000001,3.7,5,N,7229
0.21,0.7100000000000001,4.0,1,N,7230
0.21,0.7100000000000001,4.0,2,N,7231
0.21,0.7100000000000001,4.0,3,N,7232
0.21,0.7100000000000001,4.0,4,N,7233
0.21,0.7100000000000001,4.0,5,N,7234
0.21,0.7100000000000001,4.300000000000002,1,N,7235
0.21,0.7100000000000001,4.300000000000002,2,N,7236
0.21,0.7100000000000001,4.300000000000002,3,N,7237
0.21,0.7100000000000001,4.300000000000002,4,N,7238
0.21,0.7100000000000001,4.300000000000002,5,N,7239
0.21,0.7100000000000001,4.6000000000000005,1,N,7240
0.21,0.7100000000000001,4.6000000000000005,2,N,7241
0.21,0.7100000000000001,4.6000000000000005,3,N,7242
0.21,0.7100000000000001,4.6000000000000005,4,N,7243
0.21,0.7100000000000001,4.6000000000000005,5,N,7244
0.21,0.7100000000000001,4.9,1,N,7245
0.21,0.7100000000000001,4.9,2,N,7246
0.21,0.7100000000000001,4.9,3,N,7247
0.21,0.7100000000000001,4.9,4,N,7248
0.21,0.7100000000000001,4.9,5,N,7249
0.21,0.81,0.01,1,N,7250
0.21,0.81,0.01,2,N,7251
0.21,0.81,0.01,3,N,7252
0.21,0.81,0.01,4,N,7253
0.21,0.81,0.01,5,N,7254
0.21,0.81,0.11,1,N,7255
0.21,0.81,0.11,2,N,7256
0.21,0.81,0.11,3,N,7257
0.21,0.81,0.11,4,N,7258
0.21,0.81,0.11,5,N,7259
0.21,0.81,0.21,1,N,7260
0.21,0.81,0.21,2,N,7261
0.21,0.81,0.21,3,N,7262
0.21,0.81,0.21,4,N,7263
0.21,0.81,0.21,5,N,7264
0.21,0.81,0.31000000000000005,1,N,7265
0.21,0.81,0.31000000000000005,2,N,7266
0.21,0.81,0.31000000000000005,3,N,7267
0.21,0.81,0.31000000000000005,4,N,7268
0.21,0.81,0.31000000000000005,5,N,7269
0.21,0.81,0.41,1,N,7270
0.21,0.81,0.41,2,N,7271
0.21,0.81,0.41,3,N,7272
0.21,0.81,0.41,4,N,7273
0.21,0.81,0.41,5,N,7274
0.21,0.81,0.51,1,N,7275
0.21,0.81,0.51,2,N,7276
0.21,0.81,0.51,3,N,7277
0.21,0.81,0.51,4,N,7278
0.21,0.81,0.51,5,N,7279
0.21,0.81,0.6100000000000001,1,N,7280
0.21,0.81,0.6100000000000001,2,N,7281
0.21,0.81,0.6100000000000001,3,N,7282
0.21,0.81,0.6100000000000001,4,N,7283
0.21,0.81,0.6100000000000001,5,N,7284
0.21,0.81,0.7100000000000001,1,N,7285
0.21,0.81,0.7100000000000001,2,N,7286
0.21,0.81,0.7100000000000001,3,N,7287
0.21,0.81,0.7100000000000001,4,N,7288
0.21,0.81,0.7100000000000001,5,N,7289
0.21,0.81,0.81,1,N,7290
0.21,0.81,0.81,2,N,7291
0.21,0.81,0.81,3,N,7292
0.21,0.81,0.81,4,N,7293
0.21,0.81,0.81,5,N,7294
0.21,0.81,0.91,1,N,7295
0.21,0.81,0.91,2,N,7296
0.21,0.81,0.91,3,N,7297
0.21,0.81,0.91,4,N,7298
0.21,0.81,0.91,5,N,7299
0.21,0.81,1.01,1,N,7300
0.21,0.81,1.01,2,N,7301
0.21,0.81,1.01,3,N,7302
0.21,0.81,1.01,4,N,7303
0.21,0.81,1.01,5,N,7304
0.21,0.81,1.11,1,N,7305
0.21,0.81,1.11,2,N,7306
0.21,0.81,1.11,3,N,7307
0.21,0.81,1.11,4,N,7308
0.21,0.81,1.11,5,N,7309
0.21,0.81,1.3,1,N,7310
0.21,0.81,1.3,2,N,7311
0.21,0.81,1.3,3,N,7312
0.21,0.81,1.3,4,N,7313
0.21,0.81,1.3,5,N,7314
0.21,0.81,1.6,1,N,7315
0.21,0.81,1.6,2,N,7316
0.21,0.81,1.6,3,N,7317
0.21,0.81,1.6,4,N,7318
0.21,0.81,1.6,5,N,7319
0.21,0.81,1.9,1,N,7320
0.21,0.81,1.9,2,N,7321
0.21,0.81,1.9,3,N,7322
0.21,0.81,1.9,4,N,7323
0.21,0.81,1.9,5,N,7324
0.21,0.81,2.2,1,N,7325
0.21,0.81,2.2,2,N,7326
0.21,0.81,2.2,3,N,7327
0.21,0.81,2.2,4,N,7328
0.21,0.81,2.2,5,N,7329
0.21,0.81,2.5,1,N,7330
0.21,0.81,2.5,2,N,7331
0.21,0.81,2.5,3,N,7332
0.21,0.81,2.5,4,N,7333
0.21,0.81,2.5,5,N,7334
0.21,0.81,2.8000000000000003,1,N,7335
0.21,0.81,2.8000000000000003,2,N,7336
0.21,0.81,2.8000000000000003,3,N,7337
0.21,0.81,2.8000000000000003,4,N,7338
0.21,0.81,2.8000000000000003,5,N,7339
0.21,0.81,3.1000000000000005,1,N,7340
0.21,0.81,3.1000000000000005,2,N,7341
0.21,0.81,3.1000000000000005,3,N,7342
0.21,0.81,3.1000000000000005,4,N,7343
0.21,0.81,3.1000000000000005,5,N,7344
0.21,0.81,3.4000000000000004,1,N,7345
0.21,0.81,3.4000000000000004,2,N,7346
0.21,0.81,3.4000000000000004,3,N,7347
0.21,0.81,3.4000000000000004,4,N,7348
0.21,0.81,3.4000000000000004,5,N,7349
0.21,0.81,3.7,1,N,7350
0.21,0.81,3.7,2,N,7351
0.21,0.81,3.7,3,N,7352
0.21,0.81,3.7,4,N,7353
0.21,0.81,3.7,5,N,7354
0.21,0.81,4.0,1,N,7355
0.21,0.81,4.0,2,N,7356
0.21,0.81,4.0,3,N,7357
0.21,0.81,4.0,4,N,7358
0.21,0.81,4.0,5,N,7359
0.21,0.81,4.300000000000002,1,N,7360
0.21,0.81,4.300000000000002,2,N,7361
0.21,0.81,4.300000000000002,3,N,7362
0.21,0.81,4.300000000000002,4,N,7363
0.21,0.81,4.300000000000002,5,N,7364
0.21,0.81,4.6000000000000005,1,N,7365
0.21,0.81,4.6000000000000005,2,N,7366
0.21,0.81,4.6000000000000005,3,N,7367
0.21,0.81,4.6000000000000005,4,N,7368
0.21,0.81,4.6000000000000005,5,N,7369
0.21,0.81,4.9,1,N,7370
0.21,0.81,4.9,2,N,7371
0.21,0.81,4.9,3,N,7372
0.21,0.81,4.9,4,N,7373
0.21,0.81,4.9,5,N,7374
0.21,0.91,0.01,1,N,7375
0.21,0.91,0.01,2,N,7376
0.21,0.91,0.01,3,N,7377
0.21,0.91,0.01,4,N,7378
0.21,0.91,0.01,5,N,7379
0.21,0.91,0.11,1,N,7380
0.21,0.91,0.11,2,N,7381
0.21,0.91,0.11,3,N,7382
0.21,0.91,0.11,4,N,7383
0.21,0.91,0.11,5,N,7384
0.21,0.91,0.21,1,N,7385
0.21,0.91,0.21,2,N,7386
0.21,0.91,0.21,3,N,7387
0.21,0.91,0.21,4,N,7388
0.21,0.91,0.21,5,N,7389
0.21,0.91,0.31000000000000005,1,N,7390
0.21,0.91,0.31000000000000005,2,N,7391
0.21,0.91,0.31000000000000005,3,N,7392
0.21,0.91,0.31000000000000005,4,N,7393
0.21,0.91,0.31000000000000005,5,N,7394
0.21,0.91,0.41,1,N,7395
0.21,0.91,0.41,2,N,7396
0.21,0.91,0.41,3,N,7397
0.21,0.91,0.41,4,N,7398
0.21,0.91,0.41,5,N,7399
0.21,0.91,0.51,1,N,7400
0.21,0.91,0.51,2,N,7401
0.21,0.91,0.51,3,N,7402
0.21,0.91,0.51,4,N,7403
0.21,0.91,0.51,5,N,7404
0.21,0.91,0.6100000000000001,1,N,7405
0.21,0.91,0.6100000000000001,2,N,7406
0.21,0.91,0.6100000000000001,3,N,7407
0.21,0.91,0.6100000000000001,4,N,7408
0.21,0.91,0.6100000000000001,5,N,7409
0.21,0.91,0.7100000000000001,1,N,7410
0.21,0.91,0.7100000000000001,2,N,7411
0.21,0.91,0.7100000000000001,3,N,7412
0.21,0.91,0.7100000000000001,4,N,7413
0.21,0.91,0.7100000000000001,5,N,7414
0.21,0.91,0.81,1,N,7415
0.21,0.91,0.81,2,N,7416
0.21,0.91,0.81,3,N,7417
0.21,0.91,0.81,4,N,7418
0.21,0.91,0.81,5,N,7419
0.21,0.91,0.91,1,N,7420
0.21,0.91,0.91,2,N,7421
0.21,0.91,0.91,3,N,7422
0.21,0.91,0.91,4,N,7423
0.21,0.91,0.91,5,N,7424
0.21,0.91,1.01,1,N,7425
0.21,0.91,1.01,2,N,7426
0.21,0.91,1.01,3,N,7427
0.21,0.91,1.01,4,N,7428
0.21,0.91,1.01,5,N,7429
0.21,0.91,1.11,1,N,7430
0.21,0.91,1.11,2,N,7431
0.21,0.91,1.11,3,N,7432
0.21,0.91,1.11,4,N,7433
0.21,0.91,1.11,5,N,7434
0.21,0.91,1.3,1,N,7435
0.21,0.91,1.3,2,N,7436
0.21,0.91,1.3,3,N,7437
0.21,0.91,1.3,4,N,7438
0.21,0.91,1.3,5,N,7439
0.21,0.91,1.6,1,N,7440
0.21,0.91,1.6,2,N,7441
0.21,0.91,1.6,3,N,7442
0.21,0.91,1.6,4,N,7443
0.21,0.91,1.6,5,N,7444
0.21,0.91,1.9,1,N,7445
0.21,0.91,1.9,2,N,7446
0.21,0.91,1.9,3,N,7447
0.21,0.91,1.9,4,N,7448
0.21,0.91,1.9,5,N,7449
0.21,0.91,2.2,1,N,7450
0.21,0.91,2.2,2,N,7451
0.21,0.91,2.2,3,N,7452
0.21,0.91,2.2,4,N,7453
0.21,0.91,2.2,5,N,7454
0.21,0.91,2.5,1,N,7455
0.21,0.91,2.5,2,N,7456
0.21,0.91,2.5,3,N,7457
0.21,0.91,2.5,4,N,7458
0.21,0.91,2.5,5,N,7459
0.21,0.91,2.8000000000000003,1,N,7460
0.21,0.91,2.8000000000000003,2,N,7461
0.21,0.91,2.8000000000000003,3,N,7462
0.21,0.91,2.8000000000000003,4,N,7463
0.21,0.91,2.8000000000000003,5,N,7464
0.21,0.91,3.1000000000000005,1,N,7465
0.21,0.91,3.1000000000000005,2,N,7466
0.21,0.91,3.1000000000000005,3,N,7467
0.21,0.91,3.1000000000000005,4,N,7468
0.21,0.91,3.1000000000000005,5,N,7469
0.21,0.91,3.4000000000000004,1,N,7470
0.21,0.91,3.4000000000000004,2,N,7471
0.21,0.91,3.4000000000000004,3,N,7472
0.21,0.91,3.4000000000000004,4,N,7473
0.21,0.91,3.4000000000000004,5,N,7474
0.21,0.91,3.7,1,N,7475
0.21,0.91,3.7,2,N,7476
0.21,0.91,3.7,3,N,7477
0.21,0.91,3.7,4,N,7478
0.21,0.91,3.7,5,N,7479
0.21,0.91,4.0,1,N,7480
0.21,0.91,4.0,2,N,7481
0.21,0.91,4.0,3,N,7482
0.21,0.91,4.0,4,N,7483
0.21,0.91,4.0,5,N,7484
0.21,0.91,4.300000000000002,1,N,7485
0.21,0.91,4.300000000000002,2,N,7486
0.21,0.91,4.300000000000002,3,N,7487
0.21,0.91,4.300000000000002,4,N,7488
0.21,0.91,4.300000000000002,5,N,7489
0.21,0.91,4.6000000000000005,1,N,7490
0.21,0.91,4.6000000000000005,2,N,7491
0.21,0.91,4.6000000000000005,3,N,7492
0.21,0.91,4.6000000000000005,4,N,7493
0.21,0.91,4.6000000000000005,5,N,7494
0.21,0.91,4.9,1,N,7495
0.21,0.91,4.9,2,N,7496
0.21,0.91,4.9,3,N,7497
0.21,0.91,4.9,4,N,7498
0.21,0.91,4.9,5,N,7499
0.21,1.01,0.01,1,N,7500
0.21,1.01,0.01,2,N,7501
0.21,1.01,0.01,3,N,7502
0.21,1.01,0.01,4,N,7503
0.21,1.01,0.01,5,N,7504
0.21,1.01,0.11,1,N,7505
0.21,1.01,0.11,2,N,7506
0.21,1.01,0.11,3,N,7507
0.21,1.01,0.11,4,N,7508
0.21,1.01,0.11,5,N,7509
0.21,1.01,0.21,1,N,7510
0.21,1.01,0.21,2,N,7511
0.21,1.01,0.21,3,N,7512
0.21,1.01,0.21,4,N,7513
0.21,1.01,0.21,5,N,7514
0.21,1.01,0.31000000000000005,1,N,7515
0.21,1.01,0.31000000000000005,2,N,7516
0.21,1.01,0.31000000000000005,3,N,7517
0.21,1.01,0.31000000000000005,4,N,7518
0.21,1.01,0.31000000000000005,5,N,7519
0.21,1.01,0.41,1,N,7520
0.21,1.01,0.41,2,N,7521
0.21,1.01,0.41,3,N,7522
0.21,1.01,0.41,4,N,7523
0.21,1.01,0.41,5,N,7524
0.21,1.01,0.51,1,N,7525
0.21,1.01,0.51,2,N,7526
0.21,1.01,0.51,3,N,7527
0.21,1.01,0.51,4,N,7528
0.21,1.01,0.51,5,N,7529
0.21,1.01,0.6100000000000001,1,N,7530
0.21,1.01,0.6100000000000001,2,N,7531
0.21,1.01,0.6100000000000001,3,N,7532
0.21,1.01,0.6100000000000001,4,N,7533
0.21,1.01,0.6100000000000001,5,N,7534
0.21,1.01,0.7100000000000001,1,N,7535
0.21,1.01,0.7100000000000001,2,N,7536
0.21,1.01,0.7100000000000001,3,N,7537
0.21,1.01,0.7100000000000001,4,N,7538
0.21,1.01,0.7100000000000001,5,N,7539
0.21,1.01,0.81,1,N,7540
0.21,1.01,0.81,2,N,7541
0.21,1.01,0.81,3,N,7542
0.21,1.01,0.81,4,N,7543
0.21,1.01,0.81,5,N,7544
0.21,1.01,0.91,1,N,7545
0.21,1.01,0.91,2,N,7546
0.21,1.01,0.91,3,N,7547
0.21,1.01,0.91,4,N,7548
0.21,1.01,0.91,5,N,7549
0.21,1.01,1.01,1,N,7550
0.21,1.01,1.01,2,N,7551
0.21,1.01,1.01,3,N,7552
0.21,1.01,1.01,4,N,7553
0.21,1.01,1.01,5,N,7554
0.21,1.01,1.11,1,N,7555
0.21,1.01,1.11,2,N,7556
0.21,1.01,1.11,3,N,7557
0.21,1.01,1.11,4,N,7558
0.21,1.01,1.11,5,N,7559
0.21,1.01,1.3,1,N,7560
0.21,1.01,1.3,2,N,7561
0.21,1.01,1.3,3,N,7562
0.21,1.01,1.3,4,N,7563
0.21,1.01,1.3,5,N,7564
0.21,1.01,1.6,1,N,7565
0.21,1.01,1.6,2,N,7566
0.21,1.01,1.6,3,N,7567
0.21,1.01,1.6,4,N,7568
0.21,1.01,1.6,5,N,7569
0.21,1.01,1.9,1,N,7570
0.21,1.01,1.9,2,N,7571
0.21,1.01,1.9,3,N,7572
0.21,1.01,1.9,4,N,7573
0.21,1.01,1.9,5,N,7574
0.21,1.01,2.2,1,N,7575
0.21,1.01,2.2,2,N,7576
0.21,1.01,2.2,3,N,7577
0.21,1.01,2.2,4,N,7578
0.21,1.01,2.2,5,N,7579
0.21,1.01,2.5,1,N,7580
0.21,1.01,2.5,2,N,7581
0.21,1.01,2.5,3,N,7582
0.21,1.01,2.5,4,N,7583
0.21,1.01,2.5,5,N,7584
0.21,1.01,2.8000000000000003,1,N,7585
0.21,1.01,2.8000000000000003,2,N,7586
0.21,1.01,2.8000000000000003,3,N,7587
0.21,1.01,2.8000000000000003,4,N,7588
0.21,1.01,2.8000000000000003,5,N,7589
0.21,1.01,3.1000000000000005,1,N,7590
0.21,1.01,3.1000000000000005,2,N,7591
0.21,1.01,3.1000000000000005,3,N,7592
0.21,1.01,3.1000000000000005,4,N,7593
0.21,1.01,3.1000000000000005,5,N,7594
0.21,1.01,3.4000000000000004,1,N,7595
0.21,1.01,3.4000000000000004,2,N,7596
0.21,1.01,3.4000000000000004,3,N,7597
0.21,1.01,3.4000000000000004,4,N,7598
0.21,1.01,3.4000000000000004,5,N,7599
0.21,1.01,3.7,1,N,7600
0.21,1.01,3.7,2,N,7601
0.21,1.01,3.7,3,N,7602
0.21,1.01,3.7,4,N,7603
0.21,1.01,3.7,5,N,7604
0.21,1.01,4.0,1,N,7605
0.21,1.01,4.0,2,N,7606
0.21,1.01,4.0,3,N,7607
0.21,1.01,4.0,4,N,7608
0.21,1.01,4.0,5,N,7609
0.21,1.01,4.300000000000002,1,N,7610
0.21,1.01,4.300000000000002,2,N,7611
0.21,1.01,4.300000000000002,3,N,7612
0.21,1.01,4.300000000000002,4,N,7613
0.21,1.01,4.300000000000002,5,N,7614
0.21,1.01,4.6000000000000005,1,N,7615
0.21,1.01,4.6000000000000005,2,N,7616
0.21,1.01,4.6000000000000005,3,N,7617
0.21,1.01,4.6000000000000005,4,N,7618
0.21,1.01,4.6000000000000005,5,N,7619
0.21,1.01,4.9,1,N,7620
0.21,1.01,4.9,2,N,7621
0.21,1.01,4.9,3,N,7622
0.21,1.01,4.9,4,N,7623
0.21,1.01,4.9,5,N,7624
0.21,1.11,0.01,1,N,7625
0.21,1.11,0.01,2,N,7626
0.21,1.11,0.01,3,N,7627
0.21,1.11,0.01,4,N,7628
0.21,1.11,0.01,5,N,7629
0.21,1.11,0.11,1,N,7630
0.21,1.11,0.11,2,N,7631
0.21,1.11,0.11,3,N,7632
0.21,1.11,0.11,4,N,7633
0.21,1.11,0.11,5,N,7634
0.21,1.11,0.21,1,N,7635
0.21,1.11,0.21,2,N,7636
0.21,1.11,0.21,3,N,7637
0.21,1.11,0.21,4,N,7638
0.21,1.11,0.21,5,N,7639
0.21,1.11,0.31000000000000005,1,N,7640
0.21,1.11,0.31000000000000005,2,N,7641
0.21,1.11,0.31000000000000005,3,N,7642
0.21,1.11,0.31000000000000005,4,N,7643
0.21,1.11,0.31000000000000005,5,N,7644
0.21,1.11,0.41,1,N,7645
0.21,1.11,0.41,2,N,7646
0.21,1.11,0.41,3,N,7647
0.21,1.11,0.41,4,N,7648
0.21,1.11,0.41,5,N,7649
0.21,1.11,0.51,1,N,7650
0.21,1.11,0.51,2,N,7651
0.21,1.11,0.51,3,N,7652
0.21,1.11,0.51,4,N,7653
0.21,1.11,0.51,5,N,7654
0.21,1.11,0.6100000000000001,1,N,7655
0.21,1.11,0.6100000000000001,2,N,7656
0.21,1.11,0.6100000000000001,3,N,7657
0.21,1.11,0.6100000000000001,4,N,7658
0.21,1.11,0.6100000000000001,5,N,7659
0.21,1.11,0.7100000000000001,1,N,7660
0.21,1.11,0.7100000000000001,2,N,7661
0.21,1.11,0.7100000000000001,3,N,7662
0.21,1.11,0.7100000000000001,4,N,7663
0.21,1.11,0.7100000000000001,5,N,7664
0.21,1.11,0.81,1,N,7665
0.21,1.11,0.81,2,N,7666
0.21,1.11,0.81,3,N,7667
0.21,1.11,0.81,4,N,7668
0.21,1.11,0.81,5,N,7669
0.21,1.11,0.91,1,N,7670
0.21,1.11,0.91,2,N,7671
0.21,1.11,0.91,3,N,7672
0.21,1.11,0.91,4,N,7673
0.21,1.11,0.91,5,N,7674
0.21,1.11,1.01,1,N,7675
0.21,1.11,1.01,2,N,7676
0.21,1.11,1.01,3,N,7677
0.21,1.11,1.01,4,N,7678
0.21,1.11,1.01,5,N,7679
0.21,1.11,1.11,1,N,7680
0.21,1.11,1.11,2,N,7681
0.21,1.11,1.11,3,N,7682
0.21,1.11,1.11,4,N,7683
0.21,1.11,1.11,5,N,7684
0.21,1.11,1.3,1,N,7685
0.21,1.11,1.3,2,N,7686
0.21,1.11,1.3,3,N,7687
0.21,1.11,1.3,4,N,7688
0.21,1.11,1.3,5,N,7689
0.21,1.11,1.6,1,N,7690
0.21,1.11,1.6,2,N,7691
0.21,1.11,1.6,3,N,7692
0.21,1.11,1.6,4,N,7693
0.21,1.11,1.6,5,N,7694
0.21,1.11,1.9,1,N,7695
0.21,1.11,1.9,2,N,7696
0.21,1.11,1.9,3,N,7697
0.21,1.11,1.9,4,N,7698
0.21,1.11,1.9,5,N,7699
0.21,1.11,2.2,1,N,7700
0.21,1.11,2.2,2,N,7701
0.21,1.11,2.2,3,N,7702
0.21,1.11,2.2,4,N,7703
0.21,1.11,2.2,5,N,7704
0.21,1.11,2.5,1,N,7705
0.21,1.11,2.5,2,N,7706
0.21,1.11,2.5,3,N,7707
0.21,1.11,2.5,4,N,7708
0.21,1.11,2.5,5,N,7709
0.21,1.11,2.8000000000000003,1,N,7710
0.21,1.11,2.8000000000000003,2,N,7711
0.21,1.11,2.8000000000000003,3,N,7712
0.21,1.11,2.8000000000000003,4,N,7713
0.21,1.11,2.8000000000000003,5,N,7714
0.21,1.11,3.1000000000000005,1,N,7715
0.21,1.11,3.1000000000000005,2,N,7716
0.21,1.11,3.1000000000000005,3,N,7717
0.21,1.11,3.1000000000000005,4,N,7718
0.21,1.11,3.1000000000000005,5,N,7719
0.21,1.11,3.4000000000000004,1,N,7720
0.21,1.11,3.4000000000000004,2,N,7721
0.21,1.11,3.4000000000000004,3,N,7722
0.21,1.11,3.4000000000000004,4,N,7723
0.21,1.11,3.4000000000000004,5,N,7724
0.21,1.11,3.7,1,N,7725
0.21,1.11,3.7,2,N,7726
0.21,1.11,3.7,3,N,7727
0.21,1.11,3.7,4,N,7728
0.21,1.11,3.7,5,N,7729
0.21,1.11,4.0,1,N,7730
0.21,1.11,4.0,2,N,7731
0.21,1.11,4.0,3,N,7732
0.21,1.11,4.0,4,N,7733
0.21,1.11,4.0,5,N,7734
0.21,1.11,4.300000000000002,1,N,7735
0.21,1.11,4.300000000000002,2,N,7736
0.21,1.11,4.300000000000002,3,N,7737
0.21,1.11,4.300000000000002,4,N,7738
0.21,1.11,4.300000000000002,5,N,7739
0.21,1.11,4.6000000000000005,1,N,7740
0.21,1.11,4.6000000000000005,2,N,7741
0.21,1.11,4.6000000000000005,3,N,7742
0.21,1.11,4.6000000000000005,4,N,7743
0.21,1.11,4.6000000000000005,5,N,7744
0.21,1.11,4.9,1,N,7745
0.21,1.11,4.9,2,N,7746
0.21,1.11,4.9,3,N,7747
0.21,1.11,4.9,4,N,7748
0.21,1.11,4.9,5,N,7749
0.21,1.3,0.01,1,N,7750
0.21,1.3,0.01,2,N,7751
0.21,1.3,0.01,3,N,7752
0.21,1.3,0.01,4,N,7753
0.21,1.3,0.01,5,N,7754
0.21,1.3,0.11,1,N,7755
0.21,1.3,0.11,2,N,7756
0.21,1.3,0.11,3,N,7757
0.21,1.3,0.11,4,N,7758
0.21,1.3,0.11,5,N,7759
0.21,1.3,0.21,1,N,7760
0.21,1.3,0.21,2,N,7761
0.21,1.3,0.21,3,N,7762
0.21,1.3,0.21,4,N,7763
0.21,1.3,0.21,5,N,7764
0.21,1.3,0.31000000000000005,1,N,7765
0.21,1.3,0.31000000000000005,2,N,7766
0.21,1.3,0.31000000000000005,3,N,7767
0.21,1.3,0.31000000000000005,4,N,7768
0.21,1.3,0.31000000000000005,5,N,7769
0.21,1.3,0.41,1,N,7770
0.21,1.3,0.41,2,N,7771
0.21,1.3,0.41,3,N,7772
0.21,1.3,0.41,4,N,7773
0.21,1.3,0.41,5,N,7774
0.21,1.3,0.51,1,N,7775
0.21,1.3,0.51,2,N,7776
0.21,1.3,0.51,3,N,7777
0.21,1.3,0.51,4,N,7778
0.21,1.3,0.51,5,N,7779
0.21,1.3,0.6100000000000001,1,N,7780
0.21,1.3,0.6100000000000001,2,N,7781
0.21,1.3,0.6100000000000001,3,N,7782
0.21,1.3,0.6100000000000001,4,N,7783
0.21,1.3,0.6100000000000001,5,N,7784
0.21,1.3,0.7100000000000001,1,N,7785
0.21,1.3,0.7100000000000001,2,N,7786
0.21,1.3,0.7100000000000001,3,N,7787
0.21,1.3,0.7100000000000001,4,N,7788
0.21,1.3,0.7100000000000001,5,N,7789
0.21,1.3,0.81,1,N,7790
0.21,1.3,0.81,2,N,7791
0.21,1.3,0.81,3,N,7792
0.21,1.3,0.81,4,N,7793
0.21,1.3,0.81,5,N,7794
0.21,1.3,0.91,1,N,7795
0.21,1.3,0.91,2,N,7796
0.21,1.3,0.91,3,N,7797
0.21,1.3,0.91,4,N,7798
0.21,1.3,0.91,5,N,7799
0.21,1.3,1.01,1,N,7800
0.21,1.3,1.01,2,N,7801
0.21,1.3,1.01,3,N,7802
0.21,1.3,1.01,4,N,7803
0.21,1.3,1.01,5,N,7804
0.21,1.3,1.11,1,N,7805
0.21,1.3,1.11,2,N,7806
0.21,1.3,1.11,3,N,7807
0.21,1.3,1.11,4,N,7808
0.21,1.3,1.11,5,N,7809
0.21,1.3,1.3,1,N,7810
0.21,1.3,1.3,2,N,7811
0.21,1.3,1.3,3,N,7812
0.21,1.3,1.3,4,N,7813
0.21,1.3,1.3,5,N,7814
0.21,1.3,1.6,1,N,7815
0.21,1.3,1.6,2,N,7816
0.21,1.3,1.6,3,N,7817
0.21,1.3,1.6,4,N,7818
0.21,1.3,1.6,5,N,7819
0.21,1.3,1.9,1,N,7820
0.21,1.3,1.9,2,N,7821
0.21,1.3,1.9,3,N,7822
0.21,1.3,1.9,4,N,7823
0.21,1.3,1.9,5,N,7824
0.21,1.3,2.2,1,N,7825
0.21,1.3,2.2,2,N,7826
0.21,1.3,2.2,3,N,7827
0.21,1.3,2.2,4,N,7828
0.21,1.3,2.2,5,N,7829
0.21,1.3,2.5,1,N,7830
0.21,1.3,2.5,2,N,7831
0.21,1.3,2.5,3,N,7832
0.21,1.3,2.5,4,N,7833
0.21,1.3,2.5,5,N,7834
0.21,1.3,2.8000000000000003,1,N,7835
0.21,1.3,2.8000000000000003,2,N,7836
0.21,1.3,2.8000000000000003,3,N,7837
0.21,1.3,2.8000000000000003,4,N,7838
0.21,1.3,2.8000000000000003,5,N,7839
0.21,1.3,3.1000000000000005,1,N,7840
0.21,1.3,3.1000000000000005,2,N,7841
0.21,1.3,3.1000000000000005,3,N,7842
0.21,1.3,3.1000000000000005,4,N,7843
0.21,1.3,3.1000000000000005,5,N,7844
0.21,1.3,3.4000000000000004,1,N,7845
0.21,1.3,3.4000000000000004,2,N,7846
0.21,1.3,3.4000000000000004,3,N,7847
0.21,1.3,3.4000000000000004,4,N,7848
0.21,1.3,3.4000000000000004,5,N,7849
0.21,1.3,3.7,1,N,7850
0.21,1.3,3.7,2,N,7851
0.21,1.3,3.7,3,N,7852
0.21,1.3,3.7,4,N,7853
0.21,1.3,3.7,5,N,7854
0.21,1.3,4.0,1,N,7855
0.21,1.3,4.0,2,N,7856
0.21,1.3,4.0,3,N,7857
0.21,1.3,4.0,4,N,7858
0.21,1.3,4.0,5,N,7859
0.21,1.3,4.300000000000002,1,N,7860
0.21,1.3,4.300000000000002,2,N,7861
0.21,1.3,4.300000000000002,3,N,7862
0.21,1.3,4.300000000000002,4,N,7863
0.21,1.3,4.300000000000002,5,N,7864
0.21,1.3,4.6000000000000005,1,N,7865
0.21,1.3,4.6000000000000005,2,N,7866
0.21,1.3,4.6000000000000005,3,N,7867
0.21,1.3,4.6000000000000005,4,N,7868
0.21,1.3,4.6000000000000005,5,N,7869
0.21,1.3,4.9,1,N,7870
0.21,1.3,4.9,2,N,7871
0.21,1.3,4.9,3,N,7872
0.21,1.3,4.9,4,N,7873
0.21,1.3,4.9,5,N,7874
0.21,1.6,0.01,1,N,7875
0.21,1.6,0.01,2,N,7876
0.21,1.6,0.01,3,N,7877
0.21,1.6,0.01,4,N,7878
0.21,1.6,0.01,5,N,7879
0.21,1.6,0.11,1,N,7880
0.21,1.6,0.11,2,N,7881
0.21,1.6,0.11,3,N,7882
0.21,1.6,0.11,4,N,7883
0.21,1.6,0.11,5,N,7884
0.21,1.6,0.21,1,N,7885
0.21,1.6,0.21,2,N,7886
0.21,1.6,0.21,3,N,7887
0.21,1.6,0.21,4,N,7888
0.21,1.6,0.21,5,N,7889
0.21,1.6,0.31000000000000005,1,N,7890
0.21,1.6,0.31000000000000005,2,N,7891
0.21,1.6,0.31000000000000005,3,N,7892
0.21,1.6,0.31000000000000005,4,N,7893
0.21,1.6,0.31000000000000005,5,N,7894
0.21,1.6,0.41,1,N,7895
0.21,1.6,0.41,2,N,7896
0.21,1.6,0.41,3,N,7897
0.21,1.6,0.41,4,N,7898
0.21,1.6,0.41,5,N,7899
0.21,1.6,0.51,1,N,7900
0.21,1.6,0.51,2,N,7901
0.21,1.6,0.51,3,N,7902
0.21,1.6,0.51,4,N,7903
0.21,1.6,0.51,5,N,7904
0.21,1.6,0.6100000000000001,1,N,7905
0.21,1.6,0.6100000000000001,2,N,7906
0.21,1.6,0.6100000000000001,3,N,7907
0.21,1.6,0.6100000000000001,4,N,7908
0.21,1.6,0.6100000000000001,5,N,7909
0.21,1.6,0.7100000000000001,1,N,7910
0.21,1.6,0.7100000000000001,2,N,7911
0.21,1.6,0.7100000000000001,3,N,7912
0.21,1.6,0.7100000000000001,4,N,7913
0.21,1.6,0.7100000000000001,5,N,7914
0.21,1.6,0.81,1,N,7915
0.21,1.6,0.81,2,N,7916
0.21,1.6,0.81,3,N,7917
0.21,1.6,0.81,4,N,7918
0.21,1.6,0.81,5,N,7919
0.21,1.6,0.91,1,N,7920
0.21,1.6,0.91,2,N,7921
0.21,1.6,0.91,3,N,7922
0.21,1.6,0.91,4,N,7923
0.21,1.6,0.91,5,N,7924
0.21,1.6,1.01,1,N,7925
0.21,1.6,1.01,2,N,7926
0.21,1.6,1.01,3,N,7927
0.21,1.6,1.01,4,N,7928
0.21,1.6,1.01,5,N,7929
0.21,1.6,1.11,1,N,7930
0.21,1.6,1.11,2,N,7931
0.21,1.6,1.11,3,N,7932
0.21,1.6,1.11,4,N,7933
0.21,1.6,1.11,5,N,7934
0.21,1.6,1.3,1,N,7935
0.21,1.6,1.3,2,N,7936
0.21,1.6,1.3,3,N,7937
0.21,1.6,1.3,4,N,7938
0.21,1.6,1.3,5,N,7939
0.21,1.6,1.6,1,N,7940
0.21,1.6,1.6,2,N,7941
0.21,1.6,1.6,3,N,7942
0.21,1.6,1.6,4,N,7943
0.21,1.6,1.6,5,N,7944
0.21,1.6,1.9,1,N,7945
0.21,1.6,1.9,2,N,7946
0.21,1.6,1.9,3,N,7947
0.21,1.6,1.9,4,N,7948
0.21,1.6,1.9,5,N,7949
0.21,1.6,2.2,1,N,7950
0.21,1.6,2.2,2,N,7951
0.21,1.6,2.2,3,N,7952
0.21,1.6,2.2,4,N,7953
0.21,1.6,2.2,5,N,7954
0.21,1.6,2.5,1,N,7955
0.21,1.6,2.5,2,N,7956
0.21,1.6,2.5,3,N,7957
0.21,1.6,2.5,4,N,7958
0.21,1.6,2.5,5,N,7959
0.21,1.6,2.8000000000000003,1,N,7960
0.21,1.6,2.8000000000000003,2,N,7961
0.21,1.6,2.8000000000000003,3,N,7962
0.21,1.6,2.8000000000000003,4,N,7963
0.21,1.6,2.8000000000000003,5,N,7964
0.21,1.6,3.1000000000000005,1,N,7965
0.21,1.6,3.1000000000000005,2,N,7966
0.21,1.6,3.1000000000000005,3,N,7967
0.21,1.6,3.1000000000000005,4,N,7968
0.21,1.6,3.1000000000000005,5,N,7969
0.21,1.6,3.4000000000000004,1,N,7970
0.21,1.6,3.4000000000000004,2,N,7971
0.21,1.6,3.4000000000000004,3,N,7972
0.21,1.6,3.4000000000000004,4,N,7973
0.21,1.6,3.4000000000000004,5,N,7974
0.21,1.6,3.7,1,N,7975
0.21,1.6,3.7,2,N,7976
0.21,1.6,3.7,3,N,7977
0.21,1.6,3.7,4,N,7978
0.21,1.6,3.7,5,N,7979
0.21,1.6,4.0,1,N,7980
0.21,1.6,4.0,2,N,7981
0.21,1.6,4.0,3,N,7982
0.21,1.6,4.0,4,N,7983
0.21,1.6,4.0,5,N,7984
0.21,1.6,4.300000000000002,1,N,7985
0.21,1.6,4.300000000000002,2,N,7986
0.21,1.6,4.300000000000002,3,N,7987
0.21,1.6,4.300000000000002,4,N,7988
0.21,1.6,4.300000000000002,5,N,7989
0.21,1.6,4.6000000000000005,1,N,7990
0.21,1.6,4.6000000000000005,2,N,7991
0.21,1.6,4.6000000000000005,3,N,7992
0.21,1.6,4.6000000000000005,4,N,7993
0.21,1.6,4.6000000000000005,5,N,7994
0.21,1.6,4.9,1,N,7995
0.21,1.6,4.9,2,N,7996
0.21,1.6,4.9,3,N,7997
0.21,1.6,4.9,4,N,7998
0.21,1.6,4.9,5,N,7999
0.21,1.9,0.01,1,N,8000
0.21,1.9,0.01,2,N,8001
0.21,1.9,0.01,3,N,8002
0.21,1.9,0.01,4,N,8003
0.21,1.9,0.01,5,N,8004
0.21,1.9,0.11,1,N,8005
0.21,1.9,0.11,2,N,8006
0.21,1.9,0.11,3,N,8007
0.21,1.9,0.11,4,N,8008
0.21,1.9,0.11,5,N,8009
0.21,1.9,0.21,1,N,8010
0.21,1.9,0.21,2,N,8011
0.21,1.9,0.21,3,N,8012
0.21,1.9,0.21,4,N,8013
0.21,1.9,0.21,5,N,8014
0.21,1.9,0.31000000000000005,1,N,8015
0.21,1.9,0.31000000000000005,2,N,8016
0.21,1.9,0.31000000000000005,3,N,8017
0.21,1.9,0.31000000000000005,4,N,8018
0.21,1.9,0.31000000000000005,5,N,8019
0.21,1.9,0.41,1,N,8020
0.21,1.9,0.41,2,N,8021
0.21,1.9,0.41,3,N,8022
0.21,1.9,0.41,4,N,8023
0.21,1.9,0.41,5,N,8024
0.21,1.9,0.51,1,N,8025
0.21,1.9,0.51,2,N,8026
0.21,1.9,0.51,3,N,8027
0.21,1.9,0.51,4,N,8028
0.21,1.9,0.51,5,N,8029
0.21,1.9,0.6100000000000001,1,N,8030
0.21,1.9,0.6100000000000001,2,N,8031
0.21,1.9,0.6100000000000001,3,N,8032
0.21,1.9,0.6100000000000001,4,N,8033
0.21,1.9,0.6100000000000001,5,N,8034
0.21,1.9,0.7100000000000001,1,N,8035
0.21,1.9,0.7100000000000001,2,N,8036
0.21,1.9,0.7100000000000001,3,N,8037
0.21,1.9,0.7100000000000001,4,N,8038
0.21,1.9,0.7100000000000001,5,N,8039
0.21,1.9,0.81,1,N,8040
0.21,1.9,0.81,2,N,8041
0.21,1.9,0.81,3,N,8042
0.21,1.9,0.81,4,N,8043
0.21,1.9,0.81,5,N,8044
0.21,1.9,0.91,1,N,8045
0.21,1.9,0.91,2,N,8046
0.21,1.9,0.91,3,N,8047
0.21,1.9,0.91,4,N,8048
0.21,1.9,0.91,5,N,8049
0.21,1.9,1.01,1,N,8050
0.21,1.9,1.01,2,N,8051
0.21,1.9,1.01,3,N,8052
0.21,1.9,1.01,4,N,8053
0.21,1.9,1.01,5,N,8054
0.21,1.9,1.11,1,N,8055
0.21,1.9,1.11,2,N,8056
0.21,1.9,1.11,3,N,8057
0.21,1.9,1.11,4,N,8058
0.21,1.9,1.11,5,N,8059
0.21,1.9,1.3,1,N,8060
0.21,1.9,1.3,2,N,8061
0.21,1.9,1.3,3,N,8062
0.21,1.9,1.3,4,N,8063
0.21,1.9,1.3,5,N,8064
0.21,1.9,1.6,1,N,8065
0.21,1.9,1.6,2,N,8066
0.21,1.9,1.6,3,N,8067
0.21,1.9,1.6,4,N,8068
0.21,1.9,1.6,5,N,8069
0.21,1.9,1.9,1,N,8070
0.21,1.9,1.9,2,N,8071
0.21,1.9,1.9,3,N,8072
0.21,1.9,1.9,4,N,8073
0.21,1.9,1.9,5,N,8074
0.21,1.9,2.2,1,N,8075
0.21,1.9,2.2,2,N,8076
0.21,1.9,2.2,3,N,8077
0.21,1.9,2.2,4,N,8078
0.21,1.9,2.2,5,N,8079
0.21,1.9,2.5,1,N,8080
0.21,1.9,2.5,2,N,8081
0.21,1.9,2.5,3,N,8082
0.21,1.9,2.5,4,N,8083
0.21,1.9,2.5,5,N,8084
0.21,1.9,2.8000000000000003,1,N,8085
0.21,1.9,2.8000000000000003,2,N,8086
0.21,1.9,2.8000000000000003,3,N,8087
0.21,1.9,2.8000000000000003,4,N,8088
0.21,1.9,2.8000000000000003,5,N,8089
0.21,1.9,3.1000000000000005,1,N,8090
0.21,1.9,3.1000000000000005,2,N,8091
0.21,1.9,3.1000000000000005,3,N,8092
0.21,1.9,3.1000000000000005,4,N,8093
0.21,1.9,3.1000000000000005,5,N,8094
0.21,1.9,3.4000000000000004,1,N,8095
0.21,1.9,3.4000000000000004,2,N,8096
0.21,1.9,3.4000000000000004,3,N,8097
0.21,1.9,3.4000000000000004,4,N,8098
0.21,1.9,3.4000000000000004,5,N,8099
0.21,1.9,3.7,1,N,8100
0.21,1.9,3.7,2,N,8101
0.21,1.9,3.7,3,N,8102
0.21,1.9,3.7,4,N,8103
0.21,1.9,3.7,5,N,8104
0.21,1.9,4.0,1,N,8105
0.21,1.9,4.0,2,N,8106
0.21,1.9,4.0,3,N,8107
0.21,1.9,4.0,4,N,8108
0.21,1.9,4.0,5,N,8109
0.21,1.9,4.300000000000002,1,N,8110
0.21,1.9,4.300000000000002,2,N,8111
0.21,1.9,4.300000000000002,3,N,8112
0.21,1.9,4.300000000000002,4,N,8113
0.21,1.9,4.300000000000002,5,N,8114
0.21,1.9,4.6000000000000005,1,N,8115
0.21,1.9,4.6000000000000005,2,N,8116
0.21,1.9,4.6000000000000005,3,N,8117
0.21,1.9,4.6000000000000005,4,N,8118
0.21,1.9,4.6000000000000005,5,N,8119
0.21,1.9,4.9,1,N,8120
0.21,1.9,4.9,2,N,8121
0.21,1.9,4.9,3,N,8122
0.21,1.9,4.9,4,N,8123
0.21,1.9,4.9,5,N,8124
0.21,2.2,0.01,1,N,8125
0.21,2.2,0.01,2,N,8126
0.21,2.2,0.01,3,N,8127
0.21,2.2,0.01,4,N,8128
0.21,2.2,0.01,5,N,8129
0.21,2.2,0.11,1,N,8130
0.21,2.2,0.11,2,N,8131
0.21,2.2,0.11,3,N,8132
0.21,2.2,0.11,4,N,8133
0.21,2.2,0.11,5,N,8134
0.21,2.2,0.21,1,N,8135
0.21,2.2,0.21,2,N,8136
0.21,2.2,0.21,3,N,8137
0.21,2.2,0.21,4,N,8138
0.21,2.2,0.21,5,N,8139
0.21,2.2,0.31000000000000005,1,N,8140
0.21,2.2,0.31000000000000005,2,N,8141
0.21,2.2,0.31000000000000005,3,N,8142
0.21,2.2,0.31000000000000005,4,N,8143
0.21,2.2,0.31000000000000005,5,N,8144
0.21,2.2,0.41,1,N,8145
0.21,2.2,0.41,2,N,8146
0.21,2.2,0.41,3,N,8147
0.21,2.2,0.41,4,N,8148
0.21,2.2,0.41,5,N,8149
0.21,2.2,0.51,1,N,8150
0.21,2.2,0.51,2,N,8151
0.21,2.2,0.51,3,N,8152
0.21,2.2,0.51,4,N,8153
0.21,2.2,0.51,5,N,8154
0.21,2.2,0.6100000000000001,1,N,8155
0.21,2.2,0.6100000000000001,2,N,8156
0.21,2.2,0.6100000000000001,3,N,8157
0.21,2.2,0.6100000000000001,4,N,8158
0.21,2.2,0.6100000000000001,5,N,8159
0.21,2.2,0.7100000000000001,1,N,8160
0.21,2.2,0.7100000000000001,2,N,8161
0.21,2.2,0.7100000000000001,3,N,8162
0.21,2.2,0.7100000000000001,4,N,8163
0.21,2.2,0.7100000000000001,5,N,8164
0.21,2.2,0.81,1,N,8165
0.21,2.2,0.81,2,N,8166
0.21,2.2,0.81,3,N,8167
0.21,2.2,0.81,4,N,8168
0.21,2.2,0.81,5,N,8169
0.21,2.2,0.91,1,N,8170
0.21,2.2,0.91,2,N,8171
0.21,2.2,0.91,3,N,8172
0.21,2.2,0.91,4,N,8173
0.21,2.2,0.91,5,N,8174
0.21,2.2,1.01,1,N,8175
0.21,2.2,1.01,2,N,8176
0.21,2.2,1.01,3,N,8177
0.21,2.2,1.01,4,N,8178
0.21,2.2,1.01,5,N,8179
0.21,2.2,1.11,1,N,8180
0.21,2.2,1.11,2,N,8181
0.21,2.2,1.11,3,N,8182
0.21,2.2,1.11,4,N,8183
0.21,2.2,1.11,5,N,8184
0.21,2.2,1.3,1,N,8185
0.21,2.2,1.3,2,N,8186
0.21,2.2,1.3,3,N,8187
0.21,2.2,1.3,4,N,8188
0.21,2.2,1.3,5,N,8189
0.21,2.2,1.6,1,N,8190
0.21,2.2,1.6,2,N,8191
0.21,2.2,1.6,3,N,8192
0.21,2.2,1.6,4,N,8193
0.21,2.2,1.6,5,N,8194
0.21,2.2,1.9,1,N,8195
0.21,2.2,1.9,2,N,8196
0.21,2.2,1.9,3,N,8197
0.21,2.2,1.9,4,N,8198
0.21,2.2,1.9,5,N,8199
0.21,2.2,2.2,1,N,8200
0.21,2.2,2.2,2,N,8201
0.21,2.2,2.2,3,N,8202
0.21,2.2,2.2,4,N,8203
0.21,2.2,2.2,5,N,8204
0.21,2.2,2.5,1,N,8205
0.21,2.2,2.5,2,N,8206
0.21,2.2,2.5,3,N,8207
0.21,2.2,2.5,4,N,8208
0.21,2.2,2.5,5,N,8209
0.21,2.2,2.8000000000000003,1,N,8210
0.21,2.2,2.8000000000000003,2,N,8211
0.21,2.2,2.8000000000000003,3,N,8212
0.21,2.2,2.8000000000000003,4,N,8213
0.21,2.2,2.8000000000000003,5,N,8214
0.21,2.2,3.1000000000000005,1,N,8215
0.21,2.2,3.1000000000000005,2,N,8216
0.21,2.2,3.1000000000000005,3,N,8217
0.21,2.2,3.1000000000000005,4,N,8218
0.21,2.2,3.1000000000000005,5,N,8219
0.21,2.2,3.4000000000000004,1,N,8220
0.21,2.2,3.4000000000000004,2,N,8221
0.21,2.2,3.4000000000000004,3,N,8222
0.21,2.2,3.4000000000000004,4,N,8223
0.21,2.2,3.4000000000000004,5,N,8224
0.21,2.2,3.7,1,N,8225
0.21,2.2,3.7,2,N,8226
0.21,2.2,3.7,3,N,8227
0.21,2.2,3.7,4,N,8228
0.21,2.2,3.7,5,N,8229
0.21,2.2,4.0,1,N,8230
0.21,2.2,4.0,2,N,8231
0.21,2.2,4.0,3,N,8232
0.21,2.2,4.0,4,N,8233
0.21,2.2,4.0,5,N,8234
0.21,2.2,4.300000000000002,1,N,8235
0.21,2.2,4.300000000000002,2,N,8236
0.21,2.2,4.300000000000002,3,N,8237
0.21,2.2,4.300000000000002,4,N,8238
0.21,2.2,4.300000000000002,5,N,8239
0.21,2.2,4.6000000000000005,1,N,8240
0.21,2.2,4.6000000000000005,2,N,8241
0.21,2.2,4.6000000000000005,3,N,8242
0.21,2.2,4.6000000000000005,4,N,8243
0.21,2.2,4.6000000000000005,5,N,8244
0.21,2.2,4.9,1,N,8245
0.21,2.2,4.9,2,N,8246
0.21,2.2,4.9,3,N,8247
0.21,2.2,4.9,4,N,8248
0.21,2.2,4.9,5,N,8249
0.21,2.5,0.01,1,N,8250
0.21,2.5,0.01,2,N,8251
0.21,2.5,0.01,3,N,8252
0.21,2.5,0.01,4,N,8253
0.21,2.5,0.01,5,N,8254
0.21,2.5,0.11,1,N,8255
0.21,2.5,0.11,2,N,8256
0.21,2.5,0.11,3,N,8257
0.21,2.5,0.11,4,N,8258
0.21,2.5,0.11,5,N,8259
0.21,2.5,0.21,1,N,8260
0.21,2.5,0.21,2,N,8261
0.21,2.5,0.21,3,N,8262
0.21,2.5,0.21,4,N,8263
0.21,2.5,0.21,5,N,8264
0.21,2.5,0.31000000000000005,1,N,8265
0.21,2.5,0.31000000000000005,2,N,8266
0.21,2.5,0.31000000000000005,3,N,8267
0.21,2.5,0.31000000000000005,4,N,8268
0.21,2.5,0.31000000000000005,5,N,8269
0.21,2.5,0.41,1,N,8270
0.21,2.5,0.41,2,N,8271
0.21,2.5,0.41,3,N,8272
0.21,2.5,0.41,4,N,8273
0.21,2.5,0.41,5,N,8274
0.21,2.5,0.51,1,N,8275
0.21,2.5,0.51,2,N,8276
0.21,2.5,0.51,3,N,8277
0.21,2.5,0.51,4,N,8278
0.21,2.5,0.51,5,N,8279
0.21,2.5,0.6100000000000001,1,N,8280
0.21,2.5,0.6100000000000001,2,N,8281
0.21,2.5,0.6100000000000001,3,N,8282
0.21,2.5,0.6100000000000001,4,N,8283
0.21,2.5,0.6100000000000001,5,N,8284
0.21,2.5,0.7100000000000001,1,N,8285
0.21,2.5,0.7100000000000001,2,N,8286
0.21,2.5,0.7100000000000001,3,N,8287
0.21,2.5,0.7100000000000001,4,N,8288
0.21,2.5,0.7100000000000001,5,N,8289
0.21,2.5,0.81,1,N,8290
0.21,2.5,0.81,2,N,8291
0.21,2.5,0.81,3,N,8292
0.21,2.5,0.81,4,N,8293
0.21,2.5,0.81,5,N,8294
0.21,2.5,0.91,1,N,8295
0.21,2.5,0.91,2,N,8296
0.21,2.5,0.91,3,N,8297
0.21,2.5,0.91,4,N,8298
0.21,2.5,0.91,5,N,8299
0.21,2.5,1.01,1,N,8300
0.21,2.5,1.01,2,N,8301
0.21,2.5,1.01,3,N,8302
0.21,2.5,1.01,4,N,8303
0.21,2.5,1.01,5,N,8304
0.21,2.5,1.11,1,N,8305
0.21,2.5,1.11,2,N,8306
0.21,2.5,1.11,3,N,8307
0.21,2.5,1.11,4,N,8308
0.21,2.5,1.11,5,N,8309
0.21,2.5,1.3,1,N,8310
0.21,2.5,1.3,2,N,8311
0.21,2.5,1.3,3,N,8312
0.21,2.5,1.3,4,N,8313
0.21,2.5,1.3,5,N,8314
0.21,2.5,1.6,1,N,8315
0.21,2.5,1.6,2,N,8316
0.21,2.5,1.6,3,N,8317
0.21,2.5,1.6,4,N,8318
0.21,2.5,1.6,5,N,8319
0.21,2.5,1.9,1,N,8320
0.21,2.5,1.9,2,N,8321
0.21,2.5,1.9,3,N,8322
0.21,2.5,1.9,4,N,8323
0.21,2.5,1.9,5,N,8324
0.21,2.5,2.2,1,N,8325
0.21,2.5,2.2,2,N,8326
0.21,2.5,2.2,3,N,8327
0.21,2.5,2.2,4,N,8328
0.21,2.5,2.2,5,N,8329
0.21,2.5,2.5,1,N,8330
0.21,2.5,2.5,2,N,8331
0.21,2.5,2.5,3,N,8332
0.21,2.5,2.5,4,N,8333
0.21,2.5,2.5,5,N,8334
0.21,2.5,2.8000000000000003,1,N,8335
0.21,2.5,2.8000000000000003,2,N,8336
0.21,2.5,2.8000000000000003,3,N,8337
0.21,2.5,2.8000000000000003,4,N,8338
0.21,2.5,2.8000000000000003,5,N,8339
0.21,2.5,3.1000000000000005,1,N,8340
0.21,2.5,3.1000000000000005,2,N,8341
0.21,2.5,3.1000000000000005,3,N,8342
0.21,2.5,3.1000000000000005,4,N,8343
0.21,2.5,3.1000000000000005,5,N,8344
0.21,2.5,3.4000000000000004,1,N,8345
0.21,2.5,3.4000000000000004,2,N,8346
0.21,2.5,3.4000000000000004,3,N,8347
0.21,2.5,3.4000000000000004,4,N,8348
0.21,2.5,3.4000000000000004,5,N,8349
0.21,2.5,3.7,1,N,8350
0.21,2.5,3.7,2,N,8351
0.21,2.5,3.7,3,N,8352
0.21,2.5,3.7,4,N,8353
0.21,2.5,3.7,5,N,8354
0.21,2.5,4.0,1,N,8355
0.21,2.5,4.0,2,N,8356
0.21,2.5,4.0,3,N,8357
0.21,2.5,4.0,4,N,8358
0.21,2.5,4.0,5,N,8359
0.21,2.5,4.300000000000002,1,N,8360
0.21,2.5,4.300000000000002,2,N,8361
0.21,2.5,4.300000000000002,3,N,8362
0.21,2.5,4.300000000000002,4,N,8363
0.21,2.5,4.300000000000002,5,N,8364
0.21,2.5,4.6000000000000005,1,N,8365
0.21,2.5,4.6000000000000005,2,N,8366
0.21,2.5,4.6000000000000005,3,N,8367
0.21,2.5,4.6000000000000005,4,N,8368
0.21,2.5,4.6000000000000005,5,N,8369
0.21,2.5,4.9,1,N,8370
0.21,2.5,4.9,2,N,8371
0.21,2.5,4.9,3,N,8372
0.21,2.5,4.9,4,N,8373
0.21,2.5,4.9,5,N,8374
0.21,2.8000000000000003,0.01,1,N,8375
0.21,2.8000000000000003,0.01,2,N,8376
0.21,2.8000000000000003,0.01,3,N,8377
0.21,2.8000000000000003,0.01,4,N,8378
0.21,2.8000000000000003,0.01,5,N,8379
0.21,2.8000000000000003,0.11,1,N,8380
0.21,2.8000000000000003,0.11,2,N,8381
0.21,2.8000000000000003,0.11,3,N,8382
0.21,2.8000000000000003,0.11,4,N,8383
0.21,2.8000000000000003,0.11,5,N,8384
0.21,2.8000000000000003,0.21,1,N,8385
0.21,2.8000000000000003,0.21,2,N,8386
0.21,2.8000000000000003,0.21,3,N,8387
0.21,2.8000000000000003,0.21,4,N,8388
0.21,2.8000000000000003,0.21,5,N,8389
0.21,2.8000000000000003,0.31000000000000005,1,N,8390
0.21,2.8000000000000003,0.31000000000000005,2,N,8391
0.21,2.8000000000000003,0.31000000000000005,3,N,8392
0.21,2.8000000000000003,0.31000000000000005,4,N,8393
0.21,2.8000000000000003,0.31000000000000005,5,N,8394
0.21,2.8000000000000003,0.41,1,N,8395
0.21,2.8000000000000003,0.41,2,N,8396
0.21,2.8000000000000003,0.41,3,N,8397
0.21,2.8000000000000003,0.41,4,N,8398
0.21,2.8000000000000003,0.41,5,N,8399
0.21,2.8000000000000003,0.51,1,N,8400
0.21,2.8000000000000003,0.51,2,N,8401
0.21,2.8000000000000003,0.51,3,N,8402
0.21,2.8000000000000003,0.51,4,N,8403
0.21,2.8000000000000003,0.51,5,N,8404
0.21,2.8000000000000003,0.6100000000000001,1,N,8405
0.21,2.8000000000000003,0.6100000000000001,2,N,8406
0.21,2.8000000000000003,0.6100000000000001,3,N,8407
0.21,2.8000000000000003,0.6100000000000001,4,N,8408
0.21,2.8000000000000003,0.6100000000000001,5,N,8409
0.21,2.8000000000000003,0.7100000000000001,1,N,8410
0.21,2.8000000000000003,0.7100000000000001,2,N,8411
0.21,2.8000000000000003,0.7100000000000001,3,N,8412
0.21,2.8000000000000003,0.7100000000000001,4,N,8413
0.21,2.8000000000000003,0.7100000000000001,5,N,8414
0.21,2.8000000000000003,0.81,1,N,8415
0.21,2.8000000000000003,0.81,2,N,8416
0.21,2.8000000000000003,0.81,3,N,8417
0.21,2.8000000000000003,0.81,4,N,8418
0.21,2.8000000000000003,0.81,5,N,8419
0.21,2.8000000000000003,0.91,1,N,8420
0.21,2.8000000000000003,0.91,2,N,8421
0.21,2.8000000000000003,0.91,3,N,8422
0.21,2.8000000000000003,0.91,4,N,8423
0.21,2.8000000000000003,0.91,5,N,8424
0.21,2.8000000000000003,1.01,1,N,8425
0.21,2.8000000000000003,1.01,2,N,8426
0.21,2.8000000000000003,1.01,3,N,8427
0.21,2.8000000000000003,1.01,4,N,8428
0.21,2.8000000000000003,1.01,5,N,8429
0.21,2.8000000000000003,1.11,1,N,8430
0.21,2.8000000000000003,1.11,2,N,8431
0.21,2.8000000000000003,1.11,3,N,8432
0.21,2.8000000000000003,1.11,4,N,8433
0.21,2.8000000000000003,1.11,5,N,8434
0.21,2.8000000000000003,1.3,1,N,8435
0.21,2.8000000000000003,1.3,2,N,8436
0.21,2.8000000000000003,1.3,3,N,8437
0.21,2.8000000000000003,1.3,4,N,8438
0.21,2.8000000000000003,1.3,5,N,8439
0.21,2.8000000000000003,1.6,1,N,8440
0.21,2.8000000000000003,1.6,2,N,8441
0.21,2.8000000000000003,1.6,3,N,8442
0.21,2.8000000000000003,1.6,4,N,8443
0.21,2.8000000000000003,1.6,5,N,8444
0.21,2.8000000000000003,1.9,1,N,8445
0.21,2.8000000000000003,1.9,2,N,8446
0.21,2.8000000000000003,1.9,3,N,8447
0.21,2.8000000000000003,1.9,4,N,8448
0.21,2.8000000000000003,1.9,5,N,8449
0.21,2.8000000000000003,2.2,1,N,8450
0.21,2.8000000000000003,2.2,2,N,8451
0.21,2.8000000000000003,2.2,3,N,8452
0.21,2.8000000000000003,2.2,4,N,8453
0.21,2.8000000000000003,2.2,5,N,8454
0.21,2.8000000000000003,2.5,1,N,8455
0.21,2.8000000000000003,2.5,2,N,8456
0.21,2.8000000000000003,2.5,3,N,8457
0.21,2.8000000000000003,2.5,4,N,8458
0.21,2.8000000000000003,2.5,5,N,8459
0.21,2.8000000000000003,2.8000000000000003,1,N,8460
0.21,2.8000000000000003,2.8000000000000003,2,N,8461
0.21,2.8000000000000003,2.8000000000000003,3,N,8462
0.21,2.8000000000000003,2.8000000000000003,4,N,8463
0.21,2.8000000000000003,2.8000000000000003,5,N,8464
0.21,2.8000000000000003,3.1000000000000005,1,N,8465
0.21,2.8000000000000003,3.1000000000000005,2,N,8466
0.21,2.8000000000000003,3.1000000000000005,3,N,8467
0.21,2.8000000000000003,3.1000000000000005,4,N,8468
0.21,2.8000000000000003,3.1000000000000005,5,N,8469
0.21,2.8000000000000003,3.4000000000000004,1,N,8470
0.21,2.8000000000000003,3.4000000000000004,2,N,8471
0.21,2.8000000000000003,3.4000000000000004,3,N,8472
0.21,2.8000000000000003,3.4000000000000004,4,N,8473
0.21,2.8000000000000003,3.4000000000000004,5,N,8474
0.21,2.8000000000000003,3.7,1,N,8475
0.21,2.8000000000000003,3.7,2,N,8476
0.21,2.8000000000000003,3.7,3,N,8477
0.21,2.8000000000000003,3.7,4,N,8478
0.21,2.8000000000000003,3.7,5,N,8479
0.21,2.8000000000000003,4.0,1,N,8480
0.21,2.8000000000000003,4.0,2,N,8481
0.21,2.8000000000000003,4.0,3,N,8482
0.21,2.8000000000000003,4.0,4,N,8483
0.21,2.8000000000000003,4.0,5,N,8484
0.21,2.8000000000000003,4.300000000000002,1,N,8485
0.21,2.8000000000000003,4.300000000000002,2,N,8486
0.21,2.8000000000000003,4.300000000000002,3,N,8487
0.21,2.8000000000000003,4.300000000000002,4,N,8488
0.21,2.8000000000000003,4.300000000000002,5,N,8489
0.21,2.8000000000000003,4.6000000000000005,1,N,8490
0.21,2.8000000000000003,4.6000000000000005,2,N,8491
0.21,2.8000000000000003,4.6000000000000005,3,N,8492
0.21,2.8000000000000003,4.6000000000000005,4,N,8493
0.21,2.8000000000000003,4.6000000000000005,5,N,8494
0.21,2.8000000000000003,4.9,1,N,8495
0.21,2.8000000000000003,4.9,2,N,8496
0.21,2.8000000000000003,4.9,3,N,8497
0.21,2.8000000000000003,4.9,4,N,8498
0.21,2.8000000000000003,4.9,5,N,8499
0.21,3.1000000000000005,0.01,1,N,8500
0.21,3.1000000000000005,0.01,2,N,8501
0.21,3.1000000000000005,0.01,3,N,8502
0.21,3.1000000000000005,0.01,4,N,8503
0.21,3.1000000000000005,0.01,5,N,8504
0.21,3.1000000000000005,0.11,1,N,8505
0.21,3.1000000000000005,0.11,2,N,8506
0.21,3.1000000000000005,0.11,3,N,8507
0.21,3.1000000000000005,0.11,4,N,8508
0.21,3.1000000000000005,0.11,5,N,8509
0.21,3.1000000000000005,0.21,1,N,8510
0.21,3.1000000000000005,0.21,2,N,8511
0.21,3.1000000000000005,0.21,3,N,8512
0.21,3.1000000000000005,0.21,4,N,8513
0.21,3.1000000000000005,0.21,5,N,8514
0.21,3.1000000000000005,0.31000000000000005,1,N,8515
0.21,3.1000000000000005,0.31000000000000005,2,N,8516
0.21,3.1000000000000005,0.31000000000000005,3,N,8517
0.21,3.1000000000000005,0.31000000000000005,4,N,8518
0.21,3.1000000000000005,0.31000000000000005,5,N,8519
0.21,3.1000000000000005,0.41,1,N,8520
0.21,3.1000000000000005,0.41,2,N,8521
0.21,3.1000000000000005,0.41,3,N,8522
0.21,3.1000000000000005,0.41,4,N,8523
0.21,3.1000000000000005,0.41,5,N,8524
0.21,3.1000000000000005,0.51,1,N,8525
0.21,3.1000000000000005,0.51,2,N,8526
0.21,3.1000000000000005,0.51,3,N,8527
0.21,3.1000000000000005,0.51,4,N,8528
0.21,3.1000000000000005,0.51,5,N,8529
0.21,3.1000000000000005,0.6100000000000001,1,N,8530
0.21,3.1000000000000005,0.6100000000000001,2,N,8531
0.21,3.1000000000000005,0.6100000000000001,3,N,8532
0.21,3.1000000000000005,0.6100000000000001,4,N,8533
0.21,3.1000000000000005,0.6100000000000001,5,N,8534
0.21,3.1000000000000005,0.7100000000000001,1,N,8535
0.21,3.1000000000000005,0.7100000000000001,2,N,8536
0.21,3.1000000000000005,0.7100000000000001,3,N,8537
0.21,3.1000000000000005,0.7100000000000001,4,N,8538
0.21,3.1000000000000005,0.7100000000000001,5,N,8539
0.21,3.1000000000000005,0.81,1,N,8540
0.21,3.1000000000000005,0.81,2,N,8541
0.21,3.1000000000000005,0.81,3,N,8542
0.21,3.1000000000000005,0.81,4,N,8543
0.21,3.1000000000000005,0.81,5,N,8544
0.21,3.1000000000000005,0.91,1,N,8545
0.21,3.1000000000000005,0.91,2,N,8546
0.21,3.1000000000000005,0.91,3,N,8547
0.21,3.1000000000000005,0.91,4,N,8548
0.21,3.1000000000000005,0.91,5,N,8549
0.21,3.1000000000000005,1.01,1,N,8550
0.21,3.1000000000000005,1.01,2,N,8551
0.21,3.1000000000000005,1.01,3,N,8552
0.21,3.1000000000000005,1.01,4,N,8553
0.21,3.1000000000000005,1.01,5,N,8554
0.21,3.1000000000000005,1.11,1,N,8555
0.21,3.1000000000000005,1.11,2,N,8556
0.21,3.1000000000000005,1.11,3,N,8557
0.21,3.1000000000000005,1.11,4,N,8558
0.21,3.1000000000000005,1.11,5,N,8559
0.21,3.1000000000000005,1.3,1,N,8560
0.21,3.1000000000000005,1.3,2,N,8561
0.21,3.1000000000000005,1.3,3,N,8562
0.21,3.1000000000000005,1.3,4,N,8563
0.21,3.1000000000000005,1.3,5,N,8564
0.21,3.1000000000000005,1.6,1,N,8565
0.21,3.1000000000000005,1.6,2,N,8566
0.21,3.1000000000000005,1.6,3,N,8567
0.21,3.1000000000000005,1.6,4,N,8568
0.21,3.1000000000000005,1.6,5,N,8569
0.21,3.1000000000000005,1.9,1,N,8570
0.21,3.1000000000000005,1.9,2,N,8571
0.21,3.1000000000000005,1.9,3,N,8572
0.21,3.1000000000000005,1.9,4,N,8573
0.21,3.1000000000000005,1.9,5,N,8574
0.21,3.1000000000000005,2.2,1,N,8575
0.21,3.1000000000000005,2.2,2,N,8576
0.21,3.1000000000000005,2.2,3,N,8577
0.21,3.1000000000000005,2.2,4,N,8578
0.21,3.1000000000000005,2.2,5,N,8579
0.21,3.1000000000000005,2.5,1,N,8580
0.21,3.1000000000000005,2.5,2,N,8581
0.21,3.1000000000000005,2.5,3,N,8582
0.21,3.1000000000000005,2.5,4,N,8583
0.21,3.1000000000000005,2.5,5,N,8584
0.21,3.1000000000000005,2.8000000000000003,1,N,8585
0.21,3.1000000000000005,2.8000000000000003,2,N,8586
0.21,3.1000000000000005,2.8000000000000003,3,N,8587
0.21,3.1000000000000005,2.8000000000000003,4,N,8588
0.21,3.1000000000000005,2.8000000000000003,5,N,8589
0.21,3.1000000000000005,3.1000000000000005,1,N,8590
0.21,3.1000000000000005,3.1000000000000005,2,N,8591
0.21,3.1000000000000005,3.1000000000000005,3,N,8592
0.21,3.1000000000000005,3.1000000000000005,4,N,8593
0.21,3.1000000000000005,3.1000000000000005,5,N,8594
0.21,3.1000000000000005,3.4000000000000004,1,N,8595
0.21,3.1000000000000005,3.4000000000000004,2,N,8596
0.21,3.1000000000000005,3.4000000000000004,3,N,8597
0.21,3.1000000000000005,3.4000000000000004,4,N,8598
0.21,3.1000000000000005,3.4000000000000004,5,N,8599
0.21,3.1000000000000005,3.7,1,N,8600
0.21,3.1000000000000005,3.7,2,N,8601
0.21,3.1000000000000005,3.7,3,N,8602
0.21,3.1000000000000005,3.7,4,N,8603
0.21,3.1000000000000005,3.7,5,N,8604
0.21,3.1000000000000005,4.0,1,N,8605
0.21,3.1000000000000005,4.0,2,N,8606
0.21,3.1000000000000005,4.0,3,N,8607
0.21,3.1000000000000005,4.0,4,N,8608
0.21,3.1000000000000005,4.0,5,N,8609
0.21,3.1000000000000005,4.300000000000002,1,N,8610
0.21,3.1000000000000005,4.300000000000002,2,N,8611
0.21,3.1000000000000005,4.300000000000002,3,N,8612
0.21,3.1000000000000005,4.300000000000002,4,N,8613
0.21,3.1000000000000005,4.300000000000002,5,N,8614
0.21,3.1000000000000005,4.6000000000000005,1,N,8615
0.21,3.1000000000000005,4.6000000000000005,2,N,8616
0.21,3.1000000000000005,4.6000000000000005,3,N,8617
0.21,3.1000000000000005,4.6000000000000005,4,N,8618
0.21,3.1000000000000005,4.6000000000000005,5,N,8619
0.21,3.1000000000000005,4.9,1,N,8620
0.21,3.1000000000000005,4.9,2,N,8621
0.21,3.1000000000000005,4.9,3,N,8622
0.21,3.1000000000000005,4.9,4,N,8623
0.21,3.1000000000000005,4.9,5,N,8624
0.21,3.4000000000000004,0.01,1,N,8625
0.21,3.4000000000000004,0.01,2,N,8626
0.21,3.4000000000000004,0.01,3,N,8627
0.21,3.4000000000000004,0.01,4,N,8628
0.21,3.4000000000000004,0.01,5,N,8629
0.21,3.4000000000000004,0.11,1,N,8630
0.21,3.4000000000000004,0.11,2,N,8631
0.21,3.4000000000000004,0.11,3,N,8632
0.21,3.4000000000000004,0.11,4,N,8633
0.21,3.4000000000000004,0.11,5,N,8634
0.21,3.4000000000000004,0.21,1,N,8635
0.21,3.4000000000000004,0.21,2,N,8636
0.21,3.4000000000000004,0.21,3,N,8637
0.21,3.4000000000000004,0.21,4,N,8638
0.21,3.4000000000000004,0.21,5,N,8639
0.21,3.4000000000000004,0.31000000000000005,1,N,8640
0.21,3.4000000000000004,0.31000000000000005,2,N,8641
0.21,3.4000000000000004,0.31000000000000005,3,N,8642
0.21,3.4000000000000004,0.31000000000000005,4,N,8643
0.21,3.4000000000000004,0.31000000000000005,5,N,8644
0.21,3.4000000000000004,0.41,1,N,8645
0.21,3.4000000000000004,0.41,2,N,8646
0.21,3.4000000000000004,0.41,3,N,8647
0.21,3.4000000000000004,0.41,4,N,8648
0.21,3.4000000000000004,0.41,5,N,8649
0.21,3.4000000000000004,0.51,1,N,8650
0.21,3.4000000000000004,0.51,2,N,8651
0.21,3.4000000000000004,0.51,3,N,8652
0.21,3.4000000000000004,0.51,4,N,8653
0.21,3.4000000000000004,0.51,5,N,8654
0.21,3.4000000000000004,0.6100000000000001,1,N,8655
0.21,3.4000000000000004,0.6100000000000001,2,N,8656
0.21,3.4000000000000004,0.6100000000000001,3,N,8657
0.21,3.4000000000000004,0.6100000000000001,4,N,8658
0.21,3.4000000000000004,0.6100000000000001,5,N,8659
0.21,3.4000000000000004,0.7100000000000001,1,N,8660
0.21,3.4000000000000004,0.7100000000000001,2,N,8661
0.21,3.4000000000000004,0.7100000000000001,3,N,8662
0.21,3.4000000000000004,0.7100000000000001,4,N,8663
0.21,3.4000000000000004,0.7100000000000001,5,N,8664
0.21,3.4000000000000004,0.81,1,N,8665
0.21,3.4000000000000004,0.81,2,N,8666
0.21,3.4000000000000004,0.81,3,N,8667
0.21,3.4000000000000004,0.81,4,N,8668
0.21,3.4000000000000004,0.81,5,N,8669
0.21,3.4000000000000004,0.91,1,N,8670
0.21,3.4000000000000004,0.91,2,N,8671
0.21,3.4000000000000004,0.91,3,N,8672
0.21,3.4000000000000004,0.91,4,N,8673
0.21,3.4000000000000004,0.91,5,N,8674
0.21,3.4000000000000004,1.01,1,N,8675
0.21,3.4000000000000004,1.01,2,N,8676
0.21,3.4000000000000004,1.01,3,N,8677
0.21,3.4000000000000004,1.01,4,N,8678
0.21,3.4000000000000004,1.01,5,N,8679
0.21,3.4000000000000004,1.11,1,N,8680
0.21,3.4000000000000004,1.11,2,N,8681
0.21,3.4000000000000004,1.11,3,N,8682
0.21,3.4000000000000004,1.11,4,N,8683
0.21,3.4000000000000004,1.11,5,N,8684
0.21,3.4000000000000004,1.3,1,N,8685
0.21,3.4000000000000004,1.3,2,N,8686
0.21,3.4000000000000004,1.3,3,N,8687
0.21,3.4000000000000004,1.3,4,N,8688
0.21,3.4000000000000004,1.3,5,N,8689
0.21,3.4000000000000004,1.6,1,N,8690
0.21,3.4000000000000004,1.6,2,N,8691
0.21,3.4000000000000004,1.6,3,N,8692
0.21,3.4000000000000004,1.6,4,N,8693
0.21,3.4000000000000004,1.6,5,N,8694
0.21,3.4000000000000004,1.9,1,N,8695
0.21,3.4000000000000004,1.9,2,N,8696
0.21,3.4000000000000004,1.9,3,N,8697
0.21,3.4000000000000004,1.9,4,N,8698
0.21,3.4000000000000004,1.9,5,N,8699
0.21,3.4000000000000004,2.2,1,N,8700
0.21,3.4000000000000004,2.2,2,N,8701
0.21,3.4000000000000004,2.2,3,N,8702
0.21,3.4000000000000004,2.2,4,N,8703
0.21,3.4000000000000004,2.2,5,N,8704
0.21,3.4000000000000004,2.5,1,N,8705
0.21,3.4000000000000004,2.5,2,N,8706
0.21,3.4000000000000004,2.5,3,N,8707
0.21,3.4000000000000004,2.5,4,N,8708
0.21,3.4000000000000004,2.5,5,N,8709
0.21,3.4000000000000004,2.8000000000000003,1,N,8710
0.21,3.4000000000000004,2.8000000000000003,2,N,8711
0.21,3.4000000000000004,2.8000000000000003,3,N,8712
0.21,3.4000000000000004,2.8000000000000003,4,N,8713
0.21,3.4000000000000004,2.8000000000000003,5,N,8714
0.21,3.4000000000000004,3.1000000000000005,1,N,8715
0.21,3.4000000000000004,3.1000000000000005,2,N,8716
0.21,3.4000000000000004,3.1000000000000005,3,N,8717
0.21,3.4000000000000004,3.1000000000000005,4,N,8718
0.21,3.4000000000000004,3.1000000000000005,5,N,8719
0.21,3.4000000000000004,3.4000000000000004,1,N,8720
0.21,3.4000000000000004,3.4000000000000004,2,N,8721
0.21,3.4000000000000004,3.4000000000000004,3,N,8722
0.21,3.4000000000000004,3.4000000000000004,4,N,8723
0.21,3.4000000000000004,3.4000000000000004,5,N,8724
0.21,3.4000000000000004,3.7,1,N,8725
0.21,3.4000000000000004,3.7,2,N,8726
0.21,3.4000000000000004,3.7,3,N,8727
0.21,3.4000000000000004,3.7,4,N,8728
0.21,3.4000000000000004,3.7,5,N,8729
0.21,3.4000000000000004,4.0,1,N,8730
0.21,3.4000000000000004,4.0,2,N,8731
0.21,3.4000000000000004,4.0,3,N,8732
0.21,3.4000000000000004,4.0,4,N,8733
0.21,3.4000000000000004,4.0,5,N,8734
0.21,3.4000000000000004,4.300000000000002,1,N,8735
0.21,3.4000000000000004,4.300000000000002,2,N,8736
0.21,3.4000000000000004,4.300000000000002,3,N,8737
0.21,3.4000000000000004,4.300000000000002,4,N,8738
0.21,3.4000000000000004,4.300000000000002,5,N,8739
0.21,3.4000000000000004,4.6000000000000005,1,N,8740
0.21,3.4000000000000004,4.6000000000000005,2,N,8741
0.21,3.4000000000000004,4.6000000000000005,3,N,8742
0.21,3.4000000000000004,4.6000000000000005,4,N,8743
0.21,3.4000000000000004,4.6000000000000005,5,N,8744
0.21,3.4000000000000004,4.9,1,N,8745
0.21,3.4000000000000004,4.9,2,N,8746
0.21,3.4000000000000004,4.9,3,N,8747
0.21,3.4000000000000004,4.9,4,N,8748
0.21,3.4000000000000004,4.9,5,N,8749
0.21,3.7,0.01,1,N,8750
0.21,3.7,0.01,2,N,8751
0.21,3.7,0.01,3,N,8752
0.21,3.7,0.01,4,N,8753
0.21,3.7,0.01,5,N,8754
0.21,3.7,0.11,1,N,8755
0.21,3.7,0.11,2,N,8756
0.21,3.7,0.11,3,N,8757
0.21,3.7,0.11,4,N,8758
0.21,3.7,0.11,5,N,8759
0.21,3.7,0.21,1,N,8760
0.21,3.7,0.21,2,N,8761
0.21,3.7,0.21,3,N,8762
0.21,3.7,0.21,4,N,8763
0.21,3.7,0.21,5,N,8764
0.21,3.7,0.31000000000000005,1,N,8765
0.21,3.7,0.31000000000000005,2,N,8766
0.21,3.7,0.31000000000000005,3,N,8767
0.21,3.7,0.31000000000000005,4,N,8768
0.21,3.7,0.31000000000000005,5,N,8769
0.21,3.7,0.41,1,N,8770
0.21,3.7,0.41,2,N,8771
0.21,3.7,0.41,3,N,8772
0.21,3.7,0.41,4,N,8773
0.21,3.7,0.41,5,N,8774
0.21,3.7,0.51,1,N,8775
0.21,3.7,0.51,2,N,8776
0.21,3.7,0.51,3,N,8777
0.21,3.7,0.51,4,N,8778
0.21,3.7,0.51,5,N,8779
0.21,3.7,0.6100000000000001,1,N,8780
0.21,3.7,0.6100000000000001,2,N,8781
0.21,3.7,0.6100000000000001,3,N,8782
0.21,3.7,0.6100000000000001,4,N,8783
0.21,3.7,0.6100000000000001,5,N,8784
0.21,3.7,0.7100000000000001,1,N,8785
0.21,3.7,0.7100000000000001,2,N,8786
0.21,3.7,0.7100000000000001,3,N,8787
0.21,3.7,0.7100000000000001,4,N,8788
0.21,3.7,0.7100000000000001,5,N,8789
0.21,3.7,0.81,1,N,8790
0.21,3.7,0.81,2,N,8791
0.21,3.7,0.81,3,N,8792
0.21,3.7,0.81,4,N,8793
0.21,3.7,0.81,5,N,8794
0.21,3.7,0.91,1,N,8795
0.21,3.7,0.91,2,N,8796
0.21,3.7,0.91,3,N,8797
0.21,3.7,0.91,4,N,8798
0.21,3.7,0.91,5,N,8799
0.21,3.7,1.01,1,N,8800
0.21,3.7,1.01,2,N,8801
0.21,3.7,1.01,3,N,8802
0.21,3.7,1.01,4,N,8803
0.21,3.7,1.01,5,N,8804
0.21,3.7,1.11,1,N,8805
0.21,3.7,1.11,2,N,8806
0.21,3.7,1.11,3,N,8807
0.21,3.7,1.11,4,N,8808
0.21,3.7,1.11,5,N,8809
0.21,3.7,1.3,1,N,8810
0.21,3.7,1.3,2,N,8811
0.21,3.7,1.3,3,N,8812
0.21,3.7,1.3,4,N,8813
0.21,3.7,1.3,5,N,8814
0.21,3.7,1.6,1,N,8815
0.21,3.7,1.6,2,N,8816
0.21,3.7,1.6,3,N,8817
0.21,3.7,1.6,4,N,8818
0.21,3.7,1.6,5,N,8819
0.21,3.7,1.9,1,N,8820
0.21,3.7,1.9,2,N,8821
0.21,3.7,1.9,3,N,8822
0.21,3.7,1.9,4,N,8823
0.21,3.7,1.9,5,N,8824
0.21,3.7,2.2,1,N,8825
0.21,3.7,2.2,2,N,8826
0.21,3.7,2.2,3,N,8827
0.21,3.7,2.2,4,N,8828
0.21,3.7,2.2,5,N,8829
0.21,3.7,2.5,1,N,8830
0.21,3.7,2.5,2,N,8831
0.21,3.7,2.5,3,N,8832
0.21,3.7,2.5,4,N,8833
0.21,3.7,2.5,5,N,8834
0.21,3.7,2.8000000000000003,1,N,8835
0.21,3.7,2.8000000000000003,2,N,8836
0.21,3.7,2.8000000000000003,3,N,8837
0.21,3.7,2.8000000000000003,4,N,8838
0.21,3.7,2.8000000000000003,5,N,8839
0.21,3.7,3.1000000000000005,1,N,8840
0.21,3.7,3.1000000000000005,2,N,8841
0.21,3.7,3.1000000000000005,3,N,8842
0.21,3.7,3.1000000000000005,4,N,8843
0.21,3.7,3.1000000000000005,5,N,8844
0.21,3.7,3.4000000000000004,1,N,8845
0.21,3.7,3.4000000000000004,2,N,8846
0.21,3.7,3.4000000000000004,3,N,8847
0.21,3.7,3.4000000000000004,4,N,8848
0.21,3.7,3.4000000000000004,5,N,8849
0.21,3.7,3.7,1,N,8850
0.21,3.7,3.7,2,N,8851
0.21,3.7,3.7,3,N,8852
0.21,3.7,3.7,4,N,8853
0.21,3.7,3.7,5,N,8854
0.21,3.7,4.0,1,N,8855
0.21,3.7,4.0,2,N,8856
0.21,3.7,4.0,3,N,8857
0.21,3.7,4.0,4,N,8858
0.21,3.7,4.0,5,N,8859
0.21,3.7,4.300000000000002,1,N,8860
0.21,3.7,4.300000000000002,2,N,8861
0.21,3.7,4.300000000000002,3,N,8862
0.21,3.7,4.300000000000002,4,N,8863
0.21,3.7,4.300000000000002,5,N,8864
0.21,3.7,4.6000000000000005,1,N,8865
0.21,3.7,4.6000000000000005,2,N,8866
0.21,3.7,4.6000000000000005,3,N,8867
0.21,3.7,4.6000000000000005,4,N,8868
0.21,3.7,4.6000000000000005,5,N,8869
0.21,3.7,4.9,1,N,8870
0.21,3.7,4.9,2,N,8871
0.21,3.7,4.9,3,N,8872
0.21,3.7,4.9,4,N,8873
0.21,3.7,4.9,5,N,8874
0.21,4.0,0.01,1,N,8875
0.21,4.0,0.01,2,N,8876
0.21,4.0,0.01,3,N,8877
0.21,4.0,0.01,4,N,8878
0.21,4.0,0.01,5,N,8879
0.21,4.0,0.11,1,N,8880
0.21,4.0,0.11,2,N,8881
0.21,4.0,0.11,3,N,8882
0.21,4.0,0.11,4,N,8883
0.21,4.0,0.11,5,N,8884
0.21,4.0,0.21,1,N,8885
0.21,4.0,0.21,2,N,8886
0.21,4.0,0.21,3,N,8887
0.21,4.0,0.21,4,N,8888
0.21,4.0,0.21,5,N,8889
0.21,4.0,0.31000000000000005,1,N,8890
0.21,4.0,0.31000000000000005,2,N,8891
0.21,4.0,0.31000000000000005,3,N,8892
0.21,4.0,0.31000000000000005,4,N,8893
0.21,4.0,0.31000000000000005,5,N,8894
0.21,4.0,0.41,1,N,8895
0.21,4.0,0.41,2,N,8896
0.21,4.0,0.41,3,N,8897
0.21,4.0,0.41,4,N,8898
0.21,4.0,0.41,5,N,8899
0.21,4.0,0.51,1,N,8900
0.21,4.0,0.51,2,N,8901
0.21,4.0,0.51,3,N,8902
0.21,4.0,0.51,4,N,8903
0.21,4.0,0.51,5,N,8904
0.21,4.0,0.6100000000000001,1,N,8905
0.21,4.0,0.6100000000000001,2,N,8906
0.21,4.0,0.6100000000000001,3,N,8907
0.21,4.0,0.6100000000000001,4,N,8908
0.21,4.0,0.6100000000000001,5,N,8909
0.21,4.0,0.7100000000000001,1,N,8910
0.21,4.0,0.7100000000000001,2,N,8911
0.21,4.0,0.7100000000000001,3,N,8912
0.21,4.0,0.7100000000000001,4,N,8913
0.21,4.0,0.7100000000000001,5,N,8914
0.21,4.0,0.81,1,N,8915
0.21,4.0,0.81,2,N,8916
0.21,4.0,0.81,3,N,8917
0.21,4.0,0.81,4,N,8918
0.21,4.0,0.81,5,N,8919
0.21,4.0,0.91,1,N,8920
0.21,4.0,0.91,2,N,8921
0.21,4.0,0.91,3,N,8922
0.21,4.0,0.91,4,N,8923
0.21,4.0,0.91,5,N,8924
0.21,4.0,1.01,1,N,8925
0.21,4.0,1.01,2,N,8926
0.21,4.0,1.01,3,N,8927
0.21,4.0,1.01,4,N,8928
0.21,4.0,1.01,5,N,8929
0.21,4.0,1.11,1,N,8930
0.21,4.0,1.11,2,N,8931
0.21,4.0,1.11,3,N,8932
0.21,4.0,1.11,4,N,8933
0.21,4.0,1.11,5,N,8934
0.21,4.0,1.3,1,N,8935
0.21,4.0,1.3,2,N,8936
0.21,4.0,1.3,3,N,8937
0.21,4.0,1.3,4,N,8938
0.21,4.0,1.3,5,N,8939
0.21,4.0,1.6,1,N,8940
0.21,4.0,1.6,2,N,8941
0.21,4.0,1.6,3,N,8942
0.21,4.0,1.6,4,N,8943
0.21,4.0,1.6,5,N,8944
0.21,4.0,1.9,1,N,8945
0.21,4.0,1.9,2,N,8946
0.21,4.0,1.9,3,N,8947
0.21,4.0,1.9,4,N,8948
0.21,4.0,1.9,5,N,8949
0.21,4.0,2.2,1,N,8950
0.21,4.0,2.2,2,N,8951
0.21,4.0,2.2,3,N,8952
0.21,4.0,2.2,4,N,8953
0.21,4.0,2.2,5,N,8954
0.21,4.0,2.5,1,N,8955
0.21,4.0,2.5,2,N,8956
0.21,4.0,2.5,3,N,8957
0.21,4.0,2.5,4,N,8958
0.21,4.0,2.5,5,N,8959
0.21,4.0,2.8000000000000003,1,N,8960
0.21,4.0,2.8000000000000003,2,N,8961
0.21,4.0,2.8000000000000003,3,N,8962
0.21,4.0,2.8000000000000003,4,N,8963
0.21,4.0,2.8000000000000003,5,N,8964
0.21,4.0,3.1000000000000005,1,N,8965
0.21,4.0,3.1000000000000005,2,N,8966
0.21,4.0,3.1000000000000005,3,N,8967
0.21,4.0,3.1000000000000005,4,N,8968
0.21,4.0,3.1000000000000005,5,N,8969
0.21,4.0,3.4000000000000004,1,N,8970
0.21,4.0,3.4000000000000004,2,N,8971
0.21,4.0,3.4000000000000004,3,N,8972
0.21,4.0,3.4000000000000004,4,N,8973
0.21,4.0,3.4000000000000004,5,N,8974
0.21,4.0,3.7,1,N,8975
0.21,4.0,3.7,2,N,8976
0.21,4.0,3.7,3,N,8977
0.21,4.0,3.7,4,N,8978
0.21,4.0,3.7,5,N,8979
0.21,4.0,4.0,1,N,8980
0.21,4.0,4.0,2,N,8981
0.21,4.0,4.0,3,N,8982
0.21,4.0,4.0,4,N,8983
0.21,4.0,4.0,5,N,8984
0.21,4.0,4.300000000000002,1,N,8985
0.21,4.0,4.300000000000002,2,N,8986
0.21,4.0,4.300000000000002,3,N,8987
0.21,4.0,4.300000000000002,4,N,8988
0.21,4.0,4.300000000000002,5,N,8989
0.21,4.0,4.6000000000000005,1,N,8990
0.21,4.0,4.6000000000000005,2,N,8991
0.21,4.0,4.6000000000000005,3,N,8992
0.21,4.0,4.6000000000000005,4,N,8993
0.21,4.0,4.6000000000000005,5,N,8994
0.21,4.0,4.9,1,N,8995
0.21,4.0,4.9,2,N,8996
0.21,4.0,4.9,3,N,8997
0.21,4.0,4.9,4,N,8998
0.21,4.0,4.9,5,N,8999
0.21,4.300000000000002,0.01,1,N,9000
0.21,4.300000000000002,0.01,2,N,9001
0.21,4.300000000000002,0.01,3,N,9002
0.21,4.300000000000002,0.01,4,N,9003
0.21,4.300000000000002,0.01,5,N,9004
0.21,4.300000000000002,0.11,1,N,9005
0.21,4.300000000000002,0.11,2,N,9006
0.21,4.300000000000002,0.11,3,N,9007
0.21,4.300000000000002,0.11,4,N,9008
0.21,4.300000000000002,0.11,5,N,9009
0.21,4.300000000000002,0.21,1,N,9010
0.21,4.300000000000002,0.21,2,N,9011
0.21,4.300000000000002,0.21,3,N,9012
0.21,4.300000000000002,0.21,4,N,9013
0.21,4.300000000000002,0.21,5,N,9014
0.21,4.300000000000002,0.31000000000000005,1,N,9015
0.21,4.300000000000002,0.31000000000000005,2,N,9016
0.21,4.300000000000002,0.31000000000000005,3,N,9017
0.21,4.300000000000002,0.31000000000000005,4,N,9018
0.21,4.300000000000002,0.31000000000000005,5,N,9019
0.21,4.300000000000002,0.41,1,N,9020
0.21,4.300000000000002,0.41,2,N,9021
0.21,4.300000000000002,0.41,3,N,9022
0.21,4.300000000000002,0.41,4,N,9023
0.21,4.300000000000002,0.41,5,N,9024
0.21,4.300000000000002,0.51,1,N,9025
0.21,4.300000000000002,0.51,2,N,9026
0.21,4.300000000000002,0.51,3,N,9027
0.21,4.300000000000002,0.51,4,N,9028
0.21,4.300000000000002,0.51,5,N,9029
0.21,4.300000000000002,0.6100000000000001,1,N,9030
0.21,4.300000000000002,0.6100000000000001,2,N,9031
0.21,4.300000000000002,0.6100000000000001,3,N,9032
0.21,4.300000000000002,0.6100000000000001,4,N,9033
0.21,4.300000000000002,0.6100000000000001,5,N,9034
0.21,4.300000000000002,0.7100000000000001,1,N,9035
0.21,4.300000000000002,0.7100000000000001,2,N,9036
0.21,4.300000000000002,0.7100000000000001,3,N,9037
0.21,4.300000000000002,0.7100000000000001,4,N,9038
0.21,4.300000000000002,0.7100000000000001,5,N,9039
0.21,4.300000000000002,0.81,1,N,9040
0.21,4.300000000000002,0.81,2,N,9041
0.21,4.300000000000002,0.81,3,N,9042
0.21,4.300000000000002,0.81,4,N,9043
0.21,4.300000000000002,0.81,5,N,9044
0.21,4.300000000000002,0.91,1,N,9045
0.21,4.300000000000002,0.91,2,N,9046
0.21,4.300000000000002,0.91,3,N,9047
0.21,4.300000000000002,0.91,4,N,9048
0.21,4.300000000000002,0.91,5,N,9049
0.21,4.300000000000002,1.01,1,N,9050
0.21,4.300000000000002,1.01,2,N,9051
0.21,4.300000000000002,1.01,3,N,9052
0.21,4.300000000000002,1.01,4,N,9053
0.21,4.300000000000002,1.01,5,N,9054
0.21,4.300000000000002,1.11,1,N,9055
0.21,4.300000000000002,1.11,2,N,9056
0.21,4.300000000000002,1.11,3,N,9057
0.21,4.300000000000002,1.11,4,N,9058
0.21,4.300000000000002,1.11,5,N,9059
0.21,4.300000000000002,1.3,1,N,9060
0.21,4.300000000000002,1.3,2,N,9061
0.21,4.300000000000002,1.3,3,N,9062
0.21,4.300000000000002,1.3,4,N,9063
0.21,4.300000000000002,1.3,5,N,9064
0.21,4.300000000000002,1.6,1,N,9065
0.21,4.300000000000002,1.6,2,N,9066
0.21,4.300000000000002,1.6,3,N,9067
0.21,4.300000000000002,1.6,4,N,9068
0.21,4.300000000000002,1.6,5,N,9069
0.21,4.300000000000002,1.9,1,N,9070
0.21,4.300000000000002,1.9,2,N,9071
0.21,4.300000000000002,1.9,3,N,9072
0.21,4.300000000000002,1.9,4,N,9073
0.21,4.300000000000002,1.9,5,N,9074
0.21,4.300000000000002,2.2,1,N,9075
0.21,4.300000000000002,2.2,2,N,9076
0.21,4.300000000000002,2.2,3,N,9077
0.21,4.300000000000002,2.2,4,N,9078
0.21,4.300000000000002,2.2,5,N,9079
0.21,4.300000000000002,2.5,1,N,9080
0.21,4.300000000000002,2.5,2,N,9081
0.21,4.300000000000002,2.5,3,N,9082
0.21,4.300000000000002,2.5,4,N,9083
0.21,4.300000000000002,2.5,5,N,9084
0.21,4.300000000000002,2.8000000000000003,1,N,9085
0.21,4.300000000000002,2.8000000000000003,2,N,9086
0.21,4.300000000000002,2.8000000000000003,3,N,9087
0.21,4.300000000000002,2.8000000000000003,4,N,9088
0.21,4.300000000000002,2.8000000000000003,5,N,9089
0.21,4.300000000000002,3.1000000000000005,1,N,9090
0.21,4.300000000000002,3.1000000000000005,2,N,9091
0.21,4.300000000000002,3.1000000000000005,3,N,9092
0.21,4.300000000000002,3.1000000000000005,4,N,9093
0.21,4.300000000000002,3.1000000000000005,5,N,9094
0.21,4.300000000000002,3.4000000000000004,1,N,9095
0.21,4.300000000000002,3.4000000000000004,2,N,9096
0.21,4.300000000000002,3.4000000000000004,3,N,9097
0.21,4.300000000000002,3.4000000000000004,4,N,9098
0.21,4.300000000000002,3.4000000000000004,5,N,9099
0.21,4.300000000000002,3.7,1,N,9100
0.21,4.300000000000002,3.7,2,N,9101
0.21,4.300000000000002,3.7,3,N,9102
0.21,4.300000000000002,3.7,4,N,9103
0.21,4.300000000000002,3.7,5,N,9104
0.21,4.300000000000002,4.0,1,N,9105
0.21,4.300000000000002,4.0,2,N,9106
0.21,4.300000000000002,4.0,3,N,9107
0.21,4.300000000000002,4.0,4,N,9108
0.21,4.300000000000002,4.0,5,N,9109
0.21,4.300000000000002,4.300000000000002,1,N,9110
0.21,4.300000000000002,4.300000000000002,2,N,9111
0.21,4.300000000000002,4.300000000000002,3,N,9112
0.21,4.300000000000002,4.300000000000002,4,N,9113
0.21,4.300000000000002,4.300000000000002,5,N,9114
0.21,4.300000000000002,4.6000000000000005,1,N,9115
0.21,4.300000000000002,4.6000000000000005,2,N,9116
0.21,4.300000000000002,4.6000000000000005,3,N,9117
0.21,4.300000000000002,4.6000000000000005,4,N,9118
0.21,4.300000000000002,4.6000000000000005,5,N,9119
0.21,4.300000000000002,4.9,1,N,9120
0.21,4.300000000000002,4.9,2,N,9121
0.21,4.300000000000002,4.9,3,N,9122
0.21,4.300000000000002,4.9,4,N,9123
0.21,4.300000000000002,4.9,5,N,9124
0.21,4.6000000000000005,0.01,1,N,9125
0.21,4.6000000000000005,0.01,2,N,9126
0.21,4.6000000000000005,0.01,3,N,9127
0.21,4.6000000000000005,0.01,4,N,9128
0.21,4.6000000000000005,0.01,5,N,9129
0.21,4.6000000000000005,0.11,1,N,9130
0.21,4.6000000000000005,0.11,2,N,9131
0.21,4.6000000000000005,0.11,3,N,9132
0.21,4.6000000000000005,0.11,4,N,9133
0.21,4.6000000000000005,0.11,5,N,9134
0.21,4.6000000000000005,0.21,1,N,9135
0.21,4.6000000000000005,0.21,2,N,9136
0.21,4.6000000000000005,0.21,3,N,9137
0.21,4.6000000000000005,0.21,4,N,9138
0.21,4.6000000000000005,0.21,5,N,9139
0.21,4.6000000000000005,0.31000000000000005,1,N,9140
0.21,4.6000000000000005,0.31000000000000005,2,N,9141
0.21,4.6000000000000005,0.31000000000000005,3,N,9142
0.21,4.6000000000000005,0.31000000000000005,4,N,9143
0.21,4.6000000000000005,0.31000000000000005,5,N,9144
0.21,4.6000000000000005,0.41,1,N,9145
0.21,4.6000000000000005,0.41,2,N,9146
0.21,4.6000000000000005,0.41,3,N,9147
0.21,4.6000000000000005,0.41,4,N,9148
0.21,4.6000000000000005,0.41,5,N,9149
0.21,4.6000000000000005,0.51,1,N,9150
0.21,4.6000000000000005,0.51,2,N,9151
0.21,4.6000000000000005,0.51,3,N,9152
0.21,4.6000000000000005,0.51,4,N,9153
0.21,4.6000000000000005,0.51,5,N,9154
0.21,4.6000000000000005,0.6100000000000001,1,N,9155
0.21,4.6000000000000005,0.6100000000000001,2,N,9156
0.21,4.6000000000000005,0.6100000000000001,3,N,9157
0.21,4.6000000000000005,0.6100000000000001,4,N,9158
0.21,4.6000000000000005,0.6100000000000001,5,N,9159
0.21,4.6000000000000005,0.7100000000000001,1,N,9160
0.21,4.6000000000000005,0.7100000000000001,2,N,9161
0.21,4.6000000000000005,0.7100000000000001,3,N,9162
0.21,4.6000000000000005,0.7100000000000001,4,N,9163
0.21,4.6000000000000005,0.7100000000000001,5,N,9164
0.21,4.6000000000000005,0.81,1,N,9165
0.21,4.6000000000000005,0.81,2,N,9166
0.21,4.6000000000000005,0.81,3,N,9167
0.21,4.6000000000000005,0.81,4,N,9168
0.21,4.6000000000000005,0.81,5,N,9169
0.21,4.6000000000000005,0.91,1,N,9170
0.21,4.6000000000000005,0.91,2,N,9171
0.21,4.6000000000000005,0.91,3,N,9172
0.21,4.6000000000000005,0.91,4,N,9173
0.21,4.6000000000000005,0.91,5,N,9174
0.21,4.6000000000000005,1.01,1,N,9175
0.21,4.6000000000000005,1.01,2,N,9176
0.21,4.6000000000000005,1.01,3,N,9177
0.21,4.6000000000000005,1.01,4,N,9178
0.21,4.6000000000000005,1.01,5,N,9179
0.21,4.6000000000000005,1.11,1,N,9180
0.21,4.6000000000000005,1.11,2,N,9181
0.21,4.6000000000000005,1.11,3,N,9182
0.21,4.6000000000000005,1.11,4,N,9183
0.21,4.6000000000000005,1.11,5,N,9184
0.21,4.6000000000000005,1.3,1,N,9185
0.21,4.6000000000000005,1.3,2,N,9186
0.21,4.6000000000000005,1.3,3,N,9187
0.21,4.6000000000000005,1.3,4,N,9188
0.21,4.6000000000000005,1.3,5,N,9189
0.21,4.6000000000000005,1.6,1,N,9190
0.21,4.6000000000000005,1.6,2,N,9191
0.21,4.6000000000000005,1.6,3,N,9192
0.21,4.6000000000000005,1.6,4,N,9193
0.21,4.6000000000000005,1.6,5,N,9194
0.21,4.6000000000000005,1.9,1,N,9195
0.21,4.6000000000000005,1.9,2,N,9196
0.21,4.6000000000000005,1.9,3,N,9197
0.21,4.6000000000000005,1.9,4,N,9198
0.21,4.6000000000000005,1.9,5,N,9199
0.21,4.6000000000000005,2.2,1,N,9200
0.21,4.6000000000000005,2.2,2,N,9201
0.21,4.6000000000000005,2.2,3,N,9202
0.21,4.6000000000000005,2.2,4,N,9203
0.21,4.6000000000000005,2.2,5,N,9204
0.21,4.6000000000000005,2.5,1,N,9205
0.21,4.6000000000000005,2.5,2,N,9206
0.21,4.6000000000000005,2.5,3,N,9207
0.21,4.6000000000000005,2.5,4,N,9208
0.21,4.6000000000000005,2.5,5,N,9209
0.21,4.6000000000000005,2.8000000000000003,1,N,9210
0.21,4.6000000000000005,2.8000000000000003,2,N,9211
0.21,4.6000000000000005,2.8000000000000003,3,N,9212
0.21,4.6000000000000005,2.8000000000000003,4,N,9213
0.21,4.6000000000000005,2.8000000000000003,5,N,9214
0.21,4.6000000000000005,3.1000000000000005,1,N,9215
0.21,4.6000000000000005,3.1000000000000005,2,N,9216
0.21,4.6000000000000005,3.1000000000000005,3,N,9217
0.21,4.6000000000000005,3.1000000000000005,4,N,9218
0.21,4.6000000000000005,3.1000000000000005,5,N,9219
0.21,4.6000000000000005,3.4000000000000004,1,N,9220
0.21,4.6000000000000005,3.4000000000000004,2,N,9221
0.21,4.6000000000000005,3.4000000000000004,3,N,9222
0.21,4.6000000000000005,3.4000000000000004,4,N,9223
0.21,4.6000000000000005,3.4000000000000004,5,N,9224
0.21,4.6000000000000005,3.7,1,N,9225
0.21,4.6000000000000005,3.7,2,N,9226
0.21,4.6000000000000005,3.7,3,N,9227
0.21,4.6000000000000005,3.7,4,N,9228
0.21,4.6000000000000005,3.7,5,N,9229
0.21,4.6000000000000005,4.0,1,N,9230
0.21,4.6000000000000005,4.0,2,N,9231
0.21,4.6000000000000005,4.0,3,N,9232
0.21,4.6000000000000005,4.0,4,N,9233
0.21,4.6000000000000005,4.0,5,N,9234
0.21,4.6000000000000005,4.300000000000002,1,N,9235
0.21,4.6000000000000005,4.300000000000002,2,N,9236
0.21,4.6000000000000005,4.300000000000002,3,N,9237
0.21,4.6000000000000005,4.300000000000002,4,N,9238
0.21,4.6000000000000005,4.300000000000002,5,N,9239
0.21,4.6000000000000005,4.6000000000000005,1,N,9240
0.21,4.6000000000000005,4.6000000000000005,2,N,9241
0.21,4.6000000000000005,4.6000000000000005,3,N,9242
0.21,4.6000000000000005,4.6000000000000005,4,N,9243
0.21,4.6000000000000005,4.6000000000000005,5,N,9244
0.21,4.6000000000000005,4.9,1,N,9245
0.21,4.6000000000000005,4.9,2,N,9246
0.21,4.6000000000000005,4.9,3,N,9247
0.21,4.6000000000000005,4.9,4,N,9248
0.21,4.6000000000000005,4.9,5,N,9249
0.21,4.9,0.01,1,N,9250
0.21,4.9,0.01,2,N,9251
0.21,4.9,0.01,3,N,9252
0.21,4.9,0.01,4,N,9253
0.21,4.9,0.01,5,N,9254
0.21,4.9,0.11,1,N,9255
0.21,4.9,0.11,2,N,9256
0.21,4.9,0.11,3,N,9257
0.21,4.9,0.11,4,N,9258
0.21,4.9,0.11,5,N,9259
0.21,4.9,0.21,1,N,9260
0.21,4.9,0.21,2,N,9261
0.21,4.9,0.21,3,N,9262
0.21,4.9,0.21,4,N,9263
0.21,4.9,0.21,5,N,9264
0.21,4.9,0.31000000000000005,1,N,9265
0.21,4.9,0.31000000000000005,2,N,9266
0.21,4.9,0.31000000000000005,3,N,9267
0.21,4.9,0.31000000000000005,4,N,9268
0.21,4.9,0.31000000000000005,5,N,9269
0.21,4.9,0.41,1,N,9270
0.21,4.9,0.41,2,N,9271
0.21,4.9,0.41,3,N,9272
0.21,4.9,0.41,4,N,9273
0.21,4.9,0.41,5,N,9274
0.21,4.9,0.51,1,N,9275
0.21,4.9,0.51,2,N,9276
0.21,4.9,0.51,3,N,9277
0.21,4.9,0.51,4,N,9278
0.21,4.9,0.51,5,N,9279
0.21,4.9,0.6100000000000001,1,N,9280
0.21,4.9,0.6100000000000001,2,N,9281
0.21,4.9,0.6100000000000001,3,N,9282
0.21,4.9,0.6100000000000001,4,N,9283
0.21,4.9,0.6100000000000001,5,N,9284
0.21,4.9,0.7100000000000001,1,N,9285
0.21,4.9,0.7100000000000001,2,N,9286
0.21,4.9,0.7100000000000001,3,N,9287
0.21,4.9,0.7100000000000001,4,N,9288
0.21,4.9,0.7100000000000001,5,N,9289
0.21,4.9,0.81,1,N,9290
0.21,4.9,0.81,2,N,9291
0.21,4.9,0.81,3,N,9292
0.21,4.9,0.81,4,N,9293
0.21,4.9,0.81,5,N,9294
0.21,4.9,0.91,1,N,9295
0.21,4.9,0.91,2,N,9296
0.21,4.9,0.91,3,N,9297
0.21,4.9,0.91,4,N,9298
0.21,4.9,0.91,5,N,9299
0.21,4.9,1.01,1,N,9300
0.21,4.9,1.01,2,N,9301
0.21,4.9,1.01,3,N,9302
0.21,4.9,1.01,4,N,9303
0.21,4.9,1.01,5,N,9304
0.21,4.9,1.11,1,N,9305
0.21,4.9,1.11,2,N,9306
0.21,4.9,1.11,3,N,9307
0.21,4.9,1.11,4,N,9308
0.21,4.9,1.11,5,N,9309
0.21,4.9,1.3,1,N,9310
0.21,4.9,1.3,2,N,9311
0.21,4.9,1.3,3,N,9312
0.21,4.9,1.3,4,N,9313
0.21,4.9,1.3,5,N,9314
0.21,4.9,1.6,1,N,9315
0.21,4.9,1.6,2,N,9316
0.21,4.9,1.6,3,N,9317
0.21,4.9,1.6,4,N,9318
0.21,4.9,1.6,5,N,9319
0.21,4.9,1.9,1,N,9320
0.21,4.9,1.9,2,N,9321
0.21,4.9,1.9,3,N,9322
0.21,4.9,1.9,4,N,9323
0.21,4.9,1.9,5,N,9324
0.21,4.9,2.2,1,N,9325
0.21,4.9,2.2,2,N,9326
0.21,4.9,2.2,3,N,9327
0.21,4.9,2.2,4,N,9328
0.21,4.9,2.2,5,N,9329
0.21,4.9,2.5,1,N,9330
0.21,4.9,2.5,2,N,9331
0.21,4.9,2.5,3,N,9332
0.21,4.9,2.5,4,N,9333
0.21,4.9,2.5,5,N,9334
0.21,4.9,2.8000000000000003,1,N,9335
0.21,4.9,2.8000000000000003,2,N,9336
0.21,4.9,2.8000000000000003,3,N,9337
0.21,4.9,2.8000000000000003,4,N,9338
0.21,4.9,2.8000000000000003,5,N,9339
0.21,4.9,3.1000000000000005,1,N,9340
0.21,4.9,3.1000000000000005,2,N,9341
0.21,4.9,3.1000000000000005,3,N,9342
0.21,4.9,3.1000000000000005,4,N,9343
0.21,4.9,3.1000000000000005,5,N,9344
0.21,4.9,3.4000000000000004,1,N,9345
0.21,4.9,3.4000000000000004,2,N,9346
0.21,4.9,3.4000000000000004,3,N,9347
0.21,4.9,3.4000000000000004,4,N,9348
0.21,4.9,3.4000000000000004,5,N,9349
0.21,4.9,3.7,1,N,9350
0.21,4.9,3.7,2,N,9351
0.21,4.9,3.7,3,N,9352
0.21,4.9,3.7,4,N,9353
0.21,4.9,3.7,5,N,9354
0.21,4.9,4.0,1,N,9355
0.21,4.9,4.0,2,N,9356
0.21,4.9,4.0,3,N,9357
0.21,4.9,4.0,4,N,9358
0.21,4.9,4.0,5,N,9359
0.21,4.9,4.300000000000002,1,N,9360
0.21,4.9,4.300000000000002,2,N,9361
0.21,4.9,4.300000000000002,3,N,9362
0.21,4.9,4.300000000000002,4,N,9363
0.21,4.9,4.300000000000002,5,N,9364
0.21,4.9,4.6000000000000005,1,N,9365
0.21,4.9,4.6000000000000005,2,N,9366
0.21,4.9,4.6000000000000005,3,N,9367
0.21,4.9,4.6000000000000005,4,N,9368
0.21,4.9,4.6000000000000005,5,N,9369
0.21,4.9,4.9,1,N,9370
0.21,4.9,4.9,2,N,9371
0.21,4.9,4.9,3,N,9372
0.21,4.9,4.9,4,N,9373
0.21,4.9,4.9,5,N,9374
0.31000000000000005,0.01,0.01,1,N,9375
0.31000000000000005,0.01,0.01,2,N,9376
0.31000000000000005,0.01,0.01,3,N,9377
0.31000000000000005,0.01,0.01,4,N,9378
0.31000000000000005,0.01,0.01,5,N,9379
0.31000000000000005,0.01,0.11,1,N,9380
0.31000000000000005,0.01,0.11,2,N,9381
0.31000000000000005,0.01,0.11,3,N,9382
0.31000000000000005,0.01,0.11,4,N,9383
0.31000000000000005,0.01,0.11,5,N,9384
0.31000000000000005,0.01,0.21,1,N,9385
0.31000000000000005,0.01,0.21,2,N,9386
0.31000000000000005,0.01,0.21,3,N,9387
0.31000000000000005,0.01,0.21,4,N,9388
0.31000000000000005,0.01,0.21,5,N,9389
0.31000000000000005,0.01,0.31000000000000005,1,N,9390
0.31000000000000005,0.01,0.31000000000000005,2,N,9391
0.31000000000000005,0.01,0.31000000000000005,3,N,9392
0.31000000000000005,0.01,0.31000000000000005,4,N,9393
0.31000000000000005,0.01,0.31000000000000005,5,N,9394
0.31000000000000005,0.01,0.41,1,N,9395
0.31000000000000005,0.01,0.41,2,N,9396
0.31000000000000005,0.01,0.41,3,N,9397
0.31000000000000005,0.01,0.41,4,N,9398
0.31000000000000005,0.01,0.41,5,N,9399
0.31000000000000005,0.01,0.51,1,N,9400
0.31000000000000005,0.01,0.51,2,N,9401
0.31000000000000005,0.01,0.51,3,N,9402
0.31000000000000005,0.01,0.51,4,N,9403
0.31000000000000005,0.01,0.51,5,N,9404
0.31000000000000005,0.01,0.6100000000000001,1,N,9405
0.31000000000000005,0.01,0.6100000000000001,2,N,9406
0.31000000000000005,0.01,0.6100000000000001,3,N,9407
0.31000000000000005,0.01,0.6100000000000001,4,N,9408
0.31000000000000005,0.01,0.6100000000000001,5,N,9409
0.31000000000000005,0.01,0.7100000000000001,1,N,9410
0.31000000000000005,0.01,0.7100000000000001,2,N,9411
0.31000000000000005,0.01,0.7100000000000001,3,N,9412
0.31000000000000005,0.01,0.7100000000000001,4,N,9413
0.31000000000000005,0.01,0.7100000000000001,5,N,9414
0.31000000000000005,0.01,0.81,1,N,9415
0.31000000000000005,0.01,0.81,2,N,9416
0.31000000000000005,0.01,0.81,3,N,9417
0.31000000000000005,0.01,0.81,4,N,9418
0.31000000000000005,0.01,0.81,5,N,9419
0.31000000000000005,0.01,0.91,1,N,9420
0.31000000000000005,0.01,0.91,2,N,9421
0.31000000000000005,0.01,0.91,3,N,9422
0.31000000000000005,0.01,0.91,4,N,9423
0.31000000000000005,0.01,0.91,5,N,9424
0.31000000000000005,0.01,1.01,1,N,9425
0.31000000000000005,0.01,1.01,2,N,9426
0.31000000000000005,0.01,1.01,3,N,9427
0.31000000000000005,0.01,1.01,4,N,9428
0.31000000000000005,0.01,1.01,5,N,9429
0.31000000000000005,0.01,1.11,1,N,9430
0.31000000000000005,0.01,1.11,2,N,9431
0.31000000000000005,0.01,1.11,3,N,9432
0.31000000000000005,0.01,1.11,4,N,9433
0.31000000000000005,0.01,1.11,5,N,9434
0.31000000000000005,0.01,1.3,1,N,9435
0.31000000000000005,0.01,1.3,2,N,9436
0.31000000000000005,0.01,1.3,3,N,9437
0.31000000000000005,0.01,1.3,4,N,9438
0.31000000000000005,0.01,1.3,5,N,9439
0.31000000000000005,0.01,1.6,1,N,9440
0.31000000000000005,0.01,1.6,2,N,9441
0.31000000000000005,0.01,1.6,3,N,9442
0.31000000000000005,0.01,1.6,4,N,9443
0.31000000000000005,0.01,1.6,5,N,9444
0.31000000000000005,0.01,1.9,1,N,9445
0.31000000000000005,0.01,1.9,2,N,9446
0.31000000000000005,0.01,1.9,3,N,9447
0.31000000000000005,0.01,1.9,4,N,9448
0.31000000000000005,0.01,1.9,5,N,9449
0.31000000000000005,0.01,2.2,1,N,9450
0.31000000000000005,0.01,2.2,2,N,9451
0.31000000000000005,0.01,2.2,3,N,9452
0.31000000000000005,0.01,2.2,4,N,9453
0.31000000000000005,0.01,2.2,5,N,9454
0.31000000000000005,0.01,2.5,1,N,9455
0.31000000000000005,0.01,2.5,2,N,9456
0.31000000000000005,0.01,2.5,3,N,9457
0.31000000000000005,0.01,2.5,4,N,9458
0.31000000000000005,0.01,2.5,5,N,9459
0.31000000000000005,0.01,2.8000000000000003,1,N,9460
0.31000000000000005,0.01,2.8000000000000003,2,N,9461
0.31000000000000005,0.01,2.8000000000000003,3,N,9462
0.31000000000000005,0.01,2.8000000000000003,4,N,9463
0.31000000000000005,0.01,2.8000000000000003,5,N,9464
0.31000000000000005,0.01,3.1000000000000005,1,N,9465
0.31000000000000005,0.01,3.1000000000000005,2,N,9466
0.31000000000000005,0.01,3.1000000000000005,3,N,9467
0.31000000000000005,0.01,3.1000000000000005,4,N,9468
0.31000000000000005,0.01,3.1000000000000005,5,N,9469
0.31000000000000005,0.01,3.4000000000000004,1,N,9470
0.31000000000000005,0.01,3.4000000000000004,2,N,9471
0.31000000000000005,0.01,3.4000000000000004,3,N,9472
0.31000000000000005,0.01,3.4000000000000004,4,N,9473
0.31000000000000005,0.01,3.4000000000000004,5,N,9474
0.31000000000000005,0.01,3.7,1,N,9475
0.31000000000000005,0.01,3.7,2,N,9476
0.31000000000000005,0.01,3.7,3,N,9477
0.31000000000000005,0.01,3.7,4,N,9478
0.31000000000000005,0.01,3.7,5,N,9479
0.31000000000000005,0.01,4.0,1,N,9480
0.31000000000000005,0.01,4.0,2,N,9481
0.31000000000000005,0.01,4.0,3,N,9482
0.31000000000000005,0.01,4.0,4,N,9483
0.31000000000000005,0.01,4.0,5,N,9484
0.31000000000000005,0.01,4.300000000000002,1,N,9485
0.31000000000000005,0.01,4.300000000000002,2,N,9486
0.31000000000000005,0.01,4.300000000000002,3,N,9487
0.31000000000000005,0.01,4.300000000000002,4,N,9488
0.31000000000000005,0.01,4.300000000000002,5,N,9489
0.31000000000000005,0.01,4.6000000000000005,1,N,9490
0.31000000000000005,0.01,4.6000000000000005,2,N,9491
0.31000000000000005,0.01,4.6000000000000005,3,N,9492
0.31000000000000005,0.01,4.6000000000000005,4,N,9493
0.31000000000000005,0.01,4.6000000000000005,5,N,9494
0.31000000000000005,0.01,4.9,1,N,9495
0.31000000000000005,0.01,4.9,2,N,9496
0.31000000000000005,0.01,4.9,3,N,9497
0.31000000000000005,0.01,4.9,4,N,9498
0.31000000000000005,0.01,4.9,5,N,9499
0.31000000000000005,0.11,0.01,1,N,9500
0.31000000000000005,0.11,0.01,2,N,9501
0.31000000000000005,0.11,0.01,3,N,9502
0.31000000000000005,0.11,0.01,4,N,9503
0.31000000000000005,0.11,0.01,5,N,9504
0.31000000000000005,0.11,0.11,1,N,9505
0.31000000000000005,0.11,0.11,2,N,9506
0.31000000000000005,0.11,0.11,3,N,9507
0.31000000000000005,0.11,0.11,4,N,9508
0.31000000000000005,0.11,0.11,5,N,9509
0.31000000000000005,0.11,0.21,1,N,9510
0.31000000000000005,0.11,0.21,2,N,9511
0.31000000000000005,0.11,0.21,3,N,9512
0.31000000000000005,0.11,0.21,4,N,9513
0.31000000000000005,0.11,0.21,5,N,9514
0.31000000000000005,0.11,0.31000000000000005,1,N,9515
0.31000000000000005,0.11,0.31000000000000005,2,N,9516
0.31000000000000005,0.11,0.31000000000000005,3,N,9517
0.31000000000000005,0.11,0.31000000000000005,4,N,9518
0.31000000000000005,0.11,0.31000000000000005,5,N,9519
0.31000000000000005,0.11,0.41,1,N,9520
0.31000000000000005,0.11,0.41,2,N,9521
0.31000000000000005,0.11,0.41,3,N,9522
0.31000000000000005,0.11,0.41,4,N,9523
0.31000000000000005,0.11,0.41,5,N,9524
0.31000000000000005,0.11,0.51,1,N,9525
0.31000000000000005,0.11,0.51,2,N,9526
0.31000000000000005,0.11,0.51,3,N,9527
0.31000000000000005,0.11,0.51,4,N,9528
0.31000000000000005,0.11,0.51,5,N,9529
0.31000000000000005,0.11,0.6100000000000001,1,N,9530
0.31000000000000005,0.11,0.6100000000000001,2,N,9531
0.31000000000000005,0.11,0.6100000000000001,3,N,9532
0.31000000000000005,0.11,0.6100000000000001,4,N,9533
0.31000000000000005,0.11,0.6100000000000001,5,N,9534
0.31000000000000005,0.11,0.7100000000000001,1,N,9535
0.31000000000000005,0.11,0.7100000000000001,2,N,9536
0.31000000000000005,0.11,0.7100000000000001,3,N,9537
0.31000000000000005,0.11,0.7100000000000001,4,N,9538
0.31000000000000005,0.11,0.7100000000000001,5,N,9539
0.31000000000000005,0.11,0.81,1,N,9540
0.31000000000000005,0.11,0.81,2,N,9541
0.31000000000000005,0.11,0.81,3,N,9542
0.31000000000000005,0.11,0.81,4,N,9543
0.31000000000000005,0.11,0.81,5,N,9544
0.31000000000000005,0.11,0.91,1,N,9545
0.31000000000000005,0.11,0.91,2,N,9546
0.31000000000000005,0.11,0.91,3,N,9547
0.31000000000000005,0.11,0.91,4,N,9548
0.31000000000000005,0.11,0.91,5,N,9549
0.31000000000000005,0.11,1.01,1,N,9550
0.31000000000000005,0.11,1.01,2,N,9551
0.31000000000000005,0.11,1.01,3,N,9552
0.31000000000000005,0.11,1.01,4,N,9553
0.31000000000000005,0.11,1.01,5,N,9554
0.31000000000000005,0.11,1.11,1,N,9555
0.31000000000000005,0.11,1.11,2,N,9556
0.31000000000000005,0.11,1.11,3,N,9557
0.31000000000000005,0.11,1.11,4,N,9558
0.31000000000000005,0.11,1.11,5,N,9559
0.31000000000000005,0.11,1.3,1,N,9560
0.31000000000000005,0.11,1.3,2,N,9561
0.31000000000000005,0.11,1.3,3,N,9562
0.31000000000000005,0.11,1.3,4,N,9563
0.31000000000000005,0.11,1.3,5,N,9564
0.31000000000000005,0.11,1.6,1,N,9565
0.31000000000000005,0.11,1.6,2,N,9566
0.31000000000000005,0.11,1.6,3,N,9567
0.31000000000000005,0.11,1.6,4,N,9568
0.31000000000000005,0.11,1.6,5,N,9569
0.31000000000000005,0.11,1.9,1,N,9570
0.31000000000000005,0.11,1.9,2,N,9571
0.31000000000000005,0.11,1.9,3,N,9572
0.31000000000000005,0.11,1.9,4,N,9573
0.31000000000000005,0.11,1.9,5,N,9574
0.31000000000000005,0.11,2.2,1,N,9575
0.31000000000000005,0.11,2.2,2,N,9576
0.31000000000000005,0.11,2.2,3,N,9577
0.31000000000000005,0.11,2.2,4,N,9578
0.31000000000000005,0.11,2.2,5,N,9579
0.31000000000000005,0.11,2.5,1,N,9580
0.31000000000000005,0.11,2.5,2,N,9581
0.31000000000000005,0.11,2.5,3,N,9582
0.31000000000000005,0.11,2.5,4,N,9583
0.31000000000000005,0.11,2.5,5,N,9584
0.31000000000000005,0.11,2.8000000000000003,1,N,9585
0.31000000000000005,0.11,2.8000000000000003,2,N,9586
0.31000000000000005,0.11,2.8000000000000003,3,N,9587
0.31000000000000005,0.11,2.8000000000000003,4,N,9588
0.31000000000000005,0.11,2.8000000000000003,5,N,9589
0.31000000000000005,0.11,3.1000000000000005,1,N,9590
0.31000000000000005,0.11,3.1000000000000005,2,N,9591
0.31000000000000005,0.11,3.1000000000000005,3,N,9592
0.31000000000000005,0.11,3.1000000000000005,4,N,9593
0.31000000000000005,0.11,3.1000000000000005,5,N,9594
0.31000000000000005,0.11,3.4000000000000004,1,N,9595
0.31000000000000005,0.11,3.4000000000000004,2,N,9596
0.31000000000000005,0.11,3.4000000000000004,3,N,9597
0.31000000000000005,0.11,3.4000000000000004,4,N,9598
0.31000000000000005,0.11,3.4000000000000004,5,N,9599
0.31000000000000005,0.11,3.7,1,N,9600
0.31000000000000005,0.11,3.7,2,N,9601
0.31000000000000005,0.11,3.7,3,N,9602
0.31000000000000005,0.11,3.7,4,N,9603
0.31000000000000005,0.11,3.7,5,N,9604
0.31000000000000005,0.11,4.0,1,N,9605
0.31000000000000005,0.11,4.0,2,N,9606
0.31000000000000005,0.11,4.0,3,N,9607
0.31000000000000005,0.11,4.0,4,N,9608
0.31000000000000005,0.11,4.0,5,N,9609
0.31000000000000005,0.11,4.300000000000002,1,N,9610
0.31000000000000005,0.11,4.300000000000002,2,N,9611
0.31000000000000005,0.11,4.300000000000002,3,N,9612
0.31000000000000005,0.11,4.300000000000002,4,N,9613
0.31000000000000005,0.11,4.300000000000002,5,N,9614
0.31000000000000005,0.11,4.6000000000000005,1,N,9615
0.31000000000000005,0.11,4.6000000000000005,2,N,9616
0.31000000000000005,0.11,4.6000000000000005,3,N,9617
0.31000000000000005,0.11,4.6000000000000005,4,N,9618
0.31000000000000005,0.11,4.6000000000000005,5,N,9619
0.31000000000000005,0.11,4.9,1,N,9620
0.31000000000000005,0.11,4.9,2,N,9621
0.31000000000000005,0.11,4.9,3,N,9622
0.31000000000000005,0.11,4.9,4,N,9623
0.31000000000000005,0.11,4.9,5,N,9624
0.31000000000000005,0.21,0.01,1,N,9625
0.31000000000000005,0.21,0.01,2,N,9626
0.31000000000000005,0.21,0.01,3,N,9627
0.31000000000000005,0.21,0.01,4,N,9628
0.31000000000000005,0.21,0.01,5,N,9629
0.31000000000000005,0.21,0.11,1,N,9630
0.31000000000000005,0.21,0.11,2,N,9631
0.31000000000000005,0.21,0.11,3,N,9632
0.31000000000000005,0.21,0.11,4,N,9633
0.31000000000000005,0.21,0.11,5,N,9634
0.31000000000000005,0.21,0.21,1,N,9635
0.31000000000000005,0.21,0.21,2,N,9636
0.31000000000000005,0.21,0.21,3,N,9637
0.31000000000000005,0.21,0.21,4,N,9638
0.31000000000000005,0.21,0.21,5,N,9639
0.31000000000000005,0.21,0.31000000000000005,1,N,9640
0.31000000000000005,0.21,0.31000000000000005,2,N,9641
0.31000000000000005,0.21,0.31000000000000005,3,N,9642
0.31000000000000005,0.21,0.31000000000000005,4,N,9643
0.31000000000000005,0.21,0.31000000000000005,5,N,9644
0.31000000000000005,0.21,0.41,1,N,9645
0.31000000000000005,0.21,0.41,2,N,9646
0.31000000000000005,0.21,0.41,3,N,9647
0.31000000000000005,0.21,0.41,4,N,9648
0.31000000000000005,0.21,0.41,5,N,9649
0.31000000000000005,0.21,0.51,1,N,9650
0.31000000000000005,0.21,0.51,2,N,9651
0.31000000000000005,0.21,0.51,3,N,9652
0.31000000000000005,0.21,0.51,4,N,9653
0.31000000000000005,0.21,0.51,5,N,9654
0.31000000000000005,0.21,0.6100000000000001,1,N,9655
0.31000000000000005,0.21,0.6100000000000001,2,N,9656
0.31000000000000005,0.21,0.6100000000000001,3,N,9657
0.31000000000000005,0.21,0.6100000000000001,4,N,9658
0.31000000000000005,0.21,0.6100000000000001,5,N,9659
0.31000000000000005,0.21,0.7100000000000001,1,N,9660
0.31000000000000005,0.21,0.7100000000000001,2,N,9661
0.31000000000000005,0.21,0.7100000000000001,3,N,9662
0.31000000000000005,0.21,0.7100000000000001,4,N,9663
0.31000000000000005,0.21,0.7100000000000001,5,N,9664
0.31000000000000005,0.21,0.81,1,N,9665
0.31000000000000005,0.21,0.81,2,N,9666
0.31000000000000005,0.21,0.81,3,N,9667
0.31000000000000005,0.21,0.81,4,N,9668
0.31000000000000005,0.21,0.81,5,N,9669
0.31000000000000005,0.21,0.91,1,N,9670
0.31000000000000005,0.21,0.91,2,N,9671
0.31000000000000005,0.21,0.91,3,N,9672
0.31000000000000005,0.21,0.91,4,N,9673
0.31000000000000005,0.21,0.91,5,N,9674
0.31000000000000005,0.21,1.01,1,N,9675
0.31000000000000005,0.21,1.01,2,N,9676
0.31000000000000005,0.21,1.01,3,N,9677
0.31000000000000005,0.21,1.01,4,N,9678
0.31000000000000005,0.21,1.01,5,N,9679
0.31000000000000005,0.21,1.11,1,N,9680
0.31000000000000005,0.21,1.11,2,N,9681
0.31000000000000005,0.21,1.11,3,N,9682
0.31000000000000005,0.21,1.11,4,N,9683
0.31000000000000005,0.21,1.11,5,N,9684
0.31000000000000005,0.21,1.3,1,N,9685
0.31000000000000005,0.21,1.3,2,N,9686
0.31000000000000005,0.21,1.3,3,N,9687
0.31000000000000005,0.21,1.3,4,N,9688
0.31000000000000005,0.21,1.3,5,N,9689
0.31000000000000005,0.21,1.6,1,N,9690
0.31000000000000005,0.21,1.6,2,N,9691
0.31000000000000005,0.21,1.6,3,N,9692
0.31000000000000005,0.21,1.6,4,N,9693
0.31000000000000005,0.21,1.6,5,N,9694
0.31000000000000005,0.21,1.9,1,N,9695
0.31000000000000005,0.21,1.9,2,N,9696
0.31000000000000005,0.21,1.9,3,N,9697
0.31000000000000005,0.21,1.9,4,N,9698
0.31000000000000005,0.21,1.9,5,N,9699
0.31000000000000005,0.21,2.2,1,N,9700
0.31000000000000005,0.21,2.2,2,N,9701
0.31000000000000005,0.21,2.2,3,N,9702
0.31000000000000005,0.21,2.2,4,N,9703
0.31000000000000005,0.21,2.2,5,N,9704
0.31000000000000005,0.21,2.5,1,N,9705
0.31000000000000005,0.21,2.5,2,N,9706
0.31000000000000005,0.21,2.5,3,N,9707
0.31000000000000005,0.21,2.5,4,N,9708
0.31000000000000005,0.21,2.5,5,N,9709
0.31000000000000005,0.21,2.8000000000000003,1,N,9710
0.31000000000000005,0.21,2.8000000000000003,2,N,9711
0.31000000000000005,0.21,2.8000000000000003,3,N,9712
0.31000000000000005,0.21,2.8000000000000003,4,N,9713
0.31000000000000005,0.21,2.8000000000000003,5,N,9714
0.31000000000000005,0.21,3.1000000000000005,1,N,9715
0.31000000000000005,0.21,3.1000000000000005,2,N,9716
0.31000000000000005,0.21,3.1000000000000005,3,N,9717
0.31000000000000005,0.21,3.1000000000000005,4,N,9718
0.31000000000000005,0.21,3.1000000000000005,5,N,9719
0.31000000000000005,0.21,3.4000000000000004,1,N,9720
0.31000000000000005,0.21,3.4000000000000004,2,N,9721
0.31000000000000005,0.21,3.4000000000000004,3,N,9722
0.31000000000000005,0.21,3.4000000000000004,4,N,9723
0.31000000000000005,0.21,3.4000000000000004,5,N,9724
0.31000000000000005,0.21,3.7,1,N,9725
0.31000000000000005,0.21,3.7,2,N,9726
0.31000000000000005,0.21,3.7,3,N,9727
0.31000000000000005,0.21,3.7,4,N,9728
0.31000000000000005,0.21,3.7,5,N,9729
0.31000000000000005,0.21,4.0,1,N,9730
0.31000000000000005,0.21,4.0,2,N,9731
0.31000000000000005,0.21,4.0,3,N,9732
0.31000000000000005,0.21,4.0,4,N,9733
0.31000000000000005,0.21,4.0,5,N,9734
0.31000000000000005,0.21,4.300000000000002,1,N,9735
0.31000000000000005,0.21,4.300000000000002,2,N,9736
0.31000000000000005,0.21,4.300000000000002,3,N,9737
0.31000000000000005,0.21,4.300000000000002,4,N,9738
0.31000000000000005,0.21,4.300000000000002,5,N,9739
0.31000000000000005,0.21,4.6000000000000005,1,N,9740
0.31000000000000005,0.21,4.6000000000000005,2,N,9741
0.31000000000000005,0.21,4.6000000000000005,3,N,9742
0.31000000000000005,0.21,4.6000000000000005,4,N,9743
0.31000000000000005,0.21,4.6000000000000005,5,N,9744
0.31000000000000005,0.21,4.9,1,N,9745
0.31000000000000005,0.21,4.9,2,N,9746
0.31000000000000005,0.21,4.9,3,N,9747
0.31000000000000005,0.21,4.9,4,N,9748
0.31000000000000005,0.21,4.9,5,N,9749
0.31000000000000005,0.31000000000000005,0.01,1,N,9750
0.31000000000000005,0.31000000000000005,0.01,2,N,9751
0.31000000000000005,0.31000000000000005,0.01,3,N,9752
0.31000000000000005,0.31000000000000005,0.01,4,N,9753
0.31000000000000005,0.31000000000000005,0.01,5,N,9754
0.31000000000000005,0.31000000000000005,0.11,1,N,9755
0.31000000000000005,0.31000000000000005,0.11,2,N,9756
0.31000000000000005,0.31000000000000005,0.11,3,N,9757
0.31000000000000005,0.31000000000000005,0.11,4,N,9758
0.31000000000000005,0.31000000000000005,0.11,5,N,9759
0.31000000000000005,0.31000000000000005,0.21,1,N,9760
0.31000000000000005,0.31000000000000005,0.21,2,N,9761
0.31000000000000005,0.31000000000000005,0.21,3,N,9762
0.31000000000000005,0.31000000000000005,0.21,4,N,9763
0.31000000000000005,0.31000000000000005,0.21,5,N,9764
0.31000000000000005,0.31000000000000005,0.31000000000000005,1,N,9765
0.31000000000000005,0.31000000000000005,0.31000000000000005,2,N,9766
0.31000000000000005,0.31000000000000005,0.31000000000000005,3,N,9767
0.31000000000000005,0.31000000000000005,0.31000000000000005,4,N,9768
0.31000000000000005,0.31000000000000005,0.31000000000000005,5,N,9769
0.31000000000000005,0.31000000000000005,0.41,1,N,9770
0.31000000000000005,0.31000000000000005,0.41,2,N,9771
0.31000000000000005,0.31000000000000005,0.41,3,N,9772
0.31000000000000005,0.31000000000000005,0.41,4,N,9773
0.31000000000000005,0.31000000000000005,0.41,5,N,9774
0.31000000000000005,0.31000000000000005,0.51,1,N,9775
0.31000000000000005,0.31000000000000005,0.51,2,N,9776
0.31000000000000005,0.31000000000000005,0.51,3,N,9777
0.31000000000000005,0.31000000000000005,0.51,4,N,9778
0.31000000000000005,0.31000000000000005,0.51,5,N,9779
0.31000000000000005,0.31000000000000005,0.6100000000000001,1,N,9780
0.31000000000000005,0.31000000000000005,0.6100000000000001,2,N,9781
0.31000000000000005,0.31000000000000005,0.6100000000000001,3,N,9782
0.31000000000000005,0.31000000000000005,0.6100000000000001,4,N,9783
0.31000000000000005,0.31000000000000005,0.6100000000000001,5,N,9784
0.31000000000000005,0.31000000000000005,0.7100000000000001,1,N,9785
0.31000000000000005,0.31000000000000005,0.7100000000000001,2,N,9786
0.31000000000000005,0.31000000000000005,0.7100000000000001,3,N,9787
0.31000000000000005,0.31000000000000005,0.7100000000000001,4,N,9788
0.31000000000000005,0.31000000000000005,0.7100000000000001,5,N,9789
0.31000000000000005,0.31000000000000005,0.81,1,N,9790
0.31000000000000005,0.31000000000000005,0.81,2,N,9791
0.31000000000000005,0.31000000000000005,0.81,3,N,9792
0.31000000000000005,0.31000000000000005,0.81,4,N,9793
0.31000000000000005,0.31000000000000005,0.81,5,N,9794
0.31000000000000005,0.31000000000000005,0.91,1,N,9795
0.31000000000000005,0.31000000000000005,0.91,2,N,9796
0.31000000000000005,0.31000000000000005,0.91,3,N,9797
0.31000000000000005,0.31000000000000005,0.91,4,N,9798
0.31000000000000005,0.31000000000000005,0.91,5,N,9799
0.31000000000000005,0.31000000000000005,1.01,1,N,9800
0.31000000000000005,0.31000000000000005,1.01,2,N,9801
0.31000000000000005,0.31000000000000005,1.01,3,N,9802
0.31000000000000005,0.31000000000000005,1.01,4,N,9803
0.31000000000000005,0.31000000000000005,1.01,5,N,9804
0.31000000000000005,0.31000000000000005,1.11,1,N,9805
0.31000000000000005,0.31000000000000005,1.11,2,N,9806
0.31000000000000005,0.31000000000000005,1.11,3,N,9807
0.31000000000000005,0.31000000000000005,1.11,4,N,9808
0.31000000000000005,0.31000000000000005,1.11,5,N,9809
0.31000000000000005,0.31000000000000005,1.3,1,N,9810
0.31000000000000005,0.31000000000000005,1.3,2,N,9811
0.31000000000000005,0.31000000000000005,1.3,3,N,9812
0.31000000000000005,0.31000000000000005,1.3,4,N,9813
0.31000000000000005,0.31000000000000005,1.3,5,N,9814
0.31000000000000005,0.31000000000000005,1.6,1,N,9815
0.31000000000000005,0.31000000000000005,1.6,2,N,9816
0.31000000000000005,0.31000000000000005,1.6,3,N,9817
0.31000000000000005,0.31000000000000005,1.6,4,N,9818
0.31000000000000005,0.31000000000000005,1.6,5,N,9819
0.31000000000000005,0.31000000000000005,1.9,1,N,9820
0.31000000000000005,0.31000000000000005,1.9,2,N,9821
0.31000000000000005,0.31000000000000005,1.9,3,N,9822
0.31000000000000005,0.31000000000000005,1.9,4,N,9823
0.31000000000000005,0.31000000000000005,1.9,5,N,9824
0.31000000000000005,0.31000000000000005,2.2,1,N,9825
0.31000000000000005,0.31000000000000005,2.2,2,N,9826
0.31000000000000005,0.31000000000000005,2.2,3,N,9827
0.31000000000000005,0.31000000000000005,2.2,4,N,9828
0.31000000000000005,0.31000000000000005,2.2,5,N,9829
0.31000000000000005,0.31000000000000005,2.5,1,N,9830
0.31000000000000005,0.31000000000000005,2.5,2,N,9831
0.31000000000000005,0.31000000000000005,2.5,3,N,9832
0.31000000000000005,0.31000000000000005,2.5,4,N,9833
0.31000000000000005,0.31000000000000005,2.5,5,N,9834
0.31000000000000005,0.31000000000000005,2.8000000000000003,1,N,9835
0.31000000000000005,0.31000000000000005,2.8000000000000003,2,N,9836
0.31000000000000005,0.31000000000000005,2.8000000000000003,3,N,9837
0.31000000000000005,0.31000000000000005,2.8000000000000003,4,N,9838
0.31000000000000005,0.31000000000000005,2.8000000000000003,5,N,9839
0.31000000000000005,0.31000000000000005,3.1000000000000005,1,N,9840
0.31000000000000005,0.31000000000000005,3.1000000000000005,2,N,9841
0.31000000000000005,0.31000000000000005,3.1000000000000005,3,N,9842
0.31000000000000005,0.31000000000000005,3.1000000000000005,4,N,9843
0.31000000000000005,0.31000000000000005,3.1000000000000005,5,N,9844
0.31000000000000005,0.31000000000000005,3.4000000000000004,1,N,9845
0.31000000000000005,0.31000000000000005,3.4000000000000004,2,N,9846
0.31000000000000005,0.31000000000000005,3.4000000000000004,3,N,9847
0.31000000000000005,0.31000000000000005,3.4000000000000004,4,N,9848
0.31000000000000005,0.31000000000000005,3.4000000000000004,5,N,9849
0.31000000000000005,0.31000000000000005,3.7,1,N,9850
0.31000000000000005,0.31000000000000005,3.7,2,N,9851
0.31000000000000005,0.31000000000000005,3.7,3,N,9852
0.31000000000000005,0.31000000000000005,3.7,4,N,9853
0.31000000000000005,0.31000000000000005,3.7,5,N,9854
0.31000000000000005,0.31000000000000005,4.0,1,N,9855
0.31000000000000005,0.31000000000000005,4.0,2,N,9856
0.31000000000000005,0.31000000000000005,4.0,3,N,9857
0.31000000000000005,0.31000000000000005,4.0,4,N,9858
0.31000000000000005,0.31000000000000005,4.0,5,N,9859
0.31000000000000005,0.31000000000000005,4.300000000000002,1,N,9860
0.31000000000000005,0.31000000000000005,4.300000000000002,2,N,9861
0.31000000000000005,0.31000000000000005,4.300000000000002,3,N,9862
0.31000000000000005,0.31000000000000005,4.300000000000002,4,N,9863
0.31000000000000005,0.31000000000000005,4.300000000000002,5,N,9864
0.31000000000000005,0.31000000000000005,4.6000000000000005,1,N,9865
0.31000000000000005,0.31000000000000005,4.6000000000000005,2,N,9866
0.31000000000000005,0.31000000000000005,4.6000000000000005,3,N,9867
0.31000000000000005,0.31000000000000005,4.6000000000000005,4,N,9868
0.31000000000000005,0.31000000000000005,4.6000000000000005,5,N,9869
0.31000000000000005,0.31000000000000005,4.9,1,N,9870
0.31000000000000005,0.31000000000000005,4.9,2,N,9871
0.31000000000000005,0.31000000000000005,4.9,3,N,9872
0.31000000000000005,0.31000000000000005,4.9,4,N,9873
0.31000000000000005,0.31000000000000005,4.9,5,N,9874
0.31000000000000005,0.41,0.01,1,N,9875
0.31000000000000005,0.41,0.01,2,N,9876
0.31000000000000005,0.41,0.01,3,N,9877
0.31000000000000005,0.41,0.01,4,N,9878
0.31000000000000005,0.41,0.01,5,N,9879
0.31000000000000005,0.41,0.11,1,N,9880
0.31000000000000005,0.41,0.11,2,N,9881
0.31000000000000005,0.41,0.11,3,N,9882
0.31000000000000005,0.41,0.11,4,N,9883
0.31000000000000005,0.41,0.11,5,N,9884
0.31000000000000005,0.41,0.21,1,N,9885
0.31000000000000005,0.41,0.21,2,N,9886
0.31000000000000005,0.41,0.21,3,N,9887
0.31000000000000005,0.41,0.21,4,N,9888
0.31000000000000005,0.41,0.21,5,N,9889
0.31000000000000005,0.41,0.31000000000000005,1,N,9890
0.31000000000000005,0.41,0.31000000000000005,2,N,9891
0.31000000000000005,0.41,0.31000000000000005,3,N,9892
0.31000000000000005,0.41,0.31000000000000005,4,N,9893
0.31000000000000005,0.41,0.31000000000000005,5,N,9894
0.31000000000000005,0.41,0.41,1,N,9895
0.31000000000000005,0.41,0.41,2,N,9896
0.31000000000000005,0.41,0.41,3,N,9897
0.31000000000000005,0.41,0.41,4,N,9898
0.31000000000000005,0.41,0.41,5,N,9899
0.31000000000000005,0.41,0.51,1,N,9900
0.31000000000000005,0.41,0.51,2,N,9901
0.31000000000000005,0.41,0.51,3,N,9902
0.31000000000000005,0.41,0.51,4,N,9903
0.31000000000000005,0.41,0.51,5,N,9904
0.31000000000000005,0.41,0.6100000000000001,1,N,9905
0.31000000000000005,0.41,0.6100000000000001,2,N,9906
0.31000000000000005,0.41,0.6100000000000001,3,N,9907
0.31000000000000005,0.41,0.6100000000000001,4,N,9908
0.31000000000000005,0.41,0.6100000000000001,5,N,9909
0.31000000000000005,0.41,0.7100000000000001,1,N,9910
0.31000000000000005,0.41,0.7100000000000001,2,N,9911
0.31000000000000005,0.41,0.7100000000000001,3,N,9912
0.31000000000000005,0.41,0.7100000000000001,4,N,9913
0.31000000000000005,0.41,0.7100000000000001,5,N,9914
0.31000000000000005,0.41,0.81,1,N,9915
0.31000000000000005,0.41,0.81,2,N,9916
0.31000000000000005,0.41,0.81,3,N,9917
0.31000000000000005,0.41,0.81,4,N,9918
0.31000000000000005,0.41,0.81,5,N,9919
0.31000000000000005,0.41,0.91,1,N,9920
0.31000000000000005,0.41,0.91,2,N,9921
0.31000000000000005,0.41,0.91,3,N,9922
0.31000000000000005,0.41,0.91,4,N,9923
0.31000000000000005,0.41,0.91,5,N,9924
0.31000000000000005,0.41,1.01,1,N,9925
0.31000000000000005,0.41,1.01,2,N,9926
0.31000000000000005,0.41,1.01,3,N,9927
0.31000000000000005,0.41,1.01,4,N,9928
0.31000000000000005,0.41,1.01,5,N,9929
0.31000000000000005,0.41,1.11,1,N,9930
0.31000000000000005,0.41,1.11,2,N,9931
0.31000000000000005,0.41,1.11,3,N,9932
0.31000000000000005,0.41,1.11,4,N,9933
0.31000000000000005,0.41,1.11,5,N,9934
0.31000000000000005,0.41,1.3,1,N,9935
0.31000000000000005,0.41,1.3,2,N,9936
0.31000000000000005,0.41,1.3,3,N,9937
0.31000000000000005,0.41,1.3,4,N,9938
0.31000000000000005,0.41,1.3,5,N,9939
0.31000000000000005,0.41,1.6,1,N,9940
0.31000000000000005,0.41,1.6,2,N,9941
0.31000000000000005,0.41,1.6,3,N,9942
0.31000000000000005,0.41,1.6,4,N,9943
0.31000000000000005,0.41,1.6,5,N,9944
0.31000000000000005,0.41,1.9,1,N,9945
0.31000000000000005,0.41,1.9,2,N,9946
0.31000000000000005,0.41,1.9,3,N,9947
0.31000000000000005,0.41,1.9,4,N,9948
0.31000000000000005,0.41,1.9,5,N,9949
0.31000000000000005,0.41,2.2,1,N,9950
0.31000000000000005,0.41,2.2,2,N,9951
0.31000000000000005,0.41,2.2,3,N,9952
0.31000000000000005,0.41,2.2,4,N,9953
0.31000000000000005,0.41,2.2,5,N,9954
0.31000000000000005,0.41,2.5,1,N,9955
0.31000000000000005,0.41,2.5,2,N,9956
0.31000000000000005,0.41,2.5,3,N,9957
0.31000000000000005,0.41,2.5,4,N,9958
0.31000000000000005,0.41,2.5,5,N,9959
0.31000000000000005,0.41,2.8000000000000003,1,N,9960
0.31000000000000005,0.41,2.8000000000000003,2,N,9961
0.31000000000000005,0.41,2.8000000000000003,3,N,9962
0.31000000000000005,0.41,2.8000000000000003,4,N,9963
0.31000000000000005,0.41,2.8000000000000003,5,N,9964
0.31000000000000005,0.41,3.1000000000000005,1,N,9965
0.31000000000000005,0.41,3.1000000000000005,2,N,9966
0.31000000000000005,0.41,3.1000000000000005,3,N,9967
0.31000000000000005,0.41,3.1000000000000005,4,N,9968
0.31000000000000005,0.41,3.1000000000000005,5,N,9969
0.31000000000000005,0.41,3.4000000000000004,1,N,9970
0.31000000000000005,0.41,3.4000000000000004,2,N,9971
0.31000000000000005,0.41,3.4000000000000004,3,N,9972
0.31000000000000005,0.41,3.4000000000000004,4,N,9973
0.31000000000000005,0.41,3.4000000000000004,5,N,9974
0.31000000000000005,0.41,3.7,1,N,9975
0.31000000000000005,0.41,3.7,2,N,9976
0.31000000000000005,0.41,3.7,3,N,9977
0.31000000000000005,0.41,3.7,4,N,9978
0.31000000000000005,0.41,3.7,5,N,9979
0.31000000000000005,0.41,4.0,1,N,9980
0.31000000000000005,0.41,4.0,2,N,9981
0.31000000000000005,0.41,4.0,3,N,9982
0.31000000000000005,0.41,4.0,4,N,9983
0.31000000000000005,0.41,4.0,5,N,9984
0.31000000000000005,0.41,4.300000000000002,1,N,9985
0.31000000000000005,0.41,4.300000000000002,2,N,9986
0.31000000000000005,0.41,4.300000000000002,3,N,9987
0.31000000000000005,0.41,4.300000000000002,4,N,9988
0.31000000000000005,0.41,4.300000000000002,5,N,9989
0.31000000000000005,0.41,4.6000000000000005,1,N,9990
0.31000000000000005,0.41,4.6000000000000005,2,N,9991
0.31000000000000005,0.41,4.6000000000000005,3,N,9992
0.31000000000000005,0.41,4.6000000000000005,4,N,9993
0.31000000000000005,0.41,4.6000000000000005,5,N,9994
0.31000000000000005,0.41,4.9,1,N,9995
0.31000000000000005,0.41,4.9,2,N,9996
0.31000000000000005,0.41,4.9,3,N,9997
0.31000000000000005,0.41,4.9,4,N,9998
0.31000000000000005,0.41,4.9,5,N,9999
0.31000000000000005,0.51,0.01,1,N,10000
0.31000000000000005,0.51,0.01,2,N,10001
0.31000000000000005,0.51,0.01,3,N,10002
0.31000000000000005,0.51,0.01,4,N,10003
0.31000000000000005,0.51,0.01,5,N,10004
0.31000000000000005,0.51,0.11,1,N,10005
0.31000000000000005,0.51,0.11,2,N,10006
0.31000000000000005,0.51,0.11,3,N,10007
0.31000000000000005,0.51,0.11,4,N,10008
0.31000000000000005,0.51,0.11,5,N,10009
0.31000000000000005,0.51,0.21,1,N,10010
0.31000000000000005,0.51,0.21,2,N,10011
0.31000000000000005,0.51,0.21,3,N,10012
0.31000000000000005,0.51,0.21,4,N,10013
0.31000000000000005,0.51,0.21,5,N,10014
0.31000000000000005,0.51,0.31000000000000005,1,N,10015
0.31000000000000005,0.51,0.31000000000000005,2,N,10016
0.31000000000000005,0.51,0.31000000000000005,3,N,10017
0.31000000000000005,0.51,0.31000000000000005,4,N,10018
0.31000000000000005,0.51,0.31000000000000005,5,N,10019
0.31000000000000005,0.51,0.41,1,N,10020
0.31000000000000005,0.51,0.41,2,N,10021
0.31000000000000005,0.51,0.41,3,N,10022
0.31000000000000005,0.51,0.41,4,N,10023
0.31000000000000005,0.51,0.41,5,N,10024
0.31000000000000005,0.51,0.51,1,N,10025
0.31000000000000005,0.51,0.51,2,N,10026
0.31000000000000005,0.51,0.51,3,N,10027
0.31000000000000005,0.51,0.51,4,N,10028
0.31000000000000005,0.51,0.51,5,N,10029
0.31000000000000005,0.51,0.6100000000000001,1,N,10030
0.31000000000000005,0.51,0.6100000000000001,2,N,10031
0.31000000000000005,0.51,0.6100000000000001,3,N,10032
0.31000000000000005,0.51,0.6100000000000001,4,N,10033
0.31000000000000005,0.51,0.6100000000000001,5,N,10034
0.31000000000000005,0.51,0.7100000000000001,1,N,10035
0.31000000000000005,0.51,0.7100000000000001,2,N,10036
0.31000000000000005,0.51,0.7100000000000001,3,N,10037
0.31000000000000005,0.51,0.7100000000000001,4,N,10038
0.31000000000000005,0.51,0.7100000000000001,5,N,10039
0.31000000000000005,0.51,0.81,1,N,10040
0.31000000000000005,0.51,0.81,2,N,10041
0.31000000000000005,0.51,0.81,3,N,10042
0.31000000000000005,0.51,0.81,4,N,10043
0.31000000000000005,0.51,0.81,5,N,10044
0.31000000000000005,0.51,0.91,1,N,10045
0.31000000000000005,0.51,0.91,2,N,10046
0.31000000000000005,0.51,0.91,3,N,10047
0.31000000000000005,0.51,0.91,4,N,10048
0.31000000000000005,0.51,0.91,5,N,10049
0.31000000000000005,0.51,1.01,1,N,10050
0.31000000000000005,0.51,1.01,2,N,10051
0.31000000000000005,0.51,1.01,3,N,10052
0.31000000000000005,0.51,1.01,4,N,10053
0.31000000000000005,0.51,1.01,5,N,10054
0.31000000000000005,0.51,1.11,1,N,10055
0.31000000000000005,0.51,1.11,2,N,10056
0.31000000000000005,0.51,1.11,3,N,10057
0.31000000000000005,0.51,1.11,4,N,10058
0.31000000000000005,0.51,1.11,5,N,10059
0.31000000000000005,0.51,1.3,1,N,10060
0.31000000000000005,0.51,1.3,2,N,10061
0.31000000000000005,0.51,1.3,3,N,10062
0.31000000000000005,0.51,1.3,4,N,10063
0.31000000000000005,0.51,1.3,5,N,10064
0.31000000000000005,0.51,1.6,1,N,10065
0.31000000000000005,0.51,1.6,2,N,10066
0.31000000000000005,0.51,1.6,3,N,10067
0.31000000000000005,0.51,1.6,4,N,10068
0.31000000000000005,0.51,1.6,5,N,10069
0.31000000000000005,0.51,1.9,1,N,10070
0.31000000000000005,0.51,1.9,2,N,10071
0.31000000000000005,0.51,1.9,3,N,10072
0.31000000000000005,0.51,1.9,4,N,10073
0.31000000000000005,0.51,1.9,5,N,10074
0.31000000000000005,0.51,2.2,1,N,10075
0.31000000000000005,0.51,2.2,2,N,10076
0.31000000000000005,0.51,2.2,3,N,10077
0.31000000000000005,0.51,2.2,4,N,10078
0.31000000000000005,0.51,2.2,5,N,10079
0.31000000000000005,0.51,2.5,1,N,10080
0.31000000000000005,0.51,2.5,2,N,10081
0.31000000000000005,0.51,2.5,3,N,10082
0.31000000000000005,0.51,2.5,4,N,10083
0.31000000000000005,0.51,2.5,5,N,10084
0.31000000000000005,0.51,2.8000000000000003,1,N,10085
0.31000000000000005,0.51,2.8000000000000003,2,N,10086
0.31000000000000005,0.51,2.8000000000000003,3,N,10087
0.31000000000000005,0.51,2.8000000000000003,4,N,10088
0.31000000000000005,0.51,2.8000000000000003,5,N,10089
0.31000000000000005,0.51,3.1000000000000005,1,N,10090
0.31000000000000005,0.51,3.1000000000000005,2,N,10091
0.31000000000000005,0.51,3.1000000000000005,3,N,10092
0.31000000000000005,0.51,3.1000000000000005,4,N,10093
0.31000000000000005,0.51,3.1000000000000005,5,N,10094
0.31000000000000005,0.51,3.4000000000000004,1,N,10095
0.31000000000000005,0.51,3.4000000000000004,2,N,10096
0.31000000000000005,0.51,3.4000000000000004,3,N,10097
0.31000000000000005,0.51,3.4000000000000004,4,N,10098
0.31000000000000005,0.51,3.4000000000000004,5,N,10099
0.31000000000000005,0.51,3.7,1,N,10100
0.31000000000000005,0.51,3.7,2,N,10101
0.31000000000000005,0.51,3.7,3,N,10102
0.31000000000000005,0.51,3.7,4,N,10103
0.31000000000000005,0.51,3.7,5,N,10104
0.31000000000000005,0.51,4.0,1,N,10105
0.31000000000000005,0.51,4.0,2,N,10106
0.31000000000000005,0.51,4.0,3,N,10107
0.31000000000000005,0.51,4.0,4,N,10108
0.31000000000000005,0.51,4.0,5,N,10109
0.31000000000000005,0.51,4.300000000000002,1,N,10110
0.31000000000000005,0.51,4.300000000000002,2,N,10111
0.31000000000000005,0.51,4.300000000000002,3,N,10112
0.31000000000000005,0.51,4.300000000000002,4,N,10113
0.31000000000000005,0.51,4.300000000000002,5,N,10114
0.31000000000000005,0.51,4.6000000000000005,1,N,10115
0.31000000000000005,0.51,4.6000000000000005,2,N,10116
0.31000000000000005,0.51,4.6000000000000005,3,N,10117
0.31000000000000005,0.51,4.6000000000000005,4,N,10118
0.31000000000000005,0.51,4.6000000000000005,5,N,10119
0.31000000000000005,0.51,4.9,1,N,10120
0.31000000000000005,0.51,4.9,2,N,10121
0.31000000000000005,0.51,4.9,3,N,10122
0.31000000000000005,0.51,4.9,4,N,10123
0.31000000000000005,0.51,4.9,5,N,10124
0.31000000000000005,0.6100000000000001,0.01,1,N,10125
0.31000000000000005,0.6100000000000001,0.01,2,N,10126
0.31000000000000005,0.6100000000000001,0.01,3,N,10127
0.31000000000000005,0.6100000000000001,0.01,4,N,10128
0.31000000000000005,0.6100000000000001,0.01,5,N,10129
0.31000000000000005,0.6100000000000001,0.11,1,N,10130
0.31000000000000005,0.6100000000000001,0.11,2,N,10131
0.31000000000000005,0.6100000000000001,0.11,3,N,10132
0.31000000000000005,0.6100000000000001,0.11,4,N,10133
0.31000000000000005,0.6100000000000001,0.11,5,N,10134
0.31000000000000005,0.6100000000000001,0.21,1,N,10135
0.31000000000000005,0.6100000000000001,0.21,2,N,10136
0.31000000000000005,0.6100000000000001,0.21,3,N,10137
0.31000000000000005,0.6100000000000001,0.21,4,N,10138
0.31000000000000005,0.6100000000000001,0.21,5,N,10139
0.31000000000000005,0.6100000000000001,0.31000000000000005,1,N,10140
0.31000000000000005,0.6100000000000001,0.31000000000000005,2,N,10141
0.31000000000000005,0.6100000000000001,0.31000000000000005,3,N,10142
0.31000000000000005,0.6100000000000001,0.31000000000000005,4,N,10143
0.31000000000000005,0.6100000000000001,0.31000000000000005,5,N,10144
0.31000000000000005,0.6100000000000001,0.41,1,N,10145
0.31000000000000005,0.6100000000000001,0.41,2,N,10146
0.31000000000000005,0.6100000000000001,0.41,3,N,10147
0.31000000000000005,0.6100000000000001,0.41,4,N,10148
0.31000000000000005,0.6100000000000001,0.41,5,N,10149
0.31000000000000005,0.6100000000000001,0.51,1,N,10150
0.31000000000000005,0.6100000000000001,0.51,2,N,10151
0.31000000000000005,0.6100000000000001,0.51,3,N,10152
0.31000000000000005,0.6100000000000001,0.51,4,N,10153
0.31000000000000005,0.6100000000000001,0.51,5,N,10154
0.31000000000000005,0.6100000000000001,0.6100000000000001,1,N,10155
0.31000000000000005,0.6100000000000001,0.6100000000000001,2,N,10156
0.31000000000000005,0.6100000000000001,0.6100000000000001,3,N,10157
0.31000000000000005,0.6100000000000001,0.6100000000000001,4,N,10158
0.31000000000000005,0.6100000000000001,0.6100000000000001,5,N,10159
0.31000000000000005,0.6100000000000001,0.7100000000000001,1,N,10160
0.31000000000000005,0.6100000000000001,0.7100000000000001,2,N,10161
0.31000000000000005,0.6100000000000001,0.7100000000000001,3,N,10162
0.31000000000000005,0.6100000000000001,0.7100000000000001,4,N,10163
0.31000000000000005,0.6100000000000001,0.7100000000000001,5,N,10164
0.31000000000000005,0.6100000000000001,0.81,1,N,10165
0.31000000000000005,0.6100000000000001,0.81,2,N,10166
0.31000000000000005,0.6100000000000001,0.81,3,N,10167
0.31000000000000005,0.6100000000000001,0.81,4,N,10168
0.31000000000000005,0.6100000000000001,0.81,5,N,10169
0.31000000000000005,0.6100000000000001,0.91,1,N,10170
0.31000000000000005,0.6100000000000001,0.91,2,N,10171
0.31000000000000005,0.6100000000000001,0.91,3,N,10172
0.31000000000000005,0.6100000000000001,0.91,4,N,10173
0.31000000000000005,0.6100000000000001,0.91,5,N,10174
0.31000000000000005,0.6100000000000001,1.01,1,N,10175
0.31000000000000005,0.6100000000000001,1.01,2,N,10176
0.31000000000000005,0.6100000000000001,1.01,3,N,10177
0.31000000000000005,0.6100000000000001,1.01,4,N,10178
0.31000000000000005,0.6100000000000001,1.01,5,N,10179
0.31000000000000005,0.6100000000000001,1.11,1,N,10180
0.31000000000000005,0.6100000000000001,1.11,2,N,10181
0.31000000000000005,0.6100000000000001,1.11,3,N,10182
0.31000000000000005,0.6100000000000001,1.11,4,N,10183
0.31000000000000005,0.6100000000000001,1.11,5,N,10184
0.31000000000000005,0.6100000000000001,1.3,1,N,10185
0.31000000000000005,0.6100000000000001,1.3,2,N,10186
0.31000000000000005,0.6100000000000001,1.3,3,N,10187
0.31000000000000005,0.6100000000000001,1.3,4,N,10188
0.31000000000000005,0.6100000000000001,1.3,5,N,10189
0.31000000000000005,0.6100000000000001,1.6,1,N,10190
0.31000000000000005,0.6100000000000001,1.6,2,N,10191
0.31000000000000005,0.6100000000000001,1.6,3,N,10192
0.31000000000000005,0.6100000000000001,1.6,4,N,10193
0.31000000000000005,0.6100000000000001,1.6,5,N,10194
0.31000000000000005,0.6100000000000001,1.9,1,N,10195
0.31000000000000005,0.6100000000000001,1.9,2,N,10196
0.31000000000000005,0.6100000000000001,1.9,3,N,10197
0.31000000000000005,0.6100000000000001,1.9,4,N,10198
0.31000000000000005,0.6100000000000001,1.9,5,N,10199
0.31000000000000005,0.6100000000000001,2.2,1,N,10200
0.31000000000000005,0.6100000000000001,2.2,2,N,10201
0.31000000000000005,0.6100000000000001,2.2,3,N,10202
0.31000000000000005,0.6100000000000001,2.2,4,N,10203
0.31000000000000005,0.6100000000000001,2.2,5,N,10204
0.31000000000000005,0.6100000000000001,2.5,1,N,10205
0.31000000000000005,0.6100000000000001,2.5,2,N,10206
0.31000000000000005,0.6100000000000001,2.5,3,N,10207
0.31000000000000005,0.6100000000000001,2.5,4,N,10208
0.31000000000000005,0.6100000000000001,2.5,5,N,10209
0.31000000000000005,0.6100000000000001,2.8000000000000003,1,N,10210
0.31000000000000005,0.6100000000000001,2.8000000000000003,2,N,10211
0.31000000000000005,0.6100000000000001,2.8000000000000003,3,N,10212
0.31000000000000005,0.6100000000000001,2.8000000000000003,4,N,10213
0.31000000000000005,0.6100000000000001,2.8000000000000003,5,N,10214
0.31000000000000005,0.6100000000000001,3.1000000000000005,1,N,10215
0.31000000000000005,0.6100000000000001,3.1000000000000005,2,N,10216
0.31000000000000005,0.6100000000000001,3.1000000000000005,3,N,10217
0.31000000000000005,0.6100000000000001,3.1000000000000005,4,N,10218
0.31000000000000005,0.6100000000000001,3.1000000000000005,5,N,10219
0.31000000000000005,0.6100000000000001,3.4000000000000004,1,N,10220
0.31000000000000005,0.6100000000000001,3.4000000000000004,2,N,10221
0.31000000000000005,0.6100000000000001,3.4000000000000004,3,N,10222
0.31000000000000005,0.6100000000000001,3.4000000000000004,4,N,10223
0.31000000000000005,0.6100000000000001,3.4000000000000004,5,N,10224
0.31000000000000005,0.6100000000000001,3.7,1,N,10225
0.31000000000000005,0.6100000000000001,3.7,2,N,10226
0.31000000000000005,0.6100000000000001,3.7,3,N,10227
0.31000000000000005,0.6100000000000001,3.7,4,N,10228
0.31000000000000005,0.6100000000000001,3.7,5,N,10229
0.31000000000000005,0.6100000000000001,4.0,1,N,10230
0.31000000000000005,0.6100000000000001,4.0,2,N,10231
0.31000000000000005,0.6100000000000001,4.0,3,N,10232
0.31000000000000005,0.6100000000000001,4.0,4,N,10233
0.31000000000000005,0.6100000000000001,4.0,5,N,10234
0.31000000000000005,0.6100000000000001,4.300000000000002,1,N,10235
0.31000000000000005,0.6100000000000001,4.300000000000002,2,N,10236
0.31000000000000005,0.6100000000000001,4.300000000000002,3,N,10237
0.31000000000000005,0.6100000000000001,4.300000000000002,4,N,10238
0.31000000000000005,0.6100000000000001,4.300000000000002,5,N,10239
0.31000000000000005,0.6100000000000001,4.6000000000000005,1,N,10240
0.31000000000000005,0.6100000000000001,4.6000000000000005,2,N,10241
0.31000000000000005,0.6100000000000001,4.6000000000000005,3,N,10242
0.31000000000000005,0.6100000000000001,4.6000000000000005,4,N,10243
0.31000000000000005,0.6100000000000001,4.6000000000000005,5,N,10244
0.31000000000000005,0.6100000000000001,4.9,1,N,10245
0.31000000000000005,0.6100000000000001,4.9,2,N,10246
0.31000000000000005,0.6100000000000001,4.9,3,N,10247
0.31000000000000005,0.6100000000000001,4.9,4,N,10248
0.31000000000000005,0.6100000000000001,4.9,5,N,10249
0.31000000000000005,0.7100000000000001,0.01,1,N,10250
0.31000000000000005,0.7100000000000001,0.01,2,N,10251
0.31000000000000005,0.7100000000000001,0.01,3,N,10252
0.31000000000000005,0.7100000000000001,0.01,4,N,10253
0.31000000000000005,0.7100000000000001,0.01,5,N,10254
0.31000000000000005,0.7100000000000001,0.11,1,N,10255
0.31000000000000005,0.7100000000000001,0.11,2,N,10256
0.31000000000000005,0.7100000000000001,0.11,3,N,10257
0.31000000000000005,0.7100000000000001,0.11,4,N,10258
0.31000000000000005,0.7100000000000001,0.11,5,N,10259
0.31000000000000005,0.7100000000000001,0.21,1,N,10260
0.31000000000000005,0.7100000000000001,0.21,2,N,10261
0.31000000000000005,0.7100000000000001,0.21,3,N,10262
0.31000000000000005,0.7100000000000001,0.21,4,N,10263
0.31000000000000005,0.7100000000000001,0.21,5,N,10264
0.31000000000000005,0.7100000000000001,0.31000000000000005,1,N,10265
0.31000000000000005,0.7100000000000001,0.31000000000000005,2,N,10266
0.31000000000000005,0.7100000000000001,0.31000000000000005,3,N,10267
0.31000000000000005,0.7100000000000001,0.31000000000000005,4,N,10268
0.31000000000000005,0.7100000000000001,0.31000000000000005,5,N,10269
0.31000000000000005,0.7100000000000001,0.41,1,N,10270
0.31000000000000005,0.7100000000000001,0.41,2,N,10271
0.31000000000000005,0.7100000000000001,0.41,3,N,10272
0.31000000000000005,0.7100000000000001,0.41,4,N,10273
0.31000000000000005,0.7100000000000001,0.41,5,N,10274
0.31000000000000005,0.7100000000000001,0.51,1,N,10275
0.31000000000000005,0.7100000000000001,0.51,2,N,10276
0.31000000000000005,0.7100000000000001,0.51,3,N,10277
0.31000000000000005,0.7100000000000001,0.51,4,N,10278
0.31000000000000005,0.7100000000000001,0.51,5,N,10279
0.31000000000000005,0.7100000000000001,0.6100000000000001,1,N,10280
0.31000000000000005,0.7100000000000001,0.6100000000000001,2,N,10281
0.31000000000000005,0.7100000000000001,0.6100000000000001,3,N,10282
0.31000000000000005,0.7100000000000001,0.6100000000000001,4,N,10283
0.31000000000000005,0.7100000000000001,0.6100000000000001,5,N,10284
0.31000000000000005,0.7100000000000001,0.7100000000000001,1,N,10285
0.31000000000000005,0.7100000000000001,0.7100000000000001,2,N,10286
0.31000000000000005,0.7100000000000001,0.7100000000000001,3,N,10287
0.31000000000000005,0.7100000000000001,0.7100000000000001,4,N,10288
0.31000000000000005,0.7100000000000001,0.7100000000000001,5,N,10289
0.31000000000000005,0.7100000000000001,0.81,1,N,10290
0.31000000000000005,0.7100000000000001,0.81,2,N,10291
0.31000000000000005,0.7100000000000001,0.81,3,N,10292
0.31000000000000005,0.7100000000000001,0.81,4,N,10293
0.31000000000000005,0.7100000000000001,0.81,5,N,10294
0.31000000000000005,0.7100000000000001,0.91,1,N,10295
0.31000000000000005,0.7100000000000001,0.91,2,N,10296
0.31000000000000005,0.7100000000000001,0.91,3,N,10297
0.31000000000000005,0.7100000000000001,0.91,4,N,10298
0.31000000000000005,0.7100000000000001,0.91,5,N,10299
0.31000000000000005,0.7100000000000001,1.01,1,N,10300
0.31000000000000005,0.7100000000000001,1.01,2,N,10301
0.31000000000000005,0.7100000000000001,1.01,3,N,10302
0.31000000000000005,0.7100000000000001,1.01,4,N,10303
0.31000000000000005,0.7100000000000001,1.01,5,N,10304
0.31000000000000005,0.7100000000000001,1.11,1,N,10305
0.31000000000000005,0.7100000000000001,1.11,2,N,10306
0.31000000000000005,0.7100000000000001,1.11,3,N,10307
0.31000000000000005,0.7100000000000001,1.11,4,N,10308
0.31000000000000005,0.7100000000000001,1.11,5,N,10309
0.31000000000000005,0.7100000000000001,1.3,1,N,10310
0.31000000000000005,0.7100000000000001,1.3,2,N,10311
0.31000000000000005,0.7100000000000001,1.3,3,N,10312
0.31000000000000005,0.7100000000000001,1.3,4,N,10313
0.31000000000000005,0.7100000000000001,1.3,5,N,10314
0.31000000000000005,0.7100000000000001,1.6,1,N,10315
0.31000000000000005,0.7100000000000001,1.6,2,N,10316
0.31000000000000005,0.7100000000000001,1.6,3,N,10317
0.31000000000000005,0.7100000000000001,1.6,4,N,10318
0.31000000000000005,0.7100000000000001,1.6,5,N,10319
0.31000000000000005,0.7100000000000001,1.9,1,N,10320
0.31000000000000005,0.7100000000000001,1.9,2,N,10321
0.31000000000000005,0.7100000000000001,1.9,3,N,10322
0.31000000000000005,0.7100000000000001,1.9,4,N,10323
0.31000000000000005,0.7100000000000001,1.9,5,N,10324
0.31000000000000005,0.7100000000000001,2.2,1,N,10325
0.31000000000000005,0.7100000000000001,2.2,2,N,10326
0.31000000000000005,0.7100000000000001,2.2,3,N,10327
0.31000000000000005,0.7100000000000001,2.2,4,N,10328
0.31000000000000005,0.7100000000000001,2.2,5,N,10329
0.31000000000000005,0.7100000000000001,2.5,1,N,10330
0.31000000000000005,0.7100000000000001,2.5,2,N,10331
0.31000000000000005,0.7100000000000001,2.5,3,N,10332
0.31000000000000005,0.7100000000000001,2.5,4,N,10333
0.31000000000000005,0.7100000000000001,2.5,5,N,10334
0.31000000000000005,0.7100000000000001,2.8000000000000003,1,N,10335
0.31000000000000005,0.7100000000000001,2.8000000000000003,2,N,10336
0.31000000000000005,0.7100000000000001,2.8000000000000003,3,N,10337
0.31000000000000005,0.7100000000000001,2.8000000000000003,4,N,10338
0.31000000000000005,0.7100000000000001,2.8000000000000003,5,N,10339
0.31000000000000005,0.7100000000000001,3.1000000000000005,1,N,10340
0.31000000000000005,0.7100000000000001,3.1000000000000005,2,N,10341
0.31000000000000005,0.7100000000000001,3.1000000000000005,3,N,10342
0.31000000000000005,0.7100000000000001,3.1000000000000005,4,N,10343
0.31000000000000005,0.7100000000000001,3.1000000000000005,5,N,10344
0.31000000000000005,0.7100000000000001,3.4000000000000004,1,N,10345
0.31000000000000005,0.7100000000000001,3.4000000000000004,2,N,10346
0.31000000000000005,0.7100000000000001,3.4000000000000004,3,N,10347
0.31000000000000005,0.7100000000000001,3.4000000000000004,4,N,10348
0.31000000000000005,0.7100000000000001,3.4000000000000004,5,N,10349
0.31000000000000005,0.7100000000000001,3.7,1,N,10350
0.31000000000000005,0.7100000000000001,3.7,2,N,10351
0.31000000000000005,0.7100000000000001,3.7,3,N,10352
0.31000000000000005,0.7100000000000001,3.7,4,N,10353
0.31000000000000005,0.7100000000000001,3.7,5,N,10354
0.31000000000000005,0.7100000000000001,4.0,1,N,10355
0.31000000000000005,0.7100000000000001,4.0,2,N,10356
0.31000000000000005,0.7100000000000001,4.0,3,N,10357
0.31000000000000005,0.7100000000000001,4.0,4,N,10358
0.31000000000000005,0.7100000000000001,4.0,5,N,10359
0.31000000000000005,0.7100000000000001,4.300000000000002,1,N,10360
0.31000000000000005,0.7100000000000001,4.300000000000002,2,N,10361
0.31000000000000005,0.7100000000000001,4.300000000000002,3,N,10362
0.31000000000000005,0.7100000000000001,4.300000000000002,4,N,10363
0.31000000000000005,0.7100000000000001,4.300000000000002,5,N,10364
0.31000000000000005,0.7100000000000001,4.6000000000000005,1,N,10365
0.31000000000000005,0.7100000000000001,4.6000000000000005,2,N,10366
0.31000000000000005,0.7100000000000001,4.6000000000000005,3,N,10367
0.31000000000000005,0.7100000000000001,4.6000000000000005,4,N,10368
0.31000000000000005,0.7100000000000001,4.6000000000000005,5,N,10369
0.31000000000000005,0.7100000000000001,4.9,1,N,10370
0.31000000000000005,0.7100000000000001,4.9,2,N,10371
0.31000000000000005,0.7100000000000001,4.9,3,N,10372
0.31000000000000005,0.7100000000000001,4.9,4,N,10373
0.31000000000000005,0.7100000000000001,4.9,5,N,10374
0.31000000000000005,0.81,0.01,1,N,10375
0.31000000000000005,0.81,0.01,2,N,10376
0.31000000000000005,0.81,0.01,3,N,10377
0.31000000000000005,0.81,0.01,4,N,10378
0.31000000000000005,0.81,0.01,5,N,10379
0.31000000000000005,0.81,0.11,1,N,10380
0.31000000000000005,0.81,0.11,2,N,10381
0.31000000000000005,0.81,0.11,3,N,10382
0.31000000000000005,0.81,0.11,4,N,10383
0.31000000000000005,0.81,0.11,5,N,10384
0.31000000000000005,0.81,0.21,1,N,10385
0.31000000000000005,0.81,0.21,2,N,10386
0.31000000000000005,0.81,0.21,3,N,10387
0.31000000000000005,0.81,0.21,4,N,10388
0.31000000000000005,0.81,0.21,5,N,10389
0.31000000000000005,0.81,0.31000000000000005,1,N,10390
0.31000000000000005,0.81,0.31000000000000005,2,N,10391
0.31000000000000005,0.81,0.31000000000000005,3,N,10392
0.31000000000000005,0.81,0.31000000000000005,4,N,10393
0.31000000000000005,0.81,0.31000000000000005,5,N,10394
0.31000000000000005,0.81,0.41,1,N,10395
0.31000000000000005,0.81,0.41,2,N,10396
0.31000000000000005,0.81,0.41,3,N,10397
0.31000000000000005,0.81,0.41,4,N,10398
0.31000000000000005,0.81,0.41,5,N,10399
0.31000000000000005,0.81,0.51,1,N,10400
0.31000000000000005,0.81,0.51,2,N,10401
0.31000000000000005,0.81,0.51,3,N,10402
0.31000000000000005,0.81,0.51,4,N,10403
0.31000000000000005,0.81,0.51,5,N,10404
0.31000000000000005,0.81,0.6100000000000001,1,N,10405
0.31000000000000005,0.81,0.6100000000000001,2,N,10406
0.31000000000000005,0.81,0.6100000000000001,3,N,10407
0.31000000000000005,0.81,0.6100000000000001,4,N,10408
0.31000000000000005,0.81,0.6100000000000001,5,N,10409
0.31000000000000005,0.81,0.7100000000000001,1,N,10410
0.31000000000000005,0.81,0.7100000000000001,2,N,10411
0.31000000000000005,0.81,0.7100000000000001,3,N,10412
0.31000000000000005,0.81,0.7100000000000001,4,N,10413
0.31000000000000005,0.81,0.7100000000000001,5,N,10414
0.31000000000000005,0.81,0.81,1,N,10415
0.31000000000000005,0.81,0.81,2,N,10416
0.31000000000000005,0.81,0.81,3,N,10417
0.31000000000000005,0.81,0.81,4,N,10418
0.31000000000000005,0.81,0.81,5,N,10419
0.31000000000000005,0.81,0.91,1,N,10420
0.31000000000000005,0.81,0.91,2,N,10421
0.31000000000000005,0.81,0.91,3,N,10422
0.31000000000000005,0.81,0.91,4,N,10423
0.31000000000000005,0.81,0.91,5,N,10424
0.31000000000000005,0.81,1.01,1,N,10425
0.31000000000000005,0.81,1.01,2,N,10426
0.31000000000000005,0.81,1.01,3,N,10427
0.31000000000000005,0.81,1.01,4,N,10428
0.31000000000000005,0.81,1.01,5,N,10429
0.31000000000000005,0.81,1.11,1,N,10430
0.31000000000000005,0.81,1.11,2,N,10431
0.31000000000000005,0.81,1.11,3,N,10432
0.31000000000000005,0.81,1.11,4,N,10433
0.31000000000000005,0.81,1.11,5,N,10434
0.31000000000000005,0.81,1.3,1,N,10435
0.31000000000000005,0.81,1.3,2,N,10436
0.31000000000000005,0.81,1.3,3,N,10437
0.31000000000000005,0.81,1.3,4,N,10438
0.31000000000000005,0.81,1.3,5,N,10439
0.31000000000000005,0.81,1.6,1,N,10440
0.31000000000000005,0.81,1.6,2,N,10441
0.31000000000000005,0.81,1.6,3,N,10442
0.31000000000000005,0.81,1.6,4,N,10443
0.31000000000000005,0.81,1.6,5,N,10444
0.31000000000000005,0.81,1.9,1,N,10445
0.31000000000000005,0.81,1.9,2,N,10446
0.31000000000000005,0.81,1.9,3,N,10447
0.31000000000000005,0.81,1.9,4,N,10448
0.31000000000000005,0.81,1.9,5,N,10449
0.31000000000000005,0.81,2.2,1,N,10450
0.31000000000000005,0.81,2.2,2,N,10451
0.31000000000000005,0.81,2.2,3,N,10452
0.31000000000000005,0.81,2.2,4,N,10453
0.31000000000000005,0.81,2.2,5,N,10454
0.31000000000000005,0.81,2.5,1,N,10455
0.31000000000000005,0.81,2.5,2,N,10456
0.31000000000000005,0.81,2.5,3,N,10457
0.31000000000000005,0.81,2.5,4,N,10458
0.31000000000000005,0.81,2.5,5,N,10459
0.31000000000000005,0.81,2.8000000000000003,1,N,10460
0.31000000000000005,0.81,2.8000000000000003,2,N,10461
0.31000000000000005,0.81,2.8000000000000003,3,N,10462
0.31000000000000005,0.81,2.8000000000000003,4,N,10463
0.31000000000000005,0.81,2.8000000000000003,5,N,10464
0.31000000000000005,0.81,3.1000000000000005,1,N,10465
0.31000000000000005,0.81,3.1000000000000005,2,N,10466
0.31000000000000005,0.81,3.1000000000000005,3,N,10467
0.31000000000000005,0.81,3.1000000000000005,4,N,10468
0.31000000000000005,0.81,3.1000000000000005,5,N,10469
0.31000000000000005,0.81,3.4000000000000004,1,N,10470
0.31000000000000005,0.81,3.4000000000000004,2,N,10471
0.31000000000000005,0.81,3.4000000000000004,3,N,10472
0.31000000000000005,0.81,3.4000000000000004,4,N,10473
0.31000000000000005,0.81,3.4000000000000004,5,N,10474
0.31000000000000005,0.81,3.7,1,N,10475
0.31000000000000005,0.81,3.7,2,N,10476
0.31000000000000005,0.81,3.7,3,N,10477
0.31000000000000005,0.81,3.7,4,N,10478
0.31000000000000005,0.81,3.7,5,N,10479
0.31000000000000005,0.81,4.0,1,N,10480
0.31000000000000005,0.81,4.0,2,N,10481
0.31000000000000005,0.81,4.0,3,N,10482
0.31000000000000005,0.81,4.0,4,N,10483
0.31000000000000005,0.81,4.0,5,N,10484
0.31000000000000005,0.81,4.300000000000002,1,N,10485
0.31000000000000005,0.81,4.300000000000002,2,N,10486
0.31000000000000005,0.81,4.300000000000002,3,N,10487
0.31000000000000005,0.81,4.300000000000002,4,N,10488
0.31000000000000005,0.81,4.300000000000002,5,N,10489
0.31000000000000005,0.81,4.6000000000000005,1,N,10490
0.31000000000000005,0.81,4.6000000000000005,2,N,10491
0.31000000000000005,0.81,4.6000000000000005,3,N,10492
0.31000000000000005,0.81,4.6000000000000005,4,N,10493
0.31000000000000005,0.81,4.6000000000000005,5,N,10494
0.31000000000000005,0.81,4.9,1,N,10495
0.31000000000000005,0.81,4.9,2,N,10496
0.31000000000000005,0.81,4.9,3,N,10497
0.31000000000000005,0.81,4.9,4,N,10498
0.31000000000000005,0.81,4.9,5,N,10499
0.31000000000000005,0.91,0.01,1,N,10500
0.31000000000000005,0.91,0.01,2,N,10501
0.31000000000000005,0.91,0.01,3,N,10502
0.31000000000000005,0.91,0.01,4,N,10503
0.31000000000000005,0.91,0.01,5,N,10504
0.31000000000000005,0.91,0.11,1,N,10505
0.31000000000000005,0.91,0.11,2,N,10506
0.31000000000000005,0.91,0.11,3,N,10507
0.31000000000000005,0.91,0.11,4,N,10508
0.31000000000000005,0.91,0.11,5,N,10509
0.31000000000000005,0.91,0.21,1,N,10510
0.31000000000000005,0.91,0.21,2,N,10511
0.31000000000000005,0.91,0.21,3,N,10512
0.31000000000000005,0.91,0.21,4,N,10513
0.31000000000000005,0.91,0.21,5,N,10514
0.31000000000000005,0.91,0.31000000000000005,1,N,10515
0.31000000000000005,0.91,0.31000000000000005,2,N,10516
0.31000000000000005,0.91,0.31000000000000005,3,N,10517
0.31000000000000005,0.91,0.31000000000000005,4,N,10518
0.31000000000000005,0.91,0.31000000000000005,5,N,10519
0.31000000000000005,0.91,0.41,1,N,10520
0.31000000000000005,0.91,0.41,2,N,10521
0.31000000000000005,0.91,0.41,3,N,10522
0.31000000000000005,0.91,0.41,4,N,10523
0.31000000000000005,0.91,0.41,5,N,10524
0.31000000000000005,0.91,0.51,1,N,10525
0.31000000000000005,0.91,0.51,2,N,10526
0.31000000000000005,0.91,0.51,3,N,10527
0.31000000000000005,0.91,0.51,4,N,10528
0.31000000000000005,0.91,0.51,5,N,10529
0.31000000000000005,0.91,0.6100000000000001,1,N,10530
0.31000000000000005,0.91,0.6100000000000001,2,N,10531
0.31000000000000005,0.91,0.6100000000000001,3,N,10532
0.31000000000000005,0.91,0.6100000000000001,4,N,10533
0.31000000000000005,0.91,0.6100000000000001,5,N,10534
0.31000000000000005,0.91,0.7100000000000001,1,N,10535
0.31000000000000005,0.91,0.7100000000000001,2,N,10536
0.31000000000000005,0.91,0.7100000000000001,3,N,10537
0.31000000000000005,0.91,0.7100000000000001,4,N,10538
0.31000000000000005,0.91,0.7100000000000001,5,N,10539
0.31000000000000005,0.91,0.81,1,N,10540
0.31000000000000005,0.91,0.81,2,N,10541
0.31000000000000005,0.91,0.81,3,N,10542
0.31000000000000005,0.91,0.81,4,N,10543
0.31000000000000005,0.91,0.81,5,N,10544
0.31000000000000005,0.91,0.91,1,N,10545
0.31000000000000005,0.91,0.91,2,N,10546
0.31000000000000005,0.91,0.91,3,N,10547
0.31000000000000005,0.91,0.91,4,N,10548
0.31000000000000005,0.91,0.91,5,N,10549
0.31000000000000005,0.91,1.01,1,N,10550
0.31000000000000005,0.91,1.01,2,N,10551
0.31000000000000005,0.91,1.01,3,N,10552
0.31000000000000005,0.91,1.01,4,N,10553
0.31000000000000005,0.91,1.01,5,N,10554
0.31000000000000005,0.91,1.11,1,N,10555
0.31000000000000005,0.91,1.11,2,N,10556
0.31000000000000005,0.91,1.11,3,N,10557
0.31000000000000005,0.91,1.11,4,N,10558
0.31000000000000005,0.91,1.11,5,N,10559
0.31000000000000005,0.91,1.3,1,N,10560
0.31000000000000005,0.91,1.3,2,N,10561
0.31000000000000005,0.91,1.3,3,N,10562
0.31000000000000005,0.91,1.3,4,N,10563
0.31000000000000005,0.91,1.3,5,N,10564
0.31000000000000005,0.91,1.6,1,N,10565
0.31000000000000005,0.91,1.6,2,N,10566
0.31000000000000005,0.91,1.6,3,N,10567
0.31000000000000005,0.91,1.6,4,N,10568
0.31000000000000005,0.91,1.6,5,N,10569
0.31000000000000005,0.91,1.9,1,N,10570
0.31000000000000005,0.91,1.9,2,N,10571
0.31000000000000005,0.91,1.9,3,N,10572
0.31000000000000005,0.91,1.9,4,N,10573
0.31000000000000005,0.91,1.9,5,N,10574
0.31000000000000005,0.91,2.2,1,N,10575
0.31000000000000005,0.91,2.2,2,N,10576
0.31000000000000005,0.91,2.2,3,N,10577
0.31000000000000005,0.91,2.2,4,N,10578
0.31000000000000005,0.91,2.2,5,N,10579
0.31000000000000005,0.91,2.5,1,N,10580
0.31000000000000005,0.91,2.5,2,N,10581
0.31000000000000005,0.91,2.5,3,N,10582
0.31000000000000005,0.91,2.5,4,N,10583
0.31000000000000005,0.91,2.5,5,N,10584
0.31000000000000005,0.91,2.8000000000000003,1,N,10585
0.31000000000000005,0.91,2.8000000000000003,2,N,10586
0.31000000000000005,0.91,2.8000000000000003,3,N,10587
0.31000000000000005,0.91,2.8000000000000003,4,N,10588
0.31000000000000005,0.91,2.8000000000000003,5,N,10589
0.31000000000000005,0.91,3.1000000000000005,1,N,10590
0.31000000000000005,0.91,3.1000000000000005,2,N,10591
0.31000000000000005,0.91,3.1000000000000005,3,N,10592
0.31000000000000005,0.91,3.1000000000000005,4,N,10593
0.31000000000000005,0.91,3.1000000000000005,5,N,10594
0.31000000000000005,0.91,3.4000000000000004,1,N,10595
0.31000000000000005,0.91,3.4000000000000004,2,N,10596
0.31000000000000005,0.91,3.4000000000000004,3,N,10597
0.31000000000000005,0.91,3.4000000000000004,4,N,10598
0.31000000000000005,0.91,3.4000000000000004,5,N,10599
0.31000000000000005,0.91,3.7,1,N,10600
0.31000000000000005,0.91,3.7,2,N,10601
0.31000000000000005,0.91,3.7,3,N,10602
0.31000000000000005,0.91,3.7,4,N,10603
0.31000000000000005,0.91,3.7,5,N,10604
0.31000000000000005,0.91,4.0,1,N,10605
0.31000000000000005,0.91,4.0,2,N,10606
0.31000000000000005,0.91,4.0,3,N,10607
0.31000000000000005,0.91,4.0,4,N,10608
0.31000000000000005,0.91,4.0,5,N,10609
0.31000000000000005,0.91,4.300000000000002,1,N,10610
0.31000000000000005,0.91,4.300000000000002,2,N,10611
0.31000000000000005,0.91,4.300000000000002,3,N,10612
0.31000000000000005,0.91,4.300000000000002,4,N,10613
0.31000000000000005,0.91,4.300000000000002,5,N,10614
0.31000000000000005,0.91,4.6000000000000005,1,N,10615
0.31000000000000005,0.91,4.6000000000000005,2,N,10616
0.31000000000000005,0.91,4.6000000000000005,3,N,10617
0.31000000000000005,0.91,4.6000000000000005,4,N,10618
0.31000000000000005,0.91,4.6000000000000005,5,N,10619
0.31000000000000005,0.91,4.9,1,N,10620
0.31000000000000005,0.91,4.9,2,N,10621
0.31000000000000005,0.91,4.9,3,N,10622
0.31000000000000005,0.91,4.9,4,N,10623
0.31000000000000005,0.91,4.9,5,N,10624
0.31000000000000005,1.01,0.01,1,N,10625
0.31000000000000005,1.01,0.01,2,N,10626
0.31000000000000005,1.01,0.01,3,N,10627
0.31000000000000005,1.01,0.01,4,N,10628
0.31000000000000005,1.01,0.01,5,N,10629
0.31000000000000005,1.01,0.11,1,N,10630
0.31000000000000005,1.01,0.11,2,N,10631
0.31000000000000005,1.01,0.11,3,N,10632
0.31000000000000005,1.01,0.11,4,N,10633
0.31000000000000005,1.01,0.11,5,N,10634
0.31000000000000005,1.01,0.21,1,N,10635
0.31000000000000005,1.01,0.21,2,N,10636
0.31000000000000005,1.01,0.21,3,N,10637
0.31000000000000005,1.01,0.21,4,N,10638
0.31000000000000005,1.01,0.21,5,N,10639
0.31000000000000005,1.01,0.31000000000000005,1,N,10640
0.31000000000000005,1.01,0.31000000000000005,2,N,10641
0.31000000000000005,1.01,0.31000000000000005,3,N,10642
0.31000000000000005,1.01,0.31000000000000005,4,N,10643
0.31000000000000005,1.01,0.31000000000000005,5,N,10644
0.31000000000000005,1.01,0.41,1,N,10645
0.31000000000000005,1.01,0.41,2,N,10646
0.31000000000000005,1.01,0.41,3,N,10647
0.31000000000000005,1.01,0.41,4,N,10648
0.31000000000000005,1.01,0.41,5,N,10649
0.31000000000000005,1.01,0.51,1,N,10650
0.31000000000000005,1.01,0.51,2,N,10651
0.31000000000000005,1.01,0.51,3,N,10652
0.31000000000000005,1.01,0.51,4,N,10653
0.31000000000000005,1.01,0.51,5,N,10654
0.31000000000000005,1.01,0.6100000000000001,1,N,10655
0.31000000000000005,1.01,0.6100000000000001,2,N,10656
0.31000000000000005,1.01,0.6100000000000001,3,N,10657
0.31000000000000005,1.01,0.6100000000000001,4,N,10658
0.31000000000000005,1.01,0.6100000000000001,5,N,10659
0.31000000000000005,1.01,0.7100000000000001,1,N,10660
0.31000000000000005,1.01,0.7100000000000001,2,N,10661
0.31000000000000005,1.01,0.7100000000000001,3,N,10662
0.31000000000000005,1.01,0.7100000000000001,4,N,10663
0.31000000000000005,1.01,0.7100000000000001,5,N,10664
0.31000000000000005,1.01,0.81,1,N,10665
0.31000000000000005,1.01,0.81,2,N,10666
0.31000000000000005,1.01,0.81,3,N,10667
0.31000000000000005,1.01,0.81,4,N,10668
0.31000000000000005,1.01,0.81,5,N,10669
0.31000000000000005,1.01,0.91,1,N,10670
0.31000000000000005,1.01,0.91,2,N,10671
0.31000000000000005,1.01,0.91,3,N,10672
0.31000000000000005,1.01,0.91,4,N,10673
0.31000000000000005,1.01,0.91,5,N,10674
0.31000000000000005,1.01,1.01,1,N,10675
0.31000000000000005,1.01,1.01,2,N,10676
0.31000000000000005,1.01,1.01,3,N,10677
0.31000000000000005,1.01,1.01,4,N,10678
0.31000000000000005,1.01,1.01,5,N,10679
0.31000000000000005,1.01,1.11,1,N,10680
0.31000000000000005,1.01,1.11,2,N,10681
0.31000000000000005,1.01,1.11,3,N,10682
0.31000000000000005,1.01,1.11,4,N,10683
0.31000000000000005,1.01,1.11,5,N,10684
0.31000000000000005,1.01,1.3,1,N,10685
0.31000000000000005,1.01,1.3,2,N,10686
0.31000000000000005,1.01,1.3,3,N,10687
0.31000000000000005,1.01,1.3,4,N,10688
0.31000000000000005,1.01,1.3,5,N,10689
0.31000000000000005,1.01,1.6,1,N,10690
0.31000000000000005,1.01,1.6,2,N,10691
0.31000000000000005,1.01,1.6,3,N,10692
0.31000000000000005,1.01,1.6,4,N,10693
0.31000000000000005,1.01,1.6,5,N,10694
0.31000000000000005,1.01,1.9,1,N,10695
0.31000000000000005,1.01,1.9,2,N,10696
0.31000000000000005,1.01,1.9,3,N,10697
0.31000000000000005,1.01,1.9,4,N,10698
0.31000000000000005,1.01,1.9,5,N,10699
0.31000000000000005,1.01,2.2,1,N,10700
0.31000000000000005,1.01,2.2,2,N,10701
0.31000000000000005,1.01,2.2,3,N,10702
0.31000000000000005,1.01,2.2,4,N,10703
0.31000000000000005,1.01,2.2,5,N,10704
0.31000000000000005,1.01,2.5,1,N,10705
0.31000000000000005,1.01,2.5,2,N,10706
0.31000000000000005,1.01,2.5,3,N,10707
0.31000000000000005,1.01,2.5,4,N,10708
0.31000000000000005,1.01,2.5,5,N,10709
0.31000000000000005,1.01,2.8000000000000003,1,N,10710
0.31000000000000005,1.01,2.8000000000000003,2,N,10711
0.31000000000000005,1.01,2.8000000000000003,3,N,10712
0.31000000000000005,1.01,2.8000000000000003,4,N,10713
0.31000000000000005,1.01,2.8000000000000003,5,N,10714
0.31000000000000005,1.01,3.1000000000000005,1,N,10715
0.31000000000000005,1.01,3.1000000000000005,2,N,10716
0.31000000000000005,1.01,3.1000000000000005,3,N,10717
0.31000000000000005,1.01,3.1000000000000005,4,N,10718
0.31000000000000005,1.01,3.1000000000000005,5,N,10719
0.31000000000000005,1.01,3.4000000000000004,1,N,10720
0.31000000000000005,1.01,3.4000000000000004,2,N,10721
0.31000000000000005,1.01,3.4000000000000004,3,N,10722
0.31000000000000005,1.01,3.4000000000000004,4,N,10723
0.31000000000000005,1.01,3.4000000000000004,5,N,10724
0.31000000000000005,1.01,3.7,1,N,10725
0.31000000000000005,1.01,3.7,2,N,10726
0.31000000000000005,1.01,3.7,3,N,10727
0.31000000000000005,1.01,3.7,4,N,10728
0.31000000000000005,1.01,3.7,5,N,10729
0.31000000000000005,1.01,4.0,1,N,10730
0.31000000000000005,1.01,4.0,2,N,10731
0.31000000000000005,1.01,4.0,3,N,10732
0.31000000000000005,1.01,4.0,4,N,10733
0.31000000000000005,1.01,4.0,5,N,10734
0.31000000000000005,1.01,4.300000000000002,1,N,10735
0.31000000000000005,1.01,4.300000000000002,2,N,10736
0.31000000000000005,1.01,4.300000000000002,3,N,10737
0.31000000000000005,1.01,4.300000000000002,4,N,10738
0.31000000000000005,1.01,4.300000000000002,5,N,10739
0.31000000000000005,1.01,4.6000000000000005,1,N,10740
0.31000000000000005,1.01,4.6000000000000005,2,N,10741
0.31000000000000005,1.01,4.6000000000000005,3,N,10742
0.31000000000000005,1.01,4.6000000000000005,4,N,10743
0.31000000000000005,1.01,4.6000000000000005,5,N,10744
0.31000000000000005,1.01,4.9,1,N,10745
0.31000000000000005,1.01,4.9,2,N,10746
0.31000000000000005,1.01,4.9,3,N,10747
0.31000000000000005,1.01,4.9,4,N,10748
0.31000000000000005,1.01,4.9,5,N,10749
0.31000000000000005,1.11,0.01,1,N,10750
0.31000000000000005,1.11,0.01,2,N,10751
0.31000000000000005,1.11,0.01,3,N,10752
0.31000000000000005,1.11,0.01,4,N,10753
0.31000000000000005,1.11,0.01,5,N,10754
0.31000000000000005,1.11,0.11,1,N,10755
0.31000000000000005,1.11,0.11,2,N,10756
0.31000000000000005,1.11,0.11,3,N,10757
0.31000000000000005,1.11,0.11,4,N,10758
0.31000000000000005,1.11,0.11,5,N,10759
0.31000000000000005,1.11,0.21,1,N,10760
0.31000000000000005,1.11,0.21,2,N,10761
0.31000000000000005,1.11,0.21,3,N,10762
0.31000000000000005,1.11,0.21,4,N,10763
0.31000000000000005,1.11,0.21,5,N,10764
0.31000000000000005,1.11,0.31000000000000005,1,N,10765
0.31000000000000005,1.11,0.31000000000000005,2,N,10766
0.31000000000000005,1.11,0.31000000000000005,3,N,10767
0.31000000000000005,1.11,0.31000000000000005,4,N,10768
0.31000000000000005,1.11,0.31000000000000005,5,N,10769
0.31000000000000005,1.11,0.41,1,N,10770
0.31000000000000005,1.11,0.41,2,N,10771
0.31000000000000005,1.11,0.41,3,N,10772
0.31000000000000005,1.11,0.41,4,N,10773
0.31000000000000005,1.11,0.41,5,N,10774
0.31000000000000005,1.11,0.51,1,N,10775
0.31000000000000005,1.11,0.51,2,N,10776
0.31000000000000005,1.11,0.51,3,N,10777
0.31000000000000005,1.11,0.51,4,N,10778
0.31000000000000005,1.11,0.51,5,N,10779
0.31000000000000005,1.11,0.6100000000000001,1,N,10780
0.31000000000000005,1.11,0.6100000000000001,2,N,10781
0.31000000000000005,1.11,0.6100000000000001,3,N,10782
0.31000000000000005,1.11,0.6100000000000001,4,N,10783
0.31000000000000005,1.11,0.6100000000000001,5,N,10784
0.31000000000000005,1.11,0.7100000000000001,1,N,10785
0.31000000000000005,1.11,0.7100000000000001,2,N,10786
0.31000000000000005,1.11,0.7100000000000001,3,N,10787
0.31000000000000005,1.11,0.7100000000000001,4,N,10788
0.31000000000000005,1.11,0.7100000000000001,5,N,10789
0.31000000000000005,1.11,0.81,1,N,10790
0.31000000000000005,1.11,0.81,2,N,10791
0.31000000000000005,1.11,0.81,3,N,10792
0.31000000000000005,1.11,0.81,4,N,10793
0.31000000000000005,1.11,0.81,5,N,10794
0.31000000000000005,1.11,0.91,1,N,10795
0.31000000000000005,1.11,0.91,2,N,10796
0.31000000000000005,1.11,0.91,3,N,10797
0.31000000000000005,1.11,0.91,4,N,10798
0.31000000000000005,1.11,0.91,5,N,10799
0.31000000000000005,1.11,1.01,1,N,10800
0.31000000000000005,1.11,1.01,2,N,10801
0.31000000000000005,1.11,1.01,3,N,10802
0.31000000000000005,1.11,1.01,4,N,10803
0.31000000000000005,1.11,1.01,5,N,10804
0.31000000000000005,1.11,1.11,1,N,10805
0.31000000000000005,1.11,1.11,2,N,10806
0.31000000000000005,1.11,1.11,3,N,10807
0.31000000000000005,1.11,1.11,4,N,10808
0.31000000000000005,1.11,1.11,5,N,10809
0.31000000000000005,1.11,1.3,1,N,10810
0.31000000000000005,1.11,1.3,2,N,10811
0.31000000000000005,1.11,1.3,3,N,10812
0.31000000000000005,1.11,1.3,4,N,10813
0.31000000000000005,1.11,1.3,5,N,10814
0.31000000000000005,1.11,1.6,1,N,10815
0.31000000000000005,1.11,1.6,2,N,10816
0.31000000000000005,1.11,1.6,3,N,10817
0.31000000000000005,1.11,1.6,4,N,10818
0.31000000000000005,1.11,1.6,5,N,10819
0.31000000000000005,1.11,1.9,1,N,10820
0.31000000000000005,1.11,1.9,2,N,10821
0.31000000000000005,1.11,1.9,3,N,10822
0.31000000000000005,1.11,1.9,4,N,10823
0.31000000000000005,1.11,1.9,5,N,10824
0.31000000000000005,1.11,2.2,1,N,10825
0.31000000000000005,1.11,2.2,2,N,10826
0.31000000000000005,1.11,2.2,3,N,10827
0.31000000000000005,1.11,2.2,4,N,10828
0.31000000000000005,1.11,2.2,5,N,10829
0.31000000000000005,1.11,2.5,1,N,10830
0.31000000000000005,1.11,2.5,2,N,10831
0.31000000000000005,1.11,2.5,3,N,10832
0.31000000000000005,1.11,2.5,4,N,10833
0.31000000000000005,1.11,2.5,5,N,10834
0.31000000000000005,1.11,2.8000000000000003,1,N,10835
0.31000000000000005,1.11,2.8000000000000003,2,N,10836
0.31000000000000005,1.11,2.8000000000000003,3,N,10837
0.31000000000000005,1.11,2.8000000000000003,4,N,10838
0.31000000000000005,1.11,2.8000000000000003,5,N,10839
0.31000000000000005,1.11,3.1000000000000005,1,N,10840
0.31000000000000005,1.11,3.1000000000000005,2,N,10841
0.31000000000000005,1.11,3.1000000000000005,3,N,10842
0.31000000000000005,1.11,3.1000000000000005,4,N,10843
0.31000000000000005,1.11,3.1000000000000005,5,N,10844
0.31000000000000005,1.11,3.4000000000000004,1,N,10845
0.31000000000000005,1.11,3.4000000000000004,2,N,10846
0.31000000000000005,1.11,3.4000000000000004,3,N,10847
0.31000000000000005,1.11,3.4000000000000004,4,N,10848
0.31000000000000005,1.11,3.4000000000000004,5,N,10849
0.31000000000000005,1.11,3.7,1,N,10850
0.31000000000000005,1.11,3.7,2,N,10851
0.31000000000000005,1.11,3.7,3,N,10852
0.31000000000000005,1.11,3.7,4,N,10853
0.31000000000000005,1.11,3.7,5,N,10854
0.31000000000000005,1.11,4.0,1,N,10855
0.31000000000000005,1.11,4.0,2,N,10856
0.31000000000000005,1.11,4.0,3,N,10857
0.31000000000000005,1.11,4.0,4,N,10858
0.31000000000000005,1.11,4.0,5,N,10859
0.31000000000000005,1.11,4.300000000000002,1,N,10860
0.31000000000000005,1.11,4.300000000000002,2,N,10861
0.31000000000000005,1.11,4.300000000000002,3,N,10862
0.31000000000000005,1.11,4.300000000000002,4,N,10863
0.31000000000000005,1.11,4.300000000000002,5,N,10864
0.31000000000000005,1.11,4.6000000000000005,1,N,10865
0.31000000000000005,1.11,4.6000000000000005,2,N,10866
0.31000000000000005,1.11,4.6000000000000005,3,N,10867
0.31000000000000005,1.11,4.6000000000000005,4,N,10868
0.31000000000000005,1.11,4.6000000000000005,5,N,10869
0.31000000000000005,1.11,4.9,1,N,10870
0.31000000000000005,1.11,4.9,2,N,10871
0.31000000000000005,1.11,4.9,3,N,10872
0.31000000000000005,1.11,4.9,4,N,10873
0.31000000000000005,1.11,4.9,5,N,10874
0.31000000000000005,1.3,0.01,1,N,10875
0.31000000000000005,1.3,0.01,2,N,10876
0.31000000000000005,1.3,0.01,3,N,10877
0.31000000000000005,1.3,0.01,4,N,10878
0.31000000000000005,1.3,0.01,5,N,10879
0.31000000000000005,1.3,0.11,1,N,10880
0.31000000000000005,1.3,0.11,2,N,10881
0.31000000000000005,1.3,0.11,3,N,10882
0.31000000000000005,1.3,0.11,4,N,10883
0.31000000000000005,1.3,0.11,5,N,10884
0.31000000000000005,1.3,0.21,1,N,10885
0.31000000000000005,1.3,0.21,2,N,10886
0.31000000000000005,1.3,0.21,3,N,10887
0.31000000000000005,1.3,0.21,4,N,10888
0.31000000000000005,1.3,0.21,5,N,10889
0.31000000000000005,1.3,0.31000000000000005,1,N,10890
0.31000000000000005,1.3,0.31000000000000005,2,N,10891
0.31000000000000005,1.3,0.31000000000000005,3,N,10892
0.31000000000000005,1.3,0.31000000000000005,4,N,10893
0.31000000000000005,1.3,0.31000000000000005,5,N,10894
0.31000000000000005,1.3,0.41,1,N,10895
0.31000000000000005,1.3,0.41,2,N,10896
0.31000000000000005,1.3,0.41,3,N,10897
0.31000000000000005,1.3,0.41,4,N,10898
0.31000000000000005,1.3,0.41,5,N,10899
0.31000000000000005,1.3,0.51,1,N,10900
0.31000000000000005,1.3,0.51,2,N,10901
0.31000000000000005,1.3,0.51,3,N,10902
0.31000000000000005,1.3,0.51,4,N,10903
0.31000000000000005,1.3,0.51,5,N,10904
0.31000000000000005,1.3,0.6100000000000001,1,N,10905
0.31000000000000005,1.3,0.6100000000000001,2,N,10906
0.31000000000000005,1.3,0.6100000000000001,3,N,10907
0.31000000000000005,1.3,0.6100000000000001,4,N,10908
0.31000000000000005,1.3,0.6100000000000001,5,N,10909
0.31000000000000005,1.3,0.7100000000000001,1,N,10910
0.31000000000000005,1.3,0.7100000000000001,2,N,10911
0.31000000000000005,1.3,0.7100000000000001,3,N,10912
0.31000000000000005,1.3,0.7100000000000001,4,N,10913
0.31000000000000005,1.3,0.7100000000000001,5,N,10914
0.31000000000000005,1.3,0.81,1,N,10915
0.31000000000000005,1.3,0.81,2,N,10916
0.31000000000000005,1.3,0.81,3,N,10917
0.31000000000000005,1.3,0.81,4,N,10918
0.31000000000000005,1.3,0.81,5,N,10919
0.31000000000000005,1.3,0.91,1,N,10920
0.31000000000000005,1.3,0.91,2,N,10921
0.31000000000000005,1.3,0.91,3,N,10922
0.31000000000000005,1.3,0.91,4,N,10923
0.31000000000000005,1.3,0.91,5,N,10924
0.31000000000000005,1.3,1.01,1,N,10925
0.31000000000000005,1.3,1.01,2,N,10926
0.31000000000000005,1.3,1.01,3,N,10927
0.31000000000000005,1.3,1.01,4,N,10928
0.31000000000000005,1.3,1.01,5,N,10929
0.31000000000000005,1.3,1.11,1,N,10930
0.31000000000000005,1.3,1.11,2,N,10931
0.31000000000000005,1.3,1.11,3,N,10932
0.31000000000000005,1.3,1.11,4,N,10933
0.31000000000000005,1.3,1.11,5,N,10934
0.31000000000000005,1.3,1.3,1,N,10935
0.31000000000000005,1.3,1.3,2,N,10936
0.31000000000000005,1.3,1.3,3,N,10937
0.31000000000000005,1.3,1.3,4,N,10938
0.31000000000000005,1.3,1.3,5,N,10939
0.31000000000000005,1.3,1.6,1,N,10940
0.31000000000000005,1.3,1.6,2,N,10941
0.31000000000000005,1.3,1.6,3,N,10942
0.31000000000000005,1.3,1.6,4,N,10943
0.31000000000000005,1.3,1.6,5,N,10944
0.31000000000000005,1.3,1.9,1,N,10945
0.31000000000000005,1.3,1.9,2,N,10946
0.31000000000000005,1.3,1.9,3,N,10947
0.31000000000000005,1.3,1.9,4,N,10948
0.31000000000000005,1.3,1.9,5,N,10949
0.31000000000000005,1.3,2.2,1,N,10950
0.31000000000000005,1.3,2.2,2,N,10951
0.31000000000000005,1.3,2.2,3,N,10952
0.31000000000000005,1.3,2.2,4,N,10953
0.31000000000000005,1.3,2.2,5,N,10954
0.31000000000000005,1.3,2.5,1,N,10955
0.31000000000000005,1.3,2.5,2,N,10956
0.31000000000000005,1.3,2.5,3,N,10957
0.31000000000000005,1.3,2.5,4,N,10958
0.31000000000000005,1.3,2.5,5,N,10959
0.31000000000000005,1.3,2.8000000000000003,1,N,10960
0.31000000000000005,1.3,2.8000000000000003,2,N,10961
0.31000000000000005,1.3,2.8000000000000003,3,N,10962
0.31000000000000005,1.3,2.8000000000000003,4,N,10963
0.31000000000000005,1.3,2.8000000000000003,5,N,10964
0.31000000000000005,1.3,3.1000000000000005,1,N,10965
0.31000000000000005,1.3,3.1000000000000005,2,N,10966
0.31000000000000005,1.3,3.1000000000000005,3,N,10967
0.31000000000000005,1.3,3.1000000000000005,4,N,10968
0.31000000000000005,1.3,3.1000000000000005,5,N,10969
0.31000000000000005,1.3,3.4000000000000004,1,N,10970
0.31000000000000005,1.3,3.4000000000000004,2,N,10971
0.31000000000000005,1.3,3.4000000000000004,3,N,10972
0.31000000000000005,1.3,3.4000000000000004,4,N,10973
0.31000000000000005,1.3,3.4000000000000004,5,N,10974
0.31000000000000005,1.3,3.7,1,N,10975
0.31000000000000005,1.3,3.7,2,N,10976
0.31000000000000005,1.3,3.7,3,N,10977
0.31000000000000005,1.3,3.7,4,N,10978
0.31000000000000005,1.3,3.7,5,N,10979
0.31000000000000005,1.3,4.0,1,N,10980
0.31000000000000005,1.3,4.0,2,N,10981
0.31000000000000005,1.3,4.0,3,N,10982
0.31000000000000005,1.3,4.0,4,N,10983
0.31000000000000005,1.3,4.0,5,N,10984
0.31000000000000005,1.3,4.300000000000002,1,N,10985
0.31000000000000005,1.3,4.300000000000002,2,N,10986
0.31000000000000005,1.3,4.300000000000002,3,N,10987
0.31000000000000005,1.3,4.300000000000002,4,N,10988
0.31000000000000005,1.3,4.300000000000002,5,N,10989
0.31000000000000005,1.3,4.6000000000000005,1,N,10990
0.31000000000000005,1.3,4.6000000000000005,2,N,10991
0.31000000000000005,1.3,4.6000000000000005,3,N,10992
0.31000000000000005,1.3,4.6000000000000005,4,N,10993
0.31000000000000005,1.3,4.6000000000000005,5,N,10994
0.31000000000000005,1.3,4.9,1,N,10995
0.31000000000000005,1.3,4.9,2,N,10996
0.31000000000000005,1.3,4.9,3,N,10997
0.31000000000000005,1.3,4.9,4,N,10998
0.31000000000000005,1.3,4.9,5,N,10999
0.31000000000000005,1.6,0.01,1,N,11000
0.31000000000000005,1.6,0.01,2,N,11001
0.31000000000000005,1.6,0.01,3,N,11002
0.31000000000000005,1.6,0.01,4,N,11003
0.31000000000000005,1.6,0.01,5,N,11004
0.31000000000000005,1.6,0.11,1,N,11005
0.31000000000000005,1.6,0.11,2,N,11006
0.31000000000000005,1.6,0.11,3,N,11007
0.31000000000000005,1.6,0.11,4,N,11008
0.31000000000000005,1.6,0.11,5,N,11009
0.31000000000000005,1.6,0.21,1,N,11010
0.31000000000000005,1.6,0.21,2,N,11011
0.31000000000000005,1.6,0.21,3,N,11012
0.31000000000000005,1.6,0.21,4,N,11013
0.31000000000000005,1.6,0.21,5,N,11014
0.31000000000000005,1.6,0.31000000000000005,1,N,11015
0.31000000000000005,1.6,0.31000000000000005,2,N,11016
0.31000000000000005,1.6,0.31000000000000005,3,N,11017
0.31000000000000005,1.6,0.31000000000000005,4,N,11018
0.31000000000000005,1.6,0.31000000000000005,5,N,11019
0.31000000000000005,1.6,0.41,1,N,11020
0.31000000000000005,1.6,0.41,2,N,11021
0.31000000000000005,1.6,0.41,3,N,11022
0.31000000000000005,1.6,0.41,4,N,11023
0.31000000000000005,1.6,0.41,5,N,11024
0.31000000000000005,1.6,0.51,1,N,11025
0.31000000000000005,1.6,0.51,2,N,11026
0.31000000000000005,1.6,0.51,3,N,11027
0.31000000000000005,1.6,0.51,4,N,11028
0.31000000000000005,1.6,0.51,5,N,11029
0.31000000000000005,1.6,0.6100000000000001,1,N,11030
0.31000000000000005,1.6,0.6100000000000001,2,N,11031
0.31000000000000005,1.6,0.6100000000000001,3,N,11032
0.31000000000000005,1.6,0.6100000000000001,4,N,11033
0.31000000000000005,1.6,0.6100000000000001,5,N,11034
0.31000000000000005,1.6,0.7100000000000001,1,N,11035
0.31000000000000005,1.6,0.7100000000000001,2,N,11036
0.31000000000000005,1.6,0.7100000000000001,3,N,11037
0.31000000000000005,1.6,0.7100000000000001,4,N,11038
0.31000000000000005,1.6,0.7100000000000001,5,N,11039
0.31000000000000005,1.6,0.81,1,N,11040
0.31000000000000005,1.6,0.81,2,N,11041
0.31000000000000005,1.6,0.81,3,N,11042
0.31000000000000005,1.6,0.81,4,N,11043
0.31000000000000005,1.6,0.81,5,N,11044
0.31000000000000005,1.6,0.91,1,N,11045
0.31000000000000005,1.6,0.91,2,N,11046
0.31000000000000005,1.6,0.91,3,N,11047
0.31000000000000005,1.6,0.91,4,N,11048
0.31000000000000005,1.6,0.91,5,N,11049
0.31000000000000005,1.6,1.01,1,N,11050
0.31000000000000005,1.6,1.01,2,N,11051
0.31000000000000005,1.6,1.01,3,N,11052
0.31000000000000005,1.6,1.01,4,N,11053
0.31000000000000005,1.6,1.01,5,N,11054
0.31000000000000005,1.6,1.11,1,N,11055
0.31000000000000005,1.6,1.11,2,N,11056
0.31000000000000005,1.6,1.11,3,N,11057
0.31000000000000005,1.6,1.11,4,N,11058
0.31000000000000005,1.6,1.11,5,N,11059
0.31000000000000005,1.6,1.3,1,N,11060
0.31000000000000005,1.6,1.3,2,N,11061
0.31000000000000005,1.6,1.3,3,N,11062
0.31000000000000005,1.6,1.3,4,N,11063
0.31000000000000005,1.6,1.3,5,N,11064
0.31000000000000005,1.6,1.6,1,N,11065
0.31000000000000005,1.6,1.6,2,N,11066
0.31000000000000005,1.6,1.6,3,N,11067
0.31000000000000005,1.6,1.6,4,N,11068
0.31000000000000005,1.6,1.6,5,N,11069
0.31000000000000005,1.6,1.9,1,N,11070
0.31000000000000005,1.6,1.9,2,N,11071
0.31000000000000005,1.6,1.9,3,N,11072
0.31000000000000005,1.6,1.9,4,N,11073
0.31000000000000005,1.6,1.9,5,N,11074
0.31000000000000005,1.6,2.2,1,N,11075
0.31000000000000005,1.6,2.2,2,N,11076
0.31000000000000005,1.6,2.2,3,N,11077
0.31000000000000005,1.6,2.2,4,N,11078
0.31000000000000005,1.6,2.2,5,N,11079
0.31000000000000005,1.6,2.5,1,N,11080
0.31000000000000005,1.6,2.5,2,N,11081
0.31000000000000005,1.6,2.5,3,N,11082
0.31000000000000005,1.6,2.5,4,N,11083
0.31000000000000005,1.6,2.5,5,N,11084
0.31000000000000005,1.6,2.8000000000000003,1,N,11085
0.31000000000000005,1.6,2.8000000000000003,2,N,11086
0.31000000000000005,1.6,2.8000000000000003,3,N,11087
0.31000000000000005,1.6,2.8000000000000003,4,N,11088
0.31000000000000005,1.6,2.8000000000000003,5,N,11089
0.31000000000000005,1.6,3.1000000000000005,1,N,11090
0.31000000000000005,1.6,3.1000000000000005,2,N,11091
0.31000000000000005,1.6,3.1000000000000005,3,N,11092
0.31000000000000005,1.6,3.1000000000000005,4,N,11093
0.31000000000000005,1.6,3.1000000000000005,5,N,11094
0.31000000000000005,1.6,3.4000000000000004,1,N,11095
0.31000000000000005,1.6,3.4000000000000004,2,N,11096
0.31000000000000005,1.6,3.4000000000000004,3,N,11097
0.31000000000000005,1.6,3.4000000000000004,4,N,11098
0.31000000000000005,1.6,3.4000000000000004,5,N,11099
0.31000000000000005,1.6,3.7,1,N,11100
0.31000000000000005,1.6,3.7,2,N,11101
0.31000000000000005,1.6,3.7,3,N,11102
0.31000000000000005,1.6,3.7,4,N,11103
0.31000000000000005,1.6,3.7,5,N,11104
0.31000000000000005,1.6,4.0,1,N,11105
0.31000000000000005,1.6,4.0,2,N,11106
0.31000000000000005,1.6,4.0,3,N,11107
0.31000000000000005,1.6,4.0,4,N,11108
0.31000000000000005,1.6,4.0,5,N,11109
0.31000000000000005,1.6,4.300000000000002,1,N,11110
0.31000000000000005,1.6,4.300000000000002,2,N,11111
0.31000000000000005,1.6,4.300000000000002,3,N,11112
0.31000000000000005,1.6,4.300000000000002,4,N,11113
0.31000000000000005,1.6,4.300000000000002,5,N,11114
0.31000000000000005,1.6,4.6000000000000005,1,N,11115
0.31000000000000005,1.6,4.6000000000000005,2,N,11116
0.31000000000000005,1.6,4.6000000000000005,3,N,11117
0.31000000000000005,1.6,4.6000000000000005,4,N,11118
0.31000000000000005,1.6,4.6000000000000005,5,N,11119
0.31000000000000005,1.6,4.9,1,N,11120
0.31000000000000005,1.6,4.9,2,N,11121
0.31000000000000005,1.6,4.9,3,N,11122
0.31000000000000005,1.6,4.9,4,N,11123
0.31000000000000005,1.6,4.9,5,N,11124
0.31000000000000005,1.9,0.01,1,N,11125
0.31000000000000005,1.9,0.01,2,N,11126
0.31000000000000005,1.9,0.01,3,N,11127
0.31000000000000005,1.9,0.01,4,N,11128
0.31000000000000005,1.9,0.01,5,N,11129
0.31000000000000005,1.9,0.11,1,N,11130
0.31000000000000005,1.9,0.11,2,N,11131
0.31000000000000005,1.9,0.11,3,N,11132
0.31000000000000005,1.9,0.11,4,N,11133
0.31000000000000005,1.9,0.11,5,N,11134
0.31000000000000005,1.9,0.21,1,N,11135
0.31000000000000005,1.9,0.21,2,N,11136
0.31000000000000005,1.9,0.21,3,N,11137
0.31000000000000005,1.9,0.21,4,N,11138
0.31000000000000005,1.9,0.21,5,N,11139
0.31000000000000005,1.9,0.31000000000000005,1,N,11140
0.31000000000000005,1.9,0.31000000000000005,2,N,11141
0.31000000000000005,1.9,0.31000000000000005,3,N,11142
0.31000000000000005,1.9,0.31000000000000005,4,N,11143
0.31000000000000005,1.9,0.31000000000000005,5,N,11144
0.31000000000000005,1.9,0.41,1,N,11145
0.31000000000000005,1.9,0.41,2,N,11146
0.31000000000000005,1.9,0.41,3,N,11147
0.31000000000000005,1.9,0.41,4,N,11148
0.31000000000000005,1.9,0.41,5,N,11149
0.31000000000000005,1.9,0.51,1,N,11150
0.31000000000000005,1.9,0.51,2,N,11151
0.31000000000000005,1.9,0.51,3,N,11152
0.31000000000000005,1.9,0.51,4,N,11153
0.31000000000000005,1.9,0.51,5,N,11154
0.31000000000000005,1.9,0.6100000000000001,1,N,11155
0.31000000000000005,1.9,0.6100000000000001,2,N,11156
0.31000000000000005,1.9,0.6100000000000001,3,N,11157
0.31000000000000005,1.9,0.6100000000000001,4,N,11158
0.31000000000000005,1.9,0.6100000000000001,5,N,11159
0.31000000000000005,1.9,0.7100000000000001,1,N,11160
0.31000000000000005,1.9,0.7100000000000001,2,N,11161
0.31000000000000005,1.9,0.7100000000000001,3,N,11162
0.31000000000000005,1.9,0.7100000000000001,4,N,11163
0.31000000000000005,1.9,0.7100000000000001,5,N,11164
0.31000000000000005,1.9,0.81,1,N,11165
0.31000000000000005,1.9,0.81,2,N,11166
0.31000000000000005,1.9,0.81,3,N,11167
0.31000000000000005,1.9,0.81,4,N,11168
0.31000000000000005,1.9,0.81,5,N,11169
0.31000000000000005,1.9,0.91,1,N,11170
0.31000000000000005,1.9,0.91,2,N,11171
0.31000000000000005,1.9,0.91,3,N,11172
0.31000000000000005,1.9,0.91,4,N,11173
0.31000000000000005,1.9,0.91,5,N,11174
0.31000000000000005,1.9,1.01,1,N,11175
0.31000000000000005,1.9,1.01,2,N,11176
0.31000000000000005,1.9,1.01,3,N,11177
0.31000000000000005,1.9,1.01,4,N,11178
0.31000000000000005,1.9,1.01,5,N,11179
0.31000000000000005,1.9,1.11,1,N,11180
0.31000000000000005,1.9,1.11,2,N,11181
0.31000000000000005,1.9,1.11,3,N,11182
0.31000000000000005,1.9,1.11,4,N,11183
0.31000000000000005,1.9,1.11,5,N,11184
0.31000000000000005,1.9,1.3,1,N,11185
0.31000000000000005,1.9,1.3,2,N,11186
0.31000000000000005,1.9,1.3,3,N,11187
0.31000000000000005,1.9,1.3,4,N,11188
0.31000000000000005,1.9,1.3,5,N,11189
0.31000000000000005,1.9,1.6,1,N,11190
0.31000000000000005,1.9,1.6,2,N,11191
0.31000000000000005,1.9,1.6,3,N,11192
0.31000000000000005,1.9,1.6,4,N,11193
0.31000000000000005,1.9,1.6,5,N,11194
0.31000000000000005,1.9,1.9,1,N,11195
0.31000000000000005,1.9,1.9,2,N,11196
0.31000000000000005,1.9,1.9,3,N,11197
0.31000000000000005,1.9,1.9,4,N,11198
0.31000000000000005,1.9,1.9,5,N,11199
0.31000000000000005,1.9,2.2,1,N,11200
0.31000000000000005,1.9,2.2,2,N,11201
0.31000000000000005,1.9,2.2,3,N,11202
0.31000000000000005,1.9,2.2,4,N,11203
0.31000000000000005,1.9,2.2,5,N,11204
0.31000000000000005,1.9,2.5,1,N,11205
0.31000000000000005,1.9,2.5,2,N,11206
0.31000000000000005,1.9,2.5,3,N,11207
0.31000000000000005,1.9,2.5,4,N,11208
0.31000000000000005,1.9,2.5,5,N,11209
0.31000000000000005,1.9,2.8000000000000003,1,N,11210
0.31000000000000005,1.9,2.8000000000000003,2,N,11211
0.31000000000000005,1.9,2.8000000000000003,3,N,11212
0.31000000000000005,1.9,2.8000000000000003,4,N,11213
0.31000000000000005,1.9,2.8000000000000003,5,N,11214
0.31000000000000005,1.9,3.1000000000000005,1,N,11215
0.31000000000000005,1.9,3.1000000000000005,2,N,11216
0.31000000000000005,1.9,3.1000000000000005,3,N,11217
0.31000000000000005,1.9,3.1000000000000005,4,N,11218
0.31000000000000005,1.9,3.1000000000000005,5,N,11219
0.31000000000000005,1.9,3.4000000000000004,1,N,11220
0.31000000000000005,1.9,3.4000000000000004,2,N,11221
0.31000000000000005,1.9,3.4000000000000004,3,N,11222
0.31000000000000005,1.9,3.4000000000000004,4,N,11223
0.31000000000000005,1.9,3.4000000000000004,5,N,11224
0.31000000000000005,1.9,3.7,1,N,11225
0.31000000000000005,1.9,3.7,2,N,11226
0.31000000000000005,1.9,3.7,3,N,11227
0.31000000000000005,1.9,3.7,4,N,11228
0.31000000000000005,1.9,3.7,5,N,11229
0.31000000000000005,1.9,4.0,1,N,11230
0.31000000000000005,1.9,4.0,2,N,11231
0.31000000000000005,1.9,4.0,3,N,11232
0.31000000000000005,1.9,4.0,4,N,11233
0.31000000000000005,1.9,4.0,5,N,11234
0.31000000000000005,1.9,4.300000000000002,1,N,11235
0.31000000000000005,1.9,4.300000000000002,2,N,11236
0.31000000000000005,1.9,4.300000000000002,3,N,11237
0.31000000000000005,1.9,4.300000000000002,4,N,11238
0.31000000000000005,1.9,4.300000000000002,5,N,11239
0.31000000000000005,1.9,4.6000000000000005,1,N,11240
0.31000000000000005,1.9,4.6000000000000005,2,N,11241
0.31000000000000005,1.9,4.6000000000000005,3,N,11242
0.31000000000000005,1.9,4.6000000000000005,4,N,11243
0.31000000000000005,1.9,4.6000000000000005,5,N,11244
0.31000000000000005,1.9,4.9,1,N,11245
0.31000000000000005,1.9,4.9,2,N,11246
0.31000000000000005,1.9,4.9,3,N,11247
0.31000000000000005,1.9,4.9,4,N,11248
0.31000000000000005,1.9,4.9,5,N,11249
0.31000000000000005,2.2,0.01,1,N,11250
0.31000000000000005,2.2,0.01,2,N,11251
0.31000000000000005,2.2,0.01,3,N,11252
0.31000000000000005,2.2,0.01,4,N,11253
0.31000000000000005,2.2,0.01,5,N,11254
0.31000000000000005,2.2,0.11,1,N,11255
0.31000000000000005,2.2,0.11,2,N,11256
0.31000000000000005,2.2,0.11,3,N,11257
0.31000000000000005,2.2,0.11,4,N,11258
0.31000000000000005,2.2,0.11,5,N,11259
0.31000000000000005,2.2,0.21,1,N,11260
0.31000000000000005,2.2,0.21,2,N,11261
0.31000000000000005,2.2,0.21,3,N,11262
0.31000000000000005,2.2,0.21,4,N,11263
0.31000000000000005,2.2,0.21,5,N,11264
0.31000000000000005,2.2,0.31000000000000005,1,N,11265
0.31000000000000005,2.2,0.31000000000000005,2,N,11266
0.31000000000000005,2.2,0.31000000000000005,3,N,11267
0.31000000000000005,2.2,0.31000000000000005,4,N,11268
0.31000000000000005,2.2,0.31000000000000005,5,N,11269
0.31000000000000005,2.2,0.41,1,N,11270
0.31000000000000005,2.2,0.41,2,N,11271
0.31000000000000005,2.2,0.41,3,N,11272
0.31000000000000005,2.2,0.41,4,N,11273
0.31000000000000005,2.2,0.41,5,N,11274
0.31000000000000005,2.2,0.51,1,N,11275
0.31000000000000005,2.2,0.51,2,N,11276
0.31000000000000005,2.2,0.51,3,N,11277
0.31000000000000005,2.2,0.51,4,N,11278
0.31000000000000005,2.2,0.51,5,N,11279
0.31000000000000005,2.2,0.6100000000000001,1,N,11280
0.31000000000000005,2.2,0.6100000000000001,2,N,11281
0.31000000000000005,2.2,0.6100000000000001,3,N,11282
0.31000000000000005,2.2,0.6100000000000001,4,N,11283
0.31000000000000005,2.2,0.6100000000000001,5,N,11284
0.31000000000000005,2.2,0.7100000000000001,1,N,11285
0.31000000000000005,2.2,0.7100000000000001,2,N,11286
0.31000000000000005,2.2,0.7100000000000001,3,N,11287
0.31000000000000005,2.2,0.7100000000000001,4,N,11288
0.31000000000000005,2.2,0.7100000000000001,5,N,11289
0.31000000000000005,2.2,0.81,1,N,11290
0.31000000000000005,2.2,0.81,2,N,11291
0.31000000000000005,2.2,0.81,3,N,11292
0.31000000000000005,2.2,0.81,4,N,11293
0.31000000000000005,2.2,0.81,5,N,11294
0.31000000000000005,2.2,0.91,1,N,11295
0.31000000000000005,2.2,0.91,2,N,11296
0.31000000000000005,2.2,0.91,3,N,11297
0.31000000000000005,2.2,0.91,4,N,11298
0.31000000000000005,2.2,0.91,5,N,11299
0.31000000000000005,2.2,1.01,1,N,11300
0.31000000000000005,2.2,1.01,2,N,11301
0.31000000000000005,2.2,1.01,3,N,11302
0.31000000000000005,2.2,1.01,4,N,11303
0.31000000000000005,2.2,1.01,5,N,11304
0.31000000000000005,2.2,1.11,1,N,11305
0.31000000000000005,2.2,1.11,2,N,11306
0.31000000000000005,2.2,1.11,3,N,11307
0.31000000000000005,2.2,1.11,4,N,11308
0.31000000000000005,2.2,1.11,5,N,11309
0.31000000000000005,2.2,1.3,1,N,11310
0.31000000000000005,2.2,1.3,2,N,11311
0.31000000000000005,2.2,1.3,3,N,11312
0.31000000000000005,2.2,1.3,4,N,11313
0.31000000000000005,2.2,1.3,5,N,11314
0.31000000000000005,2.2,1.6,1,N,11315
0.31000000000000005,2.2,1.6,2,N,11316
0.31000000000000005,2.2,1.6,3,N,11317
0.31000000000000005,2.2,1.6,4,N,11318
0.31000000000000005,2.2,1.6,5,N,11319
0.31000000000000005,2.2,1.9,1,N,11320
0.31000000000000005,2.2,1.9,2,N,11321
0.31000000000000005,2.2,1.9,3,N,11322
0.31000000000000005,2.2,1.9,4,N,11323
0.31000000000000005,2.2,1.9,5,N,11324
0.31000000000000005,2.2,2.2,1,N,11325
0.31000000000000005,2.2,2.2,2,N,11326
0.31000000000000005,2.2,2.2,3,N,11327
0.31000000000000005,2.2,2.2,4,N,11328
0.31000000000000005,2.2,2.2,5,N,11329
0.31000000000000005,2.2,2.5,1,N,11330
0.31000000000000005,2.2,2.5,2,N,11331
0.31000000000000005,2.2,2.5,3,N,11332
0.31000000000000005,2.2,2.5,4,N,11333
0.31000000000000005,2.2,2.5,5,N,11334
0.31000000000000005,2.2,2.8000000000000003,1,N,11335
0.31000000000000005,2.2,2.8000000000000003,2,N,11336
0.31000000000000005,2.2,2.8000000000000003,3,N,11337
0.31000000000000005,2.2,2.8000000000000003,4,N,11338
0.31000000000000005,2.2,2.8000000000000003,5,N,11339
0.31000000000000005,2.2,3.1000000000000005,1,N,11340
0.31000000000000005,2.2,3.1000000000000005,2,N,11341
0.31000000000000005,2.2,3.1000000000000005,3,N,11342
0.31000000000000005,2.2,3.1000000000000005,4,N,11343
0.31000000000000005,2.2,3.1000000000000005,5,N,11344
0.31000000000000005,2.2,3.4000000000000004,1,N,11345
0.31000000000000005,2.2,3.4000000000000004,2,N,11346
0.31000000000000005,2.2,3.4000000000000004,3,N,11347
0.31000000000000005,2.2,3.4000000000000004,4,N,11348
0.31000000000000005,2.2,3.4000000000000004,5,N,11349
0.31000000000000005,2.2,3.7,1,N,11350
0.31000000000000005,2.2,3.7,2,N,11351
0.31000000000000005,2.2,3.7,3,N,11352
0.31000000000000005,2.2,3.7,4,N,11353
0.31000000000000005,2.2,3.7,5,N,11354
0.31000000000000005,2.2,4.0,1,N,11355
0.31000000000000005,2.2,4.0,2,N,11356
0.31000000000000005,2.2,4.0,3,N,11357
0.31000000000000005,2.2,4.0,4,N,11358
0.31000000000000005,2.2,4.0,5,N,11359
0.31000000000000005,2.2,4.300000000000002,1,N,11360
0.31000000000000005,2.2,4.300000000000002,2,N,11361
0.31000000000000005,2.2,4.300000000000002,3,N,11362
0.31000000000000005,2.2,4.300000000000002,4,N,11363
0.31000000000000005,2.2,4.300000000000002,5,N,11364
0.31000000000000005,2.2,4.6000000000000005,1,N,11365
0.31000000000000005,2.2,4.6000000000000005,2,N,11366
0.31000000000000005,2.2,4.6000000000000005,3,N,11367
0.31000000000000005,2.2,4.6000000000000005,4,N,11368
0.31000000000000005,2.2,4.6000000000000005,5,N,11369
0.31000000000000005,2.2,4.9,1,N,11370
0.31000000000000005,2.2,4.9,2,N,11371
0.31000000000000005,2.2,4.9,3,N,11372
0.31000000000000005,2.2,4.9,4,N,11373
0.31000000000000005,2.2,4.9,5,N,11374
0.31000000000000005,2.5,0.01,1,N,11375
0.31000000000000005,2.5,0.01,2,N,11376
0.31000000000000005,2.5,0.01,3,N,11377
0.31000000000000005,2.5,0.01,4,N,11378
0.31000000000000005,2.5,0.01,5,N,11379
0.31000000000000005,2.5,0.11,1,N,11380
0.31000000000000005,2.5,0.11,2,N,11381
0.31000000000000005,2.5,0.11,3,N,11382
0.31000000000000005,2.5,0.11,4,N,11383
0.31000000000000005,2.5,0.11,5,N,11384
0.31000000000000005,2.5,0.21,1,N,11385
0.31000000000000005,2.5,0.21,2,N,11386
0.31000000000000005,2.5,0.21,3,N,11387
0.31000000000000005,2.5,0.21,4,N,11388
0.31000000000000005,2.5,0.21,5,N,11389
0.31000000000000005,2.5,0.31000000000000005,1,N,11390
0.31000000000000005,2.5,0.31000000000000005,2,N,11391
0.31000000000000005,2.5,0.31000000000000005,3,N,11392
0.31000000000000005,2.5,0.31000000000000005,4,N,11393
0.31000000000000005,2.5,0.31000000000000005,5,N,11394
0.31000000000000005,2.5,0.41,1,N,11395
0.31000000000000005,2.5,0.41,2,N,11396
0.31000000000000005,2.5,0.41,3,N,11397
0.31000000000000005,2.5,0.41,4,N,11398
0.31000000000000005,2.5,0.41,5,N,11399
0.31000000000000005,2.5,0.51,1,N,11400
0.31000000000000005,2.5,0.51,2,N,11401
0.31000000000000005,2.5,0.51,3,N,11402
0.31000000000000005,2.5,0.51,4,N,11403
0.31000000000000005,2.5,0.51,5,N,11404
0.31000000000000005,2.5,0.6100000000000001,1,N,11405
0.31000000000000005,2.5,0.6100000000000001,2,N,11406
0.31000000000000005,2.5,0.6100000000000001,3,N,11407
0.31000000000000005,2.5,0.6100000000000001,4,N,11408
0.31000000000000005,2.5,0.6100000000000001,5,N,11409
0.31000000000000005,2.5,0.7100000000000001,1,N,11410
0.31000000000000005,2.5,0.7100000000000001,2,N,11411
0.31000000000000005,2.5,0.7100000000000001,3,N,11412
0.31000000000000005,2.5,0.7100000000000001,4,N,11413
0.31000000000000005,2.5,0.7100000000000001,5,N,11414
0.31000000000000005,2.5,0.81,1,N,11415
0.31000000000000005,2.5,0.81,2,N,11416
0.31000000000000005,2.5,0.81,3,N,11417
0.31000000000000005,2.5,0.81,4,N,11418
0.31000000000000005,2.5,0.81,5,N,11419
0.31000000000000005,2.5,0.91,1,N,11420
0.31000000000000005,2.5,0.91,2,N,11421
0.31000000000000005,2.5,0.91,3,N,11422
0.31000000000000005,2.5,0.91,4,N,11423
0.31000000000000005,2.5,0.91,5,N,11424
0.31000000000000005,2.5,1.01,1,N,11425
0.31000000000000005,2.5,1.01,2,N,11426
0.31000000000000005,2.5,1.01,3,N,11427
0.31000000000000005,2.5,1.01,4,N,11428
0.31000000000000005,2.5,1.01,5,N,11429
0.31000000000000005,2.5,1.11,1,N,11430
0.31000000000000005,2.5,1.11,2,N,11431
0.31000000000000005,2.5,1.11,3,N,11432
0.31000000000000005,2.5,1.11,4,N,11433
0.31000000000000005,2.5,1.11,5,N,11434
0.31000000000000005,2.5,1.3,1,N,11435
0.31000000000000005,2.5,1.3,2,N,11436
0.31000000000000005,2.5,1.3,3,N,11437
0.31000000000000005,2.5,1.3,4,N,11438
0.31000000000000005,2.5,1.3,5,N,11439
0.31000000000000005,2.5,1.6,1,N,11440
0.31000000000000005,2.5,1.6,2,N,11441
0.31000000000000005,2.5,1.6,3,N,11442
0.31000000000000005,2.5,1.6,4,N,11443
0.31000000000000005,2.5,1.6,5,N,11444
0.31000000000000005,2.5,1.9,1,N,11445
0.31000000000000005,2.5,1.9,2,N,11446
0.31000000000000005,2.5,1.9,3,N,11447
0.31000000000000005,2.5,1.9,4,N,11448
0.31000000000000005,2.5,1.9,5,N,11449
0.31000000000000005,2.5,2.2,1,N,11450
0.31000000000000005,2.5,2.2,2,N,11451
0.31000000000000005,2.5,2.2,3,N,11452
0.31000000000000005,2.5,2.2,4,N,11453
0.31000000000000005,2.5,2.2,5,N,11454
0.31000000000000005,2.5,2.5,1,N,11455
0.31000000000000005,2.5,2.5,2,N,11456
0.31000000000000005,2.5,2.5,3,N,11457
0.31000000000000005,2.5,2.5,4,N,11458
0.31000000000000005,2.5,2.5,5,N,11459
0.31000000000000005,2.5,2.8000000000000003,1,N,11460
0.31000000000000005,2.5,2.8000000000000003,2,N,11461
0.31000000000000005,2.5,2.8000000000000003,3,N,11462
0.31000000000000005,2.5,2.8000000000000003,4,N,11463
0.31000000000000005,2.5,2.8000000000000003,5,N,11464
0.31000000000000005,2.5,3.1000000000000005,1,N,11465
0.31000000000000005,2.5,3.1000000000000005,2,N,11466
0.31000000000000005,2.5,3.1000000000000005,3,N,11467
0.31000000000000005,2.5,3.1000000000000005,4,N,11468
0.31000000000000005,2.5,3.1000000000000005,5,N,11469
0.31000000000000005,2.5,3.4000000000000004,1,N,11470
0.31000000000000005,2.5,3.4000000000000004,2,N,11471
0.31000000000000005,2.5,3.4000000000000004,3,N,11472
0.31000000000000005,2.5,3.4000000000000004,4,N,11473
0.31000000000000005,2.5,3.4000000000000004,5,N,11474
0.31000000000000005,2.5,3.7,1,N,11475
0.31000000000000005,2.5,3.7,2,N,11476
0.31000000000000005,2.5,3.7,3,N,11477
0.31000000000000005,2.5,3.7,4,N,11478
0.31000000000000005,2.5,3.7,5,N,11479
0.31000000000000005,2.5,4.0,1,N,11480
0.31000000000000005,2.5,4.0,2,N,11481
0.31000000000000005,2.5,4.0,3,N,11482
0.31000000000000005,2.5,4.0,4,N,11483
0.31000000000000005,2.5,4.0,5,N,11484
0.31000000000000005,2.5,4.300000000000002,1,N,11485
0.31000000000000005,2.5,4.300000000000002,2,N,11486
0.31000000000000005,2.5,4.300000000000002,3,N,11487
0.31000000000000005,2.5,4.300000000000002,4,N,11488
0.31000000000000005,2.5,4.300000000000002,5,N,11489
0.31000000000000005,2.5,4.6000000000000005,1,N,11490
0.31000000000000005,2.5,4.6000000000000005,2,N,11491
0.31000000000000005,2.5,4.6000000000000005,3,N,11492
0.31000000000000005,2.5,4.6000000000000005,4,N,11493
0.31000000000000005,2.5,4.6000000000000005,5,N,11494
0.31000000000000005,2.5,4.9,1,N,11495
0.31000000000000005,2.5,4.9,2,N,11496
0.31000000000000005,2.5,4.9,3,N,11497
0.31000000000000005,2.5,4.9,4,N,11498
0.31000000000000005,2.5,4.9,5,N,11499
0.31000000000000005,2.8000000000000003,0.01,1,N,11500
0.31000000000000005,2.8000000000000003,0.01,2,N,11501
0.31000000000000005,2.8000000000000003,0.01,3,N,11502
0.31000000000000005,2.8000000000000003,0.01,4,N,11503
0.31000000000000005,2.8000000000000003,0.01,5,N,11504
0.31000000000000005,2.8000000000000003,0.11,1,N,11505
0.31000000000000005,2.8000000000000003,0.11,2,N,11506
0.31000000000000005,2.8000000000000003,0.11,3,N,11507
0.31000000000000005,2.8000000000000003,0.11,4,N,11508
0.31000000000000005,2.8000000000000003,0.11,5,N,11509
0.31000000000000005,2.8000000000000003,0.21,1,N,11510
0.31000000000000005,2.8000000000000003,0.21,2,N,11511
0.31000000000000005,2.8000000000000003,0.21,3,N,11512
0.31000000000000005,2.8000000000000003,0.21,4,N,11513
0.31000000000000005,2.8000000000000003,0.21,5,N,11514
0.31000000000000005,2.8000000000000003,0.31000000000000005,1,N,11515
0.31000000000000005,2.8000000000000003,0.31000000000000005,2,N,11516
0.31000000000000005,2.8000000000000003,0.31000000000000005,3,N,11517
0.31000000000000005,2.8000000000000003,0.31000000000000005,4,N,11518
0.31000000000000005,2.8000000000000003,0.31000000000000005,5,N,11519
0.31000000000000005,2.8000000000000003,0.41,1,N,11520
0.31000000000000005,2.8000000000000003,0.41,2,N,11521
0.31000000000000005,2.8000000000000003,0.41,3,N,11522
0.31000000000000005,2.8000000000000003,0.41,4,N,11523
0.31000000000000005,2.8000000000000003,0.41,5,N,11524
0.31000000000000005,2.8000000000000003,0.51,1,N,11525
0.31000000000000005,2.8000000000000003,0.51,2,N,11526
0.31000000000000005,2.8000000000000003,0.51,3,N,11527
0.31000000000000005,2.8000000000000003,0.51,4,N,11528
0.31000000000000005,2.8000000000000003,0.51,5,N,11529
0.31000000000000005,2.8000000000000003,0.6100000000000001,1,N,11530
0.31000000000000005,2.8000000000000003,0.6100000000000001,2,N,11531
0.31000000000000005,2.8000000000000003,0.6100000000000001,3,N,11532
0.31000000000000005,2.8000000000000003,0.6100000000000001,4,N,11533
0.31000000000000005,2.8000000000000003,0.6100000000000001,5,N,11534
0.31000000000000005,2.8000000000000003,0.7100000000000001,1,N,11535
0.31000000000000005,2.8000000000000003,0.7100000000000001,2,N,11536
0.31000000000000005,2.8000000000000003,0.7100000000000001,3,N,11537
0.31000000000000005,2.8000000000000003,0.7100000000000001,4,N,11538
0.31000000000000005,2.8000000000000003,0.7100000000000001,5,N,11539
0.31000000000000005,2.8000000000000003,0.81,1,N,11540
0.31000000000000005,2.8000000000000003,0.81,2,N,11541
0.31000000000000005,2.8000000000000003,0.81,3,N,11542
0.31000000000000005,2.8000000000000003,0.81,4,N,11543
0.31000000000000005,2.8000000000000003,0.81,5,N,11544
0.31000000000000005,2.8000000000000003,0.91,1,N,11545
0.31000000000000005,2.8000000000000003,0.91,2,N,11546
0.31000000000000005,2.8000000000000003,0.91,3,N,11547
0.31000000000000005,2.8000000000000003,0.91,4,N,11548
0.31000000000000005,2.8000000000000003,0.91,5,N,11549
0.31000000000000005,2.8000000000000003,1.01,1,N,11550
0.31000000000000005,2.8000000000000003,1.01,2,N,11551
0.31000000000000005,2.8000000000000003,1.01,3,N,11552
0.31000000000000005,2.8000000000000003,1.01,4,N,11553
0.31000000000000005,2.8000000000000003,1.01,5,N,11554
0.31000000000000005,2.8000000000000003,1.11,1,N,11555
0.31000000000000005,2.8000000000000003,1.11,2,N,11556
0.31000000000000005,2.8000000000000003,1.11,3,N,11557
0.31000000000000005,2.8000000000000003,1.11,4,N,11558
0.31000000000000005,2.8000000000000003,1.11,5,N,11559
0.31000000000000005,2.8000000000000003,1.3,1,N,11560
0.31000000000000005,2.8000000000000003,1.3,2,N,11561
0.31000000000000005,2.8000000000000003,1.3,3,N,11562
0.31000000000000005,2.8000000000000003,1.3,4,N,11563
0.31000000000000005,2.8000000000000003,1.3,5,N,11564
0.31000000000000005,2.8000000000000003,1.6,1,N,11565
0.31000000000000005,2.8000000000000003,1.6,2,N,11566
0.31000000000000005,2.8000000000000003,1.6,3,N,11567
0.31000000000000005,2.8000000000000003,1.6,4,N,11568
0.31000000000000005,2.8000000000000003,1.6,5,N,11569
0.31000000000000005,2.8000000000000003,1.9,1,N,11570
0.31000000000000005,2.8000000000000003,1.9,2,N,11571
0.31000000000000005,2.8000000000000003,1.9,3,N,11572
0.31000000000000005,2.8000000000000003,1.9,4,N,11573
0.31000000000000005,2.8000000000000003,1.9,5,N,11574
0.31000000000000005,2.8000000000000003,2.2,1,N,11575
0.31000000000000005,2.8000000000000003,2.2,2,N,11576
0.31000000000000005,2.8000000000000003,2.2,3,N,11577
0.31000000000000005,2.8000000000000003,2.2,4,N,11578
0.31000000000000005,2.8000000000000003,2.2,5,N,11579
0.31000000000000005,2.8000000000000003,2.5,1,N,11580
0.31000000000000005,2.8000000000000003,2.5,2,N,11581
0.31000000000000005,2.8000000000000003,2.5,3,N,11582
0.31000000000000005,2.8000000000000003,2.5,4,N,11583
0.31000000000000005,2.8000000000000003,2.5,5,N,11584
0.31000000000000005,2.8000000000000003,2.8000000000000003,1,N,11585
0.31000000000000005,2.8000000000000003,2.8000000000000003,2,N,11586
0.31000000000000005,2.8000000000000003,2.8000000000000003,3,N,11587
0.31000000000000005,2.8000000000000003,2.8000000000000003,4,N,11588
0.31000000000000005,2.8000000000000003,2.8000000000000003,5,N,11589
0.31000000000000005,2.8000000000000003,3.1000000000000005,1,N,11590
0.31000000000000005,2.8000000000000003,3.1000000000000005,2,N,11591
0.31000000000000005,2.8000000000000003,3.1000000000000005,3,N,11592
0.31000000000000005,2.8000000000000003,3.1000000000000005,4,N,11593
0.31000000000000005,2.8000000000000003,3.1000000000000005,5,N,11594
0.31000000000000005,2.8000000000000003,3.4000000000000004,1,N,11595
0.31000000000000005,2.8000000000000003,3.4000000000000004,2,N,11596
0.31000000000000005,2.8000000000000003,3.4000000000000004,3,N,11597
0.31000000000000005,2.8000000000000003,3.4000000000000004,4,N,11598
0.31000000000000005,2.8000000000000003,3.4000000000000004,5,N,11599
0.31000000000000005,2.8000000000000003,3.7,1,N,11600
0.31000000000000005,2.8000000000000003,3.7,2,N,11601
0.31000000000000005,2.8000000000000003,3.7,3,N,11602
0.31000000000000005,2.8000000000000003,3.7,4,N,11603
0.31000000000000005,2.8000000000000003,3.7,5,N,11604
0.31000000000000005,2.8000000000000003,4.0,1,N,11605
0.31000000000000005,2.8000000000000003,4.0,2,N,11606
0.31000000000000005,2.8000000000000003,4.0,3,N,11607
0.31000000000000005,2.8000000000000003,4.0,4,N,11608
0.31000000000000005,2.8000000000000003,4.0,5,N,11609
0.31000000000000005,2.8000000000000003,4.300000000000002,1,N,11610
0.31000000000000005,2.8000000000000003,4.300000000000002,2,N,11611
0.31000000000000005,2.8000000000000003,4.300000000000002,3,N,11612
0.31000000000000005,2.8000000000000003,4.300000000000002,4,N,11613
0.31000000000000005,2.8000000000000003,4.300000000000002,5,N,11614
0.31000000000000005,2.8000000000000003,4.6000000000000005,1,N,11615
0.31000000000000005,2.8000000000000003,4.6000000000000005,2,N,11616
0.31000000000000005,2.8000000000000003,4.6000000000000005,3,N,11617
0.31000000000000005,2.8000000000000003,4.6000000000000005,4,N,11618
0.31000000000000005,2.8000000000000003,4.6000000000000005,5,N,11619
0.31000000000000005,2.8000000000000003,4.9,1,N,11620
0.31000000000000005,2.8000000000000003,4.9,2,N,11621
0.31000000000000005,2.8000000000000003,4.9,3,N,11622
0.31000000000000005,2.8000000000000003,4.9,4,N,11623
0.31000000000000005,2.8000000000000003,4.9,5,N,11624
0.31000000000000005,3.1000000000000005,0.01,1,N,11625
0.31000000000000005,3.1000000000000005,0.01,2,N,11626
0.31000000000000005,3.1000000000000005,0.01,3,N,11627
0.31000000000000005,3.1000000000000005,0.01,4,N,11628
0.31000000000000005,3.1000000000000005,0.01,5,N,11629
0.31000000000000005,3.1000000000000005,0.11,1,N,11630
0.31000000000000005,3.1000000000000005,0.11,2,N,11631
0.31000000000000005,3.1000000000000005,0.11,3,N,11632
0.31000000000000005,3.1000000000000005,0.11,4,N,11633
0.31000000000000005,3.1000000000000005,0.11,5,N,11634
0.31000000000000005,3.1000000000000005,0.21,1,N,11635
0.31000000000000005,3.1000000000000005,0.21,2,N,11636
0.31000000000000005,3.1000000000000005,0.21,3,N,11637
0.31000000000000005,3.1000000000000005,0.21,4,N,11638
0.31000000000000005,3.1000000000000005,0.21,5,N,11639
0.31000000000000005,3.1000000000000005,0.31000000000000005,1,N,11640
0.31000000000000005,3.1000000000000005,0.31000000000000005,2,N,11641
0.31000000000000005,3.1000000000000005,0.31000000000000005,3,N,11642
0.31000000000000005,3.1000000000000005,0.31000000000000005,4,N,11643
0.31000000000000005,3.1000000000000005,0.31000000000000005,5,N,11644
0.31000000000000005,3.1000000000000005,0.41,1,N,11645
0.31000000000000005,3.1000000000000005,0.41,2,N,11646
0.31000000000000005,3.1000000000000005,0.41,3,N,11647
0.31000000000000005,3.1000000000000005,0.41,4,N,11648
0.31000000000000005,3.1000000000000005,0.41,5,N,11649
0.31000000000000005,3.1000000000000005,0.51,1,N,11650
0.31000000000000005,3.1000000000000005,0.51,2,N,11651
0.31000000000000005,3.1000000000000005,0.51,3,N,11652
0.31000000000000005,3.1000000000000005,0.51,4,N,11653
0.31000000000000005,3.1000000000000005,0.51,5,N,11654
0.31000000000000005,3.1000000000000005,0.6100000000000001,1,N,11655
0.31000000000000005,3.1000000000000005,0.6100000000000001,2,N,11656
0.31000000000000005,3.1000000000000005,0.6100000000000001,3,N,11657
0.31000000000000005,3.1000000000000005,0.6100000000000001,4,N,11658
0.31000000000000005,3.1000000000000005,0.6100000000000001,5,N,11659
0.31000000000000005,3.1000000000000005,0.7100000000000001,1,N,11660
0.31000000000000005,3.1000000000000005,0.7100000000000001,2,N,11661
0.31000000000000005,3.1000000000000005,0.7100000000000001,3,N,11662
0.31000000000000005,3.1000000000000005,0.7100000000000001,4,N,11663
0.31000000000000005,3.1000000000000005,0.7100000000000001,5,N,11664
0.31000000000000005,3.1000000000000005,0.81,1,N,11665
0.31000000000000005,3.1000000000000005,0.81,2,N,11666
0.31000000000000005,3.1000000000000005,0.81,3,N,11667
0.31000000000000005,3.1000000000000005,0.81,4,N,11668
0.31000000000000005,3.1000000000000005,0.81,5,N,11669
0.31000000000000005,3.1000000000000005,0.91,1,N,11670
0.31000000000000005,3.1000000000000005,0.91,2,N,11671
0.31000000000000005,3.1000000000000005,0.91,3,N,11672
0.31000000000000005,3.1000000000000005,0.91,4,N,11673
0.31000000000000005,3.1000000000000005,0.91,5,N,11674
0.31000000000000005,3.1000000000000005,1.01,1,N,11675
0.31000000000000005,3.1000000000000005,1.01,2,N,11676
0.31000000000000005,3.1000000000000005,1.01,3,N,11677
0.31000000000000005,3.1000000000000005,1.01,4,N,11678
0.31000000000000005,3.1000000000000005,1.01,5,N,11679
0.31000000000000005,3.1000000000000005,1.11,1,N,11680
0.31000000000000005,3.1000000000000005,1.11,2,N,11681
0.31000000000000005,3.1000000000000005,1.11,3,N,11682
0.31000000000000005,3.1000000000000005,1.11,4,N,11683
0.31000000000000005,3.1000000000000005,1.11,5,N,11684
0.31000000000000005,3.1000000000000005,1.3,1,N,11685
0.31000000000000005,3.1000000000000005,1.3,2,N,11686
0.31000000000000005,3.1000000000000005,1.3,3,N,11687
0.31000000000000005,3.1000000000000005,1.3,4,N,11688
0.31000000000000005,3.1000000000000005,1.3,5,N,11689
0.31000000000000005,3.1000000000000005,1.6,1,N,11690
0.31000000000000005,3.1000000000000005,1.6,2,N,11691
0.31000000000000005,3.1000000000000005,1.6,3,N,11692
0.31000000000000005,3.1000000000000005,1.6,4,N,11693
0.31000000000000005,3.1000000000000005,1.6,5,N,11694
0.31000000000000005,3.1000000000000005,1.9,1,N,11695
0.31000000000000005,3.1000000000000005,1.9,2,N,11696
0.31000000000000005,3.1000000000000005,1.9,3,N,11697
0.31000000000000005,3.1000000000000005,1.9,4,N,11698
0.31000000000000005,3.1000000000000005,1.9,5,N,11699
0.31000000000000005,3.1000000000000005,2.2,1,N,11700
0.31000000000000005,3.1000000000000005,2.2,2,N,11701
0.31000000000000005,3.1000000000000005,2.2,3,N,11702
0.31000000000000005,3.1000000000000005,2.2,4,N,11703
0.31000000000000005,3.1000000000000005,2.2,5,N,11704
0.31000000000000005,3.1000000000000005,2.5,1,N,11705
0.31000000000000005,3.1000000000000005,2.5,2,N,11706
0.31000000000000005,3.1000000000000005,2.5,3,N,11707
0.31000000000000005,3.1000000000000005,2.5,4,N,11708
0.31000000000000005,3.1000000000000005,2.5,5,N,11709
0.31000000000000005,3.1000000000000005,2.8000000000000003,1,N,11710
0.31000000000000005,3.1000000000000005,2.8000000000000003,2,N,11711
0.31000000000000005,3.1000000000000005,2.8000000000000003,3,N,11712
0.31000000000000005,3.1000000000000005,2.8000000000000003,4,N,11713
0.31000000000000005,3.1000000000000005,2.8000000000000003,5,N,11714
0.31000000000000005,3.1000000000000005,3.1000000000000005,1,N,11715
0.31000000000000005,3.1000000000000005,3.1000000000000005,2,N,11716
0.31000000000000005,3.1000000000000005,3.1000000000000005,3,N,11717
0.31000000000000005,3.1000000000000005,3.1000000000000005,4,N,11718
0.31000000000000005,3.1000000000000005,3.1000000000000005,5,N,11719
0.31000000000000005,3.1000000000000005,3.4000000000000004,1,N,11720
0.31000000000000005,3.1000000000000005,3.4000000000000004,2,N,11721
0.31000000000000005,3.1000000000000005,3.4000000000000004,3,N,11722
0.31000000000000005,3.1000000000000005,3.4000000000000004,4,N,11723
0.31000000000000005,3.1000000000000005,3.4000000000000004,5,N,11724
0.31000000000000005,3.1000000000000005,3.7,1,N,11725
0.31000000000000005,3.1000000000000005,3.7,2,N,11726
0.31000000000000005,3.1000000000000005,3.7,3,N,11727
0.31000000000000005,3.1000000000000005,3.7,4,N,11728
0.31000000000000005,3.1000000000000005,3.7,5,N,11729
0.31000000000000005,3.1000000000000005,4.0,1,N,11730
0.31000000000000005,3.1000000000000005,4.0,2,N,11731
0.31000000000000005,3.1000000000000005,4.0,3,N,11732
0.31000000000000005,3.1000000000000005,4.0,4,N,11733
0.31000000000000005,3.1000000000000005,4.0,5,N,11734
0.31000000000000005,3.1000000000000005,4.300000000000002,1,N,11735
0.31000000000000005,3.1000000000000005,4.300000000000002,2,N,11736
0.31000000000000005,3.1000000000000005,4.300000000000002,3,N,11737
0.31000000000000005,3.1000000000000005,4.300000000000002,4,N,11738
0.31000000000000005,3.1000000000000005,4.300000000000002,5,N,11739
0.31000000000000005,3.1000000000000005,4.6000000000000005,1,N,11740
0.31000000000000005,3.1000000000000005,4.6000000000000005,2,N,11741
0.31000000000000005,3.1000000000000005,4.6000000000000005,3,N,11742
0.31000000000000005,3.1000000000000005,4.6000000000000005,4,N,11743
0.31000000000000005,3.1000000000000005,4.6000000000000005,5,N,11744
0.31000000000000005,3.1000000000000005,4.9,1,N,11745
0.31000000000000005,3.1000000000000005,4.9,2,N,11746
0.31000000000000005,3.1000000000000005,4.9,3,N,11747
0.31000000000000005,3.1000000000000005,4.9,4,N,11748
0.31000000000000005,3.1000000000000005,4.9,5,N,11749
0.31000000000000005,3.4000000000000004,0.01,1,N,11750
0.31000000000000005,3.4000000000000004,0.01,2,N,11751
0.31000000000000005,3.4000000000000004,0.01,3,N,11752
0.31000000000000005,3.4000000000000004,0.01,4,N,11753
0.31000000000000005,3.4000000000000004,0.01,5,N,11754
0.31000000000000005,3.4000000000000004,0.11,1,N,11755
0.31000000000000005,3.4000000000000004,0.11,2,N,11756
0.31000000000000005,3.4000000000000004,0.11,3,N,11757
0.31000000000000005,3.4000000000000004,0.11,4,N,11758
0.31000000000000005,3.4000000000000004,0.11,5,N,11759
0.31000000000000005,3.4000000000000004,0.21,1,N,11760
0.31000000000000005,3.4000000000000004,0.21,2,N,11761
0.31000000000000005,3.4000000000000004,0.21,3,N,11762
0.31000000000000005,3.4000000000000004,0.21,4,N,11763
0.31000000000000005,3.4000000000000004,0.21,5,N,11764
0.31000000000000005,3.4000000000000004,0.31000000000000005,1,N,11765
0.31000000000000005,3.4000000000000004,0.31000000000000005,2,N,11766
0.31000000000000005,3.4000000000000004,0.31000000000000005,3,N,11767
0.31000000000000005,3.4000000000000004,0.31000000000000005,4,N,11768
0.31000000000000005,3.4000000000000004,0.31000000000000005,5,N,11769
0.31000000000000005,3.4000000000000004,0.41,1,N,11770
0.31000000000000005,3.4000000000000004,0.41,2,N,11771
0.31000000000000005,3.4000000000000004,0.41,3,N,11772
0.31000000000000005,3.4000000000000004,0.41,4,N,11773
0.31000000000000005,3.4000000000000004,0.41,5,N,11774
0.31000000000000005,3.4000000000000004,0.51,1,N,11775
0.31000000000000005,3.4000000000000004,0.51,2,N,11776
0.31000000000000005,3.4000000000000004,0.51,3,N,11777
0.31000000000000005,3.4000000000000004,0.51,4,N,11778
0.31000000000000005,3.4000000000000004,0.51,5,N,11779
0.31000000000000005,3.4000000000000004,0.6100000000000001,1,N,11780
0.31000000000000005,3.4000000000000004,0.6100000000000001,2,N,11781
0.31000000000000005,3.4000000000000004,0.6100000000000001,3,N,11782
0.31000000000000005,3.4000000000000004,0.6100000000000001,4,N,11783
0.31000000000000005,3.4000000000000004,0.6100000000000001,5,N,11784
0.31000000000000005,3.4000000000000004,0.7100000000000001,1,N,11785
0.31000000000000005,3.4000000000000004,0.7100000000000001,2,N,11786
0.31000000000000005,3.4000000000000004,0.7100000000000001,3,N,11787
0.31000000000000005,3.4000000000000004,0.7100000000000001,4,N,11788
0.31000000000000005,3.4000000000000004,0.7100000000000001,5,N,11789
0.31000000000000005,3.4000000000000004,0.81,1,N,11790
0.31000000000000005,3.4000000000000004,0.81,2,N,11791
0.31000000000000005,3.4000000000000004,0.81,3,N,11792
0.31000000000000005,3.4000000000000004,0.81,4,N,11793
0.31000000000000005,3.4000000000000004,0.81,5,N,11794
0.31000000000000005,3.4000000000000004,0.91,1,N,11795
0.31000000000000005,3.4000000000000004,0.91,2,N,11796
0.31000000000000005,3.4000000000000004,0.91,3,N,11797
0.31000000000000005,3.4000000000000004,0.91,4,N,11798
0.31000000000000005,3.4000000000000004,0.91,5,N,11799
0.31000000000000005,3.4000000000000004,1.01,1,N,11800
0.31000000000000005,3.4000000000000004,1.01,2,N,11801
0.31000000000000005,3.4000000000000004,1.01,3,N,11802
0.31000000000000005,3.4000000000000004,1.01,4,N,11803
0.31000000000000005,3.4000000000000004,1.01,5,N,11804
0.31000000000000005,3.4000000000000004,1.11,1,N,11805
0.31000000000000005,3.4000000000000004,1.11,2,N,11806
0.31000000000000005,3.4000000000000004,1.11,3,N,11807
0.31000000000000005,3.4000000000000004,1.11,4,N,11808
0.31000000000000005,3.4000000000000004,1.11,5,N,11809
0.31000000000000005,3.4000000000000004,1.3,1,N,11810
0.31000000000000005,3.4000000000000004,1.3,2,N,11811
0.31000000000000005,3.4000000000000004,1.3,3,N,11812
0.31000000000000005,3.4000000000000004,1.3,4,N,11813
0.31000000000000005,3.4000000000000004,1.3,5,N,11814
0.31000000000000005,3.4000000000000004,1.6,1,N,11815
0.31000000000000005,3.4000000000000004,1.6,2,N,11816
0.31000000000000005,3.4000000000000004,1.6,3,N,11817
0.31000000000000005,3.4000000000000004,1.6,4,N,11818
0.31000000000000005,3.4000000000000004,1.6,5,N,11819
0.31000000000000005,3.4000000000000004,1.9,1,N,11820
0.31000000000000005,3.4000000000000004,1.9,2,N,11821
0.31000000000000005,3.4000000000000004,1.9,3,N,11822
0.31000000000000005,3.4000000000000004,1.9,4,N,11823
0.31000000000000005,3.4000000000000004,1.9,5,N,11824
0.31000000000000005,3.4000000000000004,2.2,1,N,11825
0.31000000000000005,3.4000000000000004,2.2,2,N,11826
0.31000000000000005,3.4000000000000004,2.2,3,N,11827
0.31000000000000005,3.4000000000000004,2.2,4,N,11828
0.31000000000000005,3.4000000000000004,2.2,5,N,11829
0.31000000000000005,3.4000000000000004,2.5,1,N,11830
0.31000000000000005,3.4000000000000004,2.5,2,N,11831
0.31000000000000005,3.4000000000000004,2.5,3,N,11832
0.31000000000000005,3.4000000000000004,2.5,4,N,11833
0.31000000000000005,3.4000000000000004,2.5,5,N,11834
0.31000000000000005,3.4000000000000004,2.8000000000000003,1,N,11835
0.31000000000000005,3.4000000000000004,2.8000000000000003,2,N,11836
0.31000000000000005,3.4000000000000004,2.8000000000000003,3,N,11837
0.31000000000000005,3.4000000000000004,2.8000000000000003,4,N,11838
0.31000000000000005,3.4000000000000004,2.8000000000000003,5,N,11839
0.31000000000000005,3.4000000000000004,3.1000000000000005,1,N,11840
0.31000000000000005,3.4000000000000004,3.1000000000000005,2,N,11841
0.31000000000000005,3.4000000000000004,3.1000000000000005,3,N,11842
0.31000000000000005,3.4000000000000004,3.1000000000000005,4,N,11843
0.31000000000000005,3.4000000000000004,3.1000000000000005,5,N,11844
0.31000000000000005,3.4000000000000004,3.4000000000000004,1,N,11845
0.31000000000000005,3.4000000000000004,3.4000000000000004,2,N,11846
0.31000000000000005,3.4000000000000004,3.4000000000000004,3,N,11847
0.31000000000000005,3.4000000000000004,3.4000000000000004,4,N,11848
0.31000000000000005,3.4000000000000004,3.4000000000000004,5,N,11849
0.31000000000000005,3.4000000000000004,3.7,1,N,11850
0.31000000000000005,3.4000000000000004,3.7,2,N,11851
0.31000000000000005,3.4000000000000004,3.7,3,N,11852
0.31000000000000005,3.4000000000000004,3.7,4,N,11853
0.31000000000000005,3.4000000000000004,3.7,5,N,11854
0.31000000000000005,3.4000000000000004,4.0,1,N,11855
0.31000000000000005,3.4000000000000004,4.0,2,N,11856
0.31000000000000005,3.4000000000000004,4.0,3,N,11857
0.31000000000000005,3.4000000000000004,4.0,4,N,11858
0.31000000000000005,3.4000000000000004,4.0,5,N,11859
0.31000000000000005,3.4000000000000004,4.300000000000002,1,N,11860
0.31000000000000005,3.4000000000000004,4.300000000000002,2,N,11861
0.31000000000000005,3.4000000000000004,4.300000000000002,3,N,11862
0.31000000000000005,3.4000000000000004,4.300000000000002,4,N,11863
0.31000000000000005,3.4000000000000004,4.300000000000002,5,N,11864
0.31000000000000005,3.4000000000000004,4.6000000000000005,1,N,11865
0.31000000000000005,3.4000000000000004,4.6000000000000005,2,N,11866
0.31000000000000005,3.4000000000000004,4.6000000000000005,3,N,11867
0.31000000000000005,3.4000000000000004,4.6000000000000005,4,N,11868
0.31000000000000005,3.4000000000000004,4.6000000000000005,5,N,11869
0.31000000000000005,3.4000000000000004,4.9,1,N,11870
0.31000000000000005,3.4000000000000004,4.9,2,N,11871
0.31000000000000005,3.4000000000000004,4.9,3,N,11872
0.31000000000000005,3.4000000000000004,4.9,4,N,11873
0.31000000000000005,3.4000000000000004,4.9,5,N,11874
0.31000000000000005,3.7,0.01,1,N,11875
0.31000000000000005,3.7,0.01,2,N,11876
0.31000000000000005,3.7,0.01,3,N,11877
0.31000000000000005,3.7,0.01,4,N,11878
0.31000000000000005,3.7,0.01,5,N,11879
0.31000000000000005,3.7,0.11,1,N,11880
0.31000000000000005,3.7,0.11,2,N,11881
0.31000000000000005,3.7,0.11,3,N,11882
0.31000000000000005,3.7,0.11,4,N,11883
0.31000000000000005,3.7,0.11,5,N,11884
0.31000000000000005,3.7,0.21,1,N,11885
0.31000000000000005,3.7,0.21,2,N,11886
0.31000000000000005,3.7,0.21,3,N,11887
0.31000000000000005,3.7,0.21,4,N,11888
0.31000000000000005,3.7,0.21,5,N,11889
0.31000000000000005,3.7,0.31000000000000005,1,N,11890
0.31000000000000005,3.7,0.31000000000000005,2,N,11891
0.31000000000000005,3.7,0.31000000000000005,3,N,11892
0.31000000000000005,3.7,0.31000000000000005,4,N,11893
0.31000000000000005,3.7,0.31000000000000005,5,N,11894
0.31000000000000005,3.7,0.41,1,N,11895
0.31000000000000005,3.7,0.41,2,N,11896
0.31000000000000005,3.7,0.41,3,N,11897
0.31000000000000005,3.7,0.41,4,N,11898
0.31000000000000005,3.7,0.41,5,N,11899
0.31000000000000005,3.7,0.51,1,N,11900
0.31000000000000005,3.7,0.51,2,N,11901
0.31000000000000005,3.7,0.51,3,N,11902
0.31000000000000005,3.7,0.51,4,N,11903
0.31000000000000005,3.7,0.51,5,N,11904
0.31000000000000005,3.7,0.6100000000000001,1,N,11905
0.31000000000000005,3.7,0.6100000000000001,2,N,11906
0.31000000000000005,3.7,0.6100000000000001,3,N,11907
0.31000000000000005,3.7,0.6100000000000001,4,N,11908
0.31000000000000005,3.7,0.6100000000000001,5,N,11909
0.31000000000000005,3.7,0.7100000000000001,1,N,11910
0.31000000000000005,3.7,0.7100000000000001,2,N,11911
0.31000000000000005,3.7,0.7100000000000001,3,N,11912
0.31000000000000005,3.7,0.7100000000000001,4,N,11913
0.31000000000000005,3.7,0.7100000000000001,5,N,11914
0.31000000000000005,3.7,0.81,1,N,11915
0.31000000000000005,3.7,0.81,2,N,11916
0.31000000000000005,3.7,0.81,3,N,11917
0.31000000000000005,3.7,0.81,4,N,11918
0.31000000000000005,3.7,0.81,5,N,11919
0.31000000000000005,3.7,0.91,1,N,11920
0.31000000000000005,3.7,0.91,2,N,11921
0.31000000000000005,3.7,0.91,3,N,11922
0.31000000000000005,3.7,0.91,4,N,11923
0.31000000000000005,3.7,0.91,5,N,11924
0.31000000000000005,3.7,1.01,1,N,11925
0.31000000000000005,3.7,1.01,2,N,11926
0.31000000000000005,3.7,1.01,3,N,11927
0.31000000000000005,3.7,1.01,4,N,11928
0.31000000000000005,3.7,1.01,5,N,11929
0.31000000000000005,3.7,1.11,1,N,11930
0.31000000000000005,3.7,1.11,2,N,11931
0.31000000000000005,3.7,1.11,3,N,11932
0.31000000000000005,3.7,1.11,4,N,11933
0.31000000000000005,3.7,1.11,5,N,11934
0.31000000000000005,3.7,1.3,1,N,11935
0.31000000000000005,3.7,1.3,2,N,11936
0.31000000000000005,3.7,1.3,3,N,11937
0.31000000000000005,3.7,1.3,4,N,11938
0.31000000000000005,3.7,1.3,5,N,11939
0.31000000000000005,3.7,1.6,1,N,11940
0.31000000000000005,3.7,1.6,2,N,11941
0.31000000000000005,3.7,1.6,3,N,11942
0.31000000000000005,3.7,1.6,4,N,11943
0.31000000000000005,3.7,1.6,5,N,11944
0.31000000000000005,3.7,1.9,1,N,11945
0.31000000000000005,3.7,1.9,2,N,11946
0.31000000000000005,3.7,1.9,3,N,11947
0.31000000000000005,3.7,1.9,4,N,11948
0.31000000000000005,3.7,1.9,5,N,11949
0.31000000000000005,3.7,2.2,1,N,11950
0.31000000000000005,3.7,2.2,2,N,11951
0.31000000000000005,3.7,2.2,3,N,11952
0.31000000000000005,3.7,2.2,4,N,11953
0.31000000000000005,3.7,2.2,5,N,11954
0.31000000000000005,3.7,2.5,1,N,11955
0.31000000000000005,3.7,2.5,2,N,11956
0.31000000000000005,3.7,2.5,3,N,11957
0.31000000000000005,3.7,2.5,4,N,11958
0.31000000000000005,3.7,2.5,5,N,11959
0.31000000000000005,3.7,2.8000000000000003,1,N,11960
0.31000000000000005,3.7,2.8000000000000003,2,N,11961
0.31000000000000005,3.7,2.8000000000000003,3,N,11962
0.31000000000000005,3.7,2.8000000000000003,4,N,11963
0.31000000000000005,3.7,2.8000000000000003,5,N,11964
0.31000000000000005,3.7,3.1000000000000005,1,N,11965
0.31000000000000005,3.7,3.1000000000000005,2,N,11966
0.31000000000000005,3.7,3.1000000000000005,3,N,11967
0.31000000000000005,3.7,3.1000000000000005,4,N,11968
0.31000000000000005,3.7,3.1000000000000005,5,N,11969
0.31000000000000005,3.7,3.4000000000000004,1,N,11970
0.31000000000000005,3.7,3.4000000000000004,2,N,11971
0.31000000000000005,3.7,3.4000000000000004,3,N,11972
0.31000000000000005,3.7,3.4000000000000004,4,N,11973
0.31000000000000005,3.7,3.4000000000000004,5,N,11974
0.31000000000000005,3.7,3.7,1,N,11975
0.31000000000000005,3.7,3.7,2,N,11976
0.31000000000000005,3.7,3.7,3,N,11977
0.31000000000000005,3.7,3.7,4,N,11978
0.31000000000000005,3.7,3.7,5,N,11979
0.31000000000000005,3.7,4.0,1,N,11980
0.31000000000000005,3.7,4.0,2,N,11981
0.31000000000000005,3.7,4.0,3,N,11982
0.31000000000000005,3.7,4.0,4,N,11983
0.31000000000000005,3.7,4.0,5,N,11984
0.31000000000000005,3.7,4.300000000000002,1,N,11985
0.31000000000000005,3.7,4.300000000000002,2,N,11986
0.31000000000000005,3.7,4.300000000000002,3,N,11987
0.31000000000000005,3.7,4.300000000000002,4,N,11988
0.31000000000000005,3.7,4.300000000000002,5,N,11989
0.31000000000000005,3.7,4.6000000000000005,1,N,11990
0.31000000000000005,3.7,4.6000000000000005,2,N,11991
0.31000000000000005,3.7,4.6000000000000005,3,N,11992
0.31000000000000005,3.7,4.6000000000000005,4,N,11993
0.31000000000000005,3.7,4.6000000000000005,5,N,11994
0.31000000000000005,3.7,4.9,1,N,11995
0.31000000000000005,3.7,4.9,2,N,11996
0.31000000000000005,3.7,4.9,3,N,11997
0.31000000000000005,3.7,4.9,4,N,11998
0.31000000000000005,3.7,4.9,5,N,11999
0.31000000000000005,4.0,0.01,1,N,12000
0.31000000000000005,4.0,0.01,2,N,12001
0.31000000000000005,4.0,0.01,3,N,12002
0.31000000000000005,4.0,0.01,4,N,12003
0.31000000000000005,4.0,0.01,5,N,12004
0.31000000000000005,4.0,0.11,1,N,12005
0.31000000000000005,4.0,0.11,2,N,12006
0.31000000000000005,4.0,0.11,3,N,12007
0.31000000000000005,4.0,0.11,4,N,12008
0.31000000000000005,4.0,0.11,5,N,12009
0.31000000000000005,4.0,0.21,1,N,12010
0.31000000000000005,4.0,0.21,2,N,12011
0.31000000000000005,4.0,0.21,3,N,12012
0.31000000000000005,4.0,0.21,4,N,12013
0.31000000000000005,4.0,0.21,5,N,12014
0.31000000000000005,4.0,0.31000000000000005,1,N,12015
0.31000000000000005,4.0,0.31000000000000005,2,N,12016
0.31000000000000005,4.0,0.31000000000000005,3,N,12017
0.31000000000000005,4.0,0.31000000000000005,4,N,12018
0.31000000000000005,4.0,0.31000000000000005,5,N,12019
0.31000000000000005,4.0,0.41,1,N,12020
0.31000000000000005,4.0,0.41,2,N,12021
0.31000000000000005,4.0,0.41,3,N,12022
0.31000000000000005,4.0,0.41,4,N,12023
0.31000000000000005,4.0,0.41,5,N,12024
0.31000000000000005,4.0,0.51,1,N,12025
0.31000000000000005,4.0,0.51,2,N,12026
0.31000000000000005,4.0,0.51,3,N,12027
0.31000000000000005,4.0,0.51,4,N,12028
0.31000000000000005,4.0,0.51,5,N,12029
0.31000000000000005,4.0,0.6100000000000001,1,N,12030
0.31000000000000005,4.0,0.6100000000000001,2,N,12031
0.31000000000000005,4.0,0.6100000000000001,3,N,12032
0.31000000000000005,4.0,0.6100000000000001,4,N,12033
0.31000000000000005,4.0,0.6100000000000001,5,N,12034
0.31000000000000005,4.0,0.7100000000000001,1,N,12035
0.31000000000000005,4.0,0.7100000000000001,2,N,12036
0.31000000000000005,4.0,0.7100000000000001,3,N,12037
0.31000000000000005,4.0,0.7100000000000001,4,N,12038
0.31000000000000005,4.0,0.7100000000000001,5,N,12039
0.31000000000000005,4.0,0.81,1,N,12040
0.31000000000000005,4.0,0.81,2,N,12041
0.31000000000000005,4.0,0.81,3,N,12042
0.31000000000000005,4.0,0.81,4,N,12043
0.31000000000000005,4.0,0.81,5,N,12044
0.31000000000000005,4.0,0.91,1,N,12045
0.31000000000000005,4.0,0.91,2,N,12046
0.31000000000000005,4.0,0.91,3,N,12047
0.31000000000000005,4.0,0.91,4,N,12048
0.31000000000000005,4.0,0.91,5,N,12049
0.31000000000000005,4.0,1.01,1,N,12050
0.31000000000000005,4.0,1.01,2,N,12051
0.31000000000000005,4.0,1.01,3,N,12052
0.31000000000000005,4.0,1.01,4,N,12053
0.31000000000000005,4.0,1.01,5,N,12054
0.31000000000000005,4.0,1.11,1,N,12055
0.31000000000000005,4.0,1.11,2,N,12056
0.31000000000000005,4.0,1.11,3,N,12057
0.31000000000000005,4.0,1.11,4,N,12058
0.31000000000000005,4.0,1.11,5,N,12059
0.31000000000000005,4.0,1.3,1,N,12060
0.31000000000000005,4.0,1.3,2,N,12061
0.31000000000000005,4.0,1.3,3,N,12062
0.31000000000000005,4.0,1.3,4,N,12063
0.31000000000000005,4.0,1.3,5,N,12064
0.31000000000000005,4.0,1.6,1,N,12065
0.31000000000000005,4.0,1.6,2,N,12066
0.31000000000000005,4.0,1.6,3,N,12067
0.31000000000000005,4.0,1.6,4,N,12068
0.31000000000000005,4.0,1.6,5,N,12069
0.31000000000000005,4.0,1.9,1,N,12070
0.31000000000000005,4.0,1.9,2,N,12071
0.31000000000000005,4.0,1.9,3,N,12072
0.31000000000000005,4.0,1.9,4,N,12073
0.31000000000000005,4.0,1.9,5,N,12074
0.31000000000000005,4.0,2.2,1,N,12075
0.31000000000000005,4.0,2.2,2,N,12076
0.31000000000000005,4.0,2.2,3,N,12077
0.31000000000000005,4.0,2.2,4,N,12078
0.31000000000000005,4.0,2.2,5,N,12079
0.31000000000000005,4.0,2.5,1,N,12080
0.31000000000000005,4.0,2.5,2,N,12081
0.31000000000000005,4.0,2.5,3,N,12082
0.31000000000000005,4.0,2.5,4,N,12083
0.31000000000000005,4.0,2.5,5,N,12084
0.31000000000000005,4.0,2.8000000000000003,1,N,12085
0.31000000000000005,4.0,2.8000000000000003,2,N,12086
0.31000000000000005,4.0,2.8000000000000003,3,N,12087
0.31000000000000005,4.0,2.8000000000000003,4,N,12088
0.31000000000000005,4.0,2.8000000000000003,5,N,12089
0.31000000000000005,4.0,3.1000000000000005,1,N,12090
0.31000000000000005,4.0,3.1000000000000005,2,N,12091
0.31000000000000005,4.0,3.1000000000000005,3,N,12092
0.31000000000000005,4.0,3.1000000000000005,4,N,12093
0.31000000000000005,4.0,3.1000000000000005,5,N,12094
0.31000000000000005,4.0,3.4000000000000004,1,N,12095
0.31000000000000005,4.0,3.4000000000000004,2,N,12096
0.31000000000000005,4.0,3.4000000000000004,3,N,12097
0.31000000000000005,4.0,3.4000000000000004,4,N,12098
0.31000000000000005,4.0,3.4000000000000004,5,N,12099
0.31000000000000005,4.0,3.7,1,N,12100
0.31000000000000005,4.0,3.7,2,N,12101
0.31000000000000005,4.0,3.7,3,N,12102
0.31000000000000005,4.0,3.7,4,N,12103
0.31000000000000005,4.0,3.7,5,N,12104
0.31000000000000005,4.0,4.0,1,N,12105
0.31000000000000005,4.0,4.0,2,N,12106
0.31000000000000005,4.0,4.0,3,N,12107
0.31000000000000005,4.0,4.0,4,N,12108
0.31000000000000005,4.0,4.0,5,N,12109
0.31000000000000005,4.0,4.300000000000002,1,N,12110
0.31000000000000005,4.0,4.300000000000002,2,N,12111
0.31000000000000005,4.0,4.300000000000002,3,N,12112
0.31000000000000005,4.0,4.300000000000002,4,N,12113
0.31000000000000005,4.0,4.300000000000002,5,N,12114
0.31000000000000005,4.0,4.6000000000000005,1,N,12115
0.31000000000000005,4.0,4.6000000000000005,2,N,12116
0.31000000000000005,4.0,4.6000000000000005,3,N,12117
0.31000000000000005,4.0,4.6000000000000005,4,N,12118
0.31000000000000005,4.0,4.6000000000000005,5,N,12119
0.31000000000000005,4.0,4.9,1,N,12120
0.31000000000000005,4.0,4.9,2,N,12121
0.31000000000000005,4.0,4.9,3,N,12122
0.31000000000000005,4.0,4.9,4,N,12123
0.31000000000000005,4.0,4.9,5,N,12124
0.31000000000000005,4.300000000000002,0.01,1,N,12125
0.31000000000000005,4.300000000000002,0.01,2,N,12126
0.31000000000000005,4.300000000000002,0.01,3,N,12127
0.31000000000000005,4.300000000000002,0.01,4,N,12128
0.31000000000000005,4.300000000000002,0.01,5,N,12129
0.31000000000000005,4.300000000000002,0.11,1,N,12130
0.31000000000000005,4.300000000000002,0.11,2,N,12131
0.31000000000000005,4.300000000000002,0.11,3,N,12132
0.31000000000000005,4.300000000000002,0.11,4,N,12133
0.31000000000000005,4.300000000000002,0.11,5,N,12134
0.31000000000000005,4.300000000000002,0.21,1,N,12135
0.31000000000000005,4.300000000000002,0.21,2,N,12136
0.31000000000000005,4.300000000000002,0.21,3,N,12137
0.31000000000000005,4.300000000000002,0.21,4,N,12138
0.31000000000000005,4.300000000000002,0.21,5,N,12139
0.31000000000000005,4.300000000000002,0.31000000000000005,1,N,12140
0.31000000000000005,4.300000000000002,0.31000000000000005,2,N,12141
0.31000000000000005,4.300000000000002,0.31000000000000005,3,N,12142
0.31000000000000005,4.300000000000002,0.31000000000000005,4,N,12143
0.31000000000000005,4.300000000000002,0.31000000000000005,5,N,12144
0.31000000000000005,4.300000000000002,0.41,1,N,12145
0.31000000000000005,4.300000000000002,0.41,2,N,12146
0.31000000000000005,4.300000000000002,0.41,3,N,12147
0.31000000000000005,4.300000000000002,0.41,4,N,12148
0.31000000000000005,4.300000000000002,0.41,5,N,12149
0.31000000000000005,4.300000000000002,0.51,1,N,12150
0.31000000000000005,4.300000000000002,0.51,2,N,12151
0.31000000000000005,4.300000000000002,0.51,3,N,12152
0.31000000000000005,4.300000000000002,0.51,4,N,12153
0.31000000000000005,4.300000000000002,0.51,5,N,12154
0.31000000000000005,4.300000000000002,0.6100000000000001,1,N,12155
0.31000000000000005,4.300000000000002,0.6100000000000001,2,N,12156
0.31000000000000005,4.300000000000002,0.6100000000000001,3,N,12157
0.31000000000000005,4.300000000000002,0.6100000000000001,4,N,12158
0.31000000000000005,4.300000000000002,0.6100000000000001,5,N,12159
0.31000000000000005,4.300000000000002,0.7100000000000001,1,N,12160
0.31000000000000005,4.300000000000002,0.7100000000000001,2,N,12161
0.31000000000000005,4.300000000000002,0.7100000000000001,3,N,12162
0.31000000000000005,4.300000000000002,0.7100000000000001,4,N,12163
0.31000000000000005,4.300000000000002,0.7100000000000001,5,N,12164
0.31000000000000005,4.300000000000002,0.81,1,N,12165
0.31000000000000005,4.300000000000002,0.81,2,N,12166
0.31000000000000005,4.300000000000002,0.81,3,N,12167
0.31000000000000005,4.300000000000002,0.81,4,N,12168
0.31000000000000005,4.300000000000002,0.81,5,N,12169
0.31000000000000005,4.300000000000002,0.91,1,N,12170
0.31000000000000005,4.300000000000002,0.91,2,N,12171
0.31000000000000005,4.300000000000002,0.91,3,N,12172
0.31000000000000005,4.300000000000002,0.91,4,N,12173
0.31000000000000005,4.300000000000002,0.91,5,N,12174
0.31000000000000005,4.300000000000002,1.01,1,N,12175
0.31000000000000005,4.300000000000002,1.01,2,N,12176
0.31000000000000005,4.300000000000002,1.01,3,N,12177
0.31000000000000005,4.300000000000002,1.01,4,N,12178
0.31000000000000005,4.300000000000002,1.01,5,N,12179
0.31000000000000005,4.300000000000002,1.11,1,N,12180
0.31000000000000005,4.300000000000002,1.11,2,N,12181
0.31000000000000005,4.300000000000002,1.11,3,N,12182
0.31000000000000005,4.300000000000002,1.11,4,N,12183
0.31000000000000005,4.300000000000002,1.11,5,N,12184
0.31000000000000005,4.300000000000002,1.3,1,N,12185
0.31000000000000005,4.300000000000002,1.3,2,N,12186
0.31000000000000005,4.300000000000002,1.3,3,N,12187
0.31000000000000005,4.300000000000002,1.3,4,N,12188
0.31000000000000005,4.300000000000002,1.3,5,N,12189
0.31000000000000005,4.300000000000002,1.6,1,N,12190
0.31000000000000005,4.300000000000002,1.6,2,N,12191
0.31000000000000005,4.300000000000002,1.6,3,N,12192
0.31000000000000005,4.300000000000002,1.6,4,N,12193
0.31000000000000005,4.300000000000002,1.6,5,N,12194
0.31000000000000005,4.300000000000002,1.9,1,N,12195
0.31000000000000005,4.300000000000002,1.9,2,N,12196
0.31000000000000005,4.300000000000002,1.9,3,N,12197
0.31000000000000005,4.300000000000002,1.9,4,N,12198
0.31000000000000005,4.300000000000002,1.9,5,N,12199
0.31000000000000005,4.300000000000002,2.2,1,N,12200
0.31000000000000005,4.300000000000002,2.2,2,N,12201
0.31000000000000005,4.300000000000002,2.2,3,N,12202
0.31000000000000005,4.300000000000002,2.2,4,N,12203
0.31000000000000005,4.300000000000002,2.2,5,N,12204
0.31000000000000005,4.300000000000002,2.5,1,N,12205
0.31000000000000005,4.300000000000002,2.5,2,N,12206
0.31000000000000005,4.300000000000002,2.5,3,N,12207
0.31000000000000005,4.300000000000002,2.5,4,N,12208
0.31000000000000005,4.300000000000002,2.5,5,N,12209
0.31000000000000005,4.300000000000002,2.8000000000000003,1,N,12210
0.31000000000000005,4.300000000000002,2.8000000000000003,2,N,12211
0.31000000000000005,4.300000000000002,2.8000000000000003,3,N,12212
0.31000000000000005,4.300000000000002,2.8000000000000003,4,N,12213
0.31000000000000005,4.300000000000002,2.8000000000000003,5,N,12214
0.31000000000000005,4.300000000000002,3.1000000000000005,1,N,12215
0.31000000000000005,4.300000000000002,3.1000000000000005,2,N,12216
0.31000000000000005,4.300000000000002,3.1000000000000005,3,N,12217
0.31000000000000005,4.300000000000002,3.1000000000000005,4,N,12218
0.31000000000000005,4.300000000000002,3.1000000000000005,5,N,12219
0.31000000000000005,4.300000000000002,3.4000000000000004,1,N,12220
0.31000000000000005,4.300000000000002,3.4000000000000004,2,N,12221
0.31000000000000005,4.300000000000002,3.4000000000000004,3,N,12222
0.31000000000000005,4.300000000000002,3.4000000000000004,4,N,12223
0.31000000000000005,4.300000000000002,3.4000000000000004,5,N,12224
0.31000000000000005,4.300000000000002,3.7,1,N,12225
0.31000000000000005,4.300000000000002,3.7,2,N,12226
0.31000000000000005,4.300000000000002,3.7,3,N,12227
0.31000000000000005,4.300000000000002,3.7,4,N,12228
0.31000000000000005,4.300000000000002,3.7,5,N,12229
0.31000000000000005,4.300000000000002,4.0,1,N,12230
0.31000000000000005,4.300000000000002,4.0,2,N,12231
0.31000000000000005,4.300000000000002,4.0,3,N,12232
0.31000000000000005,4.300000000000002,4.0,4,N,12233
0.31000000000000005,4.300000000000002,4.0,5,N,12234
0.31000000000000005,4.300000000000002,4.300000000000002,1,N,12235
0.31000000000000005,4.300000000000002,4.300000000000002,2,N,12236
0.31000000000000005,4.300000000000002,4.300000000000002,3,N,12237
0.31000000000000005,4.300000000000002,4.300000000000002,4,N,12238
0.31000000000000005,4.300000000000002,4.300000000000002,5,N,12239
0.31000000000000005,4.300000000000002,4.6000000000000005,1,N,12240
0.31000000000000005,4.300000000000002,4.6000000000000005,2,N,12241
0.31000000000000005,4.300000000000002,4.6000000000000005,3,N,12242
0.31000000000000005,4.300000000000002,4.6000000000000005,4,N,12243
0.31000000000000005,4.300000000000002,4.6000000000000005,5,N,12244
0.31000000000000005,4.300000000000002,4.9,1,N,12245
0.31000000000000005,4.300000000000002,4.9,2,N,12246
0.31000000000000005,4.300000000000002,4.9,3,N,12247
0.31000000000000005,4.300000000000002,4.9,4,N,12248
0.31000000000000005,4.300000000000002,4.9,5,N,12249
0.31000000000000005,4.6000000000000005,0.01,1,N,12250
0.31000000000000005,4.6000000000000005,0.01,2,N,12251
0.31000000000000005,4.6000000000000005,0.01,3,N,12252
0.31000000000000005,4.6000000000000005,0.01,4,N,12253
0.31000000000000005,4.6000000000000005,0.01,5,N,12254
0.31000000000000005,4.6000000000000005,0.11,1,N,12255
0.31000000000000005,4.6000000000000005,0.11,2,N,12256
0.31000000000000005,4.6000000000000005,0.11,3,N,12257
0.31000000000000005,4.6000000000000005,0.11,4,N,12258
0.31000000000000005,4.6000000000000005,0.11,5,N,12259
0.31000000000000005,4.6000000000000005,0.21,1,N,12260
0.31000000000000005,4.6000000000000005,0.21,2,N,12261
0.31000000000000005,4.6000000000000005,0.21,3,N,12262
0.31000000000000005,4.6000000000000005,0.21,4,N,12263
0.31000000000000005,4.6000000000000005,0.21,5,N,12264
0.31000000000000005,4.6000000000000005,0.31000000000000005,1,N,12265
0.31000000000000005,4.6000000000000005,0.31000000000000005,2,N,12266
0.31000000000000005,4.6000000000000005,0.31000000000000005,3,N,12267
0.31000000000000005,4.6000000000000005,0.31000000000000005,4,N,12268
0.31000000000000005,4.6000000000000005,0.31000000000000005,5,N,12269
0.31000000000000005,4.6000000000000005,0.41,1,N,12270
0.31000000000000005,4.6000000000000005,0.41,2,N,12271
0.31000000000000005,4.6000000000000005,0.41,3,N,12272
0.31000000000000005,4.6000000000000005,0.41,4,N,12273
0.31000000000000005,4.6000000000000005,0.41,5,N,12274
0.31000000000000005,4.6000000000000005,0.51,1,N,12275
0.31000000000000005,4.6000000000000005,0.51,2,N,12276
0.31000000000000005,4.6000000000000005,0.51,3,N,12277
0.31000000000000005,4.6000000000000005,0.51,4,N,12278
0.31000000000000005,4.6000000000000005,0.51,5,N,12279
0.31000000000000005,4.6000000000000005,0.6100000000000001,1,N,12280
0.31000000000000005,4.6000000000000005,0.6100000000000001,2,N,12281
0.31000000000000005,4.6000000000000005,0.6100000000000001,3,N,12282
0.31000000000000005,4.6000000000000005,0.6100000000000001,4,N,12283
0.31000000000000005,4.6000000000000005,0.6100000000000001,5,N,12284
0.31000000000000005,4.6000000000000005,0.7100000000000001,1,N,12285
0.31000000000000005,4.6000000000000005,0.7100000000000001,2,N,12286
0.31000000000000005,4.6000000000000005,0.7100000000000001,3,N,12287
0.31000000000000005,4.6000000000000005,0.7100000000000001,4,N,12288
0.31000000000000005,4.6000000000000005,0.7100000000000001,5,N,12289
0.31000000000000005,4.6000000000000005,0.81,1,N,12290
0.31000000000000005,4.6000000000000005,0.81,2,N,12291
0.31000000000000005,4.6000000000000005,0.81,3,N,12292
0.31000000000000005,4.6000000000000005,0.81,4,N,12293
0.31000000000000005,4.6000000000000005,0.81,5,N,12294
0.31000000000000005,4.6000000000000005,0.91,1,N,12295
0.31000000000000005,4.6000000000000005,0.91,2,N,12296
0.31000000000000005,4.6000000000000005,0.91,3,N,12297
0.31000000000000005,4.6000000000000005,0.91,4,N,12298
0.31000000000000005,4.6000000000000005,0.91,5,N,12299
0.31000000000000005,4.6000000000000005,1.01,1,N,12300
0.31000000000000005,4.6000000000000005,1.01,2,N,12301
0.31000000000000005,4.6000000000000005,1.01,3,N,12302
0.31000000000000005,4.6000000000000005,1.01,4,N,12303
0.31000000000000005,4.6000000000000005,1.01,5,N,12304
0.31000000000000005,4.6000000000000005,1.11,1,N,12305
0.31000000000000005,4.6000000000000005,1.11,2,N,12306
0.31000000000000005,4.6000000000000005,1.11,3,N,12307
0.31000000000000005,4.6000000000000005,1.11,4,N,12308
0.31000000000000005,4.6000000000000005,1.11,5,N,12309
0.31000000000000005,4.6000000000000005,1.3,1,N,12310
0.31000000000000005,4.6000000000000005,1.3,2,N,12311
0.31000000000000005,4.6000000000000005,1.3,3,N,12312
0.31000000000000005,4.6000000000000005,1.3,4,N,12313
0.31000000000000005,4.6000000000000005,1.3,5,N,12314
0.31000000000000005,4.6000000000000005,1.6,1,N,12315
0.31000000000000005,4.6000000000000005,1.6,2,N,12316
0.31000000000000005,4.6000000000000005,1.6,3,N,12317
0.31000000000000005,4.6000000000000005,1.6,4,N,12318
0.31000000000000005,4.6000000000000005,1.6,5,N,12319
0.31000000000000005,4.6000000000000005,1.9,1,N,12320
0.31000000000000005,4.6000000000000005,1.9,2,N,12321
0.31000000000000005,4.6000000000000005,1.9,3,N,12322
0.31000000000000005,4.6000000000000005,1.9,4,N,12323
0.31000000000000005,4.6000000000000005,1.9,5,N,12324
0.31000000000000005,4.6000000000000005,2.2,1,N,12325
0.31000000000000005,4.6000000000000005,2.2,2,N,12326
0.31000000000000005,4.6000000000000005,2.2,3,N,12327
0.31000000000000005,4.6000000000000005,2.2,4,N,12328
0.31000000000000005,4.6000000000000005,2.2,5,N,12329
0.31000000000000005,4.6000000000000005,2.5,1,N,12330
0.31000000000000005,4.6000000000000005,2.5,2,N,12331
0.31000000000000005,4.6000000000000005,2.5,3,N,12332
0.31000000000000005,4.6000000000000005,2.5,4,N,12333
0.31000000000000005,4.6000000000000005,2.5,5,N,12334
0.31000000000000005,4.6000000000000005,2.8000000000000003,1,N,12335
0.31000000000000005,4.6000000000000005,2.8000000000000003,2,N,12336
0.31000000000000005,4.6000000000000005,2.8000000000000003,3,N,12337
0.31000000000000005,4.6000000000000005,2.8000000000000003,4,N,12338
0.31000000000000005,4.6000000000000005,2.8000000000000003,5,N,12339
0.31000000000000005,4.6000000000000005,3.1000000000000005,1,N,12340
0.31000000000000005,4.6000000000000005,3.1000000000000005,2,N,12341
0.31000000000000005,4.6000000000000005,3.1000000000000005,3,N,12342
0.31000000000000005,4.6000000000000005,3.1000000000000005,4,N,12343
0.31000000000000005,4.6000000000000005,3.1000000000000005,5,N,12344
0.31000000000000005,4.6000000000000005,3.4000000000000004,1,N,12345
0.31000000000000005,4.6000000000000005,3.4000000000000004,2,N,12346
0.31000000000000005,4.6000000000000005,3.4000000000000004,3,N,12347
0.31000000000000005,4.6000000000000005,3.4000000000000004,4,N,12348
0.31000000000000005,4.6000000000000005,3.4000000000000004,5,N,12349
0.31000000000000005,4.6000000000000005,3.7,1,N,12350
0.31000000000000005,4.6000000000000005,3.7,2,N,12351
0.31000000000000005,4.6000000000000005,3.7,3,N,12352
0.31000000000000005,4.6000000000000005,3.7,4,N,12353
0.31000000000000005,4.6000000000000005,3.7,5,N,12354
0.31000000000000005,4.6000000000000005,4.0,1,N,12355
0.31000000000000005,4.6000000000000005,4.0,2,N,12356
0.31000000000000005,4.6000000000000005,4.0,3,N,12357
0.31000000000000005,4.6000000000000005,4.0,4,N,12358
0.31000000000000005,4.6000000000000005,4.0,5,N,12359
0.31000000000000005,4.6000000000000005,4.300000000000002,1,N,12360
0.31000000000000005,4.6000000000000005,4.300000000000002,2,N,12361
0.31000000000000005,4.6000000000000005,4.300000000000002,3,N,12362
0.31000000000000005,4.6000000000000005,4.300000000000002,4,N,12363
0.31000000000000005,4.6000000000000005,4.300000000000002,5,N,12364
0.31000000000000005,4.6000000000000005,4.6000000000000005,1,N,12365
0.31000000000000005,4.6000000000000005,4.6000000000000005,2,N,12366
0.31000000000000005,4.6000000000000005,4.6000000000000005,3,N,12367
0.31000000000000005,4.6000000000000005,4.6000000000000005,4,N,12368
0.31000000000000005,4.6000000000000005,4.6000000000000005,5,N,12369
0.31000000000000005,4.6000000000000005,4.9,1,N,12370
0.31000000000000005,4.6000000000000005,4.9,2,N,12371
0.31000000000000005,4.6000000000000005,4.9,3,N,12372
0.31000000000000005,4.6000000000000005,4.9,4,N,12373
0.31000000000000005,4.6000000000000005,4.9,5,N,12374
0.31000000000000005,4.9,0.01,1,N,12375
0.31000000000000005,4.9,0.01,2,N,12376
0.31000000000000005,4.9,0.01,3,N,12377
0.31000000000000005,4.9,0.01,4,N,12378
0.31000000000000005,4.9,0.01,5,N,12379
0.31000000000000005,4.9,0.11,1,N,12380
0.31000000000000005,4.9,0.11,2,N,12381
0.31000000000000005,4.9,0.11,3,N,12382
0.31000000000000005,4.9,0.11,4,N,12383
0.31000000000000005,4.9,0.11,5,N,12384
0.31000000000000005,4.9,0.21,1,N,12385
0.31000000000000005,4.9,0.21,2,N,12386
0.31000000000000005,4.9,0.21,3,N,12387
0.31000000000000005,4.9,0.21,4,N,12388
0.31000000000000005,4.9,0.21,5,N,12389
0.31000000000000005,4.9,0.31000000000000005,1,N,12390
0.31000000000000005,4.9,0.31000000000000005,2,N,12391
0.31000000000000005,4.9,0.31000000000000005,3,N,12392
0.31000000000000005,4.9,0.31000000000000005,4,N,12393
0.31000000000000005,4.9,0.31000000000000005,5,N,12394
0.31000000000000005,4.9,0.41,1,N,12395
0.31000000000000005,4.9,0.41,2,N,12396
0.31000000000000005,4.9,0.41,3,N,12397
0.31000000000000005,4.9,0.41,4,N,12398
0.31000000000000005,4.9,0.41,5,N,12399
0.31000000000000005,4.9,0.51,1,N,12400
0.31000000000000005,4.9,0.51,2,N,12401
0.31000000000000005,4.9,0.51,3,N,12402
0.31000000000000005,4.9,0.51,4,N,12403
0.31000000000000005,4.9,0.51,5,N,12404
0.31000000000000005,4.9,0.6100000000000001,1,N,12405
0.31000000000000005,4.9,0.6100000000000001,2,N,12406
0.31000000000000005,4.9,0.6100000000000001,3,N,12407
0.31000000000000005,4.9,0.6100000000000001,4,N,12408
0.31000000000000005,4.9,0.6100000000000001,5,N,12409
0.31000000000000005,4.9,0.7100000000000001,1,N,12410
0.31000000000000005,4.9,0.7100000000000001,2,N,12411
0.31000000000000005,4.9,0.7100000000000001,3,N,12412
0.31000000000000005,4.9,0.7100000000000001,4,N,12413
0.31000000000000005,4.9,0.7100000000000001,5,N,12414
0.31000000000000005,4.9,0.81,1,N,12415
0.31000000000000005,4.9,0.81,2,N,12416
0.31000000000000005,4.9,0.81,3,N,12417
0.31000000000000005,4.9,0.81,4,N,12418
0.31000000000000005,4.9,0.81,5,N,12419
0.31000000000000005,4.9,0.91,1,N,12420
0.31000000000000005,4.9,0.91,2,N,12421
0.31000000000000005,4.9,0.91,3,N,12422
0.31000000000000005,4.9,0.91,4,N,12423
0.31000000000000005,4.9,0.91,5,N,12424
0.31000000000000005,4.9,1.01,1,N,12425
0.31000000000000005,4.9,1.01,2,N,12426
0.31000000000000005,4.9,1.01,3,N,12427
0.31000000000000005,4.9,1.01,4,N,12428
0.31000000000000005,4.9,1.01,5,N,12429
0.31000000000000005,4.9,1.11,1,N,12430
0.31000000000000005,4.9,1.11,2,N,12431
0.31000000000000005,4.9,1.11,3,N,12432
0.31000000000000005,4.9,1.11,4,N,12433
0.31000000000000005,4.9,1.11,5,N,12434
0.31000000000000005,4.9,1.3,1,N,12435
0.31000000000000005,4.9,1.3,2,N,12436
0.31000000000000005,4.9,1.3,3,N,12437
0.31000000000000005,4.9,1.3,4,N,12438
0.31000000000000005,4.9,1.3,5,N,12439
0.31000000000000005,4.9,1.6,1,N,12440
0.31000000000000005,4.9,1.6,2,N,12441
0.31000000000000005,4.9,1.6,3,N,12442
0.31000000000000005,4.9,1.6,4,N,12443
0.31000000000000005,4.9,1.6,5,N,12444
0.31000000000000005,4.9,1.9,1,N,12445
0.31000000000000005,4.9,1.9,2,N,12446
0.31000000000000005,4.9,1.9,3,N,12447
0.31000000000000005,4.9,1.9,4,N,12448
0.31000000000000005,4.9,1.9,5,N,12449
0.31000000000000005,4.9,2.2,1,N,12450
0.31000000000000005,4.9,2.2,2,N,12451
0.31000000000000005,4.9,2.2,3,N,12452
0.31000000000000005,4.9,2.2,4,N,12453
0.31000000000000005,4.9,2.2,5,N,12454
0.31000000000000005,4.9,2.5,1,N,12455
0.31000000000000005,4.9,2.5,2,N,12456
0.31000000000000005,4.9,2.5,3,N,12457
0.31000000000000005,4.9,2.5,4,N,12458
0.31000000000000005,4.9,2.5,5,N,12459
0.31000000000000005,4.9,2.8000000000000003,1,N,12460
0.31000000000000005,4.9,2.8000000000000003,2,N,12461
0.31000000000000005,4.9,2.8000000000000003,3,N,12462
0.31000000000000005,4.9,2.8000000000000003,4,N,12463
0.31000000000000005,4.9,2.8000000000000003,5,N,12464
0.31000000000000005,4.9,3.1000000000000005,1,N,12465
0.31000000000000005,4.9,3.1000000000000005,2,N,12466
0.31000000000000005,4.9,3.1000000000000005,3,N,12467
0.31000000000000005,4.9,3.1000000000000005,4,N,12468
0.31000000000000005,4.9,3.1000000000000005,5,N,12469
0.31000000000000005,4.9,3.4000000000000004,1,N,12470
0.31000000000000005,4.9,3.4000000000000004,2,N,12471
0.31000000000000005,4.9,3.4000000000000004,3,N,12472
0.31000000000000005,4.9,3.4000000000000004,4,N,12473
0.31000000000000005,4.9,3.4000000000000004,5,N,12474
0.31000000000000005,4.9,3.7,1,N,12475
0.31000000000000005,4.9,3.7,2,N,12476
0.31000000000000005,4.9,3.7,3,N,12477
0.31000000000000005,4.9,3.7,4,N,12478
0.31000000000000005,4.9,3.7,5,N,12479
0.31000000000000005,4.9,4.0,1,N,12480
0.31000000000000005,4.9,4.0,2,N,12481
0.31000000000000005,4.9,4.0,3,N,12482
0.31000000000000005,4.9,4.0,4,N,12483
0.31000000000000005,4.9,4.0,5,N,12484
0.31000000000000005,4.9,4.300000000000002,1,N,12485
0.31000000000000005,4.9,4.300000000000002,2,N,12486
0.31000000000000005,4.9,4.300000000000002,3,N,12487
0.31000000000000005,4.9,4.300000000000002,4,N,12488
0.31000000000000005,4.9,4.300000000000002,5,N,12489
0.31000000000000005,4.9,4.6000000000000005,1,N,12490
0.31000000000000005,4.9,4.6000000000000005,2,N,12491
0.31000000000000005,4.9,4.6000000000000005,3,N,12492
0.31000000000000005,4.9,4.6000000000000005,4,N,12493
0.31000000000000005,4.9,4.6000000000000005,5,N,12494
0.31000000000000005,4.9,4.9,1,N,12495
0.31000000000000005,4.9,4.9,2,N,12496
0.31000000000000005,4.9,4.9,3,N,12497
0.31000000000000005,4.9,4.9,4,N,12498
0.31000000000000005,4.9,4.9,5,N,12499
0.41,0.01,0.01,1,N,12500
0.41,0.01,0.01,2,N,12501
0.41,0.01,0.01,3,N,12502
0.41,0.01,0.01,4,N,12503
0.41,0.01,0.01,5,N,12504
0.41,0.01,0.11,1,N,12505
0.41,0.01,0.11,2,N,12506
0.41,0.01,0.11,3,N,12507
0.41,0.01,0.11,4,N,12508
0.41,0.01,0.11,5,N,12509
0.41,0.01,0.21,1,N,12510
0.41,0.01,0.21,2,N,12511
0.41,0.01,0.21,3,N,12512
0.41,0.01,0.21,4,N,12513
0.41,0.01,0.21,5,N,12514
0.41,0.01,0.31000000000000005,1,N,12515
0.41,0.01,0.31000000000000005,2,N,12516
0.41,0.01,0.31000000000000005,3,N,12517
0.41,0.01,0.31000000000000005,4,N,12518
0.41,0.01,0.31000000000000005,5,N,12519
0.41,0.01,0.41,1,N,12520
0.41,0.01,0.41,2,N,12521
0.41,0.01,0.41,3,N,12522
0.41,0.01,0.41,4,N,12523
0.41,0.01,0.41,5,N,12524
0.41,0.01,0.51,1,N,12525
0.41,0.01,0.51,2,N,12526
0.41,0.01,0.51,3,N,12527
0.41,0.01,0.51,4,N,12528
0.41,0.01,0.51,5,N,12529
0.41,0.01,0.6100000000000001,1,N,12530
0.41,0.01,0.6100000000000001,2,N,12531
0.41,0.01,0.6100000000000001,3,N,12532
0.41,0.01,0.6100000000000001,4,N,12533
0.41,0.01,0.6100000000000001,5,N,12534
0.41,0.01,0.7100000000000001,1,N,12535
0.41,0.01,0.7100000000000001,2,N,12536
0.41,0.01,0.7100000000000001,3,N,12537
0.41,0.01,0.7100000000000001,4,N,12538
0.41,0.01,0.7100000000000001,5,N,12539
0.41,0.01,0.81,1,N,12540
0.41,0.01,0.81,2,N,12541
0.41,0.01,0.81,3,N,12542
0.41,0.01,0.81,4,N,12543
0.41,0.01,0.81,5,N,12544
0.41,0.01,0.91,1,N,12545
0.41,0.01,0.91,2,N,12546
0.41,0.01,0.91,3,N,12547
0.41,0.01,0.91,4,N,12548
0.41,0.01,0.91,5,N,12549
0.41,0.01,1.01,1,N,12550
0.41,0.01,1.01,2,N,12551
0.41,0.01,1.01,3,N,12552
0.41,0.01,1.01,4,N,12553
0.41,0.01,1.01,5,N,12554
0.41,0.01,1.11,1,N,12555
0.41,0.01,1.11,2,N,12556
0.41,0.01,1.11,3,N,12557
0.41,0.01,1.11,4,N,12558
0.41,0.01,1.11,5,N,12559
0.41,0.01,1.3,1,N,12560
0.41,0.01,1.3,2,N,12561
0.41,0.01,1.3,3,N,12562
0.41,0.01,1.3,4,N,12563
0.41,0.01,1.3,5,N,12564
0.41,0.01,1.6,1,N,12565
0.41,0.01,1.6,2,N,12566
0.41,0.01,1.6,3,N,12567
0.41,0.01,1.6,4,N,12568
0.41,0.01,1.6,5,N,12569
0.41,0.01,1.9,1,N,12570
0.41,0.01,1.9,2,N,12571
0.41,0.01,1.9,3,N,12572
0.41,0.01,1.9,4,N,12573
0.41,0.01,1.9,5,N,12574
0.41,0.01,2.2,1,N,12575
0.41,0.01,2.2,2,N,12576
0.41,0.01,2.2,3,N,12577
0.41,0.01,2.2,4,N,12578
0.41,0.01,2.2,5,N,12579
0.41,0.01,2.5,1,N,12580
0.41,0.01,2.5,2,N,12581
0.41,0.01,2.5,3,N,12582
0.41,0.01,2.5,4,N,12583
0.41,0.01,2.5,5,N,12584
0.41,0.01,2.8000000000000003,1,N,12585
0.41,0.01,2.8000000000000003,2,N,12586
0.41,0.01,2.8000000000000003,3,N,12587
0.41,0.01,2.8000000000000003,4,N,12588
0.41,0.01,2.8000000000000003,5,N,12589
0.41,0.01,3.1000000000000005,1,N,12590
0.41,0.01,3.1000000000000005,2,N,12591
0.41,0.01,3.1000000000000005,3,N,12592
0.41,0.01,3.1000000000000005,4,N,12593
0.41,0.01,3.1000000000000005,5,N,12594
0.41,0.01,3.4000000000000004,1,N,12595
0.41,0.01,3.4000000000000004,2,N,12596
0.41,0.01,3.4000000000000004,3,N,12597
0.41,0.01,3.4000000000000004,4,N,12598
0.41,0.01,3.4000000000000004,5,N,12599
0.41,0.01,3.7,1,N,12600
0.41,0.01,3.7,2,N,12601
0.41,0.01,3.7,3,N,12602
0.41,0.01,3.7,4,N,12603
0.41,0.01,3.7,5,N,12604
0.41,0.01,4.0,1,N,12605
0.41,0.01,4.0,2,N,12606
0.41,0.01,4.0,3,N,12607
0.41,0.01,4.0,4,N,12608
0.41,0.01,4.0,5,N,12609
0.41,0.01,4.300000000000002,1,N,12610
0.41,0.01,4.300000000000002,2,N,12611
0.41,0.01,4.300000000000002,3,N,12612
0.41,0.01,4.300000000000002,4,N,12613
0.41,0.01,4.300000000000002,5,N,12614
0.41,0.01,4.6000000000000005,1,N,12615
0.41,0.01,4.6000000000000005,2,N,12616
0.41,0.01,4.6000000000000005,3,N,12617
0.41,0.01,4.6000000000000005,4,N,12618
0.41,0.01,4.6000000000000005,5,N,12619
0.41,0.01,4.9,1,N,12620
0.41,0.01,4.9,2,N,12621
0.41,0.01,4.9,3,N,12622
0.41,0.01,4.9,4,N,12623
0.41,0.01,4.9,5,N,12624
0.41,0.11,0.01,1,N,12625
0.41,0.11,0.01,2,N,12626
0.41,0.11,0.01,3,N,12627
0.41,0.11,0.01,4,N,12628
0.41,0.11,0.01,5,N,12629
0.41,0.11,0.11,1,N,12630
0.41,0.11,0.11,2,N,12631
0.41,0.11,0.11,3,N,12632
0.41,0.11,0.11,4,N,12633
0.41,0.11,0.11,5,N,12634
0.41,0.11,0.21,1,N,12635
0.41,0.11,0.21,2,N,12636
0.41,0.11,0.21,3,N,12637
0.41,0.11,0.21,4,N,12638
0.41,0.11,0.21,5,N,12639
0.41,0.11,0.31000000000000005,1,N,12640
0.41,0.11,0.31000000000000005,2,N,12641
0.41,0.11,0.31000000000000005,3,N,12642
0.41,0.11,0.31000000000000005,4,N,12643
0.41,0.11,0.31000000000000005,5,N,12644
0.41,0.11,0.41,1,N,12645
0.41,0.11,0.41,2,N,12646
0.41,0.11,0.41,3,N,12647
0.41,0.11,0.41,4,N,12648
0.41,0.11,0.41,5,N,12649
0.41,0.11,0.51,1,N,12650
0.41,0.11,0.51,2,N,12651
0.41,0.11,0.51,3,N,12652
0.41,0.11,0.51,4,N,12653
0.41,0.11,0.51,5,N,12654
0.41,0.11,0.6100000000000001,1,N,12655
0.41,0.11,0.6100000000000001,2,N,12656
0.41,0.11,0.6100000000000001,3,N,12657
0.41,0.11,0.6100000000000001,4,N,12658
0.41,0.11,0.6100000000000001,5,N,12659
0.41,0.11,0.7100000000000001,1,N,12660
0.41,0.11,0.7100000000000001,2,N,12661
0.41,0.11,0.7100000000000001,3,N,12662
0.41,0.11,0.7100000000000001,4,N,12663
0.41,0.11,0.7100000000000001,5,N,12664
0.41,0.11,0.81,1,N,12665
0.41,0.11,0.81,2,N,12666
0.41,0.11,0.81,3,N,12667
0.41,0.11,0.81,4,N,12668
0.41,0.11,0.81,5,N,12669
0.41,0.11,0.91,1,N,12670
0.41,0.11,0.91,2,N,12671
0.41,0.11,0.91,3,N,12672
0.41,0.11,0.91,4,N,12673
0.41,0.11,0.91,5,N,12674
0.41,0.11,1.01,1,N,12675
0.41,0.11,1.01,2,N,12676
0.41,0.11,1.01,3,N,12677
0.41,0.11,1.01,4,N,12678
0.41,0.11,1.01,5,N,12679
0.41,0.11,1.11,1,N,12680
0.41,0.11,1.11,2,N,12681
0.41,0.11,1.11,3,N,12682
0.41,0.11,1.11,4,N,12683
0.41,0.11,1.11,5,N,12684
0.41,0.11,1.3,1,N,12685
0.41,0.11,1.3,2,N,12686
0.41,0.11,1.3,3,N,12687
0.41,0.11,1.3,4,N,12688
0.41,0.11,1.3,5,N,12689
0.41,0.11,1.6,1,N,12690
0.41,0.11,1.6,2,N,12691
0.41,0.11,1.6,3,N,12692
0.41,0.11,1.6,4,N,12693
0.41,0.11,1.6,5,N,12694
0.41,0.11,1.9,1,N,12695
0.41,0.11,1.9,2,N,12696
0.41,0.11,1.9,3,N,12697
0.41,0.11,1.9,4,N,12698
0.41,0.11,1.9,5,N,12699
0.41,0.11,2.2,1,N,12700
0.41,0.11,2.2,2,N,12701
0.41,0.11,2.2,3,N,12702
0.41,0.11,2.2,4,N,12703
0.41,0.11,2.2,5,N,12704
0.41,0.11,2.5,1,N,12705
0.41,0.11,2.5,2,N,12706
0.41,0.11,2.5,3,N,12707
0.41,0.11,2.5,4,N,12708
0.41,0.11,2.5,5,N,12709
0.41,0.11,2.8000000000000003,1,N,12710
0.41,0.11,2.8000000000000003,2,N,12711
0.41,0.11,2.8000000000000003,3,N,12712
0.41,0.11,2.8000000000000003,4,N,12713
0.41,0.11,2.8000000000000003,5,N,12714
0.41,0.11,3.1000000000000005,1,N,12715
0.41,0.11,3.1000000000000005,2,N,12716
0.41,0.11,3.1000000000000005,3,N,12717
0.41,0.11,3.1000000000000005,4,N,12718
0.41,0.11,3.1000000000000005,5,N,12719
0.41,0.11,3.4000000000000004,1,N,12720
0.41,0.11,3.4000000000000004,2,N,12721
0.41,0.11,3.4000000000000004,3,N,12722
0.41,0.11,3.4000000000000004,4,N,12723
0.41,0.11,3.4000000000000004,5,N,12724
0.41,0.11,3.7,1,N,12725
0.41,0.11,3.7,2,N,12726
0.41,0.11,3.7,3,N,12727
0.41,0.11,3.7,4,N,12728
0.41,0.11,3.7,5,N,12729
0.41,0.11,4.0,1,N,12730
0.41,0.11,4.0,2,N,12731
0.41,0.11,4.0,3,N,12732
0.41,0.11,4.0,4,N,12733
0.41,0.11,4.0,5,N,12734
0.41,0.11,4.300000000000002,1,N,12735
0.41,0.11,4.300000000000002,2,N,12736
0.41,0.11,4.300000000000002,3,N,12737
0.41,0.11,4.300000000000002,4,N,12738
0.41,0.11,4.300000000000002,5,N,12739
0.41,0.11,4.6000000000000005,1,N,12740
0.41,0.11,4.6000000000000005,2,N,12741
0.41,0.11,4.6000000000000005,3,N,12742
0.41,0.11,4.6000000000000005,4,N,12743
0.41,0.11,4.6000000000000005,5,N,12744
0.41,0.11,4.9,1,N,12745
0.41,0.11,4.9,2,N,12746
0.41,0.11,4.9,3,N,12747
0.41,0.11,4.9,4,N,12748
0.41,0.11,4.9,5,N,12749
0.41,0.21,0.01,1,N,12750
0.41,0.21,0.01,2,N,12751
0.41,0.21,0.01,3,N,12752
0.41,0.21,0.01,4,N,12753
0.41,0.21,0.01,5,N,12754
0.41,0.21,0.11,1,N,12755
0.41,0.21,0.11,2,N,12756
0.41,0.21,0.11,3,N,12757
0.41,0.21,0.11,4,N,12758
0.41,0.21,0.11,5,N,12759
0.41,0.21,0.21,1,N,12760
0.41,0.21,0.21,2,N,12761
0.41,0.21,0.21,3,N,12762
0.41,0.21,0.21,4,N,12763
0.41,0.21,0.21,5,N,12764
0.41,0.21,0.31000000000000005,1,N,12765
0.41,0.21,0.31000000000000005,2,N,12766
0.41,0.21,0.31000000000000005,3,N,12767
0.41,0.21,0.31000000000000005,4,N,12768
0.41,0.21,0.31000000000000005,5,N,12769
0.41,0.21,0.41,1,N,12770
0.41,0.21,0.41,2,N,12771
0.41,0.21,0.41,3,N,12772
0.41,0.21,0.41,4,N,12773
0.41,0.21,0.41,5,N,12774
0.41,0.21,0.51,1,N,12775
0.41,0.21,0.51,2,N,12776
0.41,0.21,0.51,3,N,12777
0.41,0.21,0.51,4,N,12778
0.41,0.21,0.51,5,N,12779
0.41,0.21,0.6100000000000001,1,N,12780
0.41,0.21,0.6100000000000001,2,N,12781
0.41,0.21,0.6100000000000001,3,N,12782
0.41,0.21,0.6100000000000001,4,N,12783
0.41,0.21,0.6100000000000001,5,N,12784
0.41,0.21,0.7100000000000001,1,N,12785
0.41,0.21,0.7100000000000001,2,N,12786
0.41,0.21,0.7100000000000001,3,N,12787
0.41,0.21,0.7100000000000001,4,N,12788
0.41,0.21,0.7100000000000001,5,N,12789
0.41,0.21,0.81,1,N,12790
0.41,0.21,0.81,2,N,12791
0.41,0.21,0.81,3,N,12792
0.41,0.21,0.81,4,N,12793
0.41,0.21,0.81,5,N,12794
0.41,0.21,0.91,1,N,12795
0.41,0.21,0.91,2,N,12796
0.41,0.21,0.91,3,N,12797
0.41,0.21,0.91,4,N,12798
0.41,0.21,0.91,5,N,12799
0.41,0.21,1.01,1,N,12800
0.41,0.21,1.01,2,N,12801
0.41,0.21,1.01,3,N,12802
0.41,0.21,1.01,4,N,12803
0.41,0.21,1.01,5,N,12804
0.41,0.21,1.11,1,N,12805
0.41,0.21,1.11,2,N,12806
0.41,0.21,1.11,3,N,12807
0.41,0.21,1.11,4,N,12808
0.41,0.21,1.11,5,N,12809
0.41,0.21,1.3,1,N,12810
0.41,0.21,1.3,2,N,12811
0.41,0.21,1.3,3,N,12812
0.41,0.21,1.3,4,N,12813
0.41,0.21,1.3,5,N,12814
0.41,0.21,1.6,1,N,12815
0.41,0.21,1.6,2,N,12816
0.41,0.21,1.6,3,N,12817
0.41,0.21,1.6,4,N,12818
0.41,0.21,1.6,5,N,12819
0.41,0.21,1.9,1,N,12820
0.41,0.21,1.9,2,N,12821
0.41,0.21,1.9,3,N,12822
0.41,0.21,1.9,4,N,12823
0.41,0.21,1.9,5,N,12824
0.41,0.21,2.2,1,N,12825
0.41,0.21,2.2,2,N,12826
0.41,0.21,2.2,3,N,12827
0.41,0.21,2.2,4,N,12828
0.41,0.21,2.2,5,N,12829
0.41,0.21,2.5,1,N,12830
0.41,0.21,2.5,2,N,12831
0.41,0.21,2.5,3,N,12832
0.41,0.21,2.5,4,N,12833
0.41,0.21,2.5,5,N,12834
0.41,0.21,2.8000000000000003,1,N,12835
0.41,0.21,2.8000000000000003,2,N,12836
0.41,0.21,2.8000000000000003,3,N,12837
0.41,0.21,2.8000000000000003,4,N,12838
0.41,0.21,2.8000000000000003,5,N,12839
0.41,0.21,3.1000000000000005,1,N,12840
0.41,0.21,3.1000000000000005,2,N,12841
0.41,0.21,3.1000000000000005,3,N,12842
0.41,0.21,3.1000000000000005,4,N,12843
0.41,0.21,3.1000000000000005,5,N,12844
0.41,0.21,3.4000000000000004,1,N,12845
0.41,0.21,3.4000000000000004,2,N,12846
0.41,0.21,3.4000000000000004,3,N,12847
0.41,0.21,3.4000000000000004,4,N,12848
0.41,0.21,3.4000000000000004,5,N,12849
0.41,0.21,3.7,1,N,12850
0.41,0.21,3.7,2,N,12851
0.41,0.21,3.7,3,N,12852
0.41,0.21,3.7,4,N,12853
0.41,0.21,3.7,5,N,12854
0.41,0.21,4.0,1,N,12855
0.41,0.21,4.0,2,N,12856
0.41,0.21,4.0,3,N,12857
0.41,0.21,4.0,4,N,12858
0.41,0.21,4.0,5,N,12859
0.41,0.21,4.300000000000002,1,N,12860
0.41,0.21,4.300000000000002,2,N,12861
0.41,0.21,4.300000000000002,3,N,12862
0.41,0.21,4.300000000000002,4,N,12863
0.41,0.21,4.300000000000002,5,N,12864
0.41,0.21,4.6000000000000005,1,N,12865
0.41,0.21,4.6000000000000005,2,N,12866
0.41,0.21,4.6000000000000005,3,N,12867
0.41,0.21,4.6000000000000005,4,N,12868
0.41,0.21,4.6000000000000005,5,N,12869
0.41,0.21,4.9,1,N,12870
0.41,0.21,4.9,2,N,12871
0.41,0.21,4.9,3,N,12872
0.41,0.21,4.9,4,N,12873
0.41,0.21,4.9,5,N,12874
0.41,0.31000000000000005,0.01,1,N,12875
0.41,0.31000000000000005,0.01,2,N,12876
0.41,0.31000000000000005,0.01,3,N,12877
0.41,0.31000000000000005,0.01,4,N,12878
0.41,0.31000000000000005,0.01,5,N,12879
0.41,0.31000000000000005,0.11,1,N,12880
0.41,0.31000000000000005,0.11,2,N,12881
0.41,0.31000000000000005,0.11,3,N,12882
0.41,0.31000000000000005,0.11,4,N,12883
0.41,0.31000000000000005,0.11,5,N,12884
0.41,0.31000000000000005,0.21,1,N,12885
0.41,0.31000000000000005,0.21,2,N,12886
0.41,0.31000000000000005,0.21,3,N,12887
0.41,0.31000000000000005,0.21,4,N,12888
0.41,0.31000000000000005,0.21,5,N,12889
0.41,0.31000000000000005,0.31000000000000005,1,N,12890
0.41,0.31000000000000005,0.31000000000000005,2,N,12891
0.41,0.31000000000000005,0.31000000000000005,3,N,12892
0.41,0.31000000000000005,0.31000000000000005,4,N,12893
0.41,0.31000000000000005,0.31000000000000005,5,N,12894
0.41,0.31000000000000005,0.41,1,N,12895
0.41,0.31000000000000005,0.41,2,N,12896
0.41,0.31000000000000005,0.41,3,N,12897
0.41,0.31000000000000005,0.41,4,N,12898
0.41,0.31000000000000005,0.41,5,N,12899
0.41,0.31000000000000005,0.51,1,N,12900
0.41,0.31000000000000005,0.51,2,N,12901
0.41,0.31000000000000005,0.51,3,N,12902
0.41,0.31000000000000005,0.51,4,N,12903
0.41,0.31000000000000005,0.51,5,N,12904
0.41,0.31000000000000005,0.6100000000000001,1,N,12905
0.41,0.31000000000000005,0.6100000000000001,2,N,12906
0.41,0.31000000000000005,0.6100000000000001,3,N,12907
0.41,0.31000000000000005,0.6100000000000001,4,N,12908
0.41,0.31000000000000005,0.6100000000000001,5,N,12909
0.41,0.31000000000000005,0.7100000000000001,1,N,12910
0.41,0.31000000000000005,0.7100000000000001,2,N,12911
0.41,0.31000000000000005,0.7100000000000001,3,N,12912
0.41,0.31000000000000005,0.7100000000000001,4,N,12913
0.41,0.31000000000000005,0.7100000000000001,5,N,12914
0.41,0.31000000000000005,0.81,1,N,12915
0.41,0.31000000000000005,0.81,2,N,12916
0.41,0.31000000000000005,0.81,3,N,12917
0.41,0.31000000000000005,0.81,4,N,12918
0.41,0.31000000000000005,0.81,5,N,12919
0.41,0.31000000000000005,0.91,1,N,12920
0.41,0.31000000000000005,0.91,2,N,12921
0.41,0.31000000000000005,0.91,3,N,12922
0.41,0.31000000000000005,0.91,4,N,12923
0.41,0.31000000000000005,0.91,5,N,12924
0.41,0.31000000000000005,1.01,1,N,12925
0.41,0.31000000000000005,1.01,2,N,12926
0.41,0.31000000000000005,1.01,3,N,12927
0.41,0.31000000000000005,1.01,4,N,12928
0.41,0.31000000000000005,1.01,5,N,12929
0.41,0.31000000000000005,1.11,1,N,12930
0.41,0.31000000000000005,1.11,2,N,12931
0.41,0.31000000000000005,1.11,3,N,12932
0.41,0.31000000000000005,1.11,4,N,12933
0.41,0.31000000000000005,1.11,5,N,12934
0.41,0.31000000000000005,1.3,1,N,12935
0.41,0.31000000000000005,1.3,2,N,12936
0.41,0.31000000000000005,1.3,3,N,12937
0.41,0.31000000000000005,1.3,4,N,12938
0.41,0.31000000000000005,1.3,5,N,12939
0.41,0.31000000000000005,1.6,1,N,12940
0.41,0.31000000000000005,1.6,2,N,12941
0.41,0.31000000000000005,1.6,3,N,12942
0.41,0.31000000000000005,1.6,4,N,12943
0.41,0.31000000000000005,1.6,5,N,12944
0.41,0.31000000000000005,1.9,1,N,12945
0.41,0.31000000000000005,1.9,2,N,12946
0.41,0.31000000000000005,1.9,3,N,12947
0.41,0.31000000000000005,1.9,4,N,12948
0.41,0.31000000000000005,1.9,5,N,12949
0.41,0.31000000000000005,2.2,1,N,12950
0.41,0.31000000000000005,2.2,2,N,12951
0.41,0.31000000000000005,2.2,3,N,12952
0.41,0.31000000000000005,2.2,4,N,12953
0.41,0.31000000000000005,2.2,5,N,12954
0.41,0.31000000000000005,2.5,1,N,12955
0.41,0.31000000000000005,2.5,2,N,12956
0.41,0.31000000000000005,2.5,3,N,12957
0.41,0.31000000000000005,2.5,4,N,12958
0.41,0.31000000000000005,2.5,5,N,12959
0.41,0.31000000000000005,2.8000000000000003,1,N,12960
0.41,0.31000000000000005,2.8000000000000003,2,N,12961
0.41,0.31000000000000005,2.8000000000000003,3,N,12962
0.41,0.31000000000000005,2.8000000000000003,4,N,12963
0.41,0.31000000000000005,2.8000000000000003,5,N,12964
0.41,0.31000000000000005,3.1000000000000005,1,N,12965
0.41,0.31000000000000005,3.1000000000000005,2,N,12966
0.41,0.31000000000000005,3.1000000000000005,3,N,12967
0.41,0.31000000000000005,3.1000000000000005,4,N,12968
0.41,0.31000000000000005,3.1000000000000005,5,N,12969
0.41,0.31000000000000005,3.4000000000000004,1,N,12970
0.41,0.31000000000000005,3.4000000000000004,2,N,12971
0.41,0.31000000000000005,3.4000000000000004,3,N,12972
0.41,0.31000000000000005,3.4000000000000004,4,N,12973
0.41,0.31000000000000005,3.4000000000000004,5,N,12974
0.41,0.31000000000000005,3.7,1,N,12975
0.41,0.31000000000000005,3.7,2,N,12976
0.41,0.31000000000000005,3.7,3,N,12977
0.41,0.31000000000000005,3.7,4,N,12978
0.41,0.31000000000000005,3.7,5,N,12979
0.41,0.31000000000000005,4.0,1,N,12980
0.41,0.31000000000000005,4.0,2,N,12981
0.41,0.31000000000000005,4.0,3,N,12982
0.41,0.31000000000000005,4.0,4,N,12983
0.41,0.31000000000000005,4.0,5,N,12984
0.41,0.31000000000000005,4.300000000000002,1,N,12985
0.41,0.31000000000000005,4.300000000000002,2,N,12986
0.41,0.31000000000000005,4.300000000000002,3,N,12987
0.41,0.31000000000000005,4.300000000000002,4,N,12988
0.41,0.31000000000000005,4.300000000000002,5,N,12989
0.41,0.31000000000000005,4.6000000000000005,1,N,12990
0.41,0.31000000000000005,4.6000000000000005,2,N,12991
0.41,0.31000000000000005,4.6000000000000005,3,N,12992
0.41,0.31000000000000005,4.6000000000000005,4,N,12993
0.41,0.31000000000000005,4.6000000000000005,5,N,12994
0.41,0.31000000000000005,4.9,1,N,12995
0.41,0.31000000000000005,4.9,2,N,12996
0.41,0.31000000000000005,4.9,3,N,12997
0.41,0.31000000000000005,4.9,4,N,12998
0.41,0.31000000000000005,4.9,5,N,12999
0.41,0.41,0.01,1,N,13000
0.41,0.41,0.01,2,N,13001
0.41,0.41,0.01,3,N,13002
0.41,0.41,0.01,4,N,13003
0.41,0.41,0.01,5,N,13004
0.41,0.41,0.11,1,N,13005
0.41,0.41,0.11,2,N,13006
0.41,0.41,0.11,3,N,13007
0.41,0.41,0.11,4,N,13008
0.41,0.41,0.11,5,N,13009
0.41,0.41,0.21,1,N,13010
0.41,0.41,0.21,2,N,13011
0.41,0.41,0.21,3,N,13012
0.41,0.41,0.21,4,N,13013
0.41,0.41,0.21,5,N,13014
0.41,0.41,0.31000000000000005,1,N,13015
0.41,0.41,0.31000000000000005,2,N,13016
0.41,0.41,0.31000000000000005,3,N,13017
0.41,0.41,0.31000000000000005,4,N,13018
0.41,0.41,0.31000000000000005,5,N,13019
0.41,0.41,0.41,1,N,13020
0.41,0.41,0.41,2,N,13021
0.41,0.41,0.41,3,N,13022
0.41,0.41,0.41,4,N,13023
0.41,0.41,0.41,5,N,13024
0.41,0.41,0.51,1,N,13025
0.41,0.41,0.51,2,N,13026
0.41,0.41,0.51,3,N,13027
0.41,0.41,0.51,4,N,13028
0.41,0.41,0.51,5,N,13029
0.41,0.41,0.6100000000000001,1,N,13030
0.41,0.41,0.6100000000000001,2,N,13031
0.41,0.41,0.6100000000000001,3,N,13032
0.41,0.41,0.6100000000000001,4,N,13033
0.41,0.41,0.6100000000000001,5,N,13034
0.41,0.41,0.7100000000000001,1,N,13035
0.41,0.41,0.7100000000000001,2,N,13036
0.41,0.41,0.7100000000000001,3,N,13037
0.41,0.41,0.7100000000000001,4,N,13038
0.41,0.41,0.7100000000000001,5,N,13039
0.41,0.41,0.81,1,N,13040
0.41,0.41,0.81,2,N,13041
0.41,0.41,0.81,3,N,13042
0.41,0.41,0.81,4,N,13043
0.41,0.41,0.81,5,N,13044
0.41,0.41,0.91,1,N,13045
0.41,0.41,0.91,2,N,13046
0.41,0.41,0.91,3,N,13047
0.41,0.41,0.91,4,N,13048
0.41,0.41,0.91,5,N,13049
0.41,0.41,1.01,1,N,13050
0.41,0.41,1.01,2,N,13051
0.41,0.41,1.01,3,N,13052
0.41,0.41,1.01,4,N,13053
0.41,0.41,1.01,5,N,13054
0.41,0.41,1.11,1,N,13055
0.41,0.41,1.11,2,N,13056
0.41,0.41,1.11,3,N,13057
0.41,0.41,1.11,4,N,13058
0.41,0.41,1.11,5,N,13059
0.41,0.41,1.3,1,N,13060
0.41,0.41,1.3,2,N,13061
0.41,0.41,1.3,3,N,13062
0.41,0.41,1.3,4,N,13063
0.41,0.41,1.3,5,N,13064
0.41,0.41,1.6,1,N,13065
0.41,0.41,1.6,2,N,13066
0.41,0.41,1.6,3,N,13067
0.41,0.41,1.6,4,N,13068
0.41,0.41,1.6,5,N,13069
0.41,0.41,1.9,1,N,13070
0.41,0.41,1.9,2,N,13071
0.41,0.41,1.9,3,N,13072
0.41,0.41,1.9,4,N,13073
0.41,0.41,1.9,5,N,13074
0.41,0.41,2.2,1,N,13075
0.41,0.41,2.2,2,N,13076
0.41,0.41,2.2,3,N,13077
0.41,0.41,2.2,4,N,13078
0.41,0.41,2.2,5,N,13079
0.41,0.41,2.5,1,N,13080
0.41,0.41,2.5,2,N,13081
0.41,0.41,2.5,3,N,13082
0.41,0.41,2.5,4,N,13083
0.41,0.41,2.5,5,N,13084
0.41,0.41,2.8000000000000003,1,N,13085
0.41,0.41,2.8000000000000003,2,N,13086
0.41,0.41,2.8000000000000003,3,N,13087
0.41,0.41,2.8000000000000003,4,N,13088
0.41,0.41,2.8000000000000003,5,N,13089
0.41,0.41,3.1000000000000005,1,N,13090
0.41,0.41,3.1000000000000005,2,N,13091
0.41,0.41,3.1000000000000005,3,N,13092
0.41,0.41,3.1000000000000005,4,N,13093
0.41,0.41,3.1000000000000005,5,N,13094
0.41,0.41,3.4000000000000004,1,N,13095
0.41,0.41,3.4000000000000004,2,N,13096
0.41,0.41,3.4000000000000004,3,N,13097
0.41,0.41,3.4000000000000004,4,N,13098
0.41,0.41,3.4000000000000004,5,N,13099
0.41,0.41,3.7,1,N,13100
0.41,0.41,3.7,2,N,13101
0.41,0.41,3.7,3,N,13102
0.41,0.41,3.7,4,N,13103
0.41,0.41,3.7,5,N,13104
0.41,0.41,4.0,1,N,13105
0.41,0.41,4.0,2,N,13106
0.41,0.41,4.0,3,N,13107
0.41,0.41,4.0,4,N,13108
0.41,0.41,4.0,5,N,13109
0.41,0.41,4.300000000000002,1,N,13110
0.41,0.41,4.300000000000002,2,N,13111
0.41,0.41,4.300000000000002,3,N,13112
0.41,0.41,4.300000000000002,4,N,13113
0.41,0.41,4.300000000000002,5,N,13114
0.41,0.41,4.6000000000000005,1,N,13115
0.41,0.41,4.6000000000000005,2,N,13116
0.41,0.41,4.6000000000000005,3,N,13117
0.41,0.41,4.6000000000000005,4,N,13118
0.41,0.41,4.6000000000000005,5,N,13119
0.41,0.41,4.9,1,N,13120
0.41,0.41,4.9,2,N,13121
0.41,0.41,4.9,3,N,13122
0.41,0.41,4.9,4,N,13123
0.41,0.41,4.9,5,N,13124
0.41,0.51,0.01,1,N,13125
0.41,0.51,0.01,2,N,13126
0.41,0.51,0.01,3,N,13127
0.41,0.51,0.01,4,N,13128
0.41,0.51,0.01,5,N,13129
0.41,0.51,0.11,1,N,13130
0.41,0.51,0.11,2,N,13131
0.41,0.51,0.11,3,N,13132
0.41,0.51,0.11,4,N,13133
0.41,0.51,0.11,5,N,13134
0.41,0.51,0.21,1,N,13135
0.41,0.51,0.21,2,N,13136
0.41,0.51,0.21,3,N,13137
0.41,0.51,0.21,4,N,13138
0.41,0.51,0.21,5,N,13139
0.41,0.51,0.31000000000000005,1,N,13140
0.41,0.51,0.31000000000000005,2,N,13141
0.41,0.51,0.31000000000000005,3,N,13142
0.41,0.51,0.31000000000000005,4,N,13143
0.41,0.51,0.31000000000000005,5,N,13144
0.41,0.51,0.41,1,N,13145
0.41,0.51,0.41,2,N,13146
0.41,0.51,0.41,3,N,13147
0.41,0.51,0.41,4,N,13148
0.41,0.51,0.41,5,N,13149
0.41,0.51,0.51,1,N,13150
0.41,0.51,0.51,2,N,13151
0.41,0.51,0.51,3,N,13152
0.41,0.51,0.51,4,N,13153
0.41,0.51,0.51,5,N,13154
0.41,0.51,0.6100000000000001,1,N,13155
0.41,0.51,0.6100000000000001,2,N,13156
0.41,0.51,0.6100000000000001,3,N,13157
0.41,0.51,0.6100000000000001,4,N,13158
0.41,0.51,0.6100000000000001,5,N,13159
0.41,0.51,0.7100000000000001,1,N,13160
0.41,0.51,0.7100000000000001,2,N,13161
0.41,0.51,0.7100000000000001,3,N,13162
0.41,0.51,0.7100000000000001,4,N,13163
0.41,0.51,0.7100000000000001,5,N,13164
0.41,0.51,0.81,1,N,13165
0.41,0.51,0.81,2,N,13166
0.41,0.51,0.81,3,N,13167
0.41,0.51,0.81,4,N,13168
0.41,0.51,0.81,5,N,13169
0.41,0.51,0.91,1,N,13170
0.41,0.51,0.91,2,N,13171
0.41,0.51,0.91,3,N,13172
0.41,0.51,0.91,4,N,13173
0.41,0.51,0.91,5,N,13174
0.41,0.51,1.01,1,N,13175
0.41,0.51,1.01,2,N,13176
0.41,0.51,1.01,3,N,13177
0.41,0.51,1.01,4,N,13178
0.41,0.51,1.01,5,N,13179
0.41,0.51,1.11,1,N,13180
0.41,0.51,1.11,2,N,13181
0.41,0.51,1.11,3,N,13182
0.41,0.51,1.11,4,N,13183
0.41,0.51,1.11,5,N,13184
0.41,0.51,1.3,1,N,13185
0.41,0.51,1.3,2,N,13186
0.41,0.51,1.3,3,N,13187
0.41,0.51,1.3,4,N,13188
0.41,0.51,1.3,5,N,13189
0.41,0.51,1.6,1,N,13190
0.41,0.51,1.6,2,N,13191
0.41,0.51,1.6,3,N,13192
0.41,0.51,1.6,4,N,13193
0.41,0.51,1.6,5,N,13194
0.41,0.51,1.9,1,N,13195
0.41,0.51,1.9,2,N,13196
0.41,0.51,1.9,3,N,13197
0.41,0.51,1.9,4,N,13198
0.41,0.51,1.9,5,N,13199
0.41,0.51,2.2,1,N,13200
0.41,0.51,2.2,2,N,13201
0.41,0.51,2.2,3,N,13202
0.41,0.51,2.2,4,N,13203
0.41,0.51,2.2,5,N,13204
0.41,0.51,2.5,1,N,13205
0.41,0.51,2.5,2,N,13206
0.41,0.51,2.5,3,N,13207
0.41,0.51,2.5,4,N,13208
0.41,0.51,2.5,5,N,13209
0.41,0.51,2.8000000000000003,1,N,13210
0.41,0.51,2.8000000000000003,2,N,13211
0.41,0.51,2.8000000000000003,3,N,13212
0.41,0.51,2.8000000000000003,4,N,13213
0.41,0.51,2.8000000000000003,5,N,13214
0.41,0.51,3.1000000000000005,1,N,13215
0.41,0.51,3.1000000000000005,2,N,13216
0.41,0.51,3.1000000000000005,3,N,13217
0.41,0.51,3.1000000000000005,4,N,13218
0.41,0.51,3.1000000000000005,5,N,13219
0.41,0.51,3.4000000000000004,1,N,13220
0.41,0.51,3.4000000000000004,2,N,13221
0.41,0.51,3.4000000000000004,3,N,13222
0.41,0.51,3.4000000000000004,4,N,13223
0.41,0.51,3.4000000000000004,5,N,13224
0.41,0.51,3.7,1,N,13225
0.41,0.51,3.7,2,N,13226
0.41,0.51,3.7,3,N,13227
0.41,0.51,3.7,4,N,13228
0.41,0.51,3.7,5,N,13229
0.41,0.51,4.0,1,N,13230
0.41,0.51,4.0,2,N,13231
0.41,0.51,4.0,3,N,13232
0.41,0.51,4.0,4,N,13233
0.41,0.51,4.0,5,N,13234
0.41,0.51,4.300000000000002,1,N,13235
0.41,0.51,4.300000000000002,2,N,13236
0.41,0.51,4.300000000000002,3,N,13237
0.41,0.51,4.300000000000002,4,N,13238
0.41,0.51,4.300000000000002,5,N,13239
0.41,0.51,4.6000000000000005,1,N,13240
0.41,0.51,4.6000000000000005,2,N,13241
0.41,0.51,4.6000000000000005,3,N,13242
0.41,0.51,4.6000000000000005,4,N,13243
0.41,0.51,4.6000000000000005,5,N,13244
0.41,0.51,4.9,1,N,13245
0.41,0.51,4.9,2,N,13246
0.41,0.51,4.9,3,N,13247
0.41,0.51,4.9,4,N,13248
0.41,0.51,4.9,5,N,13249
0.41,0.6100000000000001,0.01,1,N,13250
0.41,0.6100000000000001,0.01,2,N,13251
0.41,0.6100000000000001,0.01,3,N,13252
0.41,0.6100000000000001,0.01,4,N,13253
0.41,0.6100000000000001,0.01,5,N,13254
0.41,0.6100000000000001,0.11,1,N,13255
0.41,0.6100000000000001,0.11,2,N,13256
0.41,0.6100000000000001,0.11,3,N,13257
0.41,0.6100000000000001,0.11,4,N,13258
0.41,0.6100000000000001,0.11,5,N,13259
0.41,0.6100000000000001,0.21,1,N,13260
0.41,0.6100000000000001,0.21,2,N,13261
0.41,0.6100000000000001,0.21,3,N,13262
0.41,0.6100000000000001,0.21,4,N,13263
0.41,0.6100000000000001,0.21,5,N,13264
0.41,0.6100000000000001,0.31000000000000005,1,N,13265
0.41,0.6100000000000001,0.31000000000000005,2,N,13266
0.41,0.6100000000000001,0.31000000000000005,3,N,13267
0.41,0.6100000000000001,0.31000000000000005,4,N,13268
0.41,0.6100000000000001,0.31000000000000005,5,N,13269
0.41,0.6100000000000001,0.41,1,N,13270
0.41,0.6100000000000001,0.41,2,N,13271
0.41,0.6100000000000001,0.41,3,N,13272
0.41,0.6100000000000001,0.41,4,N,13273
0.41,0.6100000000000001,0.41,5,N,13274
0.41,0.6100000000000001,0.51,1,N,13275
0.41,0.6100000000000001,0.51,2,N,13276
0.41,0.6100000000000001,0.51,3,N,13277
0.41,0.6100000000000001,0.51,4,N,13278
0.41,0.6100000000000001,0.51,5,N,13279
0.41,0.6100000000000001,0.6100000000000001,1,N,13280
0.41,0.6100000000000001,0.6100000000000001,2,N,13281
0.41,0.6100000000000001,0.6100000000000001,3,N,13282
0.41,0.6100000000000001,0.6100000000000001,4,N,13283
0.41,0.6100000000000001,0.6100000000000001,5,N,13284
0.41,0.6100000000000001,0.7100000000000001,1,N,13285
0.41,0.6100000000000001,0.7100000000000001,2,N,13286
0.41,0.6100000000000001,0.7100000000000001,3,N,13287
0.41,0.6100000000000001,0.7100000000000001,4,N,13288
0.41,0.6100000000000001,0.7100000000000001,5,N,13289
0.41,0.6100000000000001,0.81,1,N,13290
0.41,0.6100000000000001,0.81,2,N,13291
0.41,0.6100000000000001,0.81,3,N,13292
0.41,0.6100000000000001,0.81,4,N,13293
0.41,0.6100000000000001,0.81,5,N,13294
0.41,0.6100000000000001,0.91,1,N,13295
0.41,0.6100000000000001,0.91,2,N,13296
0.41,0.6100000000000001,0.91,3,N,13297
0.41,0.6100000000000001,0.91,4,N,13298
0.41,0.6100000000000001,0.91,5,N,13299
0.41,0.6100000000000001,1.01,1,N,13300
0.41,0.6100000000000001,1.01,2,N,13301
0.41,0.6100000000000001,1.01,3,N,13302
0.41,0.6100000000000001,1.01,4,N,13303
0.41,0.6100000000000001,1.01,5,N,13304
0.41,0.6100000000000001,1.11,1,N,13305
0.41,0.6100000000000001,1.11,2,N,13306
0.41,0.6100000000000001,1.11,3,N,13307
0.41,0.6100000000000001,1.11,4,N,13308
0.41,0.6100000000000001,1.11,5,N,13309
0.41,0.6100000000000001,1.3,1,N,13310
0.41,0.6100000000000001,1.3,2,N,13311
0.41,0.6100000000000001,1.3,3,N,13312
0.41,0.6100000000000001,1.3,4,N,13313
0.41,0.6100000000000001,1.3,5,N,13314
0.41,0.6100000000000001,1.6,1,N,13315
0.41,0.6100000000000001,1.6,2,N,13316
0.41,0.6100000000000001,1.6,3,N,13317
0.41,0.6100000000000001,1.6,4,N,13318
0.41,0.6100000000000001,1.6,5,N,13319
0.41,0.6100000000000001,1.9,1,N,13320
0.41,0.6100000000000001,1.9,2,N,13321
0.41,0.6100000000000001,1.9,3,N,13322
0.41,0.6100000000000001,1.9,4,N,13323
0.41,0.6100000000000001,1.9,5,N,13324
0.41,0.6100000000000001,2.2,1,N,13325
0.41,0.6100000000000001,2.2,2,N,13326
0.41,0.6100000000000001,2.2,3,N,13327
0.41,0.6100000000000001,2.2,4,N,13328
0.41,0.6100000000000001,2.2,5,N,13329
0.41,0.6100000000000001,2.5,1,N,13330
0.41,0.6100000000000001,2.5,2,N,13331
0.41,0.6100000000000001,2.5,3,N,13332
0.41,0.6100000000000001,2.5,4,N,13333
0.41,0.6100000000000001,2.5,5,N,13334
0.41,0.6100000000000001,2.8000000000000003,1,N,13335
0.41,0.6100000000000001,2.8000000000000003,2,N,13336
0.41,0.6100000000000001,2.8000000000000003,3,N,13337
0.41,0.6100000000000001,2.8000000000000003,4,N,13338
0.41,0.6100000000000001,2.8000000000000003,5,N,13339
0.41,0.6100000000000001,3.1000000000000005,1,N,13340
0.41,0.6100000000000001,3.1000000000000005,2,N,13341
0.41,0.6100000000000001,3.1000000000000005,3,N,13342
0.41,0.6100000000000001,3.1000000000000005,4,N,13343
0.41,0.6100000000000001,3.1000000000000005,5,N,13344
0.41,0.6100000000000001,3.4000000000000004,1,N,13345
0.41,0.6100000000000001,3.4000000000000004,2,N,13346
0.41,0.6100000000000001,3.4000000000000004,3,N,13347
0.41,0.6100000000000001,3.4000000000000004,4,N,13348
0.41,0.6100000000000001,3.4000000000000004,5,N,13349
0.41,0.6100000000000001,3.7,1,N,13350
0.41,0.6100000000000001,3.7,2,N,13351
0.41,0.6100000000000001,3.7,3,N,13352
0.41,0.6100000000000001,3.7,4,N,13353
0.41,0.6100000000000001,3.7,5,N,13354
0.41,0.6100000000000001,4.0,1,N,13355
0.41,0.6100000000000001,4.0,2,N,13356
0.41,0.6100000000000001,4.0,3,N,13357
0.41,0.6100000000000001,4.0,4,N,13358
0.41,0.6100000000000001,4.0,5,N,13359
0.41,0.6100000000000001,4.300000000000002,1,N,13360
0.41,0.6100000000000001,4.300000000000002,2,N,13361
0.41,0.6100000000000001,4.300000000000002,3,N,13362
0.41,0.6100000000000001,4.300000000000002,4,N,13363
0.41,0.6100000000000001,4.300000000000002,5,N,13364
0.41,0.6100000000000001,4.6000000000000005,1,N,13365
0.41,0.6100000000000001,4.6000000000000005,2,N,13366
0.41,0.6100000000000001,4.6000000000000005,3,N,13367
0.41,0.6100000000000001,4.6000000000000005,4,N,13368
0.41,0.6100000000000001,4.6000000000000005,5,N,13369
0.41,0.6100000000000001,4.9,1,N,13370
0.41,0.6100000000000001,4.9,2,N,13371
0.41,0.6100000000000001,4.9,3,N,13372
0.41,0.6100000000000001,4.9,4,N,13373
0.41,0.6100000000000001,4.9,5,N,13374
0.41,0.7100000000000001,0.01,1,N,13375
0.41,0.7100000000000001,0.01,2,N,13376
0.41,0.7100000000000001,0.01,3,N,13377
0.41,0.7100000000000001,0.01,4,N,13378
0.41,0.7100000000000001,0.01,5,N,13379
0.41,0.7100000000000001,0.11,1,N,13380
0.41,0.7100000000000001,0.11,2,N,13381
0.41,0.7100000000000001,0.11,3,N,13382
0.41,0.7100000000000001,0.11,4,N,13383
0.41,0.7100000000000001,0.11,5,N,13384
0.41,0.7100000000000001,0.21,1,N,13385
0.41,0.7100000000000001,0.21,2,N,13386
0.41,0.7100000000000001,0.21,3,N,13387
0.41,0.7100000000000001,0.21,4,N,13388
0.41,0.7100000000000001,0.21,5,N,13389
0.41,0.7100000000000001,0.31000000000000005,1,N,13390
0.41,0.7100000000000001,0.31000000000000005,2,N,13391
0.41,0.7100000000000001,0.31000000000000005,3,N,13392
0.41,0.7100000000000001,0.31000000000000005,4,N,13393
0.41,0.7100000000000001,0.31000000000000005,5,N,13394
0.41,0.7100000000000001,0.41,1,N,13395
0.41,0.7100000000000001,0.41,2,N,13396
0.41,0.7100000000000001,0.41,3,N,13397
0.41,0.7100000000000001,0.41,4,N,13398
0.41,0.7100000000000001,0.41,5,N,13399
0.41,0.7100000000000001,0.51,1,N,13400
0.41,0.7100000000000001,0.51,2,N,13401
0.41,0.7100000000000001,0.51,3,N,13402
0.41,0.7100000000000001,0.51,4,N,13403
0.41,0.7100000000000001,0.51,5,N,13404
0.41,0.7100000000000001,0.6100000000000001,1,N,13405
0.41,0.7100000000000001,0.6100000000000001,2,N,13406
0.41,0.7100000000000001,0.6100000000000001,3,N,13407
0.41,0.7100000000000001,0.6100000000000001,4,N,13408
0.41,0.7100000000000001,0.6100000000000001,5,N,13409
0.41,0.7100000000000001,0.7100000000000001,1,N,13410
0.41,0.7100000000000001,0.7100000000000001,2,N,13411
0.41,0.7100000000000001,0.7100000000000001,3,N,13412
0.41,0.7100000000000001,0.7100000000000001,4,N,13413
0.41,0.7100000000000001,0.7100000000000001,5,N,13414
0.41,0.7100000000000001,0.81,1,N,13415
0.41,0.7100000000000001,0.81,2,N,13416
0.41,0.7100000000000001,0.81,3,N,13417
0.41,0.7100000000000001,0.81,4,N,13418
0.41,0.7100000000000001,0.81,5,N,13419
0.41,0.7100000000000001,0.91,1,N,13420
0.41,0.7100000000000001,0.91,2,N,13421
0.41,0.7100000000000001,0.91,3,N,13422
0.41,0.7100000000000001,0.91,4,N,13423
0.41,0.7100000000000001,0.91,5,N,13424
0.41,0.7100000000000001,1.01,1,N,13425
0.41,0.7100000000000001,1.01,2,N,13426
0.41,0.7100000000000001,1.01,3,N,13427
0.41,0.7100000000000001,1.01,4,N,13428
0.41,0.7100000000000001,1.01,5,N,13429
0.41,0.7100000000000001,1.11,1,N,13430
0.41,0.7100000000000001,1.11,2,N,13431
0.41,0.7100000000000001,1.11,3,N,13432
0.41,0.7100000000000001,1.11,4,N,13433
0.41,0.7100000000000001,1.11,5,N,13434
0.41,0.7100000000000001,1.3,1,N,13435
0.41,0.7100000000000001,1.3,2,N,13436
0.41,0.7100000000000001,1.3,3,N,13437
0.41,0.7100000000000001,1.3,4,N,13438
0.41,0.7100000000000001,1.3,5,N,13439
0.41,0.7100000000000001,1.6,1,N,13440
0.41,0.7100000000000001,1.6,2,N,13441
0.41,0.7100000000000001,1.6,3,N,13442
0.41,0.7100000000000001,1.6,4,N,13443
0.41,0.7100000000000001,1.6,5,N,13444
0.41,0.7100000000000001,1.9,1,N,13445
0.41,0.7100000000000001,1.9,2,N,13446
0.41,0.7100000000000001,1.9,3,N,13447
0.41,0.7100000000000001,1.9,4,N,13448
0.41,0.7100000000000001,1.9,5,N,13449
0.41,0.7100000000000001,2.2,1,N,13450
0.41,0.7100000000000001,2.2,2,N,13451
0.41,0.7100000000000001,2.2,3,N,13452
0.41,0.7100000000000001,2.2,4,N,13453
0.41,0.7100000000000001,2.2,5,N,13454
0.41,0.7100000000000001,2.5,1,N,13455
0.41,0.7100000000000001,2.5,2,N,13456
0.41,0.7100000000000001,2.5,3,N,13457
0.41,0.7100000000000001,2.5,4,N,13458
0.41,0.7100000000000001,2.5,5,N,13459
0.41,0.7100000000000001,2.8000000000000003,1,N,13460
0.41,0.7100000000000001,2.8000000000000003,2,N,13461
0.41,0.7100000000000001,2.8000000000000003,3,N,13462
0.41,0.7100000000000001,2.8000000000000003,4,N,13463
0.41,0.7100000000000001,2.8000000000000003,5,N,13464
0.41,0.7100000000000001,3.1000000000000005,1,N,13465
0.41,0.7100000000000001,3.1000000000000005,2,N,13466
0.41,0.7100000000000001,3.1000000000000005,3,N,13467
0.41,0.7100000000000001,3.1000000000000005,4,N,13468
0.41,0.7100000000000001,3.1000000000000005,5,N,13469
0.41,0.7100000000000001,3.4000000000000004,1,N,13470
0.41,0.7100000000000001,3.4000000000000004,2,N,13471
0.41,0.7100000000000001,3.4000000000000004,3,N,13472
0.41,0.7100000000000001,3.4000000000000004,4,N,13473
0.41,0.7100000000000001,3.4000000000000004,5,N,13474
0.41,0.7100000000000001,3.7,1,N,13475
0.41,0.7100000000000001,3.7,2,N,13476
0.41,0.7100000000000001,3.7,3,N,13477
0.41,0.7100000000000001,3.7,4,N,13478
0.41,0.7100000000000001,3.7,5,N,13479
0.41,0.7100000000000001,4.0,1,N,13480
0.41,0.7100000000000001,4.0,2,N,13481
0.41,0.7100000000000001,4.0,3,N,13482
0.41,0.7100000000000001,4.0,4,N,13483
0.41,0.7100000000000001,4.0,5,N,13484
0.41,0.7100000000000001,4.300000000000002,1,N,13485
0.41,0.7100000000000001,4.300000000000002,2,N,13486
0.41,0.7100000000000001,4.300000000000002,3,N,13487
0.41,0.7100000000000001,4.300000000000002,4,N,13488
0.41,0.7100000000000001,4.300000000000002,5,N,13489
0.41,0.7100000000000001,4.6000000000000005,1,N,13490
0.41,0.7100000000000001,4.6000000000000005,2,N,13491
0.41,0.7100000000000001,4.6000000000000005,3,N,13492
0.41,0.7100000000000001,4.6000000000000005,4,N,13493
0.41,0.7100000000000001,4.6000000000000005,5,N,13494
0.41,0.7100000000000001,4.9,1,N,13495
0.41,0.7100000000000001,4.9,2,N,13496
0.41,0.7100000000000001,4.9,3,N,13497
0.41,0.7100000000000001,4.9,4,N,13498
0.41,0.7100000000000001,4.9,5,N,13499
0.41,0.81,0.01,1,N,13500
0.41,0.81,0.01,2,N,13501
0.41,0.81,0.01,3,N,13502
0.41,0.81,0.01,4,N,13503
0.41,0.81,0.01,5,N,13504
0.41,0.81,0.11,1,N,13505
0.41,0.81,0.11,2,N,13506
0.41,0.81,0.11,3,N,13507
0.41,0.81,0.11,4,N,13508
0.41,0.81,0.11,5,N,13509
0.41,0.81,0.21,1,N,13510
0.41,0.81,0.21,2,N,13511
0.41,0.81,0.21,3,N,13512
0.41,0.81,0.21,4,N,13513
0.41,0.81,0.21,5,N,13514
0.41,0.81,0.31000000000000005,1,N,13515
0.41,0.81,0.31000000000000005,2,N,13516
0.41,0.81,0.31000000000000005,3,N,13517
0.41,0.81,0.31000000000000005,4,N,13518
0.41,0.81,0.31000000000000005,5,N,13519
0.41,0.81,0.41,1,N,13520
0.41,0.81,0.41,2,N,13521
0.41,0.81,0.41,3,N,13522
0.41,0.81,0.41,4,N,13523
0.41,0.81,0.41,5,N,13524
0.41,0.81,0.51,1,N,13525
0.41,0.81,0.51,2,N,13526
0.41,0.81,0.51,3,N,13527
0.41,0.81,0.51,4,N,13528
0.41,0.81,0.51,5,N,13529
0.41,0.81,0.6100000000000001,1,N,13530
0.41,0.81,0.6100000000000001,2,N,13531
0.41,0.81,0.6100000000000001,3,N,13532
0.41,0.81,0.6100000000000001,4,N,13533
0.41,0.81,0.6100000000000001,5,N,13534
0.41,0.81,0.7100000000000001,1,N,13535
0.41,0.81,0.7100000000000001,2,N,13536
0.41,0.81,0.7100000000000001,3,N,13537
0.41,0.81,0.7100000000000001,4,N,13538
0.41,0.81,0.7100000000000001,5,N,13539
0.41,0.81,0.81,1,N,13540
0.41,0.81,0.81,2,N,13541
0.41,0.81,0.81,3,N,13542
0.41,0.81,0.81,4,N,13543
0.41,0.81,0.81,5,N,13544
0.41,0.81,0.91,1,N,13545
0.41,0.81,0.91,2,N,13546
0.41,0.81,0.91,3,N,13547
0.41,0.81,0.91,4,N,13548
0.41,0.81,0.91,5,N,13549
0.41,0.81,1.01,1,N,13550
0.41,0.81,1.01,2,N,13551
0.41,0.81,1.01,3,N,13552
0.41,0.81,1.01,4,N,13553
0.41,0.81,1.01,5,N,13554
0.41,0.81,1.11,1,N,13555
0.41,0.81,1.11,2,N,13556
0.41,0.81,1.11,3,N,13557
0.41,0.81,1.11,4,N,13558
0.41,0.81,1.11,5,N,13559
0.41,0.81,1.3,1,N,13560
0.41,0.81,1.3,2,N,13561
0.41,0.81,1.3,3,N,13562
0.41,0.81,1.3,4,N,13563
0.41,0.81,1.3,5,N,13564
0.41,0.81,1.6,1,N,13565
0.41,0.81,1.6,2,N,13566
0.41,0.81,1.6,3,N,13567
0.41,0.81,1.6,4,N,13568
0.41,0.81,1.6,5,N,13569
0.41,0.81,1.9,1,N,13570
0.41,0.81,1.9,2,N,13571
0.41,0.81,1.9,3,N,13572
0.41,0.81,1.9,4,N,13573
0.41,0.81,1.9,5,N,13574
0.41,0.81,2.2,1,N,13575
0.41,0.81,2.2,2,N,13576
0.41,0.81,2.2,3,N,13577
0.41,0.81,2.2,4,N,13578
0.41,0.81,2.2,5,N,13579
0.41,0.81,2.5,1,N,13580
0.41,0.81,2.5,2,N,13581
0.41,0.81,2.5,3,N,13582
0.41,0.81,2.5,4,N,13583
0.41,0.81,2.5,5,N,13584
0.41,0.81,2.8000000000000003,1,N,13585
0.41,0.81,2.8000000000000003,2,N,13586
0.41,0.81,2.8000000000000003,3,N,13587
0.41,0.81,2.8000000000000003,4,N,13588
0.41,0.81,2.8000000000000003,5,N,13589
0.41,0.81,3.1000000000000005,1,N,13590
0.41,0.81,3.1000000000000005,2,N,13591
0.41,0.81,3.1000000000000005,3,N,13592
0.41,0.81,3.1000000000000005,4,N,13593
0.41,0.81,3.1000000000000005,5,N,13594
0.41,0.81,3.4000000000000004,1,N,13595
0.41,0.81,3.4000000000000004,2,N,13596
0.41,0.81,3.4000000000000004,3,N,13597
0.41,0.81,3.4000000000000004,4,N,13598
0.41,0.81,3.4000000000000004,5,N,13599
0.41,0.81,3.7,1,N,13600
0.41,0.81,3.7,2,N,13601
0.41,0.81,3.7,3,N,13602
0.41,0.81,3.7,4,N,13603
0.41,0.81,3.7,5,N,13604
0.41,0.81,4.0,1,N,13605
0.41,0.81,4.0,2,N,13606
0.41,0.81,4.0,3,N,13607
0.41,0.81,4.0,4,N,13608
0.41,0.81,4.0,5,N,13609
0.41,0.81,4.300000000000002,1,N,13610
0.41,0.81,4.300000000000002,2,N,13611
0.41,0.81,4.300000000000002,3,N,13612
0.41,0.81,4.300000000000002,4,N,13613
0.41,0.81,4.300000000000002,5,N,13614
0.41,0.81,4.6000000000000005,1,N,13615
0.41,0.81,4.6000000000000005,2,N,13616
0.41,0.81,4.6000000000000005,3,N,13617
0.41,0.81,4.6000000000000005,4,N,13618
0.41,0.81,4.6000000000000005,5,N,13619
0.41,0.81,4.9,1,N,13620
0.41,0.81,4.9,2,N,13621
0.41,0.81,4.9,3,N,13622
0.41,0.81,4.9,4,N,13623
0.41,0.81,4.9,5,N,13624
0.41,0.91,0.01,1,N,13625
0.41,0.91,0.01,2,N,13626
0.41,0.91,0.01,3,N,13627
0.41,0.91,0.01,4,N,13628
0.41,0.91,0.01,5,N,13629
0.41,0.91,0.11,1,N,13630
0.41,0.91,0.11,2,N,13631
0.41,0.91,0.11,3,N,13632
0.41,0.91,0.11,4,N,13633
0.41,0.91,0.11,5,N,13634
0.41,0.91,0.21,1,N,13635
0.41,0.91,0.21,2,N,13636
0.41,0.91,0.21,3,N,13637
0.41,0.91,0.21,4,N,13638
0.41,0.91,0.21,5,N,13639
0.41,0.91,0.31000000000000005,1,N,13640
0.41,0.91,0.31000000000000005,2,N,13641
0.41,0.91,0.31000000000000005,3,N,13642
0.41,0.91,0.31000000000000005,4,N,13643
0.41,0.91,0.31000000000000005,5,N,13644
0.41,0.91,0.41,1,N,13645
0.41,0.91,0.41,2,N,13646
0.41,0.91,0.41,3,N,13647
0.41,0.91,0.41,4,N,13648
0.41,0.91,0.41,5,N,13649
0.41,0.91,0.51,1,N,13650
0.41,0.91,0.51,2,N,13651
0.41,0.91,0.51,3,N,13652
0.41,0.91,0.51,4,N,13653
0.41,0.91,0.51,5,N,13654
0.41,0.91,0.6100000000000001,1,N,13655
0.41,0.91,0.6100000000000001,2,N,13656
0.41,0.91,0.6100000000000001,3,N,13657
0.41,0.91,0.6100000000000001,4,N,13658
0.41,0.91,0.6100000000000001,5,N,13659
0.41,0.91,0.7100000000000001,1,N,13660
0.41,0.91,0.7100000000000001,2,N,13661
0.41,0.91,0.7100000000000001,3,N,13662
0.41,0.91,0.7100000000000001,4,N,13663
0.41,0.91,0.7100000000000001,5,N,13664
0.41,0.91,0.81,1,N,13665
0.41,0.91,0.81,2,N,13666
0.41,0.91,0.81,3,N,13667
0.41,0.91,0.81,4,N,13668
0.41,0.91,0.81,5,N,13669
0.41,0.91,0.91,1,N,13670
0.41,0.91,0.91,2,N,13671
0.41,0.91,0.91,3,N,13672
0.41,0.91,0.91,4,N,13673
0.41,0.91,0.91,5,N,13674
0.41,0.91,1.01,1,N,13675
0.41,0.91,1.01,2,N,13676
0.41,0.91,1.01,3,N,13677
0.41,0.91,1.01,4,N,13678
0.41,0.91,1.01,5,N,13679
0.41,0.91,1.11,1,N,13680
0.41,0.91,1.11,2,N,13681
0.41,0.91,1.11,3,N,13682
0.41,0.91,1.11,4,N,13683
0.41,0.91,1.11,5,N,13684
0.41,0.91,1.3,1,N,13685
0.41,0.91,1.3,2,N,13686
0.41,0.91,1.3,3,N,13687
0.41,0.91,1.3,4,N,13688
0.41,0.91,1.3,5,N,13689
0.41,0.91,1.6,1,N,13690
0.41,0.91,1.6,2,N,13691
0.41,0.91,1.6,3,N,13692
0.41,0.91,1.6,4,N,13693
0.41,0.91,1.6,5,N,13694
0.41,0.91,1.9,1,N,13695
0.41,0.91,1.9,2,N,13696
0.41,0.91,1.9,3,N,13697
0.41,0.91,1.9,4,N,13698
0.41,0.91,1.9,5,N,13699
0.41,0.91,2.2,1,N,13700
0.41,0.91,2.2,2,N,13701
0.41,0.91,2.2,3,N,13702
0.41,0.91,2.2,4,N,13703
0.41,0.91,2.2,5,N,13704
0.41,0.91,2.5,1,N,13705
0.41,0.91,2.5,2,N,13706
0.41,0.91,2.5,3,N,13707
0.41,0.91,2.5,4,N,13708
0.41,0.91,2.5,5,N,13709
0.41,0.91,2.8000000000000003,1,N,13710
0.41,0.91,2.8000000000000003,2,N,13711
0.41,0.91,2.8000000000000003,3,N,13712
0.41,0.91,2.8000000000000003,4,N,13713
0.41,0.91,2.8000000000000003,5,N,13714
0.41,0.91,3.1000000000000005,1,N,13715
0.41,0.91,3.1000000000000005,2,N,13716
0.41,0.91,3.1000000000000005,3,N,13717
0.41,0.91,3.1000000000000005,4,N,13718
0.41,0.91,3.1000000000000005,5,N,13719
0.41,0.91,3.4000000000000004,1,N,13720
0.41,0.91,3.4000000000000004,2,N,13721
0.41,0.91,3.4000000000000004,3,N,13722
0.41,0.91,3.4000000000000004,4,N,13723
0.41,0.91,3.4000000000000004,5,N,13724
0.41,0.91,3.7,1,N,13725
0.41,0.91,3.7,2,N,13726
0.41,0.91,3.7,3,N,13727
0.41,0.91,3.7,4,N,13728
0.41,0.91,3.7,5,N,13729
0.41,0.91,4.0,1,N,13730
0.41,0.91,4.0,2,N,13731
0.41,0.91,4.0,3,N,13732
0.41,0.91,4.0,4,N,13733
0.41,0.91,4.0,5,N,13734
0.41,0.91,4.300000000000002,1,N,13735
0.41,0.91,4.300000000000002,2,N,13736
0.41,0.91,4.300000000000002,3,N,13737
0.41,0.91,4.300000000000002,4,N,13738
0.41,0.91,4.300000000000002,5,N,13739
0.41,0.91,4.6000000000000005,1,N,13740
0.41,0.91,4.6000000000000005,2,N,13741
0.41,0.91,4.6000000000000005,3,N,13742
0.41,0.91,4.6000000000000005,4,N,13743
0.41,0.91,4.6000000000000005,5,N,13744
0.41,0.91,4.9,1,N,13745
0.41,0.91,4.9,2,N,13746
0.41,0.91,4.9,3,N,13747
0.41,0.91,4.9,4,N,13748
0.41,0.91,4.9,5,N,13749
0.41,1.01,0.01,1,N,13750
0.41,1.01,0.01,2,N,13751
0.41,1.01,0.01,3,N,13752
0.41,1.01,0.01,4,N,13753
0.41,1.01,0.01,5,N,13754
0.41,1.01,0.11,1,N,13755
0.41,1.01,0.11,2,N,13756
0.41,1.01,0.11,3,N,13757
0.41,1.01,0.11,4,N,13758
0.41,1.01,0.11,5,N,13759
0.41,1.01,0.21,1,N,13760
0.41,1.01,0.21,2,N,13761
0.41,1.01,0.21,3,N,13762
0.41,1.01,0.21,4,N,13763
0.41,1.01,0.21,5,N,13764
0.41,1.01,0.31000000000000005,1,N,13765
0.41,1.01,0.31000000000000005,2,N,13766
0.41,1.01,0.31000000000000005,3,N,13767
0.41,1.01,0.31000000000000005,4,N,13768
0.41,1.01,0.31000000000000005,5,N,13769
0.41,1.01,0.41,1,N,13770
0.41,1.01,0.41,2,N,13771
0.41,1.01,0.41,3,N,13772
0.41,1.01,0.41,4,N,13773
0.41,1.01,0.41,5,N,13774
0.41,1.01,0.51,1,N,13775
0.41,1.01,0.51,2,N,13776
0.41,1.01,0.51,3,N,13777
0.41,1.01,0.51,4,N,13778
0.41,1.01,0.51,5,N,13779
0.41,1.01,0.6100000000000001,1,N,13780
0.41,1.01,0.6100000000000001,2,N,13781
0.41,1.01,0.6100000000000001,3,N,13782
0.41,1.01,0.6100000000000001,4,N,13783
0.41,1.01,0.6100000000000001,5,N,13784
0.41,1.01,0.7100000000000001,1,N,13785
0.41,1.01,0.7100000000000001,2,N,13786
0.41,1.01,0.7100000000000001,3,N,13787
0.41,1.01,0.7100000000000001,4,N,13788
0.41,1.01,0.7100000000000001,5,N,13789
0.41,1.01,0.81,1,N,13790
0.41,1.01,0.81,2,N,13791
0.41,1.01,0.81,3,N,13792
0.41,1.01,0.81,4,N,13793
0.41,1.01,0.81,5,N,13794
0.41,1.01,0.91,1,N,13795
0.41,1.01,0.91,2,N,13796
0.41,1.01,0.91,3,N,13797
0.41,1.01,0.91,4,N,13798
0.41,1.01,0.91,5,N,13799
0.41,1.01,1.01,1,N,13800
0.41,1.01,1.01,2,N,13801
0.41,1.01,1.01,3,N,13802
0.41,1.01,1.01,4,N,13803
0.41,1.01,1.01,5,N,13804
0.41,1.01,1.11,1,N,13805
0.41,1.01,1.11,2,N,13806
0.41,1.01,1.11,3,N,13807
0.41,1.01,1.11,4,N,13808
0.41,1.01,1.11,5,N,13809
0.41,1.01,1.3,1,N,13810
0.41,1.01,1.3,2,N,13811
0.41,1.01,1.3,3,N,13812
0.41,1.01,1.3,4,N,13813
0.41,1.01,1.3,5,N,13814
0.41,1.01,1.6,1,N,13815
0.41,1.01,1.6,2,N,13816
0.41,1.01,1.6,3,N,13817
0.41,1.01,1.6,4,N,13818
0.41,1.01,1.6,5,N,13819
0.41,1.01,1.9,1,N,13820
0.41,1.01,1.9,2,N,13821
0.41,1.01,1.9,3,N,13822
0.41,1.01,1.9,4,N,13823
0.41,1.01,1.9,5,N,13824
0.41,1.01,2.2,1,N,13825
0.41,1.01,2.2,2,N,13826
0.41,1.01,2.2,3,N,13827
0.41,1.01,2.2,4,N,13828
0.41,1.01,2.2,5,N,13829
0.41,1.01,2.5,1,N,13830
0.41,1.01,2.5,2,N,13831
0.41,1.01,2.5,3,N,13832
0.41,1.01,2.5,4,N,13833
0.41,1.01,2.5,5,N,13834
0.41,1.01,2.8000000000000003,1,N,13835
0.41,1.01,2.8000000000000003,2,N,13836
0.41,1.01,2.8000000000000003,3,N,13837
0.41,1.01,2.8000000000000003,4,N,13838
0.41,1.01,2.8000000000000003,5,N,13839
0.41,1.01,3.1000000000000005,1,N,13840
0.41,1.01,3.1000000000000005,2,N,13841
0.41,1.01,3.1000000000000005,3,N,13842
0.41,1.01,3.1000000000000005,4,N,13843
0.41,1.01,3.1000000000000005,5,N,13844
0.41,1.01,3.4000000000000004,1,N,13845
0.41,1.01,3.4000000000000004,2,N,13846
0.41,1.01,3.4000000000000004,3,N,13847
0.41,1.01,3.4000000000000004,4,N,13848
0.41,1.01,3.4000000000000004,5,N,13849
0.41,1.01,3.7,1,N,13850
0.41,1.01,3.7,2,N,13851
0.41,1.01,3.7,3,N,13852
0.41,1.01,3.7,4,N,13853
0.41,1.01,3.7,5,N,13854
0.41,1.01,4.0,1,N,13855
0.41,1.01,4.0,2,N,13856
0.41,1.01,4.0,3,N,13857
0.41,1.01,4.0,4,N,13858
0.41,1.01,4.0,5,N,13859
0.41,1.01,4.300000000000002,1,N,13860
0.41,1.01,4.300000000000002,2,N,13861
0.41,1.01,4.300000000000002,3,N,13862
0.41,1.01,4.300000000000002,4,N,13863
0.41,1.01,4.300000000000002,5,N,13864
0.41,1.01,4.6000000000000005,1,N,13865
0.41,1.01,4.6000000000000005,2,N,13866
0.41,1.01,4.6000000000000005,3,N,13867
0.41,1.01,4.6000000000000005,4,N,13868
0.41,1.01,4.6000000000000005,5,N,13869
0.41,1.01,4.9,1,N,13870
0.41,1.01,4.9,2,N,13871
0.41,1.01,4.9,3,N,13872
0.41,1.01,4.9,4,N,13873
0.41,1.01,4.9,5,N,13874
0.41,1.11,0.01,1,N,13875
0.41,1.11,0.01,2,N,13876
0.41,1.11,0.01,3,N,13877
0.41,1.11,0.01,4,N,13878
0.41,1.11,0.01,5,N,13879
0.41,1.11,0.11,1,N,13880
0.41,1.11,0.11,2,N,13881
0.41,1.11,0.11,3,N,13882
0.41,1.11,0.11,4,N,13883
0.41,1.11,0.11,5,N,13884
0.41,1.11,0.21,1,N,13885
0.41,1.11,0.21,2,N,13886
0.41,1.11,0.21,3,N,13887
0.41,1.11,0.21,4,N,13888
0.41,1.11,0.21,5,N,13889
0.41,1.11,0.31000000000000005,1,N,13890
0.41,1.11,0.31000000000000005,2,N,13891
0.41,1.11,0.31000000000000005,3,N,13892
0.41,1.11,0.31000000000000005,4,N,13893
0.41,1.11,0.31000000000000005,5,N,13894
0.41,1.11,0.41,1,N,13895
0.41,1.11,0.41,2,N,13896
0.41,1.11,0.41,3,N,13897
0.41,1.11,0.41,4,N,13898
0.41,1.11,0.41,5,N,13899
0.41,1.11,0.51,1,N,13900
0.41,1.11,0.51,2,N,13901
0.41,1.11,0.51,3,N,13902
0.41,1.11,0.51,4,N,13903
0.41,1.11,0.51,5,N,13904
0.41,1.11,0.6100000000000001,1,N,13905
0.41,1.11,0.6100000000000001,2,N,13906
0.41,1.11,0.6100000000000001,3,N,13907
0.41,1.11,0.6100000000000001,4,N,13908
0.41,1.11,0.6100000000000001,5,N,13909
0.41,1.11,0.7100000000000001,1,N,13910
0.41,1.11,0.7100000000000001,2,N,13911
0.41,1.11,0.7100000000000001,3,N,13912
0.41,1.11,0.7100000000000001,4,N,13913
0.41,1.11,0.7100000000000001,5,N,13914
0.41,1.11,0.81,1,N,13915
0.41,1.11,0.81,2,N,13916
0.41,1.11,0.81,3,N,13917
0.41,1.11,0.81,4,N,13918
0.41,1.11,0.81,5,N,13919
0.41,1.11,0.91,1,N,13920
0.41,1.11,0.91,2,N,13921
0.41,1.11,0.91,3,N,13922
0.41,1.11,0.91,4,N,13923
0.41,1.11,0.91,5,N,13924
0.41,1.11,1.01,1,N,13925
0.41,1.11,1.01,2,N,13926
0.41,1.11,1.01,3,N,13927
0.41,1.11,1.01,4,N,13928
0.41,1.11,1.01,5,N,13929
0.41,1.11,1.11,1,N,13930
0.41,1.11,1.11,2,N,13931
0.41,1.11,1.11,3,N,13932
0.41,1.11,1.11,4,N,13933
0.41,1.11,1.11,5,N,13934
0.41,1.11,1.3,1,N,13935
0.41,1.11,1.3,2,N,13936
0.41,1.11,1.3,3,N,13937
0.41,1.11,1.3,4,N,13938
0.41,1.11,1.3,5,N,13939
0.41,1.11,1.6,1,N,13940
0.41,1.11,1.6,2,N,13941
0.41,1.11,1.6,3,N,13942
0.41,1.11,1.6,4,N,13943
0.41,1.11,1.6,5,N,13944
0.41,1.11,1.9,1,N,13945
0.41,1.11,1.9,2,N,13946
0.41,1.11,1.9,3,N,13947
0.41,1.11,1.9,4,N,13948
0.41,1.11,1.9,5,N,13949
0.41,1.11,2.2,1,N,13950
0.41,1.11,2.2,2,N,13951
0.41,1.11,2.2,3,N,13952
0.41,1.11,2.2,4,N,13953
0.41,1.11,2.2,5,N,13954
0.41,1.11,2.5,1,N,13955
0.41,1.11,2.5,2,N,13956
0.41,1.11,2.5,3,N,13957
0.41,1.11,2.5,4,N,13958
0.41,1.11,2.5,5,N,13959
0.41,1.11,2.8000000000000003,1,N,13960
0.41,1.11,2.8000000000000003,2,N,13961
0.41,1.11,2.8000000000000003,3,N,13962
0.41,1.11,2.8000000000000003,4,N,13963
0.41,1.11,2.8000000000000003,5,N,13964
0.41,1.11,3.1000000000000005,1,N,13965
0.41,1.11,3.1000000000000005,2,N,13966
0.41,1.11,3.1000000000000005,3,N,13967
0.41,1.11,3.1000000000000005,4,N,13968
0.41,1.11,3.1000000000000005,5,N,13969
0.41,1.11,3.4000000000000004,1,N,13970
0.41,1.11,3.4000000000000004,2,N,13971
0.41,1.11,3.4000000000000004,3,N,13972
0.41,1.11,3.4000000000000004,4,N,13973
0.41,1.11,3.4000000000000004,5,N,13974
0.41,1.11,3.7,1,N,13975
0.41,1.11,3.7,2,N,13976
0.41,1.11,3.7,3,N,13977
0.41,1.11,3.7,4,N,13978
0.41,1.11,3.7,5,N,13979
0.41,1.11,4.0,1,N,13980
0.41,1.11,4.0,2,N,13981
0.41,1.11,4.0,3,N,13982
0.41,1.11,4.0,4,N,13983
0.41,1.11,4.0,5,N,13984
0.41,1.11,4.300000000000002,1,N,13985
0.41,1.11,4.300000000000002,2,N,13986
0.41,1.11,4.300000000000002,3,N,13987
0.41,1.11,4.300000000000002,4,N,13988
0.41,1.11,4.300000000000002,5,N,13989
0.41,1.11,4.6000000000000005,1,N,13990
0.41,1.11,4.6000000000000005,2,N,13991
0.41,1.11,4.6000000000000005,3,N,13992
0.41,1.11,4.6000000000000005,4,N,13993
0.41,1.11,4.6000000000000005,5,N,13994
0.41,1.11,4.9,1,N,13995
0.41,1.11,4.9,2,N,13996
0.41,1.11,4.9,3,N,13997
0.41,1.11,4.9,4,N,13998
0.41,1.11,4.9,5,N,13999
0.41,1.3,0.01,1,N,14000
0.41,1.3,0.01,2,N,14001
0.41,1.3,0.01,3,N,14002
0.41,1.3,0.01,4,N,14003
0.41,1.3,0.01,5,N,14004
0.41,1.3,0.11,1,N,14005
0.41,1.3,0.11,2,N,14006
0.41,1.3,0.11,3,N,14007
0.41,1.3,0.11,4,N,14008
0.41,1.3,0.11,5,N,14009
0.41,1.3,0.21,1,N,14010
0.41,1.3,0.21,2,N,14011
0.41,1.3,0.21,3,N,14012
0.41,1.3,0.21,4,N,14013
0.41,1.3,0.21,5,N,14014
0.41,1.3,0.31000000000000005,1,N,14015
0.41,1.3,0.31000000000000005,2,N,14016
0.41,1.3,0.31000000000000005,3,N,14017
0.41,1.3,0.31000000000000005,4,N,14018
0.41,1.3,0.31000000000000005,5,N,14019
0.41,1.3,0.41,1,N,14020
0.41,1.3,0.41,2,N,14021
0.41,1.3,0.41,3,N,14022
0.41,1.3,0.41,4,N,14023
0.41,1.3,0.41,5,N,14024
0.41,1.3,0.51,1,N,14025
0.41,1.3,0.51,2,N,14026
0.41,1.3,0.51,3,N,14027
0.41,1.3,0.51,4,N,14028
0.41,1.3,0.51,5,N,14029
0.41,1.3,0.6100000000000001,1,N,14030
0.41,1.3,0.6100000000000001,2,N,14031
0.41,1.3,0.6100000000000001,3,N,14032
0.41,1.3,0.6100000000000001,4,N,14033
0.41,1.3,0.6100000000000001,5,N,14034
0.41,1.3,0.7100000000000001,1,N,14035
0.41,1.3,0.7100000000000001,2,N,14036
0.41,1.3,0.7100000000000001,3,N,14037
0.41,1.3,0.7100000000000001,4,N,14038
0.41,1.3,0.7100000000000001,5,N,14039
0.41,1.3,0.81,1,N,14040
0.41,1.3,0.81,2,N,14041
0.41,1.3,0.81,3,N,14042
0.41,1.3,0.81,4,N,14043
0.41,1.3,0.81,5,N,14044
0.41,1.3,0.91,1,N,14045
0.41,1.3,0.91,2,N,14046
0.41,1.3,0.91,3,N,14047
0.41,1.3,0.91,4,N,14048
0.41,1.3,0.91,5,N,14049
0.41,1.3,1.01,1,N,14050
0.41,1.3,1.01,2,N,14051
0.41,1.3,1.01,3,N,14052
0.41,1.3,1.01,4,N,14053
0.41,1.3,1.01,5,N,14054
0.41,1.3,1.11,1,N,14055
0.41,1.3,1.11,2,N,14056
0.41,1.3,1.11,3,N,14057
0.41,1.3,1.11,4,N,14058
0.41,1.3,1.11,5,N,14059
0.41,1.3,1.3,1,N,14060
0.41,1.3,1.3,2,N,14061
0.41,1.3,1.3,3,N,14062
0.41,1.3,1.3,4,N,14063
0.41,1.3,1.3,5,N,14064
0.41,1.3,1.6,1,N,14065
0.41,1.3,1.6,2,N,14066
0.41,1.3,1.6,3,N,14067
0.41,1.3,1.6,4,N,14068
0.41,1.3,1.6,5,N,14069
0.41,1.3,1.9,1,N,14070
0.41,1.3,1.9,2,N,14071
0.41,1.3,1.9,3,N,14072
0.41,1.3,1.9,4,N,14073
0.41,1.3,1.9,5,N,14074
0.41,1.3,2.2,1,N,14075
0.41,1.3,2.2,2,N,14076
0.41,1.3,2.2,3,N,14077
0.41,1.3,2.2,4,N,14078
0.41,1.3,2.2,5,N,14079
0.41,1.3,2.5,1,N,14080
0.41,1.3,2.5,2,N,14081
0.41,1.3,2.5,3,N,14082
0.41,1.3,2.5,4,N,14083
0.41,1.3,2.5,5,N,14084
0.41,1.3,2.8000000000000003,1,N,14085
0.41,1.3,2.8000000000000003,2,N,14086
0.41,1.3,2.8000000000000003,3,N,14087
0.41,1.3,2.8000000000000003,4,N,14088
0.41,1.3,2.8000000000000003,5,N,14089
0.41,1.3,3.1000000000000005,1,N,14090
0.41,1.3,3.1000000000000005,2,N,14091
0.41,1.3,3.1000000000000005,3,N,14092
0.41,1.3,3.1000000000000005,4,N,14093
0.41,1.3,3.1000000000000005,5,N,14094
0.41,1.3,3.4000000000000004,1,N,14095
0.41,1.3,3.4000000000000004,2,N,14096
0.41,1.3,3.4000000000000004,3,N,14097
0.41,1.3,3.4000000000000004,4,N,14098
0.41,1.3,3.4000000000000004,5,N,14099
0.41,1.3,3.7,1,N,14100
0.41,1.3,3.7,2,N,14101
0.41,1.3,3.7,3,N,14102
0.41,1.3,3.7,4,N,14103
0.41,1.3,3.7,5,N,14104
0.41,1.3,4.0,1,N,14105
0.41,1.3,4.0,2,N,14106
0.41,1.3,4.0,3,N,14107
0.41,1.3,4.0,4,N,14108
0.41,1.3,4.0,5,N,14109
0.41,1.3,4.300000000000002,1,N,14110
0.41,1.3,4.300000000000002,2,N,14111
0.41,1.3,4.300000000000002,3,N,14112
0.41,1.3,4.300000000000002,4,N,14113
0.41,1.3,4.300000000000002,5,N,14114
0.41,1.3,4.6000000000000005,1,N,14115
0.41,1.3,4.6000000000000005,2,N,14116
0.41,1.3,4.6000000000000005,3,N,14117
0.41,1.3,4.6000000000000005,4,N,14118
0.41,1.3,4.6000000000000005,5,N,14119
0.41,1.3,4.9,1,N,14120
0.41,1.3,4.9,2,N,14121
0.41,1.3,4.9,3,N,14122
0.41,1.3,4.9,4,N,14123
0.41,1.3,4.9,5,N,14124
0.41,1.6,0.01,1,N,14125
0.41,1.6,0.01,2,N,14126
0.41,1.6,0.01,3,N,14127
0.41,1.6,0.01,4,N,14128
0.41,1.6,0.01,5,N,14129
0.41,1.6,0.11,1,N,14130
0.41,1.6,0.11,2,N,14131
0.41,1.6,0.11,3,N,14132
0.41,1.6,0.11,4,N,14133
0.41,1.6,0.11,5,N,14134
0.41,1.6,0.21,1,N,14135
0.41,1.6,0.21,2,N,14136
0.41,1.6,0.21,3,N,14137
0.41,1.6,0.21,4,N,14138
0.41,1.6,0.21,5,N,14139
0.41,1.6,0.31000000000000005,1,N,14140
0.41,1.6,0.31000000000000005,2,N,14141
0.41,1.6,0.31000000000000005,3,N,14142
0.41,1.6,0.31000000000000005,4,N,14143
0.41,1.6,0.31000000000000005,5,N,14144
0.41,1.6,0.41,1,N,14145
0.41,1.6,0.41,2,N,14146
0.41,1.6,0.41,3,N,14147
0.41,1.6,0.41,4,N,14148
0.41,1.6,0.41,5,N,14149
0.41,1.6,0.51,1,N,14150
0.41,1.6,0.51,2,N,14151
0.41,1.6,0.51,3,N,14152
0.41,1.6,0.51,4,N,14153
0.41,1.6,0.51,5,N,14154
0.41,1.6,0.6100000000000001,1,N,14155
0.41,1.6,0.6100000000000001,2,N,14156
0.41,1.6,0.6100000000000001,3,N,14157
0.41,1.6,0.6100000000000001,4,N,14158
0.41,1.6,0.6100000000000001,5,N,14159
0.41,1.6,0.7100000000000001,1,N,14160
0.41,1.6,0.7100000000000001,2,N,14161
0.41,1.6,0.7100000000000001,3,N,14162
0.41,1.6,0.7100000000000001,4,N,14163
0.41,1.6,0.7100000000000001,5,N,14164
0.41,1.6,0.81,1,N,14165
0.41,1.6,0.81,2,N,14166
0.41,1.6,0.81,3,N,14167
0.41,1.6,0.81,4,N,14168
0.41,1.6,0.81,5,N,14169
0.41,1.6,0.91,1,N,14170
0.41,1.6,0.91,2,N,14171
0.41,1.6,0.91,3,N,14172
0.41,1.6,0.91,4,N,14173
0.41,1.6,0.91,5,N,14174
0.41,1.6,1.01,1,N,14175
0.41,1.6,1.01,2,N,14176
0.41,1.6,1.01,3,N,14177
0.41,1.6,1.01,4,N,14178
0.41,1.6,1.01,5,N,14179
0.41,1.6,1.11,1,N,14180
0.41,1.6,1.11,2,N,14181
0.41,1.6,1.11,3,N,14182
0.41,1.6,1.11,4,N,14183
0.41,1.6,1.11,5,N,14184
0.41,1.6,1.3,1,N,14185
0.41,1.6,1.3,2,N,14186
0.41,1.6,1.3,3,N,14187
0.41,1.6,1.3,4,N,14188
0.41,1.6,1.3,5,N,14189
0.41,1.6,1.6,1,N,14190
0.41,1.6,1.6,2,N,14191
0.41,1.6,1.6,3,N,14192
0.41,1.6,1.6,4,N,14193
0.41,1.6,1.6,5,N,14194
0.41,1.6,1.9,1,N,14195
0.41,1.6,1.9,2,N,14196
0.41,1.6,1.9,3,N,14197
0.41,1.6,1.9,4,N,14198
0.41,1.6,1.9,5,N,14199
0.41,1.6,2.2,1,N,14200
0.41,1.6,2.2,2,N,14201
0.41,1.6,2.2,3,N,14202
0.41,1.6,2.2,4,N,14203
0.41,1.6,2.2,5,N,14204
0.41,1.6,2.5,1,N,14205
0.41,1.6,2.5,2,N,14206
0.41,1.6,2.5,3,N,14207
0.41,1.6,2.5,4,N,14208
0.41,1.6,2.5,5,N,14209
0.41,1.6,2.8000000000000003,1,N,14210
0.41,1.6,2.8000000000000003,2,N,14211
0.41,1.6,2.8000000000000003,3,N,14212
0.41,1.6,2.8000000000000003,4,N,14213
0.41,1.6,2.8000000000000003,5,N,14214
0.41,1.6,3.1000000000000005,1,N,14215
0.41,1.6,3.1000000000000005,2,N,14216
0.41,1.6,3.1000000000000005,3,N,14217
0.41,1.6,3.1000000000000005,4,N,14218
0.41,1.6,3.1000000000000005,5,N,14219
0.41,1.6,3.4000000000000004,1,N,14220
0.41,1.6,3.4000000000000004,2,N,14221
0.41,1.6,3.4000000000000004,3,N,14222
0.41,1.6,3.4000000000000004,4,N,14223
0.41,1.6,3.4000000000000004,5,N,14224
0.41,1.6,3.7,1,N,14225
0.41,1.6,3.7,2,N,14226
0.41,1.6,3.7,3,N,14227
0.41,1.6,3.7,4,N,14228
0.41,1.6,3.7,5,N,14229
0.41,1.6,4.0,1,N,14230
0.41,1.6,4.0,2,N,14231
0.41,1.6,4.0,3,N,14232
0.41,1.6,4.0,4,N,14233
0.41,1.6,4.0,5,N,14234
0.41,1.6,4.300000000000002,1,N,14235
0.41,1.6,4.300000000000002,2,N,14236
0.41,1.6,4.300000000000002,3,N,14237
0.41,1.6,4.300000000000002,4,N,14238
0.41,1.6,4.300000000000002,5,N,14239
0.41,1.6,4.6000000000000005,1,N,14240
0.41,1.6,4.6000000000000005,2,N,14241
0.41,1.6,4.6000000000000005,3,N,14242
0.41,1.6,4.6000000000000005,4,N,14243
0.41,1.6,4.6000000000000005,5,N,14244
0.41,1.6,4.9,1,N,14245
0.41,1.6,4.9,2,N,14246
0.41,1.6,4.9,3,N,14247
0.41,1.6,4.9,4,N,14248
0.41,1.6,4.9,5,N,14249
0.41,1.9,0.01,1,N,14250
0.41,1.9,0.01,2,N,14251
0.41,1.9,0.01,3,N,14252
0.41,1.9,0.01,4,N,14253
0.41,1.9,0.01,5,N,14254
0.41,1.9,0.11,1,N,14255
0.41,1.9,0.11,2,N,14256
0.41,1.9,0.11,3,N,14257
0.41,1.9,0.11,4,N,14258
0.41,1.9,0.11,5,N,14259
0.41,1.9,0.21,1,N,14260
0.41,1.9,0.21,2,N,14261
0.41,1.9,0.21,3,N,14262
0.41,1.9,0.21,4,N,14263
0.41,1.9,0.21,5,N,14264
0.41,1.9,0.31000000000000005,1,N,14265
0.41,1.9,0.31000000000000005,2,N,14266
0.41,1.9,0.31000000000000005,3,N,14267
0.41,1.9,0.31000000000000005,4,N,14268
0.41,1.9,0.31000000000000005,5,N,14269
0.41,1.9,0.41,1,N,14270
0.41,1.9,0.41,2,N,14271
0.41,1.9,0.41,3,N,14272
0.41,1.9,0.41,4,N,14273
0.41,1.9,0.41,5,N,14274
0.41,1.9,0.51,1,N,14275
0.41,1.9,0.51,2,N,14276
0.41,1.9,0.51,3,N,14277
0.41,1.9,0.51,4,N,14278
0.41,1.9,0.51,5,N,14279
0.41,1.9,0.6100000000000001,1,N,14280
0.41,1.9,0.6100000000000001,2,N,14281
0.41,1.9,0.6100000000000001,3,N,14282
0.41,1.9,0.6100000000000001,4,N,14283
0.41,1.9,0.6100000000000001,5,N,14284
0.41,1.9,0.7100000000000001,1,N,14285
0.41,1.9,0.7100000000000001,2,N,14286
0.41,1.9,0.7100000000000001,3,N,14287
0.41,1.9,0.7100000000000001,4,N,14288
0.41,1.9,0.7100000000000001,5,N,14289
0.41,1.9,0.81,1,N,14290
0.41,1.9,0.81,2,N,14291
0.41,1.9,0.81,3,N,14292
0.41,1.9,0.81,4,N,14293
0.41,1.9,0.81,5,N,14294
0.41,1.9,0.91,1,N,14295
0.41,1.9,0.91,2,N,14296
0.41,1.9,0.91,3,N,14297
0.41,1.9,0.91,4,N,14298
0.41,1.9,0.91,5,N,14299
0.41,1.9,1.01,1,N,14300
0.41,1.9,1.01,2,N,14301
0.41,1.9,1.01,3,N,14302
0.41,1.9,1.01,4,N,14303
0.41,1.9,1.01,5,N,14304
0.41,1.9,1.11,1,N,14305
0.41,1.9,1.11,2,N,14306
0.41,1.9,1.11,3,N,14307
0.41,1.9,1.11,4,N,14308
0.41,1.9,1.11,5,N,14309
0.41,1.9,1.3,1,N,14310
0.41,1.9,1.3,2,N,14311
0.41,1.9,1.3,3,N,14312
0.41,1.9,1.3,4,N,14313
0.41,1.9,1.3,5,N,14314
0.41,1.9,1.6,1,N,14315
0.41,1.9,1.6,2,N,14316
0.41,1.9,1.6,3,N,14317
0.41,1.9,1.6,4,N,14318
0.41,1.9,1.6,5,N,14319
0.41,1.9,1.9,1,N,14320
0.41,1.9,1.9,2,N,14321
0.41,1.9,1.9,3,N,14322
0.41,1.9,1.9,4,N,14323
0.41,1.9,1.9,5,N,14324
0.41,1.9,2.2,1,N,14325
0.41,1.9,2.2,2,N,14326
0.41,1.9,2.2,3,N,14327
0.41,1.9,2.2,4,N,14328
0.41,1.9,2.2,5,N,14329
0.41,1.9,2.5,1,N,14330
0.41,1.9,2.5,2,N,14331
0.41,1.9,2.5,3,N,14332
0.41,1.9,2.5,4,N,14333
0.41,1.9,2.5,5,N,14334
0.41,1.9,2.8000000000000003,1,N,14335
0.41,1.9,2.8000000000000003,2,N,14336
0.41,1.9,2.8000000000000003,3,N,14337
0.41,1.9,2.8000000000000003,4,N,14338
0.41,1.9,2.8000000000000003,5,N,14339
0.41,1.9,3.1000000000000005,1,N,14340
0.41,1.9,3.1000000000000005,2,N,14341
0.41,1.9,3.1000000000000005,3,N,14342
0.41,1.9,3.1000000000000005,4,N,14343
0.41,1.9,3.1000000000000005,5,N,14344
0.41,1.9,3.4000000000000004,1,N,14345
0.41,1.9,3.4000000000000004,2,N,14346
0.41,1.9,3.4000000000000004,3,N,14347
0.41,1.9,3.4000000000000004,4,N,14348
0.41,1.9,3.4000000000000004,5,N,14349
0.41,1.9,3.7,1,N,14350
0.41,1.9,3.7,2,N,14351
0.41,1.9,3.7,3,N,14352
0.41,1.9,3.7,4,N,14353
0.41,1.9,3.7,5,N,14354
0.41,1.9,4.0,1,N,14355
0.41,1.9,4.0,2,N,14356
0.41,1.9,4.0,3,N,14357
0.41,1.9,4.0,4,N,14358
0.41,1.9,4.0,5,N,14359
0.41,1.9,4.300000000000002,1,N,14360
0.41,1.9,4.300000000000002,2,N,14361
0.41,1.9,4.300000000000002,3,N,14362
0.41,1.9,4.300000000000002,4,N,14363
0.41,1.9,4.300000000000002,5,N,14364
0.41,1.9,4.6000000000000005,1,N,14365
0.41,1.9,4.6000000000000005,2,N,14366
0.41,1.9,4.6000000000000005,3,N,14367
0.41,1.9,4.6000000000000005,4,N,14368
0.41,1.9,4.6000000000000005,5,N,14369
0.41,1.9,4.9,1,N,14370
0.41,1.9,4.9,2,N,14371
0.41,1.9,4.9,3,N,14372
0.41,1.9,4.9,4,N,14373
0.41,1.9,4.9,5,N,14374
0.41,2.2,0.01,1,N,14375
0.41,2.2,0.01,2,N,14376
0.41,2.2,0.01,3,N,14377
0.41,2.2,0.01,4,N,14378
0.41,2.2,0.01,5,N,14379
0.41,2.2,0.11,1,N,14380
0.41,2.2,0.11,2,N,14381
0.41,2.2,0.11,3,N,14382
0.41,2.2,0.11,4,N,14383
0.41,2.2,0.11,5,N,14384
0.41,2.2,0.21,1,N,14385
0.41,2.2,0.21,2,N,14386
0.41,2.2,0.21,3,N,14387
0.41,2.2,0.21,4,N,14388
0.41,2.2,0.21,5,N,14389
0.41,2.2,0.31000000000000005,1,N,14390
0.41,2.2,0.31000000000000005,2,N,14391
0.41,2.2,0.31000000000000005,3,N,14392
0.41,2.2,0.31000000000000005,4,N,14393
0.41,2.2,0.31000000000000005,5,N,14394
0.41,2.2,0.41,1,N,14395
0.41,2.2,0.41,2,N,14396
0.41,2.2,0.41,3,N,14397
0.41,2.2,0.41,4,N,14398
0.41,2.2,0.41,5,N,14399
0.41,2.2,0.51,1,N,14400
0.41,2.2,0.51,2,N,14401
0.41,2.2,0.51,3,N,14402
0.41,2.2,0.51,4,N,14403
0.41,2.2,0.51,5,N,14404
0.41,2.2,0.6100000000000001,1,N,14405
0.41,2.2,0.6100000000000001,2,N,14406
0.41,2.2,0.6100000000000001,3,N,14407
0.41,2.2,0.6100000000000001,4,N,14408
0.41,2.2,0.6100000000000001,5,N,14409
0.41,2.2,0.7100000000000001,1,N,14410
0.41,2.2,0.7100000000000001,2,N,14411
0.41,2.2,0.7100000000000001,3,N,14412
0.41,2.2,0.7100000000000001,4,N,14413
0.41,2.2,0.7100000000000001,5,N,14414
0.41,2.2,0.81,1,N,14415
0.41,2.2,0.81,2,N,14416
0.41,2.2,0.81,3,N,14417
0.41,2.2,0.81,4,N,14418
0.41,2.2,0.81,5,N,14419
0.41,2.2,0.91,1,N,14420
0.41,2.2,0.91,2,N,14421
0.41,2.2,0.91,3,N,14422
0.41,2.2,0.91,4,N,14423
0.41,2.2,0.91,5,N,14424
0.41,2.2,1.01,1,N,14425
0.41,2.2,1.01,2,N,14426
0.41,2.2,1.01,3,N,14427
0.41,2.2,1.01,4,N,14428
0.41,2.2,1.01,5,N,14429
0.41,2.2,1.11,1,N,14430
0.41,2.2,1.11,2,N,14431
0.41,2.2,1.11,3,N,14432
0.41,2.2,1.11,4,N,14433
0.41,2.2,1.11,5,N,14434
0.41,2.2,1.3,1,N,14435
0.41,2.2,1.3,2,N,14436
0.41,2.2,1.3,3,N,14437
0.41,2.2,1.3,4,N,14438
0.41,2.2,1.3,5,N,14439
0.41,2.2,1.6,1,N,14440
0.41,2.2,1.6,2,N,14441
0.41,2.2,1.6,3,N,14442
0.41,2.2,1.6,4,N,14443
0.41,2.2,1.6,5,N,14444
0.41,2.2,1.9,1,N,14445
0.41,2.2,1.9,2,N,14446
0.41,2.2,1.9,3,N,14447
0.41,2.2,1.9,4,N,14448
0.41,2.2,1.9,5,N,14449
0.41,2.2,2.2,1,N,14450
0.41,2.2,2.2,2,N,14451
0.41,2.2,2.2,3,N,14452
0.41,2.2,2.2,4,N,14453
0.41,2.2,2.2,5,N,14454
0.41,2.2,2.5,1,N,14455
0.41,2.2,2.5,2,N,14456
0.41,2.2,2.5,3,N,14457
0.41,2.2,2.5,4,N,14458
0.41,2.2,2.5,5,N,14459
0.41,2.2,2.8000000000000003,1,N,14460
0.41,2.2,2.8000000000000003,2,N,14461
0.41,2.2,2.8000000000000003,3,N,14462
0.41,2.2,2.8000000000000003,4,N,14463
0.41,2.2,2.8000000000000003,5,N,14464
0.41,2.2,3.1000000000000005,1,N,14465
0.41,2.2,3.1000000000000005,2,N,14466
0.41,2.2,3.1000000000000005,3,N,14467
0.41,2.2,3.1000000000000005,4,N,14468
0.41,2.2,3.1000000000000005,5,N,14469
0.41,2.2,3.4000000000000004,1,N,14470
0.41,2.2,3.4000000000000004,2,N,14471
0.41,2.2,3.4000000000000004,3,N,14472
0.41,2.2,3.4000000000000004,4,N,14473
0.41,2.2,3.4000000000000004,5,N,14474
0.41,2.2,3.7,1,N,14475
0.41,2.2,3.7,2,N,14476
0.41,2.2,3.7,3,N,14477
0.41,2.2,3.7,4,N,14478
0.41,2.2,3.7,5,N,14479
0.41,2.2,4.0,1,N,14480
0.41,2.2,4.0,2,N,14481
0.41,2.2,4.0,3,N,14482
0.41,2.2,4.0,4,N,14483
0.41,2.2,4.0,5,N,14484
0.41,2.2,4.300000000000002,1,N,14485
0.41,2.2,4.300000000000002,2,N,14486
0.41,2.2,4.300000000000002,3,N,14487
0.41,2.2,4.300000000000002,4,N,14488
0.41,2.2,4.300000000000002,5,N,14489
0.41,2.2,4.6000000000000005,1,N,14490
0.41,2.2,4.6000000000000005,2,N,14491
0.41,2.2,4.6000000000000005,3,N,14492
0.41,2.2,4.6000000000000005,4,N,14493
0.41,2.2,4.6000000000000005,5,N,14494
0.41,2.2,4.9,1,N,14495
0.41,2.2,4.9,2,N,14496
0.41,2.2,4.9,3,N,14497
0.41,2.2,4.9,4,N,14498
0.41,2.2,4.9,5,N,14499
0.41,2.5,0.01,1,N,14500
0.41,2.5,0.01,2,N,14501
0.41,2.5,0.01,3,N,14502
0.41,2.5,0.01,4,N,14503
0.41,2.5,0.01,5,N,14504
0.41,2.5,0.11,1,N,14505
0.41,2.5,0.11,2,N,14506
0.41,2.5,0.11,3,N,14507
0.41,2.5,0.11,4,N,14508
0.41,2.5,0.11,5,N,14509
0.41,2.5,0.21,1,N,14510
0.41,2.5,0.21,2,N,14511
0.41,2.5,0.21,3,N,14512
0.41,2.5,0.21,4,N,14513
0.41,2.5,0.21,5,N,14514
0.41,2.5,0.31000000000000005,1,N,14515
0.41,2.5,0.31000000000000005,2,N,14516
0.41,2.5,0.31000000000000005,3,N,14517
0.41,2.5,0.31000000000000005,4,N,14518
0.41,2.5,0.31000000000000005,5,N,14519
0.41,2.5,0.41,1,N,14520
0.41,2.5,0.41,2,N,14521
0.41,2.5,0.41,3,N,14522
0.41,2.5,0.41,4,N,14523
0.41,2.5,0.41,5,N,14524
0.41,2.5,0.51,1,N,14525
0.41,2.5,0.51,2,N,14526
0.41,2.5,0.51,3,N,14527
0.41,2.5,0.51,4,N,14528
0.41,2.5,0.51,5,N,14529
0.41,2.5,0.6100000000000001,1,N,14530
0.41,2.5,0.6100000000000001,2,N,14531
0.41,2.5,0.6100000000000001,3,N,14532
0.41,2.5,0.6100000000000001,4,N,14533
0.41,2.5,0.6100000000000001,5,N,14534
0.41,2.5,0.7100000000000001,1,N,14535
0.41,2.5,0.7100000000000001,2,N,14536
0.41,2.5,0.7100000000000001,3,N,14537
0.41,2.5,0.7100000000000001,4,N,14538
0.41,2.5,0.7100000000000001,5,N,14539
0.41,2.5,0.81,1,N,14540
0.41,2.5,0.81,2,N,14541
0.41,2.5,0.81,3,N,14542
0.41,2.5,0.81,4,N,14543
0.41,2.5,0.81,5,N,14544
0.41,2.5,0.91,1,N,14545
0.41,2.5,0.91,2,N,14546
0.41,2.5,0.91,3,N,14547
0.41,2.5,0.91,4,N,14548
0.41,2.5,0.91,5,N,14549
0.41,2.5,1.01,1,N,14550
0.41,2.5,1.01,2,N,14551
0.41,2.5,1.01,3,N,14552
0.41,2.5,1.01,4,N,14553
0.41,2.5,1.01,5,N,14554
0.41,2.5,1.11,1,N,14555
0.41,2.5,1.11,2,N,14556
0.41,2.5,1.11,3,N,14557
0.41,2.5,1.11,4,N,14558
0.41,2.5,1.11,5,N,14559
0.41,2.5,1.3,1,N,14560
0.41,2.5,1.3,2,N,14561
0.41,2.5,1.3,3,N,14562
0.41,2.5,1.3,4,N,14563
0.41,2.5,1.3,5,N,14564
0.41,2.5,1.6,1,N,14565
0.41,2.5,1.6,2,N,14566
0.41,2.5,1.6,3,N,14567
0.41,2.5,1.6,4,N,14568
0.41,2.5,1.6,5,N,14569
0.41,2.5,1.9,1,N,14570
0.41,2.5,1.9,2,N,14571
0.41,2.5,1.9,3,N,14572
0.41,2.5,1.9,4,N,14573
0.41,2.5,1.9,5,N,14574
0.41,2.5,2.2,1,N,14575
0.41,2.5,2.2,2,N,14576
0.41,2.5,2.2,3,N,14577
0.41,2.5,2.2,4,N,14578
0.41,2.5,2.2,5,N,14579
0.41,2.5,2.5,1,N,14580
0.41,2.5,2.5,2,N,14581
0.41,2.5,2.5,3,N,14582
0.41,2.5,2.5,4,N,14583
0.41,2.5,2.5,5,N,14584
0.41,2.5,2.8000000000000003,1,N,14585
0.41,2.5,2.8000000000000003,2,N,14586
0.41,2.5,2.8000000000000003,3,N,14587
0.41,2.5,2.8000000000000003,4,N,14588
0.41,2.5,2.8000000000000003,5,N,14589
0.41,2.5,3.1000000000000005,1,N,14590
0.41,2.5,3.1000000000000005,2,N,14591
0.41,2.5,3.1000000000000005,3,N,14592
0.41,2.5,3.1000000000000005,4,N,14593
0.41,2.5,3.1000000000000005,5,N,14594
0.41,2.5,3.4000000000000004,1,N,14595
0.41,2.5,3.4000000000000004,2,N,14596
0.41,2.5,3.4000000000000004,3,N,14597
0.41,2.5,3.4000000000000004,4,N,14598
0.41,2.5,3.4000000000000004,5,N,14599
0.41,2.5,3.7,1,N,14600
0.41,2.5,3.7,2,N,14601
0.41,2.5,3.7,3,N,14602
0.41,2.5,3.7,4,N,14603
0.41,2.5,3.7,5,N,14604
0.41,2.5,4.0,1,N,14605
0.41,2.5,4.0,2,N,14606
0.41,2.5,4.0,3,N,14607
0.41,2.5,4.0,4,N,14608
0.41,2.5,4.0,5,N,14609
0.41,2.5,4.300000000000002,1,N,14610
0.41,2.5,4.300000000000002,2,N,14611
0.41,2.5,4.300000000000002,3,N,14612
0.41,2.5,4.300000000000002,4,N,14613
0.41,2.5,4.300000000000002,5,N,14614
0.41,2.5,4.6000000000000005,1,N,14615
0.41,2.5,4.6000000000000005,2,N,14616
0.41,2.5,4.6000000000000005,3,N,14617
0.41,2.5,4.6000000000000005,4,N,14618
0.41,2.5,4.6000000000000005,5,N,14619
0.41,2.5,4.9,1,N,14620
0.41,2.5,4.9,2,N,14621
0.41,2.5,4.9,3,N,14622
0.41,2.5,4.9,4,N,14623
0.41,2.5,4.9,5,N,14624
0.41,2.8000000000000003,0.01,1,N,14625
0.41,2.8000000000000003,0.01,2,N,14626
0.41,2.8000000000000003,0.01,3,N,14627
0.41,2.8000000000000003,0.01,4,N,14628
0.41,2.8000000000000003,0.01,5,N,14629
0.41,2.8000000000000003,0.11,1,N,14630
0.41,2.8000000000000003,0.11,2,N,14631
0.41,2.8000000000000003,0.11,3,N,14632
0.41,2.8000000000000003,0.11,4,N,14633
0.41,2.8000000000000003,0.11,5,N,14634
0.41,2.8000000000000003,0.21,1,N,14635
0.41,2.8000000000000003,0.21,2,N,14636
0.41,2.8000000000000003,0.21,3,N,14637
0.41,2.8000000000000003,0.21,4,N,14638
0.41,2.8000000000000003,0.21,5,N,14639
0.41,2.8000000000000003,0.31000000000000005,1,N,14640
0.41,2.8000000000000003,0.31000000000000005,2,N,14641
0.41,2.8000000000000003,0.31000000000000005,3,N,14642
0.41,2.8000000000000003,0.31000000000000005,4,N,14643
0.41,2.8000000000000003,0.31000000000000005,5,N,14644
0.41,2.8000000000000003,0.41,1,N,14645
0.41,2.8000000000000003,0.41,2,N,14646
0.41,2.8000000000000003,0.41,3,N,14647
0.41,2.8000000000000003,0.41,4,N,14648
0.41,2.8000000000000003,0.41,5,N,14649
0.41,2.8000000000000003,0.51,1,N,14650
0.41,2.8000000000000003,0.51,2,N,14651
0.41,2.8000000000000003,0.51,3,N,14652
0.41,2.8000000000000003,0.51,4,N,14653
0.41,2.8000000000000003,0.51,5,N,14654
0.41,2.8000000000000003,0.6100000000000001,1,N,14655
0.41,2.8000000000000003,0.6100000000000001,2,N,14656
0.41,2.8000000000000003,0.6100000000000001,3,N,14657
0.41,2.8000000000000003,0.6100000000000001,4,N,14658
0.41,2.8000000000000003,0.6100000000000001,5,N,14659
0.41,2.8000000000000003,0.7100000000000001,1,N,14660
0.41,2.8000000000000003,0.7100000000000001,2,N,14661
0.41,2.8000000000000003,0.7100000000000001,3,N,14662
0.41,2.8000000000000003,0.7100000000000001,4,N,14663
0.41,2.8000000000000003,0.7100000000000001,5,N,14664
0.41,2.8000000000000003,0.81,1,N,14665
0.41,2.8000000000000003,0.81,2,N,14666
0.41,2.8000000000000003,0.81,3,N,14667
0.41,2.8000000000000003,0.81,4,N,14668
0.41,2.8000000000000003,0.81,5,N,14669
0.41,2.8000000000000003,0.91,1,N,14670
0.41,2.8000000000000003,0.91,2,N,14671
0.41,2.8000000000000003,0.91,3,N,14672
0.41,2.8000000000000003,0.91,4,N,14673
0.41,2.8000000000000003,0.91,5,N,14674
0.41,2.8000000000000003,1.01,1,N,14675
0.41,2.8000000000000003,1.01,2,N,14676
0.41,2.8000000000000003,1.01,3,N,14677
0.41,2.8000000000000003,1.01,4,N,14678
0.41,2.8000000000000003,1.01,5,N,14679
0.41,2.8000000000000003,1.11,1,N,14680
0.41,2.8000000000000003,1.11,2,N,14681
0.41,2.8000000000000003,1.11,3,N,14682
0.41,2.8000000000000003,1.11,4,N,14683
0.41,2.8000000000000003,1.11,5,N,14684
0.41,2.8000000000000003,1.3,1,N,14685
0.41,2.8000000000000003,1.3,2,N,14686
0.41,2.8000000000000003,1.3,3,N,14687
0.41,2.8000000000000003,1.3,4,N,14688
0.41,2.8000000000000003,1.3,5,N,14689
0.41,2.8000000000000003,1.6,1,N,14690
0.41,2.8000000000000003,1.6,2,N,14691
0.41,2.8000000000000003,1.6,3,N,14692
0.41,2.8000000000000003,1.6,4,N,14693
0.41,2.8000000000000003,1.6,5,N,14694
0.41,2.8000000000000003,1.9,1,N,14695
0.41,2.8000000000000003,1.9,2,N,14696
0.41,2.8000000000000003,1.9,3,N,14697
0.41,2.8000000000000003,1.9,4,N,14698
0.41,2.8000000000000003,1.9,5,N,14699
0.41,2.8000000000000003,2.2,1,N,14700
0.41,2.8000000000000003,2.2,2,N,14701
0.41,2.8000000000000003,2.2,3,N,14702
0.41,2.8000000000000003,2.2,4,N,14703
0.41,2.8000000000000003,2.2,5,N,14704
0.41,2.8000000000000003,2.5,1,N,14705
0.41,2.8000000000000003,2.5,2,N,14706
0.41,2.8000000000000003,2.5,3,N,14707
0.41,2.8000000000000003,2.5,4,N,14708
0.41,2.8000000000000003,2.5,5,N,14709
0.41,2.8000000000000003,2.8000000000000003,1,N,14710
0.41,2.8000000000000003,2.8000000000000003,2,N,14711
0.41,2.8000000000000003,2.8000000000000003,3,N,14712
0.41,2.8000000000000003,2.8000000000000003,4,N,14713
0.41,2.8000000000000003,2.8000000000000003,5,N,14714
0.41,2.8000000000000003,3.1000000000000005,1,N,14715
0.41,2.8000000000000003,3.1000000000000005,2,N,14716
0.41,2.8000000000000003,3.1000000000000005,3,N,14717
0.41,2.8000000000000003,3.1000000000000005,4,N,14718
0.41,2.8000000000000003,3.1000000000000005,5,N,14719
0.41,2.8000000000000003,3.4000000000000004,1,N,14720
0.41,2.8000000000000003,3.4000000000000004,2,N,14721
0.41,2.8000000000000003,3.4000000000000004,3,N,14722
0.41,2.8000000000000003,3.4000000000000004,4,N,14723
0.41,2.8000000000000003,3.4000000000000004,5,N,14724
0.41,2.8000000000000003,3.7,1,N,14725
0.41,2.8000000000000003,3.7,2,N,14726
0.41,2.8000000000000003,3.7,3,N,14727
0.41,2.8000000000000003,3.7,4,N,14728
0.41,2.8000000000000003,3.7,5,N,14729
0.41,2.8000000000000003,4.0,1,N,14730
0.41,2.8000000000000003,4.0,2,N,14731
0.41,2.8000000000000003,4.0,3,N,14732
0.41,2.8000000000000003,4.0,4,N,14733
0.41,2.8000000000000003,4.0,5,N,14734
0.41,2.8000000000000003,4.300000000000002,1,N,14735
0.41,2.8000000000000003,4.300000000000002,2,N,14736
0.41,2.8000000000000003,4.300000000000002,3,N,14737
0.41,2.8000000000000003,4.300000000000002,4,N,14738
0.41,2.8000000000000003,4.300000000000002,5,N,14739
0.41,2.8000000000000003,4.6000000000000005,1,N,14740
0.41,2.8000000000000003,4.6000000000000005,2,N,14741
0.41,2.8000000000000003,4.6000000000000005,3,N,14742
0.41,2.8000000000000003,4.6000000000000005,4,N,14743
0.41,2.8000000000000003,4.6000000000000005,5,N,14744
0.41,2.8000000000000003,4.9,1,N,14745
0.41,2.8000000000000003,4.9,2,N,14746
0.41,2.8000000000000003,4.9,3,N,14747
0.41,2.8000000000000003,4.9,4,N,14748
0.41,2.8000000000000003,4.9,5,N,14749
0.41,3.1000000000000005,0.01,1,N,14750
0.41,3.1000000000000005,0.01,2,N,14751
0.41,3.1000000000000005,0.01,3,N,14752
0.41,3.1000000000000005,0.01,4,N,14753
0.41,3.1000000000000005,0.01,5,N,14754
0.41,3.1000000000000005,0.11,1,N,14755
0.41,3.1000000000000005,0.11,2,N,14756
0.41,3.1000000000000005,0.11,3,N,14757
0.41,3.1000000000000005,0.11,4,N,14758
0.41,3.1000000000000005,0.11,5,N,14759
0.41,3.1000000000000005,0.21,1,N,14760
0.41,3.1000000000000005,0.21,2,N,14761
0.41,3.1000000000000005,0.21,3,N,14762
0.41,3.1000000000000005,0.21,4,N,14763
0.41,3.1000000000000005,0.21,5,N,14764
0.41,3.1000000000000005,0.31000000000000005,1,N,14765
0.41,3.1000000000000005,0.31000000000000005,2,N,14766
0.41,3.1000000000000005,0.31000000000000005,3,N,14767
0.41,3.1000000000000005,0.31000000000000005,4,N,14768
0.41,3.1000000000000005,0.31000000000000005,5,N,14769
0.41,3.1000000000000005,0.41,1,N,14770
0.41,3.1000000000000005,0.41,2,N,14771
0.41,3.1000000000000005,0.41,3,N,14772
0.41,3.1000000000000005,0.41,4,N,14773
0.41,3.1000000000000005,0.41,5,N,14774
0.41,3.1000000000000005,0.51,1,N,14775
0.41,3.1000000000000005,0.51,2,N,14776
0.41,3.1000000000000005,0.51,3,N,14777
0.41,3.1000000000000005,0.51,4,N,14778
0.41,3.1000000000000005,0.51,5,N,14779
0.41,3.1000000000000005,0.6100000000000001,1,N,14780
0.41,3.1000000000000005,0.6100000000000001,2,N,14781
0.41,3.1000000000000005,0.6100000000000001,3,N,14782
0.41,3.1000000000000005,0.6100000000000001,4,N,14783
0.41,3.1000000000000005,0.6100000000000001,5,N,14784
0.41,3.1000000000000005,0.7100000000000001,1,N,14785
0.41,3.1000000000000005,0.7100000000000001,2,N,14786
0.41,3.1000000000000005,0.7100000000000001,3,N,14787
0.41,3.1000000000000005,0.7100000000000001,4,N,14788
0.41,3.1000000000000005,0.7100000000000001,5,N,14789
0.41,3.1000000000000005,0.81,1,N,14790
0.41,3.1000000000000005,0.81,2,N,14791
0.41,3.1000000000000005,0.81,3,N,14792
0.41,3.1000000000000005,0.81,4,N,14793
0.41,3.1000000000000005,0.81,5,N,14794
0.41,3.1000000000000005,0.91,1,N,14795
0.41,3.1000000000000005,0.91,2,N,14796
0.41,3.1000000000000005,0.91,3,N,14797
0.41,3.1000000000000005,0.91,4,N,14798
0.41,3.1000000000000005,0.91,5,N,14799
0.41,3.1000000000000005,1.01,1,N,14800
0.41,3.1000000000000005,1.01,2,N,14801
0.41,3.1000000000000005,1.01,3,N,14802
0.41,3.1000000000000005,1.01,4,N,14803
0.41,3.1000000000000005,1.01,5,N,14804
0.41,3.1000000000000005,1.11,1,N,14805
0.41,3.1000000000000005,1.11,2,N,14806
0.41,3.1000000000000005,1.11,3,N,14807
0.41,3.1000000000000005,1.11,4,N,14808
0.41,3.1000000000000005,1.11,5,N,14809
0.41,3.1000000000000005,1.3,1,N,14810
0.41,3.1000000000000005,1.3,2,N,14811
0.41,3.1000000000000005,1.3,3,N,14812
0.41,3.1000000000000005,1.3,4,N,14813
0.41,3.1000000000000005,1.3,5,N,14814
0.41,3.1000000000000005,1.6,1,N,14815
0.41,3.1000000000000005,1.6,2,N,14816
0.41,3.1000000000000005,1.6,3,N,14817
0.41,3.1000000000000005,1.6,4,N,14818
0.41,3.1000000000000005,1.6,5,N,14819
0.41,3.1000000000000005,1.9,1,N,14820
0.41,3.1000000000000005,1.9,2,N,14821
0.41,3.1000000000000005,1.9,3,N,14822
0.41,3.1000000000000005,1.9,4,N,14823
0.41,3.1000000000000005,1.9,5,N,14824
0.41,3.1000000000000005,2.2,1,N,14825
0.41,3.1000000000000005,2.2,2,N,14826
0.41,3.1000000000000005,2.2,3,N,14827
0.41,3.1000000000000005,2.2,4,N,14828
0.41,3.1000000000000005,2.2,5,N,14829
0.41,3.1000000000000005,2.5,1,N,14830
0.41,3.1000000000000005,2.5,2,N,14831
0.41,3.1000000000000005,2.5,3,N,14832
0.41,3.1000000000000005,2.5,4,N,14833
0.41,3.1000000000000005,2.5,5,N,14834
0.41,3.1000000000000005,2.8000000000000003,1,N,14835
0.41,3.1000000000000005,2.8000000000000003,2,N,14836
0.41,3.1000000000000005,2.8000000000000003,3,N,14837
0.41,3.1000000000000005,2.8000000000000003,4,N,14838
0.41,3.1000000000000005,2.8000000000000003,5,N,14839
0.41,3.1000000000000005,3.1000000000000005,1,N,14840
0.41,3.1000000000000005,3.1000000000000005,2,N,14841
0.41,3.1000000000000005,3.1000000000000005,3,N,14842
0.41,3.1000000000000005,3.1000000000000005,4,N,14843
0.41,3.1000000000000005,3.1000000000000005,5,N,14844
0.41,3.1000000000000005,3.4000000000000004,1,N,14845
0.41,3.1000000000000005,3.4000000000000004,2,N,14846
0.41,3.1000000000000005,3.4000000000000004,3,N,14847
0.41,3.1000000000000005,3.4000000000000004,4,N,14848
0.41,3.1000000000000005,3.4000000000000004,5,N,14849
0.41,3.1000000000000005,3.7,1,N,14850
0.41,3.1000000000000005,3.7,2,N,14851
0.41,3.1000000000000005,3.7,3,N,14852
0.41,3.1000000000000005,3.7,4,N,14853
0.41,3.1000000000000005,3.7,5,N,14854
0.41,3.1000000000000005,4.0,1,N,14855
0.41,3.1000000000000005,4.0,2,N,14856
0.41,3.1000000000000005,4.0,3,N,14857
0.41,3.1000000000000005,4.0,4,N,14858
0.41,3.1000000000000005,4.0,5,N,14859
0.41,3.1000000000000005,4.300000000000002,1,N,14860
0.41,3.1000000000000005,4.300000000000002,2,N,14861
0.41,3.1000000000000005,4.300000000000002,3,N,14862
0.41,3.1000000000000005,4.300000000000002,4,N,14863
0.41,3.1000000000000005,4.300000000000002,5,N,14864
0.41,3.1000000000000005,4.6000000000000005,1,N,14865
0.41,3.1000000000000005,4.6000000000000005,2,N,14866
0.41,3.1000000000000005,4.6000000000000005,3,N,14867
0.41,3.1000000000000005,4.6000000000000005,4,N,14868
0.41,3.1000000000000005,4.6000000000000005,5,N,14869
0.41,3.1000000000000005,4.9,1,N,14870
0.41,3.1000000000000005,4.9,2,N,14871
0.41,3.1000000000000005,4.9,3,N,14872
0.41,3.1000000000000005,4.9,4,N,14873
0.41,3.1000000000000005,4.9,5,N,14874
0.41,3.4000000000000004,0.01,1,N,14875
0.41,3.4000000000000004,0.01,2,N,14876
0.41,3.4000000000000004,0.01,3,N,14877
0.41,3.4000000000000004,0.01,4,N,14878
0.41,3.4000000000000004,0.01,5,N,14879
0.41,3.4000000000000004,0.11,1,N,14880
0.41,3.4000000000000004,0.11,2,N,14881
0.41,3.4000000000000004,0.11,3,N,14882
0.41,3.4000000000000004,0.11,4,N,14883
0.41,3.4000000000000004,0.11,5,N,14884
0.41,3.4000000000000004,0.21,1,N,14885
0.41,3.4000000000000004,0.21,2,N,14886
0.41,3.4000000000000004,0.21,3,N,14887
0.41,3.4000000000000004,0.21,4,N,14888
0.41,3.4000000000000004,0.21,5,N,14889
0.41,3.4000000000000004,0.31000000000000005,1,N,14890
0.41,3.4000000000000004,0.31000000000000005,2,N,14891
0.41,3.4000000000000004,0.31000000000000005,3,N,14892
0.41,3.4000000000000004,0.31000000000000005,4,N,14893
0.41,3.4000000000000004,0.31000000000000005,5,N,14894
0.41,3.4000000000000004,0.41,1,N,14895
0.41,3.4000000000000004,0.41,2,N,14896
0.41,3.4000000000000004,0.41,3,N,14897
0.41,3.4000000000000004,0.41,4,N,14898
0.41,3.4000000000000004,0.41,5,N,14899
0.41,3.4000000000000004,0.51,1,N,14900
0.41,3.4000000000000004,0.51,2,N,14901
0.41,3.4000000000000004,0.51,3,N,14902
0.41,3.4000000000000004,0.51,4,N,14903
0.41,3.4000000000000004,0.51,5,N,14904
0.41,3.4000000000000004,0.6100000000000001,1,N,14905
0.41,3.4000000000000004,0.6100000000000001,2,N,14906
0.41,3.4000000000000004,0.6100000000000001,3,N,14907
0.41,3.4000000000000004,0.6100000000000001,4,N,14908
0.41,3.4000000000000004,0.6100000000000001,5,N,14909
0.41,3.4000000000000004,0.7100000000000001,1,N,14910
0.41,3.4000000000000004,0.7100000000000001,2,N,14911
0.41,3.4000000000000004,0.7100000000000001,3,N,14912
0.41,3.4000000000000004,0.7100000000000001,4,N,14913
0.41,3.4000000000000004,0.7100000000000001,5,N,14914
0.41,3.4000000000000004,0.81,1,N,14915
0.41,3.4000000000000004,0.81,2,N,14916
0.41,3.4000000000000004,0.81,3,N,14917
0.41,3.4000000000000004,0.81,4,N,14918
0.41,3.4000000000000004,0.81,5,N,14919
0.41,3.4000000000000004,0.91,1,N,14920
0.41,3.4000000000000004,0.91,2,N,14921
0.41,3.4000000000000004,0.91,3,N,14922
0.41,3.4000000000000004,0.91,4,N,14923
0.41,3.4000000000000004,0.91,5,N,14924
0.41,3.4000000000000004,1.01,1,N,14925
0.41,3.4000000000000004,1.01,2,N,14926
0.41,3.4000000000000004,1.01,3,N,14927
0.41,3.4000000000000004,1.01,4,N,14928
0.41,3.4000000000000004,1.01,5,N,14929
0.41,3.4000000000000004,1.11,1,N,14930
0.41,3.4000000000000004,1.11,2,N,14931
0.41,3.4000000000000004,1.11,3,N,14932
0.41,3.4000000000000004,1.11,4,N,14933
0.41,3.4000000000000004,1.11,5,N,14934
0.41,3.4000000000000004,1.3,1,N,14935
0.41,3.4000000000000004,1.3,2,N,14936
0.41,3.4000000000000004,1.3,3,N,14937
0.41,3.4000000000000004,1.3,4,N,14938
0.41,3.4000000000000004,1.3,5,N,14939
0.41,3.4000000000000004,1.6,1,N,14940
0.41,3.4000000000000004,1.6,2,N,14941
0.41,3.4000000000000004,1.6,3,N,14942
0.41,3.4000000000000004,1.6,4,N,14943
0.41,3.4000000000000004,1.6,5,N,14944
0.41,3.4000000000000004,1.9,1,N,14945
0.41,3.4000000000000004,1.9,2,N,14946
0.41,3.4000000000000004,1.9,3,N,14947
0.41,3.4000000000000004,1.9,4,N,14948
0.41,3.4000000000000004,1.9,5,N,14949
0.41,3.4000000000000004,2.2,1,N,14950
0.41,3.4000000000000004,2.2,2,N,14951
0.41,3.4000000000000004,2.2,3,N,14952
0.41,3.4000000000000004,2.2,4,N,14953
0.41,3.4000000000000004,2.2,5,N,14954
0.41,3.4000000000000004,2.5,1,N,14955
0.41,3.4000000000000004,2.5,2,N,14956
0.41,3.4000000000000004,2.5,3,N,14957
0.41,3.4000000000000004,2.5,4,N,14958
0.41,3.4000000000000004,2.5,5,N,14959
0.41,3.4000000000000004,2.8000000000000003,1,N,14960
0.41,3.4000000000000004,2.8000000000000003,2,N,14961
0.41,3.4000000000000004,2.8000000000000003,3,N,14962
0.41,3.4000000000000004,2.8000000000000003,4,N,14963
0.41,3.4000000000000004,2.8000000000000003,5,N,14964
0.41,3.4000000000000004,3.1000000000000005,1,N,14965
0.41,3.4000000000000004,3.1000000000000005,2,N,14966
0.41,3.4000000000000004,3.1000000000000005,3,N,14967
0.41,3.4000000000000004,3.1000000000000005,4,N,14968
0.41,3.4000000000000004,3.1000000000000005,5,N,14969
0.41,3.4000000000000004,3.4000000000000004,1,N,14970
0.41,3.4000000000000004,3.4000000000000004,2,N,14971
0.41,3.4000000000000004,3.4000000000000004,3,N,14972
0.41,3.4000000000000004,3.4000000000000004,4,N,14973
0.41,3.4000000000000004,3.4000000000000004,5,N,14974
0.41,3.4000000000000004,3.7,1,N,14975
0.41,3.4000000000000004,3.7,2,N,14976
0.41,3.4000000000000004,3.7,3,N,14977
0.41,3.4000000000000004,3.7,4,N,14978
0.41,3.4000000000000004,3.7,5,N,14979
0.41,3.4000000000000004,4.0,1,N,14980
0.41,3.4000000000000004,4.0,2,N,14981
0.41,3.4000000000000004,4.0,3,N,14982
0.41,3.4000000000000004,4.0,4,N,14983
0.41,3.4000000000000004,4.0,5,N,14984
0.41,3.4000000000000004,4.300000000000002,1,N,14985
0.41,3.4000000000000004,4.300000000000002,2,N,14986
0.41,3.4000000000000004,4.300000000000002,3,N,14987
0.41,3.4000000000000004,4.300000000000002,4,N,14988
0.41,3.4000000000000004,4.300000000000002,5,N,14989
0.41,3.4000000000000004,4.6000000000000005,1,N,14990
0.41,3.4000000000000004,4.6000000000000005,2,N,14991
0.41,3.4000000000000004,4.6000000000000005,3,N,14992
0.41,3.4000000000000004,4.6000000000000005,4,N,14993
0.41,3.4000000000000004,4.6000000000000005,5,N,14994
0.41,3.4000000000000004,4.9,1,N,14995
0.41,3.4000000000000004,4.9,2,N,14996
0.41,3.4000000000000004,4.9,3,N,14997
0.41,3.4000000000000004,4.9,4,N,14998
0.41,3.4000000000000004,4.9,5,N,14999
0.41,3.7,0.01,1,N,15000
0.41,3.7,0.01,2,N,15001
0.41,3.7,0.01,3,N,15002
0.41,3.7,0.01,4,N,15003
0.41,3.7,0.01,5,N,15004
0.41,3.7,0.11,1,N,15005
0.41,3.7,0.11,2,N,15006
0.41,3.7,0.11,3,N,15007
0.41,3.7,0.11,4,N,15008
0.41,3.7,0.11,5,N,15009
0.41,3.7,0.21,1,N,15010
0.41,3.7,0.21,2,N,15011
0.41,3.7,0.21,3,N,15012
0.41,3.7,0.21,4,N,15013
0.41,3.7,0.21,5,N,15014
0.41,3.7,0.31000000000000005,1,N,15015
0.41,3.7,0.31000000000000005,2,N,15016
0.41,3.7,0.31000000000000005,3,N,15017
0.41,3.7,0.31000000000000005,4,N,15018
0.41,3.7,0.31000000000000005,5,N,15019
0.41,3.7,0.41,1,N,15020
0.41,3.7,0.41,2,N,15021
0.41,3.7,0.41,3,N,15022
0.41,3.7,0.41,4,N,15023
0.41,3.7,0.41,5,N,15024
0.41,3.7,0.51,1,N,15025
0.41,3.7,0.51,2,N,15026
0.41,3.7,0.51,3,N,15027
0.41,3.7,0.51,4,N,15028
0.41,3.7,0.51,5,N,15029
0.41,3.7,0.6100000000000001,1,N,15030
0.41,3.7,0.6100000000000001,2,N,15031
0.41,3.7,0.6100000000000001,3,N,15032
0.41,3.7,0.6100000000000001,4,N,15033
0.41,3.7,0.6100000000000001,5,N,15034
0.41,3.7,0.7100000000000001,1,N,15035
0.41,3.7,0.7100000000000001,2,N,15036
0.41,3.7,0.7100000000000001,3,N,15037
0.41,3.7,0.7100000000000001,4,N,15038
0.41,3.7,0.7100000000000001,5,N,15039
0.41,3.7,0.81,1,N,15040
0.41,3.7,0.81,2,N,15041
0.41,3.7,0.81,3,N,15042
0.41,3.7,0.81,4,N,15043
0.41,3.7,0.81,5,N,15044
0.41,3.7,0.91,1,N,15045
0.41,3.7,0.91,2,N,15046
0.41,3.7,0.91,3,N,15047
0.41,3.7,0.91,4,N,15048
0.41,3.7,0.91,5,N,15049
0.41,3.7,1.01,1,N,15050
0.41,3.7,1.01,2,N,15051
0.41,3.7,1.01,3,N,15052
0.41,3.7,1.01,4,N,15053
0.41,3.7,1.01,5,N,15054
0.41,3.7,1.11,1,N,15055
0.41,3.7,1.11,2,N,15056
0.41,3.7,1.11,3,N,15057
0.41,3.7,1.11,4,N,15058
0.41,3.7,1.11,5,N,15059
0.41,3.7,1.3,1,N,15060
0.41,3.7,1.3,2,N,15061
0.41,3.7,1.3,3,N,15062
0.41,3.7,1.3,4,N,15063
0.41,3.7,1.3,5,N,15064
0.41,3.7,1.6,1,N,15065
0.41,3.7,1.6,2,N,15066
0.41,3.7,1.6,3,N,15067
0.41,3.7,1.6,4,N,15068
0.41,3.7,1.6,5,N,15069
0.41,3.7,1.9,1,N,15070
0.41,3.7,1.9,2,N,15071
0.41,3.7,1.9,3,N,15072
0.41,3.7,1.9,4,N,15073
0.41,3.7,1.9,5,N,15074
0.41,3.7,2.2,1,N,15075
0.41,3.7,2.2,2,N,15076
0.41,3.7,2.2,3,N,15077
0.41,3.7,2.2,4,N,15078
0.41,3.7,2.2,5,N,15079
0.41,3.7,2.5,1,N,15080
0.41,3.7,2.5,2,N,15081
0.41,3.7,2.5,3,N,15082
0.41,3.7,2.5,4,N,15083
0.41,3.7,2.5,5,N,15084
0.41,3.7,2.8000000000000003,1,N,15085
0.41,3.7,2.8000000000000003,2,N,15086
0.41,3.7,2.8000000000000003,3,N,15087
0.41,3.7,2.8000000000000003,4,N,15088
0.41,3.7,2.8000000000000003,5,N,15089
0.41,3.7,3.1000000000000005,1,N,15090
0.41,3.7,3.1000000000000005,2,N,15091
0.41,3.7,3.1000000000000005,3,N,15092
0.41,3.7,3.1000000000000005,4,N,15093
0.41,3.7,3.1000000000000005,5,N,15094
0.41,3.7,3.4000000000000004,1,N,15095
0.41,3.7,3.4000000000000004,2,N,15096
0.41,3.7,3.4000000000000004,3,N,15097
0.41,3.7,3.4000000000000004,4,N,15098
0.41,3.7,3.4000000000000004,5,N,15099
0.41,3.7,3.7,1,N,15100
0.41,3.7,3.7,2,N,15101
0.41,3.7,3.7,3,N,15102
0.41,3.7,3.7,4,N,15103
0.41,3.7,3.7,5,N,15104
0.41,3.7,4.0,1,N,15105
0.41,3.7,4.0,2,N,15106
0.41,3.7,4.0,3,N,15107
0.41,3.7,4.0,4,N,15108
0.41,3.7,4.0,5,N,15109
0.41,3.7,4.300000000000002,1,N,15110
0.41,3.7,4.300000000000002,2,N,15111
0.41,3.7,4.300000000000002,3,N,15112
0.41,3.7,4.300000000000002,4,N,15113
0.41,3.7,4.300000000000002,5,N,15114
0.41,3.7,4.6000000000000005,1,N,15115
0.41,3.7,4.6000000000000005,2,N,15116
0.41,3.7,4.6000000000000005,3,N,15117
0.41,3.7,4.6000000000000005,4,N,15118
0.41,3.7,4.6000000000000005,5,N,15119
0.41,3.7,4.9,1,N,15120
0.41,3.7,4.9,2,N,15121
0.41,3.7,4.9,3,N,15122
0.41,3.7,4.9,4,N,15123
0.41,3.7,4.9,5,N,15124
0.41,4.0,0.01,1,N,15125
0.41,4.0,0.01,2,N,15126
0.41,4.0,0.01,3,N,15127
0.41,4.0,0.01,4,N,15128
0.41,4.0,0.01,5,N,15129
0.41,4.0,0.11,1,N,15130
0.41,4.0,0.11,2,N,15131
0.41,4.0,0.11,3,N,15132
0.41,4.0,0.11,4,N,15133
0.41,4.0,0.11,5,N,15134
0.41,4.0,0.21,1,N,15135
0.41,4.0,0.21,2,N,15136
0.41,4.0,0.21,3,N,15137
0.41,4.0,0.21,4,N,15138
0.41,4.0,0.21,5,N,15139
0.41,4.0,0.31000000000000005,1,N,15140
0.41,4.0,0.31000000000000005,2,N,15141
0.41,4.0,0.31000000000000005,3,N,15142
0.41,4.0,0.31000000000000005,4,N,15143
0.41,4.0,0.31000000000000005,5,N,15144
0.41,4.0,0.41,1,N,15145
0.41,4.0,0.41,2,N,15146
0.41,4.0,0.41,3,N,15147
0.41,4.0,0.41,4,N,15148
0.41,4.0,0.41,5,N,15149
0.41,4.0,0.51,1,N,15150
0.41,4.0,0.51,2,N,15151
0.41,4.0,0.51,3,N,15152
0.41,4.0,0.51,4,N,15153
0.41,4.0,0.51,5,N,15154
0.41,4.0,0.6100000000000001,1,N,15155
0.41,4.0,0.6100000000000001,2,N,15156
0.41,4.0,0.6100000000000001,3,N,15157
0.41,4.0,0.6100000000000001,4,N,15158
0.41,4.0,0.6100000000000001,5,N,15159
0.41,4.0,0.7100000000000001,1,N,15160
0.41,4.0,0.7100000000000001,2,N,15161
0.41,4.0,0.7100000000000001,3,N,15162
0.41,4.0,0.7100000000000001,4,N,15163
0.41,4.0,0.7100000000000001,5,N,15164
0.41,4.0,0.81,1,N,15165
0.41,4.0,0.81,2,N,15166
0.41,4.0,0.81,3,N,15167
0.41,4.0,0.81,4,N,15168
0.41,4.0,0.81,5,N,15169
0.41,4.0,0.91,1,N,15170
0.41,4.0,0.91,2,N,15171
0.41,4.0,0.91,3,N,15172
0.41,4.0,0.91,4,N,15173
0.41,4.0,0.91,5,N,15174
0.41,4.0,1.01,1,N,15175
0.41,4.0,1.01,2,N,15176
0.41,4.0,1.01,3,N,15177
0.41,4.0,1.01,4,N,15178
0.41,4.0,1.01,5,N,15179
0.41,4.0,1.11,1,N,15180
0.41,4.0,1.11,2,N,15181
0.41,4.0,1.11,3,N,15182
0.41,4.0,1.11,4,N,15183
0.41,4.0,1.11,5,N,15184
0.41,4.0,1.3,1,N,15185
0.41,4.0,1.3,2,N,15186
0.41,4.0,1.3,3,N,15187
0.41,4.0,1.3,4,N,15188
0.41,4.0,1.3,5,N,15189
0.41,4.0,1.6,1,N,15190
0.41,4.0,1.6,2,N,15191
0.41,4.0,1.6,3,N,15192
0.41,4.0,1.6,4,N,15193
0.41,4.0,1.6,5,N,15194
0.41,4.0,1.9,1,N,15195
0.41,4.0,1.9,2,N,15196
0.41,4.0,1.9,3,N,15197
0.41,4.0,1.9,4,N,15198
0.41,4.0,1.9,5,N,15199
0.41,4.0,2.2,1,N,15200
0.41,4.0,2.2,2,N,15201
0.41,4.0,2.2,3,N,15202
0.41,4.0,2.2,4,N,15203
0.41,4.0,2.2,5,N,15204
0.41,4.0,2.5,1,N,15205
0.41,4.0,2.5,2,N,15206
0.41,4.0,2.5,3,N,15207
0.41,4.0,2.5,4,N,15208
0.41,4.0,2.5,5,N,15209
0.41,4.0,2.8000000000000003,1,N,15210
0.41,4.0,2.8000000000000003,2,N,15211
0.41,4.0,2.8000000000000003,3,N,15212
0.41,4.0,2.8000000000000003,4,N,15213
0.41,4.0,2.8000000000000003,5,N,15214
0.41,4.0,3.1000000000000005,1,N,15215
0.41,4.0,3.1000000000000005,2,N,15216
0.41,4.0,3.1000000000000005,3,N,15217
0.41,4.0,3.1000000000000005,4,N,15218
0.41,4.0,3.1000000000000005,5,N,15219
0.41,4.0,3.4000000000000004,1,N,15220
0.41,4.0,3.4000000000000004,2,N,15221
0.41,4.0,3.4000000000000004,3,N,15222
0.41,4.0,3.4000000000000004,4,N,15223
0.41,4.0,3.4000000000000004,5,N,15224
0.41,4.0,3.7,1,N,15225
0.41,4.0,3.7,2,N,15226
0.41,4.0,3.7,3,N,15227
0.41,4.0,3.7,4,N,15228
0.41,4.0,3.7,5,N,15229
0.41,4.0,4.0,1,N,15230
0.41,4.0,4.0,2,N,15231
0.41,4.0,4.0,3,N,15232
0.41,4.0,4.0,4,N,15233
0.41,4.0,4.0,5,N,15234
0.41,4.0,4.300000000000002,1,N,15235
0.41,4.0,4.300000000000002,2,N,15236
0.41,4.0,4.300000000000002,3,N,15237
0.41,4.0,4.300000000000002,4,N,15238
0.41,4.0,4.300000000000002,5,N,15239
0.41,4.0,4.6000000000000005,1,N,15240
0.41,4.0,4.6000000000000005,2,N,15241
0.41,4.0,4.6000000000000005,3,N,15242
0.41,4.0,4.6000000000000005,4,N,15243
0.41,4.0,4.6000000000000005,5,N,15244
0.41,4.0,4.9,1,N,15245
0.41,4.0,4.9,2,N,15246
0.41,4.0,4.9,3,N,15247
0.41,4.0,4.9,4,N,15248
0.41,4.0,4.9,5,N,15249
0.41,4.300000000000002,0.01,1,N,15250
0.41,4.300000000000002,0.01,2,N,15251
0.41,4.300000000000002,0.01,3,N,15252
0.41,4.300000000000002,0.01,4,N,15253
0.41,4.300000000000002,0.01,5,N,15254
0.41,4.300000000000002,0.11,1,N,15255
0.41,4.300000000000002,0.11,2,N,15256
0.41,4.300000000000002,0.11,3,N,15257
0.41,4.300000000000002,0.11,4,N,15258
0.41,4.300000000000002,0.11,5,N,15259
0.41,4.300000000000002,0.21,1,N,15260
0.41,4.300000000000002,0.21,2,N,15261
0.41,4.300000000000002,0.21,3,N,15262
0.41,4.300000000000002,0.21,4,N,15263
0.41,4.300000000000002,0.21,5,N,15264
0.41,4.300000000000002,0.31000000000000005,1,N,15265
0.41,4.300000000000002,0.31000000000000005,2,N,15266
0.41,4.300000000000002,0.31000000000000005,3,N,15267
0.41,4.300000000000002,0.31000000000000005,4,N,15268
0.41,4.300000000000002,0.31000000000000005,5,N,15269
0.41,4.300000000000002,0.41,1,N,15270
0.41,4.300000000000002,0.41,2,N,15271
0.41,4.300000000000002,0.41,3,N,15272
0.41,4.300000000000002,0.41,4,N,15273
0.41,4.300000000000002,0.41,5,N,15274
0.41,4.300000000000002,0.51,1,N,15275
0.41,4.300000000000002,0.51,2,N,15276
0.41,4.300000000000002,0.51,3,N,15277
0.41,4.300000000000002,0.51,4,N,15278
0.41,4.300000000000002,0.51,5,N,15279
0.41,4.300000000000002,0.6100000000000001,1,N,15280
0.41,4.300000000000002,0.6100000000000001,2,N,15281
0.41,4.300000000000002,0.6100000000000001,3,N,15282
0.41,4.300000000000002,0.6100000000000001,4,N,15283
0.41,4.300000000000002,0.6100000000000001,5,N,15284
0.41,4.300000000000002,0.7100000000000001,1,N,15285
0.41,4.300000000000002,0.7100000000000001,2,N,15286
0.41,4.300000000000002,0.7100000000000001,3,N,15287
0.41,4.300000000000002,0.7100000000000001,4,N,15288
0.41,4.300000000000002,0.7100000000000001,5,N,15289
0.41,4.300000000000002,0.81,1,N,15290
0.41,4.300000000000002,0.81,2,N,15291
0.41,4.300000000000002,0.81,3,N,15292
0.41,4.300000000000002,0.81,4,N,15293
0.41,4.300000000000002,0.81,5,N,15294
0.41,4.300000000000002,0.91,1,N,15295
0.41,4.300000000000002,0.91,2,N,15296
0.41,4.300000000000002,0.91,3,N,15297
0.41,4.300000000000002,0.91,4,N,15298
0.41,4.300000000000002,0.91,5,N,15299
0.41,4.300000000000002,1.01,1,N,15300
0.41,4.300000000000002,1.01,2,N,15301
0.41,4.300000000000002,1.01,3,N,15302
0.41,4.300000000000002,1.01,4,N,15303
0.41,4.300000000000002,1.01,5,N,15304
0.41,4.300000000000002,1.11,1,N,15305
0.41,4.300000000000002,1.11,2,N,15306
0.41,4.300000000000002,1.11,3,N,15307
0.41,4.300000000000002,1.11,4,N,15308
0.41,4.300000000000002,1.11,5,N,15309
0.41,4.300000000000002,1.3,1,N,15310
0.41,4.300000000000002,1.3,2,N,15311
0.41,4.300000000000002,1.3,3,N,15312
0.41,4.300000000000002,1.3,4,N,15313
0.41,4.300000000000002,1.3,5,N,15314
0.41,4.300000000000002,1.6,1,N,15315
0.41,4.300000000000002,1.6,2,N,15316
0.41,4.300000000000002,1.6,3,N,15317
0.41,4.300000000000002,1.6,4,N,15318
0.41,4.300000000000002,1.6,5,N,15319
0.41,4.300000000000002,1.9,1,N,15320
0.41,4.300000000000002,1.9,2,N,15321
0.41,4.300000000000002,1.9,3,N,15322
0.41,4.300000000000002,1.9,4,N,15323
0.41,4.300000000000002,1.9,5,N,15324
0.41,4.300000000000002,2.2,1,N,15325
0.41,4.300000000000002,2.2,2,N,15326
0.41,4.300000000000002,2.2,3,N,15327
0.41,4.300000000000002,2.2,4,N,15328
0.41,4.300000000000002,2.2,5,N,15329
0.41,4.300000000000002,2.5,1,N,15330
0.41,4.300000000000002,2.5,2,N,15331
0.41,4.300000000000002,2.5,3,N,15332
0.41,4.300000000000002,2.5,4,N,15333
0.41,4.300000000000002,2.5,5,N,15334
0.41,4.300000000000002,2.8000000000000003,1,N,15335
0.41,4.300000000000002,2.8000000000000003,2,N,15336
0.41,4.300000000000002,2.8000000000000003,3,N,15337
0.41,4.300000000000002,2.8000000000000003,4,N,15338
0.41,4.300000000000002,2.8000000000000003,5,N,15339
0.41,4.300000000000002,3.1000000000000005,1,N,15340
0.41,4.300000000000002,3.1000000000000005,2,N,15341
0.41,4.300000000000002,3.1000000000000005,3,N,15342
0.41,4.300000000000002,3.1000000000000005,4,N,15343
0.41,4.300000000000002,3.1000000000000005,5,N,15344
0.41,4.300000000000002,3.4000000000000004,1,N,15345
0.41,4.300000000000002,3.4000000000000004,2,N,15346
0.41,4.300000000000002,3.4000000000000004,3,N,15347
0.41,4.300000000000002,3.4000000000000004,4,N,15348
0.41,4.300000000000002,3.4000000000000004,5,N,15349
0.41,4.300000000000002,3.7,1,N,15350
0.41,4.300000000000002,3.7,2,N,15351
0.41,4.300000000000002,3.7,3,N,15352
0.41,4.300000000000002,3.7,4,N,15353
0.41,4.300000000000002,3.7,5,N,15354
0.41,4.300000000000002,4.0,1,N,15355
0.41,4.300000000000002,4.0,2,N,15356
0.41,4.300000000000002,4.0,3,N,15357
0.41,4.300000000000002,4.0,4,N,15358
0.41,4.300000000000002,4.0,5,N,15359
0.41,4.300000000000002,4.300000000000002,1,N,15360
0.41,4.300000000000002,4.300000000000002,2,N,15361
0.41,4.300000000000002,4.300000000000002,3,N,15362
0.41,4.300000000000002,4.300000000000002,4,N,15363
0.41,4.300000000000002,4.300000000000002,5,N,15364
0.41,4.300000000000002,4.6000000000000005,1,N,15365
0.41,4.300000000000002,4.6000000000000005,2,N,15366
0.41,4.300000000000002,4.6000000000000005,3,N,15367
0.41,4.300000000000002,4.6000000000000005,4,N,15368
0.41,4.300000000000002,4.6000000000000005,5,N,15369
0.41,4.300000000000002,4.9,1,N,15370
0.41,4.300000000000002,4.9,2,N,15371
0.41,4.300000000000002,4.9,3,N,15372
0.41,4.300000000000002,4.9,4,N,15373
0.41,4.300000000000002,4.9,5,N,15374
0.41,4.6000000000000005,0.01,1,N,15375
0.41,4.6000000000000005,0.01,2,N,15376
0.41,4.6000000000000005,0.01,3,N,15377
0.41,4.6000000000000005,0.01,4,N,15378
0.41,4.6000000000000005,0.01,5,N,15379
0.41,4.6000000000000005,0.11,1,N,15380
0.41,4.6000000000000005,0.11,2,N,15381
0.41,4.6000000000000005,0.11,3,N,15382
0.41,4.6000000000000005,0.11,4,N,15383
0.41,4.6000000000000005,0.11,5,N,15384
0.41,4.6000000000000005,0.21,1,N,15385
0.41,4.6000000000000005,0.21,2,N,15386
0.41,4.6000000000000005,0.21,3,N,15387
0.41,4.6000000000000005,0.21,4,N,15388
0.41,4.6000000000000005,0.21,5,N,15389
0.41,4.6000000000000005,0.31000000000000005,1,N,15390
0.41,4.6000000000000005,0.31000000000000005,2,N,15391
0.41,4.6000000000000005,0.31000000000000005,3,N,15392
0.41,4.6000000000000005,0.31000000000000005,4,N,15393
0.41,4.6000000000000005,0.31000000000000005,5,N,15394
0.41,4.6000000000000005,0.41,1,N,15395
0.41,4.6000000000000005,0.41,2,N,15396
0.41,4.6000000000000005,0.41,3,N,15397
0.41,4.6000000000000005,0.41,4,N,15398
0.41,4.6000000000000005,0.41,5,N,15399
0.41,4.6000000000000005,0.51,1,N,15400
0.41,4.6000000000000005,0.51,2,N,15401
0.41,4.6000000000000005,0.51,3,N,15402
0.41,4.6000000000000005,0.51,4,N,15403
0.41,4.6000000000000005,0.51,5,N,15404
0.41,4.6000000000000005,0.6100000000000001,1,N,15405
0.41,4.6000000000000005,0.6100000000000001,2,N,15406
0.41,4.6000000000000005,0.6100000000000001,3,N,15407
0.41,4.6000000000000005,0.6100000000000001,4,N,15408
0.41,4.6000000000000005,0.6100000000000001,5,N,15409
0.41,4.6000000000000005,0.7100000000000001,1,N,15410
0.41,4.6000000000000005,0.7100000000000001,2,N,15411
0.41,4.6000000000000005,0.7100000000000001,3,N,15412
0.41,4.6000000000000005,0.7100000000000001,4,N,15413
0.41,4.6000000000000005,0.7100000000000001,5,N,15414
0.41,4.6000000000000005,0.81,1,N,15415
0.41,4.6000000000000005,0.81,2,N,15416
0.41,4.6000000000000005,0.81,3,N,15417
0.41,4.6000000000000005,0.81,4,N,15418
0.41,4.6000000000000005,0.81,5,N,15419
0.41,4.6000000000000005,0.91,1,N,15420
0.41,4.6000000000000005,0.91,2,N,15421
0.41,4.6000000000000005,0.91,3,N,15422
0.41,4.6000000000000005,0.91,4,N,15423
0.41,4.6000000000000005,0.91,5,N,15424
0.41,4.6000000000000005,1.01,1,N,15425
0.41,4.6000000000000005,1.01,2,N,15426
0.41,4.6000000000000005,1.01,3,N,15427
0.41,4.6000000000000005,1.01,4,N,15428
0.41,4.6000000000000005,1.01,5,N,15429
0.41,4.6000000000000005,1.11,1,N,15430
0.41,4.6000000000000005,1.11,2,N,15431
0.41,4.6000000000000005,1.11,3,N,15432
0.41,4.6000000000000005,1.11,4,N,15433
0.41,4.6000000000000005,1.11,5,N,15434
0.41,4.6000000000000005,1.3,1,N,15435
0.41,4.6000000000000005,1.3,2,N,15436
0.41,4.6000000000000005,1.3,3,N,15437
0.41,4.6000000000000005,1.3,4,N,15438
0.41,4.6000000000000005,1.3,5,N,15439
0.41,4.6000000000000005,1.6,1,N,15440
0.41,4.6000000000000005,1.6,2,N,15441
0.41,4.6000000000000005,1.6,3,N,15442
0.41,4.6000000000000005,1.6,4,N,15443
0.41,4.6000000000000005,1.6,5,N,15444
0.41,4.6000000000000005,1.9,1,N,15445
0.41,4.6000000000000005,1.9,2,N,15446
0.41,4.6000000000000005,1.9,3,N,15447
0.41,4.6000000000000005,1.9,4,N,15448
0.41,4.6000000000000005,1.9,5,N,15449
0.41,4.6000000000000005,2.2,1,N,15450
0.41,4.6000000000000005,2.2,2,N,15451
0.41,4.6000000000000005,2.2,3,N,15452
0.41,4.6000000000000005,2.2,4,N,15453
0.41,4.6000000000000005,2.2,5,N,15454
0.41,4.6000000000000005,2.5,1,N,15455
0.41,4.6000000000000005,2.5,2,N,15456
0.41,4.6000000000000005,2.5,3,N,15457
0.41,4.6000000000000005,2.5,4,N,15458
0.41,4.6000000000000005,2.5,5,N,15459
0.41,4.6000000000000005,2.8000000000000003,1,N,15460
0.41,4.6000000000000005,2.8000000000000003,2,N,15461
0.41,4.6000000000000005,2.8000000000000003,3,N,15462
0.41,4.6000000000000005,2.8000000000000003,4,N,15463
0.41,4.6000000000000005,2.8000000000000003,5,N,15464
0.41,4.6000000000000005,3.1000000000000005,1,N,15465
0.41,4.6000000000000005,3.1000000000000005,2,N,15466
0.41,4.6000000000000005,3.1000000000000005,3,N,15467
0.41,4.6000000000000005,3.1000000000000005,4,N,15468
0.41,4.6000000000000005,3.1000000000000005,5,N,15469
0.41,4.6000000000000005,3.4000000000000004,1,N,15470
0.41,4.6000000000000005,3.4000000000000004,2,N,15471
0.41,4.6000000000000005,3.4000000000000004,3,N,15472
0.41,4.6000000000000005,3.4000000000000004,4,N,15473
0.41,4.6000000000000005,3.4000000000000004,5,N,15474
0.41,4.6000000000000005,3.7,1,N,15475
0.41,4.6000000000000005,3.7,2,N,15476
0.41,4.6000000000000005,3.7,3,N,15477
0.41,4.6000000000000005,3.7,4,N,15478
0.41,4.6000000000000005,3.7,5,N,15479
0.41,4.6000000000000005,4.0,1,N,15480
0.41,4.6000000000000005,4.0,2,N,15481
0.41,4.6000000000000005,4.0,3,N,15482
0.41,4.6000000000000005,4.0,4,N,15483
0.41,4.6000000000000005,4.0,5,N,15484
0.41,4.6000000000000005,4.300000000000002,1,N,15485
0.41,4.6000000000000005,4.300000000000002,2,N,15486
0.41,4.6000000000000005,4.300000000000002,3,N,15487
0.41,4.6000000000000005,4.300000000000002,4,N,15488
0.41,4.6000000000000005,4.300000000000002,5,N,15489
0.41,4.6000000000000005,4.6000000000000005,1,N,15490
0.41,4.6000000000000005,4.6000000000000005,2,N,15491
0.41,4.6000000000000005,4.6000000000000005,3,N,15492
0.41,4.6000000000000005,4.6000000000000005,4,N,15493
0.41,4.6000000000000005,4.6000000000000005,5,N,15494
0.41,4.6000000000000005,4.9,1,N,15495
0.41,4.6000000000000005,4.9,2,N,15496
0.41,4.6000000000000005,4.9,3,N,15497
0.41,4.6000000000000005,4.9,4,N,15498
0.41,4.6000000000000005,4.9,5,N,15499
0.41,4.9,0.01,1,N,15500
0.41,4.9,0.01,2,N,15501
0.41,4.9,0.01,3,N,15502
0.41,4.9,0.01,4,N,15503
0.41,4.9,0.01,5,N,15504
0.41,4.9,0.11,1,N,15505
0.41,4.9,0.11,2,N,15506
0.41,4.9,0.11,3,N,15507
0.41,4.9,0.11,4,N,15508
0.41,4.9,0.11,5,N,15509
0.41,4.9,0.21,1,N,15510
0.41,4.9,0.21,2,N,15511
0.41,4.9,0.21,3,N,15512
0.41,4.9,0.21,4,N,15513
0.41,4.9,0.21,5,N,15514
0.41,4.9,0.31000000000000005,1,N,15515
0.41,4.9,0.31000000000000005,2,N,15516
0.41,4.9,0.31000000000000005,3,N,15517
0.41,4.9,0.31000000000000005,4,N,15518
0.41,4.9,0.31000000000000005,5,N,15519
0.41,4.9,0.41,1,N,15520
0.41,4.9,0.41,2,N,15521
0.41,4.9,0.41,3,N,15522
0.41,4.9,0.41,4,N,15523
0.41,4.9,0.41,5,N,15524
0.41,4.9,0.51,1,N,15525
0.41,4.9,0.51,2,N,15526
0.41,4.9,0.51,3,N,15527
0.41,4.9,0.51,4,N,15528
0.41,4.9,0.51,5,N,15529
0.41,4.9,0.6100000000000001,1,N,15530
0.41,4.9,0.6100000000000001,2,N,15531
0.41,4.9,0.6100000000000001,3,N,15532
0.41,4.9,0.6100000000000001,4,N,15533
0.41,4.9,0.6100000000000001,5,N,15534
0.41,4.9,0.7100000000000001,1,N,15535
0.41,4.9,0.7100000000000001,2,N,15536
0.41,4.9,0.7100000000000001,3,N,15537
0.41,4.9,0.7100000000000001,4,N,15538
0.41,4.9,0.7100000000000001,5,N,15539
0.41,4.9,0.81,1,N,15540
0.41,4.9,0.81,2,N,15541
0.41,4.9,0.81,3,N,15542
0.41,4.9,0.81,4,N,15543
0.41,4.9,0.81,5,N,15544
0.41,4.9,0.91,1,N,15545
0.41,4.9,0.91,2,N,15546
0.41,4.9,0.91,3,N,15547
0.41,4.9,0.91,4,N,15548
0.41,4.9,0.91,5,N,15549
0.41,4.9,1.01,1,N,15550
0.41,4.9,1.01,2,N,15551
0.41,4.9,1.01,3,N,15552
0.41,4.9,1.01,4,N,15553
0.41,4.9,1.01,5,N,15554
0.41,4.9,1.11,1,N,15555
0.41,4.9,1.11,2,N,15556
0.41,4.9,1.11,3,N,15557
0.41,4.9,1.11,4,N,15558
0.41,4.9,1.11,5,N,15559
0.41,4.9,1.3,1,N,15560
0.41,4.9,1.3,2,N,15561
0.41,4.9,1.3,3,N,15562
0.41,4.9,1.3,4,N,15563
0.41,4.9,1.3,5,N,15564
0.41,4.9,1.6,1,N,15565
0.41,4.9,1.6,2,N,15566
0.41,4.9,1.6,3,N,15567
0.41,4.9,1.6,4,N,15568
0.41,4.9,1.6,5,N,15569
0.41,4.9,1.9,1,N,15570
0.41,4.9,1.9,2,N,15571
0.41,4.9,1.9,3,N,15572
0.41,4.9,1.9,4,N,15573
0.41,4.9,1.9,5,N,15574
0.41,4.9,2.2,1,N,15575
0.41,4.9,2.2,2,N,15576
0.41,4.9,2.2,3,N,15577
0.41,4.9,2.2,4,N,15578
0.41,4.9,2.2,5,N,15579
0.41,4.9,2.5,1,N,15580
0.41,4.9,2.5,2,N,15581
0.41,4.9,2.5,3,N,15582
0.41,4.9,2.5,4,N,15583
0.41,4.9,2.5,5,N,15584
0.41,4.9,2.8000000000000003,1,N,15585
0.41,4.9,2.8000000000000003,2,N,15586
0.41,4.9,2.8000000000000003,3,N,15587
0.41,4.9,2.8000000000000003,4,N,15588
0.41,4.9,2.8000000000000003,5,N,15589
0.41,4.9,3.1000000000000005,1,N,15590
0.41,4.9,3.1000000000000005,2,N,15591
0.41,4.9,3.1000000000000005,3,N,15592
0.41,4.9,3.1000000000000005,4,N,15593
0.41,4.9,3.1000000000000005,5,N,15594
0.41,4.9,3.4000000000000004,1,N,15595
0.41,4.9,3.4000000000000004,2,N,15596
0.41,4.9,3.4000000000000004,3,N,15597
0.41,4.9,3.4000000000000004,4,N,15598
0.41,4.9,3.4000000000000004,5,N,15599
0.41,4.9,3.7,1,N,15600
0.41,4.9,3.7,2,N,15601
0.41,4.9,3.7,3,N,15602
0.41,4.9,3.7,4,N,15603
0.41,4.9,3.7,5,N,15604
0.41,4.9,4.0,1,N,15605
0.41,4.9,4.0,2,N,15606
0.41,4.9,4.0,3,N,15607
0.41,4.9,4.0,4,N,15608
0.41,4.9,4.0,5,N,15609
0.41,4.9,4.300000000000002,1,N,15610
0.41,4.9,4.300000000000002,2,N,15611
0.41,4.9,4.300000000000002,3,N,15612
0.41,4.9,4.300000000000002,4,N,15613
0.41,4.9,4.300000000000002,5,N,15614
0.41,4.9,4.6000000000000005,1,N,15615
0.41,4.9,4.6000000000000005,2,N,15616
0.41,4.9,4.6000000000000005,3,N,15617
0.41,4.9,4.6000000000000005,4,N,15618
0.41,4.9,4.6000000000000005,5,N,15619
0.41,4.9,4.9,1,N,15620
0.41,4.9,4.9,2,N,15621
0.41,4.9,4.9,3,N,15622
0.41,4.9,4.9,4,N,15623
0.41,4.9,4.9,5,N,15624
0.51,0.01,0.01,1,N,15625
0.51,0.01,0.01,2,N,15626
0.51,0.01,0.01,3,N,15627
0.51,0.01,0.01,4,N,15628
0.51,0.01,0.01,5,N,15629
0.51,0.01,0.11,1,N,15630
0.51,0.01,0.11,2,N,15631
0.51,0.01,0.11,3,N,15632
0.51,0.01,0.11,4,N,15633
0.51,0.01,0.11,5,N,15634
0.51,0.01,0.21,1,N,15635
0.51,0.01,0.21,2,N,15636
0.51,0.01,0.21,3,N,15637
0.51,0.01,0.21,4,N,15638
0.51,0.01,0.21,5,N,15639
0.51,0.01,0.31000000000000005,1,N,15640
0.51,0.01,0.31000000000000005,2,N,15641
0.51,0.01,0.31000000000000005,3,N,15642
0.51,0.01,0.31000000000000005,4,N,15643
0.51,0.01,0.31000000000000005,5,N,15644
0.51,0.01,0.41,1,N,15645
0.51,0.01,0.41,2,N,15646
0.51,0.01,0.41,3,N,15647
0.51,0.01,0.41,4,N,15648
0.51,0.01,0.41,5,N,15649
0.51,0.01,0.51,1,N,15650
0.51,0.01,0.51,2,N,15651
0.51,0.01,0.51,3,N,15652
0.51,0.01,0.51,4,N,15653
0.51,0.01,0.51,5,N,15654
0.51,0.01,0.6100000000000001,1,N,15655
0.51,0.01,0.6100000000000001,2,N,15656
0.51,0.01,0.6100000000000001,3,N,15657
0.51,0.01,0.6100000000000001,4,N,15658
0.51,0.01,0.6100000000000001,5,N,15659
0.51,0.01,0.7100000000000001,1,N,15660
0.51,0.01,0.7100000000000001,2,N,15661
0.51,0.01,0.7100000000000001,3,N,15662
0.51,0.01,0.7100000000000001,4,N,15663
0.51,0.01,0.7100000000000001,5,N,15664
0.51,0.01,0.81,1,N,15665
0.51,0.01,0.81,2,N,15666
0.51,0.01,0.81,3,N,15667
0.51,0.01,0.81,4,N,15668
0.51,0.01,0.81,5,N,15669
0.51,0.01,0.91,1,N,15670
0.51,0.01,0.91,2,N,15671
0.51,0.01,0.91,3,N,15672
0.51,0.01,0.91,4,N,15673
0.51,0.01,0.91,5,N,15674
0.51,0.01,1.01,1,N,15675
0.51,0.01,1.01,2,N,15676
0.51,0.01,1.01,3,N,15677
0.51,0.01,1.01,4,N,15678
0.51,0.01,1.01,5,N,15679
0.51,0.01,1.11,1,N,15680
0.51,0.01,1.11,2,N,15681
0.51,0.01,1.11,3,N,15682
0.51,0.01,1.11,4,N,15683
0.51,0.01,1.11,5,N,15684
0.51,0.01,1.3,1,N,15685
0.51,0.01,1.3,2,N,15686
0.51,0.01,1.3,3,N,15687
0.51,0.01,1.3,4,N,15688
0.51,0.01,1.3,5,N,15689
0.51,0.01,1.6,1,N,15690
0.51,0.01,1.6,2,N,15691
0.51,0.01,1.6,3,N,15692
0.51,0.01,1.6,4,N,15693
0.51,0.01,1.6,5,N,15694
0.51,0.01,1.9,1,N,15695
0.51,0.01,1.9,2,N,15696
0.51,0.01,1.9,3,N,15697
0.51,0.01,1.9,4,N,15698
0.51,0.01,1.9,5,N,15699
0.51,0.01,2.2,1,N,15700
0.51,0.01,2.2,2,N,15701
0.51,0.01,2.2,3,N,15702
0.51,0.01,2.2,4,N,15703
0.51,0.01,2.2,5,N,15704
0.51,0.01,2.5,1,N,15705
0.51,0.01,2.5,2,N,15706
0.51,0.01,2.5,3,N,15707
0.51,0.01,2.5,4,N,15708
0.51,0.01,2.5,5,N,15709
0.51,0.01,2.8000000000000003,1,N,15710
0.51,0.01,2.8000000000000003,2,N,15711
0.51,0.01,2.8000000000000003,3,N,15712
0.51,0.01,2.8000000000000003,4,N,15713
0.51,0.01,2.8000000000000003,5,N,15714
0.51,0.01,3.1000000000000005,1,N,15715
0.51,0.01,3.1000000000000005,2,N,15716
0.51,0.01,3.1000000000000005,3,N,15717
0.51,0.01,3.1000000000000005,4,N,15718
0.51,0.01,3.1000000000000005,5,N,15719
0.51,0.01,3.4000000000000004,1,N,15720
0.51,0.01,3.4000000000000004,2,N,15721
0.51,0.01,3.4000000000000004,3,N,15722
0.51,0.01,3.4000000000000004,4,N,15723
0.51,0.01,3.4000000000000004,5,N,15724
0.51,0.01,3.7,1,N,15725
0.51,0.01,3.7,2,N,15726
0.51,0.01,3.7,3,N,15727
0.51,0.01,3.7,4,N,15728
0.51,0.01,3.7,5,N,15729
0.51,0.01,4.0,1,N,15730
0.51,0.01,4.0,2,N,15731
0.51,0.01,4.0,3,N,15732
0.51,0.01,4.0,4,N,15733
0.51,0.01,4.0,5,N,15734
0.51,0.01,4.300000000000002,1,N,15735
0.51,0.01,4.300000000000002,2,N,15736
0.51,0.01,4.300000000000002,3,N,15737
0.51,0.01,4.300000000000002,4,N,15738
0.51,0.01,4.300000000000002,5,N,15739
0.51,0.01,4.6000000000000005,1,N,15740
0.51,0.01,4.6000000000000005,2,N,15741
0.51,0.01,4.6000000000000005,3,N,15742
0.51,0.01,4.6000000000000005,4,N,15743
0.51,0.01,4.6000000000000005,5,N,15744
0.51,0.01,4.9,1,N,15745
0.51,0.01,4.9,2,N,15746
0.51,0.01,4.9,3,N,15747
0.51,0.01,4.9,4,N,15748
0.51,0.01,4.9,5,N,15749
0.51,0.11,0.01,1,N,15750
0.51,0.11,0.01,2,N,15751
0.51,0.11,0.01,3,N,15752
0.51,0.11,0.01,4,N,15753
0.51,0.11,0.01,5,N,15754
0.51,0.11,0.11,1,N,15755
0.51,0.11,0.11,2,N,15756
0.51,0.11,0.11,3,N,15757
0.51,0.11,0.11,4,N,15758
0.51,0.11,0.11,5,N,15759
0.51,0.11,0.21,1,N,15760
0.51,0.11,0.21,2,N,15761
0.51,0.11,0.21,3,N,15762
0.51,0.11,0.21,4,N,15763
0.51,0.11,0.21,5,N,15764
0.51,0.11,0.31000000000000005,1,N,15765
0.51,0.11,0.31000000000000005,2,N,15766
0.51,0.11,0.31000000000000005,3,N,15767
0.51,0.11,0.31000000000000005,4,N,15768
0.51,0.11,0.31000000000000005,5,N,15769
0.51,0.11,0.41,1,N,15770
0.51,0.11,0.41,2,N,15771
0.51,0.11,0.41,3,N,15772
0.51,0.11,0.41,4,N,15773
0.51,0.11,0.41,5,N,15774
0.51,0.11,0.51,1,N,15775
0.51,0.11,0.51,2,N,15776
0.51,0.11,0.51,3,N,15777
0.51,0.11,0.51,4,N,15778
0.51,0.11,0.51,5,N,15779
0.51,0.11,0.6100000000000001,1,N,15780
0.51,0.11,0.6100000000000001,2,N,15781
0.51,0.11,0.6100000000000001,3,N,15782
0.51,0.11,0.6100000000000001,4,N,15783
0.51,0.11,0.6100000000000001,5,N,15784
0.51,0.11,0.7100000000000001,1,N,15785
0.51,0.11,0.7100000000000001,2,N,15786
0.51,0.11,0.7100000000000001,3,N,15787
0.51,0.11,0.7100000000000001,4,N,15788
0.51,0.11,0.7100000000000001,5,N,15789
0.51,0.11,0.81,1,N,15790
0.51,0.11,0.81,2,N,15791
0.51,0.11,0.81,3,N,15792
0.51,0.11,0.81,4,N,15793
0.51,0.11,0.81,5,N,15794
0.51,0.11,0.91,1,N,15795
0.51,0.11,0.91,2,N,15796
0.51,0.11,0.91,3,N,15797
0.51,0.11,0.91,4,N,15798
0.51,0.11,0.91,5,N,15799
0.51,0.11,1.01,1,N,15800
0.51,0.11,1.01,2,N,15801
0.51,0.11,1.01,3,N,15802
0.51,0.11,1.01,4,N,15803
0.51,0.11,1.01,5,N,15804
0.51,0.11,1.11,1,N,15805
0.51,0.11,1.11,2,N,15806
0.51,0.11,1.11,3,N,15807
0.51,0.11,1.11,4,N,15808
0.51,0.11,1.11,5,N,15809
0.51,0.11,1.3,1,N,15810
0.51,0.11,1.3,2,N,15811
0.51,0.11,1.3,3,N,15812
0.51,0.11,1.3,4,N,15813
0.51,0.11,1.3,5,N,15814
0.51,0.11,1.6,1,N,15815
0.51,0.11,1.6,2,N,15816
0.51,0.11,1.6,3,N,15817
0.51,0.11,1.6,4,N,15818
0.51,0.11,1.6,5,N,15819
0.51,0.11,1.9,1,N,15820
0.51,0.11,1.9,2,N,15821
0.51,0.11,1.9,3,N,15822
0.51,0.11,1.9,4,N,15823
0.51,0.11,1.9,5,N,15824
0.51,0.11,2.2,1,N,15825
0.51,0.11,2.2,2,N,15826
0.51,0.11,2.2,3,N,15827
0.51,0.11,2.2,4,N,15828
0.51,0.11,2.2,5,N,15829
0.51,0.11,2.5,1,N,15830
0.51,0.11,2.5,2,N,15831
0.51,0.11,2.5,3,N,15832
0.51,0.11,2.5,4,N,15833
0.51,0.11,2.5,5,N,15834
0.51,0.11,2.8000000000000003,1,N,15835
0.51,0.11,2.8000000000000003,2,N,15836
0.51,0.11,2.8000000000000003,3,N,15837
0.51,0.11,2.8000000000000003,4,N,15838
0.51,0.11,2.8000000000000003,5,N,15839
0.51,0.11,3.1000000000000005,1,N,15840
0.51,0.11,3.1000000000000005,2,N,15841
0.51,0.11,3.1000000000000005,3,N,15842
0.51,0.11,3.1000000000000005,4,N,15843
0.51,0.11,3.1000000000000005,5,N,15844
0.51,0.11,3.4000000000000004,1,N,15845
0.51,0.11,3.4000000000000004,2,N,15846
0.51,0.11,3.4000000000000004,3,N,15847
0.51,0.11,3.4000000000000004,4,N,15848
0.51,0.11,3.4000000000000004,5,N,15849
0.51,0.11,3.7,1,N,15850
0.51,0.11,3.7,2,N,15851
0.51,0.11,3.7,3,N,15852
0.51,0.11,3.7,4,N,15853
0.51,0.11,3.7,5,N,15854
0.51,0.11,4.0,1,N,15855
0.51,0.11,4.0,2,N,15856
0.51,0.11,4.0,3,N,15857
0.51,0.11,4.0,4,N,15858
0.51,0.11,4.0,5,N,15859
0.51,0.11,4.300000000000002,1,N,15860
0.51,0.11,4.300000000000002,2,N,15861
0.51,0.11,4.300000000000002,3,N,15862
0.51,0.11,4.300000000000002,4,N,15863
0.51,0.11,4.300000000000002,5,N,15864
0.51,0.11,4.6000000000000005,1,N,15865
0.51,0.11,4.6000000000000005,2,N,15866
0.51,0.11,4.6000000000000005,3,N,15867
0.51,0.11,4.6000000000000005,4,N,15868
0.51,0.11,4.6000000000000005,5,N,15869
0.51,0.11,4.9,1,N,15870
0.51,0.11,4.9,2,N,15871
0.51,0.11,4.9,3,N,15872
0.51,0.11,4.9,4,N,15873
0.51,0.11,4.9,5,N,15874
0.51,0.21,0.01,1,N,15875
0.51,0.21,0.01,2,N,15876
0.51,0.21,0.01,3,N,15877
0.51,0.21,0.01,4,N,15878
0.51,0.21,0.01,5,N,15879
0.51,0.21,0.11,1,N,15880
0.51,0.21,0.11,2,N,15881
0.51,0.21,0.11,3,N,15882
0.51,0.21,0.11,4,N,15883
0.51,0.21,0.11,5,N,15884
0.51,0.21,0.21,1,N,15885
0.51,0.21,0.21,2,N,15886
0.51,0.21,0.21,3,N,15887
0.51,0.21,0.21,4,N,15888
0.51,0.21,0.21,5,N,15889
0.51,0.21,0.31000000000000005,1,N,15890
0.51,0.21,0.31000000000000005,2,N,15891
0.51,0.21,0.31000000000000005,3,N,15892
0.51,0.21,0.31000000000000005,4,N,15893
0.51,0.21,0.31000000000000005,5,N,15894
0.51,0.21,0.41,1,N,15895
0.51,0.21,0.41,2,N,15896
0.51,0.21,0.41,3,N,15897
0.51,0.21,0.41,4,N,15898
0.51,0.21,0.41,5,N,15899
0.51,0.21,0.51,1,N,15900
0.51,0.21,0.51,2,N,15901
0.51,0.21,0.51,3,N,15902
0.51,0.21,0.51,4,N,15903
0.51,0.21,0.51,5,N,15904
0.51,0.21,0.6100000000000001,1,N,15905
0.51,0.21,0.6100000000000001,2,N,15906
0.51,0.21,0.6100000000000001,3,N,15907
0.51,0.21,0.6100000000000001,4,N,15908
0.51,0.21,0.6100000000000001,5,N,15909
0.51,0.21,0.7100000000000001,1,N,15910
0.51,0.21,0.7100000000000001,2,N,15911
0.51,0.21,0.7100000000000001,3,N,15912
0.51,0.21,0.7100000000000001,4,N,15913
0.51,0.21,0.7100000000000001,5,N,15914
0.51,0.21,0.81,1,N,15915
0.51,0.21,0.81,2,N,15916
0.51,0.21,0.81,3,N,15917
0.51,0.21,0.81,4,N,15918
0.51,0.21,0.81,5,N,15919
0.51,0.21,0.91,1,N,15920
0.51,0.21,0.91,2,N,15921
0.51,0.21,0.91,3,N,15922
0.51,0.21,0.91,4,N,15923
0.51,0.21,0.91,5,N,15924
0.51,0.21,1.01,1,N,15925
0.51,0.21,1.01,2,N,15926
0.51,0.21,1.01,3,N,15927
0.51,0.21,1.01,4,N,15928
0.51,0.21,1.01,5,N,15929
0.51,0.21,1.11,1,N,15930
0.51,0.21,1.11,2,N,15931
0.51,0.21,1.11,3,N,15932
0.51,0.21,1.11,4,N,15933
0.51,0.21,1.11,5,N,15934
0.51,0.21,1.3,1,N,15935
0.51,0.21,1.3,2,N,15936
0.51,0.21,1.3,3,N,15937
0.51,0.21,1.3,4,N,15938
0.51,0.21,1.3,5,N,15939
0.51,0.21,1.6,1,N,15940
0.51,0.21,1.6,2,N,15941
0.51,0.21,1.6,3,N,15942
0.51,0.21,1.6,4,N,15943
0.51,0.21,1.6,5,N,15944
0.51,0.21,1.9,1,N,15945
0.51,0.21,1.9,2,N,15946
0.51,0.21,1.9,3,N,15947
0.51,0.21,1.9,4,N,15948
0.51,0.21,1.9,5,N,15949
0.51,0.21,2.2,1,N,15950
0.51,0.21,2.2,2,N,15951
0.51,0.21,2.2,3,N,15952
0.51,0.21,2.2,4,N,15953
0.51,0.21,2.2,5,N,15954
0.51,0.21,2.5,1,N,15955
0.51,0.21,2.5,2,N,15956
0.51,0.21,2.5,3,N,15957
0.51,0.21,2.5,4,N,15958
0.51,0.21,2.5,5,N,15959
0.51,0.21,2.8000000000000003,1,N,15960
0.51,0.21,2.8000000000000003,2,N,15961
0.51,0.21,2.8000000000000003,3,N,15962
0.51,0.21,2.8000000000000003,4,N,15963
0.51,0.21,2.8000000000000003,5,N,15964
0.51,0.21,3.1000000000000005,1,N,15965
0.51,0.21,3.1000000000000005,2,N,15966
0.51,0.21,3.1000000000000005,3,N,15967
0.51,0.21,3.1000000000000005,4,N,15968
0.51,0.21,3.1000000000000005,5,N,15969
0.51,0.21,3.4000000000000004,1,N,15970
0.51,0.21,3.4000000000000004,2,N,15971
0.51,0.21,3.4000000000000004,3,N,15972
0.51,0.21,3.4000000000000004,4,N,15973
0.51,0.21,3.4000000000000004,5,N,15974
0.51,0.21,3.7,1,N,15975
0.51,0.21,3.7,2,N,15976
0.51,0.21,3.7,3,N,15977
0.51,0.21,3.7,4,N,15978
0.51,0.21,3.7,5,N,15979
0.51,0.21,4.0,1,N,15980
0.51,0.21,4.0,2,N,15981
0.51,0.21,4.0,3,N,15982
0.51,0.21,4.0,4,N,15983
0.51,0.21,4.0,5,N,15984
0.51,0.21,4.300000000000002,1,N,15985
0.51,0.21,4.300000000000002,2,N,15986
0.51,0.21,4.300000000000002,3,N,15987
0.51,0.21,4.300000000000002,4,N,15988
0.51,0.21,4.300000000000002,5,N,15989
0.51,0.21,4.6000000000000005,1,N,15990
0.51,0.21,4.6000000000000005,2,N,15991
0.51,0.21,4.6000000000000005,3,N,15992
0.51,0.21,4.6000000000000005,4,N,15993
0.51,0.21,4.6000000000000005,5,N,15994
0.51,0.21,4.9,1,N,15995
0.51,0.21,4.9,2,N,15996
0.51,0.21,4.9,3,N,15997
0.51,0.21,4.9,4,N,15998
0.51,0.21,4.9,5,N,15999
0.51,0.31000000000000005,0.01,1,N,16000
0.51,0.31000000000000005,0.01,2,N,16001
0.51,0.31000000000000005,0.01,3,N,16002
0.51,0.31000000000000005,0.01,4,N,16003
0.51,0.31000000000000005,0.01,5,N,16004
0.51,0.31000000000000005,0.11,1,N,16005
0.51,0.31000000000000005,0.11,2,N,16006
0.51,0.31000000000000005,0.11,3,N,16007
0.51,0.31000000000000005,0.11,4,N,16008
0.51,0.31000000000000005,0.11,5,N,16009
0.51,0.31000000000000005,0.21,1,N,16010
0.51,0.31000000000000005,0.21,2,N,16011
0.51,0.31000000000000005,0.21,3,N,16012
0.51,0.31000000000000005,0.21,4,N,16013
0.51,0.31000000000000005,0.21,5,N,16014
0.51,0.31000000000000005,0.31000000000000005,1,N,16015
0.51,0.31000000000000005,0.31000000000000005,2,N,16016
0.51,0.31000000000000005,0.31000000000000005,3,N,16017
0.51,0.31000000000000005,0.31000000000000005,4,N,16018
0.51,0.31000000000000005,0.31000000000000005,5,N,16019
0.51,0.31000000000000005,0.41,1,N,16020
0.51,0.31000000000000005,0.41,2,N,16021
0.51,0.31000000000000005,0.41,3,N,16022
0.51,0.31000000000000005,0.41,4,N,16023
0.51,0.31000000000000005,0.41,5,N,16024
0.51,0.31000000000000005,0.51,1,N,16025
0.51,0.31000000000000005,0.51,2,N,16026
0.51,0.31000000000000005,0.51,3,N,16027
0.51,0.31000000000000005,0.51,4,N,16028
0.51,0.31000000000000005,0.51,5,N,16029
0.51,0.31000000000000005,0.6100000000000001,1,N,16030
0.51,0.31000000000000005,0.6100000000000001,2,N,16031
0.51,0.31000000000000005,0.6100000000000001,3,N,16032
0.51,0.31000000000000005,0.6100000000000001,4,N,16033
0.51,0.31000000000000005,0.6100000000000001,5,N,16034
0.51,0.31000000000000005,0.7100000000000001,1,N,16035
0.51,0.31000000000000005,0.7100000000000001,2,N,16036
0.51,0.31000000000000005,0.7100000000000001,3,N,16037
0.51,0.31000000000000005,0.7100000000000001,4,N,16038
0.51,0.31000000000000005,0.7100000000000001,5,N,16039
0.51,0.31000000000000005,0.81,1,N,16040
0.51,0.31000000000000005,0.81,2,N,16041
0.51,0.31000000000000005,0.81,3,N,16042
0.51,0.31000000000000005,0.81,4,N,16043
0.51,0.31000000000000005,0.81,5,N,16044
0.51,0.31000000000000005,0.91,1,N,16045
0.51,0.31000000000000005,0.91,2,N,16046
0.51,0.31000000000000005,0.91,3,N,16047
0.51,0.31000000000000005,0.91,4,N,16048
0.51,0.31000000000000005,0.91,5,N,16049
0.51,0.31000000000000005,1.01,1,N,16050
0.51,0.31000000000000005,1.01,2,N,16051
0.51,0.31000000000000005,1.01,3,N,16052
0.51,0.31000000000000005,1.01,4,N,16053
0.51,0.31000000000000005,1.01,5,N,16054
0.51,0.31000000000000005,1.11,1,N,16055
0.51,0.31000000000000005,1.11,2,N,16056
0.51,0.31000000000000005,1.11,3,N,16057
0.51,0.31000000000000005,1.11,4,N,16058
0.51,0.31000000000000005,1.11,5,N,16059
0.51,0.31000000000000005,1.3,1,N,16060
0.51,0.31000000000000005,1.3,2,N,16061
0.51,0.31000000000000005,1.3,3,N,16062
0.51,0.31000000000000005,1.3,4,N,16063
0.51,0.31000000000000005,1.3,5,N,16064
0.51,0.31000000000000005,1.6,1,N,16065
0.51,0.31000000000000005,1.6,2,N,16066
0.51,0.31000000000000005,1.6,3,N,16067
0.51,0.31000000000000005,1.6,4,N,16068
0.51,0.31000000000000005,1.6,5,N,16069
0.51,0.31000000000000005,1.9,1,N,16070
0.51,0.31000000000000005,1.9,2,N,16071
0.51,0.31000000000000005,1.9,3,N,16072
0.51,0.31000000000000005,1.9,4,N,16073
0.51,0.31000000000000005,1.9,5,N,16074
0.51,0.31000000000000005,2.2,1,N,16075
0.51,0.31000000000000005,2.2,2,N,16076
0.51,0.31000000000000005,2.2,3,N,16077
0.51,0.31000000000000005,2.2,4,N,16078
0.51,0.31000000000000005,2.2,5,N,16079
0.51,0.31000000000000005,2.5,1,N,16080
0.51,0.31000000000000005,2.5,2,N,16081
0.51,0.31000000000000005,2.5,3,N,16082
0.51,0.31000000000000005,2.5,4,N,16083
0.51,0.31000000000000005,2.5,5,N,16084
0.51,0.31000000000000005,2.8000000000000003,1,N,16085
0.51,0.31000000000000005,2.8000000000000003,2,N,16086
0.51,0.31000000000000005,2.8000000000000003,3,N,16087
0.51,0.31000000000000005,2.8000000000000003,4,N,16088
0.51,0.31000000000000005,2.8000000000000003,5,N,16089
0.51,0.31000000000000005,3.1000000000000005,1,N,16090
0.51,0.31000000000000005,3.1000000000000005,2,N,16091
0.51,0.31000000000000005,3.1000000000000005,3,N,16092
0.51,0.31000000000000005,3.1000000000000005,4,N,16093
0.51,0.31000000000000005,3.1000000000000005,5,N,16094
0.51,0.31000000000000005,3.4000000000000004,1,N,16095
0.51,0.31000000000000005,3.4000000000000004,2,N,16096
0.51,0.31000000000000005,3.4000000000000004,3,N,16097
0.51,0.31000000000000005,3.4000000000000004,4,N,16098
0.51,0.31000000000000005,3.4000000000000004,5,N,16099
0.51,0.31000000000000005,3.7,1,N,16100
0.51,0.31000000000000005,3.7,2,N,16101
0.51,0.31000000000000005,3.7,3,N,16102
0.51,0.31000000000000005,3.7,4,N,16103
0.51,0.31000000000000005,3.7,5,N,16104
0.51,0.31000000000000005,4.0,1,N,16105
0.51,0.31000000000000005,4.0,2,N,16106
0.51,0.31000000000000005,4.0,3,N,16107
0.51,0.31000000000000005,4.0,4,N,16108
0.51,0.31000000000000005,4.0,5,N,16109
0.51,0.31000000000000005,4.300000000000002,1,N,16110
0.51,0.31000000000000005,4.300000000000002,2,N,16111
0.51,0.31000000000000005,4.300000000000002,3,N,16112
0.51,0.31000000000000005,4.300000000000002,4,N,16113
0.51,0.31000000000000005,4.300000000000002,5,N,16114
0.51,0.31000000000000005,4.6000000000000005,1,N,16115
0.51,0.31000000000000005,4.6000000000000005,2,N,16116
0.51,0.31000000000000005,4.6000000000000005,3,N,16117
0.51,0.31000000000000005,4.6000000000000005,4,N,16118
0.51,0.31000000000000005,4.6000000000000005,5,N,16119
0.51,0.31000000000000005,4.9,1,N,16120
0.51,0.31000000000000005,4.9,2,N,16121
0.51,0.31000000000000005,4.9,3,N,16122
0.51,0.31000000000000005,4.9,4,N,16123
0.51,0.31000000000000005,4.9,5,N,16124
0.51,0.41,0.01,1,N,16125
0.51,0.41,0.01,2,N,16126
0.51,0.41,0.01,3,N,16127
0.51,0.41,0.01,4,N,16128
0.51,0.41,0.01,5,N,16129
0.51,0.41,0.11,1,N,16130
0.51,0.41,0.11,2,N,16131
0.51,0.41,0.11,3,N,16132
0.51,0.41,0.11,4,N,16133
0.51,0.41,0.11,5,N,16134
0.51,0.41,0.21,1,N,16135
0.51,0.41,0.21,2,N,16136
0.51,0.41,0.21,3,N,16137
0.51,0.41,0.21,4,N,16138
0.51,0.41,0.21,5,N,16139
0.51,0.41,0.31000000000000005,1,N,16140
0.51,0.41,0.31000000000000005,2,N,16141
0.51,0.41,0.31000000000000005,3,N,16142
0.51,0.41,0.31000000000000005,4,N,16143
0.51,0.41,0.31000000000000005,5,N,16144
0.51,0.41,0.41,1,N,16145
0.51,0.41,0.41,2,N,16146
0.51,0.41,0.41,3,N,16147
0.51,0.41,0.41,4,N,16148
0.51,0.41,0.41,5,N,16149
0.51,0.41,0.51,1,N,16150
0.51,0.41,0.51,2,N,16151
0.51,0.41,0.51,3,N,16152
0.51,0.41,0.51,4,N,16153
0.51,0.41,0.51,5,N,16154
0.51,0.41,0.6100000000000001,1,N,16155
0.51,0.41,0.6100000000000001,2,N,16156
0.51,0.41,0.6100000000000001,3,N,16157
0.51,0.41,0.6100000000000001,4,N,16158
0.51,0.41,0.6100000000000001,5,N,16159
0.51,0.41,0.7100000000000001,1,N,16160
0.51,0.41,0.7100000000000001,2,N,16161
0.51,0.41,0.7100000000000001,3,N,16162
0.51,0.41,0.7100000000000001,4,N,16163
0.51,0.41,0.7100000000000001,5,N,16164
0.51,0.41,0.81,1,N,16165
0.51,0.41,0.81,2,N,16166
0.51,0.41,0.81,3,N,16167
0.51,0.41,0.81,4,N,16168
0.51,0.41,0.81,5,N,16169
0.51,0.41,0.91,1,N,16170
0.51,0.41,0.91,2,N,16171
0.51,0.41,0.91,3,N,16172
0.51,0.41,0.91,4,N,16173
0.51,0.41,0.91,5,N,16174
0.51,0.41,1.01,1,N,16175
0.51,0.41,1.01,2,N,16176
0.51,0.41,1.01,3,N,16177
0.51,0.41,1.01,4,N,16178
0.51,0.41,1.01,5,N,16179
0.51,0.41,1.11,1,N,16180
0.51,0.41,1.11,2,N,16181
0.51,0.41,1.11,3,N,16182
0.51,0.41,1.11,4,N,16183
0.51,0.41,1.11,5,N,16184
0.51,0.41,1.3,1,N,16185
0.51,0.41,1.3,2,N,16186
0.51,0.41,1.3,3,N,16187
0.51,0.41,1.3,4,N,16188
0.51,0.41,1.3,5,N,16189
0.51,0.41,1.6,1,N,16190
0.51,0.41,1.6,2,N,16191
0.51,0.41,1.6,3,N,16192
0.51,0.41,1.6,4,N,16193
0.51,0.41,1.6,5,N,16194
0.51,0.41,1.9,1,N,16195
0.51,0.41,1.9,2,N,16196
0.51,0.41,1.9,3,N,16197
0.51,0.41,1.9,4,N,16198
0.51,0.41,1.9,5,N,16199
0.51,0.41,2.2,1,N,16200
0.51,0.41,2.2,2,N,16201
0.51,0.41,2.2,3,N,16202
0.51,0.41,2.2,4,N,16203
0.51,0.41,2.2,5,N,16204
0.51,0.41,2.5,1,N,16205
0.51,0.41,2.5,2,N,16206
0.51,0.41,2.5,3,N,16207
0.51,0.41,2.5,4,N,16208
0.51,0.41,2.5,5,N,16209
0.51,0.41,2.8000000000000003,1,N,16210
0.51,0.41,2.8000000000000003,2,N,16211
0.51,0.41,2.8000000000000003,3,N,16212
0.51,0.41,2.8000000000000003,4,N,16213
0.51,0.41,2.8000000000000003,5,N,16214
0.51,0.41,3.1000000000000005,1,N,16215
0.51,0.41,3.1000000000000005,2,N,16216
0.51,0.41,3.1000000000000005,3,N,16217
0.51,0.41,3.1000000000000005,4,N,16218
0.51,0.41,3.1000000000000005,5,N,16219
0.51,0.41,3.4000000000000004,1,N,16220
0.51,0.41,3.4000000000000004,2,N,16221
0.51,0.41,3.4000000000000004,3,N,16222
0.51,0.41,3.4000000000000004,4,N,16223
0.51,0.41,3.4000000000000004,5,N,16224
0.51,0.41,3.7,1,N,16225
0.51,0.41,3.7,2,N,16226
0.51,0.41,3.7,3,N,16227
0.51,0.41,3.7,4,N,16228
0.51,0.41,3.7,5,N,16229
0.51,0.41,4.0,1,N,16230
0.51,0.41,4.0,2,N,16231
0.51,0.41,4.0,3,N,16232
0.51,0.41,4.0,4,N,16233
0.51,0.41,4.0,5,N,16234
0.51,0.41,4.300000000000002,1,N,16235
0.51,0.41,4.300000000000002,2,N,16236
0.51,0.41,4.300000000000002,3,N,16237
0.51,0.41,4.300000000000002,4,N,16238
0.51,0.41,4.300000000000002,5,N,16239
0.51,0.41,4.6000000000000005,1,N,16240
0.51,0.41,4.6000000000000005,2,N,16241
0.51,0.41,4.6000000000000005,3,N,16242
0.51,0.41,4.6000000000000005,4,N,16243
0.51,0.41,4.6000000000000005,5,N,16244
0.51,0.41,4.9,1,N,16245
0.51,0.41,4.9,2,N,16246
0.51,0.41,4.9,3,N,16247
0.51,0.41,4.9,4,N,16248
0.51,0.41,4.9,5,N,16249
0.51,0.51,0.01,1,N,16250
0.51,0.51,0.01,2,N,16251
0.51,0.51,0.01,3,N,16252
0.51,0.51,0.01,4,N,16253
0.51,0.51,0.01,5,N,16254
0.51,0.51,0.11,1,N,16255
0.51,0.51,0.11,2,N,16256
0.51,0.51,0.11,3,N,16257
0.51,0.51,0.11,4,N,16258
0.51,0.51,0.11,5,N,16259
0.51,0.51,0.21,1,N,16260
0.51,0.51,0.21,2,N,16261
0.51,0.51,0.21,3,N,16262
0.51,0.51,0.21,4,N,16263
0.51,0.51,0.21,5,N,16264
0.51,0.51,0.31000000000000005,1,N,16265
0.51,0.51,0.31000000000000005,2,N,16266
0.51,0.51,0.31000000000000005,3,N,16267
0.51,0.51,0.31000000000000005,4,N,16268
0.51,0.51,0.31000000000000005,5,N,16269
0.51,0.51,0.41,1,N,16270
0.51,0.51,0.41,2,N,16271
0.51,0.51,0.41,3,N,16272
0.51,0.51,0.41,4,N,16273
0.51,0.51,0.41,5,N,16274
0.51,0.51,0.51,1,N,16275
0.51,0.51,0.51,2,N,16276
0.51,0.51,0.51,3,N,16277
0.51,0.51,0.51,4,N,16278
0.51,0.51,0.51,5,N,16279
0.51,0.51,0.6100000000000001,1,N,16280
0.51,0.51,0.6100000000000001,2,N,16281
0.51,0.51,0.6100000000000001,3,N,16282
0.51,0.51,0.6100000000000001,4,N,16283
0.51,0.51,0.6100000000000001,5,N,16284
0.51,0.51,0.7100000000000001,1,N,16285
0.51,0.51,0.7100000000000001,2,N,16286
0.51,0.51,0.7100000000000001,3,N,16287
0.51,0.51,0.7100000000000001,4,N,16288
0.51,0.51,0.7100000000000001,5,N,16289
0.51,0.51,0.81,1,N,16290
0.51,0.51,0.81,2,N,16291
0.51,0.51,0.81,3,N,16292
0.51,0.51,0.81,4,N,16293
0.51,0.51,0.81,5,N,16294
0.51,0.51,0.91,1,N,16295
0.51,0.51,0.91,2,N,16296
0.51,0.51,0.91,3,N,16297
0.51,0.51,0.91,4,N,16298
0.51,0.51,0.91,5,N,16299
0.51,0.51,1.01,1,N,16300
0.51,0.51,1.01,2,N,16301
0.51,0.51,1.01,3,N,16302
0.51,0.51,1.01,4,N,16303
0.51,0.51,1.01,5,N,16304
0.51,0.51,1.11,1,N,16305
0.51,0.51,1.11,2,N,16306
0.51,0.51,1.11,3,N,16307
0.51,0.51,1.11,4,N,16308
0.51,0.51,1.11,5,N,16309
0.51,0.51,1.3,1,N,16310
0.51,0.51,1.3,2,N,16311
0.51,0.51,1.3,3,N,16312
0.51,0.51,1.3,4,N,16313
0.51,0.51,1.3,5,N,16314
0.51,0.51,1.6,1,N,16315
0.51,0.51,1.6,2,N,16316
0.51,0.51,1.6,3,N,16317
0.51,0.51,1.6,4,N,16318
0.51,0.51,1.6,5,N,16319
0.51,0.51,1.9,1,N,16320
0.51,0.51,1.9,2,N,16321
0.51,0.51,1.9,3,N,16322
0.51,0.51,1.9,4,N,16323
0.51,0.51,1.9,5,N,16324
0.51,0.51,2.2,1,N,16325
0.51,0.51,2.2,2,N,16326
0.51,0.51,2.2,3,N,16327
0.51,0.51,2.2,4,N,16328
0.51,0.51,2.2,5,N,16329
0.51,0.51,2.5,1,N,16330
0.51,0.51,2.5,2,N,16331
0.51,0.51,2.5,3,N,16332
0.51,0.51,2.5,4,N,16333
0.51,0.51,2.5,5,N,16334
0.51,0.51,2.8000000000000003,1,N,16335
0.51,0.51,2.8000000000000003,2,N,16336
0.51,0.51,2.8000000000000003,3,N,16337
0.51,0.51,2.8000000000000003,4,N,16338
0.51,0.51,2.8000000000000003,5,N,16339
0.51,0.51,3.1000000000000005,1,N,16340
0.51,0.51,3.1000000000000005,2,N,16341
0.51,0.51,3.1000000000000005,3,N,16342
0.51,0.51,3.1000000000000005,4,N,16343
0.51,0.51,3.1000000000000005,5,N,16344
0.51,0.51,3.4000000000000004,1,N,16345
0.51,0.51,3.4000000000000004,2,N,16346
0.51,0.51,3.4000000000000004,3,N,16347
0.51,0.51,3.4000000000000004,4,N,16348
0.51,0.51,3.4000000000000004,5,N,16349
0.51,0.51,3.7,1,N,16350
0.51,0.51,3.7,2,N,16351
0.51,0.51,3.7,3,N,16352
0.51,0.51,3.7,4,N,16353
0.51,0.51,3.7,5,N,16354
0.51,0.51,4.0,1,N,16355
0.51,0.51,4.0,2,N,16356
0.51,0.51,4.0,3,N,16357
0.51,0.51,4.0,4,N,16358
0.51,0.51,4.0,5,N,16359
0.51,0.51,4.300000000000002,1,N,16360
0.51,0.51,4.300000000000002,2,N,16361
0.51,0.51,4.300000000000002,3,N,16362
0.51,0.51,4.300000000000002,4,N,16363
0.51,0.51,4.300000000000002,5,N,16364
0.51,0.51,4.6000000000000005,1,N,16365
0.51,0.51,4.6000000000000005,2,N,16366
0.51,0.51,4.6000000000000005,3,N,16367
0.51,0.51,4.6000000000000005,4,N,16368
0.51,0.51,4.6000000000000005,5,N,16369
0.51,0.51,4.9,1,N,16370
0.51,0.51,4.9,2,N,16371
0.51,0.51,4.9,3,N,16372
0.51,0.51,4.9,4,N,16373
0.51,0.51,4.9,5,N,16374
0.51,0.6100000000000001,0.01,1,N,16375
0.51,0.6100000000000001,0.01,2,N,16376
0.51,0.6100000000000001,0.01,3,N,16377
0.51,0.6100000000000001,0.01,4,N,16378
0.51,0.6100000000000001,0.01,5,N,16379
0.51,0.6100000000000001,0.11,1,N,16380
0.51,0.6100000000000001,0.11,2,N,16381
0.51,0.6100000000000001,0.11,3,N,16382
0.51,0.6100000000000001,0.11,4,N,16383
0.51,0.6100000000000001,0.11,5,N,16384
0.51,0.6100000000000001,0.21,1,N,16385
0.51,0.6100000000000001,0.21,2,N,16386
0.51,0.6100000000000001,0.21,3,N,16387
0.51,0.6100000000000001,0.21,4,N,16388
0.51,0.6100000000000001,0.21,5,N,16389
0.51,0.6100000000000001,0.31000000000000005,1,N,16390
0.51,0.6100000000000001,0.31000000000000005,2,N,16391
0.51,0.6100000000000001,0.31000000000000005,3,N,16392
0.51,0.6100000000000001,0.31000000000000005,4,N,16393
0.51,0.6100000000000001,0.31000000000000005,5,N,16394
0.51,0.6100000000000001,0.41,1,N,16395
0.51,0.6100000000000001,0.41,2,N,16396
0.51,0.6100000000000001,0.41,3,N,16397
0.51,0.6100000000000001,0.41,4,N,16398
0.51,0.6100000000000001,0.41,5,N,16399
0.51,0.6100000000000001,0.51,1,N,16400
0.51,0.6100000000000001,0.51,2,N,16401
0.51,0.6100000000000001,0.51,3,N,16402
0.51,0.6100000000000001,0.51,4,N,16403
0.51,0.6100000000000001,0.51,5,N,16404
0.51,0.6100000000000001,0.6100000000000001,1,N,16405
0.51,0.6100000000000001,0.6100000000000001,2,N,16406
0.51,0.6100000000000001,0.6100000000000001,3,N,16407
0.51,0.6100000000000001,0.6100000000000001,4,N,16408
0.51,0.6100000000000001,0.6100000000000001,5,N,16409
0.51,0.6100000000000001,0.7100000000000001,1,N,16410
0.51,0.6100000000000001,0.7100000000000001,2,N,16411
0.51,0.6100000000000001,0.7100000000000001,3,N,16412
0.51,0.6100000000000001,0.7100000000000001,4,N,16413
0.51,0.6100000000000001,0.7100000000000001,5,N,16414
0.51,0.6100000000000001,0.81,1,N,16415
0.51,0.6100000000000001,0.81,2,N,16416
0.51,0.6100000000000001,0.81,3,N,16417
0.51,0.6100000000000001,0.81,4,N,16418
0.51,0.6100000000000001,0.81,5,N,16419
0.51,0.6100000000000001,0.91,1,N,16420
0.51,0.6100000000000001,0.91,2,N,16421
0.51,0.6100000000000001,0.91,3,N,16422
0.51,0.6100000000000001,0.91,4,N,16423
0.51,0.6100000000000001,0.91,5,N,16424
0.51,0.6100000000000001,1.01,1,N,16425
0.51,0.6100000000000001,1.01,2,N,16426
0.51,0.6100000000000001,1.01,3,N,16427
0.51,0.6100000000000001,1.01,4,N,16428
0.51,0.6100000000000001,1.01,5,N,16429
0.51,0.6100000000000001,1.11,1,N,16430
0.51,0.6100000000000001,1.11,2,N,16431
0.51,0.6100000000000001,1.11,3,N,16432
0.51,0.6100000000000001,1.11,4,N,16433
0.51,0.6100000000000001,1.11,5,N,16434
0.51,0.6100000000000001,1.3,1,N,16435
0.51,0.6100000000000001,1.3,2,N,16436
0.51,0.6100000000000001,1.3,3,N,16437
0.51,0.6100000000000001,1.3,4,N,16438
0.51,0.6100000000000001,1.3,5,N,16439
0.51,0.6100000000000001,1.6,1,N,16440
0.51,0.6100000000000001,1.6,2,N,16441
0.51,0.6100000000000001,1.6,3,N,16442
0.51,0.6100000000000001,1.6,4,N,16443
0.51,0.6100000000000001,1.6,5,N,16444
0.51,0.6100000000000001,1.9,1,N,16445
0.51,0.6100000000000001,1.9,2,N,16446
0.51,0.6100000000000001,1.9,3,N,16447
0.51,0.6100000000000001,1.9,4,N,16448
0.51,0.6100000000000001,1.9,5,N,16449
0.51,0.6100000000000001,2.2,1,N,16450
0.51,0.6100000000000001,2.2,2,N,16451
0.51,0.6100000000000001,2.2,3,N,16452
0.51,0.6100000000000001,2.2,4,N,16453
0.51,0.6100000000000001,2.2,5,N,16454
0.51,0.6100000000000001,2.5,1,N,16455
0.51,0.6100000000000001,2.5,2,N,16456
0.51,0.6100000000000001,2.5,3,N,16457
0.51,0.6100000000000001,2.5,4,N,16458
0.51,0.6100000000000001,2.5,5,N,16459
0.51,0.6100000000000001,2.8000000000000003,1,N,16460
0.51,0.6100000000000001,2.8000000000000003,2,N,16461
0.51,0.6100000000000001,2.8000000000000003,3,N,16462
0.51,0.6100000000000001,2.8000000000000003,4,N,16463
0.51,0.6100000000000001,2.8000000000000003,5,N,16464
0.51,0.6100000000000001,3.1000000000000005,1,N,16465
0.51,0.6100000000000001,3.1000000000000005,2,N,16466
0.51,0.6100000000000001,3.1000000000000005,3,N,16467
0.51,0.6100000000000001,3.1000000000000005,4,N,16468
0.51,0.6100000000000001,3.1000000000000005,5,N,16469
0.51,0.6100000000000001,3.4000000000000004,1,N,16470
0.51,0.6100000000000001,3.4000000000000004,2,N,16471
0.51,0.6100000000000001,3.4000000000000004,3,N,16472
0.51,0.6100000000000001,3.4000000000000004,4,N,16473
0.51,0.6100000000000001,3.4000000000000004,5,N,16474
0.51,0.6100000000000001,3.7,1,N,16475
0.51,0.6100000000000001,3.7,2,N,16476
0.51,0.6100000000000001,3.7,3,N,16477
0.51,0.6100000000000001,3.7,4,N,16478
0.51,0.6100000000000001,3.7,5,N,16479
0.51,0.6100000000000001,4.0,1,N,16480
0.51,0.6100000000000001,4.0,2,N,16481
0.51,0.6100000000000001,4.0,3,N,16482
0.51,0.6100000000000001,4.0,4,N,16483
0.51,0.6100000000000001,4.0,5,N,16484
0.51,0.6100000000000001,4.300000000000002,1,N,16485
0.51,0.6100000000000001,4.300000000000002,2,N,16486
0.51,0.6100000000000001,4.300000000000002,3,N,16487
0.51,0.6100000000000001,4.300000000000002,4,N,16488
0.51,0.6100000000000001,4.300000000000002,5,N,16489
0.51,0.6100000000000001,4.6000000000000005,1,N,16490
0.51,0.6100000000000001,4.6000000000000005,2,N,16491
0.51,0.6100000000000001,4.6000000000000005,3,N,16492
0.51,0.6100000000000001,4.6000000000000005,4,N,16493
0.51,0.6100000000000001,4.6000000000000005,5,N,16494
0.51,0.6100000000000001,4.9,1,N,16495
0.51,0.6100000000000001,4.9,2,N,16496
0.51,0.6100000000000001,4.9,3,N,16497
0.51,0.6100000000000001,4.9,4,N,16498
0.51,0.6100000000000001,4.9,5,N,16499
0.51,0.7100000000000001,0.01,1,N,16500
0.51,0.7100000000000001,0.01,2,N,16501
0.51,0.7100000000000001,0.01,3,N,16502
0.51,0.7100000000000001,0.01,4,N,16503
0.51,0.7100000000000001,0.01,5,N,16504
0.51,0.7100000000000001,0.11,1,N,16505
0.51,0.7100000000000001,0.11,2,N,16506
0.51,0.7100000000000001,0.11,3,N,16507
0.51,0.7100000000000001,0.11,4,N,16508
0.51,0.7100000000000001,0.11,5,N,16509
0.51,0.7100000000000001,0.21,1,N,16510
0.51,0.7100000000000001,0.21,2,N,16511
0.51,0.7100000000000001,0.21,3,N,16512
0.51,0.7100000000000001,0.21,4,N,16513
0.51,0.7100000000000001,0.21,5,N,16514
0.51,0.7100000000000001,0.31000000000000005,1,N,16515
0.51,0.7100000000000001,0.31000000000000005,2,N,16516
0.51,0.7100000000000001,0.31000000000000005,3,N,16517
0.51,0.7100000000000001,0.31000000000000005,4,N,16518
0.51,0.7100000000000001,0.31000000000000005,5,N,16519
0.51,0.7100000000000001,0.41,1,N,16520
0.51,0.7100000000000001,0.41,2,N,16521
0.51,0.7100000000000001,0.41,3,N,16522
0.51,0.7100000000000001,0.41,4,N,16523
0.51,0.7100000000000001,0.41,5,N,16524
0.51,0.7100000000000001,0.51,1,N,16525
0.51,0.7100000000000001,0.51,2,N,16526
0.51,0.7100000000000001,0.51,3,N,16527
0.51,0.7100000000000001,0.51,4,N,16528
0.51,0.7100000000000001,0.51,5,N,16529
0.51,0.7100000000000001,0.6100000000000001,1,N,16530
0.51,0.7100000000000001,0.6100000000000001,2,N,16531
0.51,0.7100000000000001,0.6100000000000001,3,N,16532
0.51,0.7100000000000001,0.6100000000000001,4,N,16533
0.51,0.7100000000000001,0.6100000000000001,5,N,16534
0.51,0.7100000000000001,0.7100000000000001,1,N,16535
0.51,0.7100000000000001,0.7100000000000001,2,N,16536
0.51,0.7100000000000001,0.7100000000000001,3,N,16537
0.51,0.7100000000000001,0.7100000000000001,4,N,16538
0.51,0.7100000000000001,0.7100000000000001,5,N,16539
0.51,0.7100000000000001,0.81,1,N,16540
0.51,0.7100000000000001,0.81,2,N,16541
0.51,0.7100000000000001,0.81,3,N,16542
0.51,0.7100000000000001,0.81,4,N,16543
0.51,0.7100000000000001,0.81,5,N,16544
0.51,0.7100000000000001,0.91,1,N,16545
0.51,0.7100000000000001,0.91,2,N,16546
0.51,0.7100000000000001,0.91,3,N,16547
0.51,0.7100000000000001,0.91,4,N,16548
0.51,0.7100000000000001,0.91,5,N,16549
0.51,0.7100000000000001,1.01,1,N,16550
0.51,0.7100000000000001,1.01,2,N,16551
0.51,0.7100000000000001,1.01,3,N,16552
0.51,0.7100000000000001,1.01,4,N,16553
0.51,0.7100000000000001,1.01,5,N,16554
0.51,0.7100000000000001,1.11,1,N,16555
0.51,0.7100000000000001,1.11,2,N,16556
0.51,0.7100000000000001,1.11,3,N,16557
0.51,0.7100000000000001,1.11,4,N,16558
0.51,0.7100000000000001,1.11,5,N,16559
0.51,0.7100000000000001,1.3,1,N,16560
0.51,0.7100000000000001,1.3,2,N,16561
0.51,0.7100000000000001,1.3,3,N,16562
0.51,0.7100000000000001,1.3,4,N,16563
0.51,0.7100000000000001,1.3,5,N,16564
0.51,0.7100000000000001,1.6,1,N,16565
0.51,0.7100000000000001,1.6,2,N,16566
0.51,0.7100000000000001,1.6,3,N,16567
0.51,0.7100000000000001,1.6,4,N,16568
0.51,0.7100000000000001,1.6,5,N,16569
0.51,0.7100000000000001,1.9,1,N,16570
0.51,0.7100000000000001,1.9,2,N,16571
0.51,0.7100000000000001,1.9,3,N,16572
0.51,0.7100000000000001,1.9,4,N,16573
0.51,0.7100000000000001,1.9,5,N,16574
0.51,0.7100000000000001,2.2,1,N,16575
0.51,0.7100000000000001,2.2,2,N,16576
0.51,0.7100000000000001,2.2,3,N,16577
0.51,0.7100000000000001,2.2,4,N,16578
0.51,0.7100000000000001,2.2,5,N,16579
0.51,0.7100000000000001,2.5,1,N,16580
0.51,0.7100000000000001,2.5,2,N,16581
0.51,0.7100000000000001,2.5,3,N,16582
0.51,0.7100000000000001,2.5,4,N,16583
0.51,0.7100000000000001,2.5,5,N,16584
0.51,0.7100000000000001,2.8000000000000003,1,N,16585
0.51,0.7100000000000001,2.8000000000000003,2,N,16586
0.51,0.7100000000000001,2.8000000000000003,3,N,16587
0.51,0.7100000000000001,2.8000000000000003,4,N,16588
0.51,0.7100000000000001,2.8000000000000003,5,N,16589
0.51,0.7100000000000001,3.1000000000000005,1,N,16590
0.51,0.7100000000000001,3.1000000000000005,2,N,16591
0.51,0.7100000000000001,3.1000000000000005,3,N,16592
0.51,0.7100000000000001,3.1000000000000005,4,N,16593
0.51,0.7100000000000001,3.1000000000000005,5,N,16594
0.51,0.7100000000000001,3.4000000000000004,1,N,16595
0.51,0.7100000000000001,3.4000000000000004,2,N,16596
0.51,0.7100000000000001,3.4000000000000004,3,N,16597
0.51,0.7100000000000001,3.4000000000000004,4,N,16598
0.51,0.7100000000000001,3.4000000000000004,5,N,16599
0.51,0.7100000000000001,3.7,1,N,16600
0.51,0.7100000000000001,3.7,2,N,16601
0.51,0.7100000000000001,3.7,3,N,16602
0.51,0.7100000000000001,3.7,4,N,16603
0.51,0.7100000000000001,3.7,5,N,16604
0.51,0.7100000000000001,4.0,1,N,16605
0.51,0.7100000000000001,4.0,2,N,16606
0.51,0.7100000000000001,4.0,3,N,16607
0.51,0.7100000000000001,4.0,4,N,16608
0.51,0.7100000000000001,4.0,5,N,16609
0.51,0.7100000000000001,4.300000000000002,1,N,16610
0.51,0.7100000000000001,4.300000000000002,2,N,16611
0.51,0.7100000000000001,4.300000000000002,3,N,16612
0.51,0.7100000000000001,4.300000000000002,4,N,16613
0.51,0.7100000000000001,4.300000000000002,5,N,16614
0.51,0.7100000000000001,4.6000000000000005,1,N,16615
0.51,0.7100000000000001,4.6000000000000005,2,N,16616
0.51,0.7100000000000001,4.6000000000000005,3,N,16617
0.51,0.7100000000000001,4.6000000000000005,4,N,16618
0.51,0.7100000000000001,4.6000000000000005,5,N,16619
0.51,0.7100000000000001,4.9,1,N,16620
0.51,0.7100000000000001,4.9,2,N,16621
0.51,0.7100000000000001,4.9,3,N,16622
0.51,0.7100000000000001,4.9,4,N,16623
0.51,0.7100000000000001,4.9,5,N,16624
0.51,0.81,0.01,1,N,16625
0.51,0.81,0.01,2,N,16626
0.51,0.81,0.01,3,N,16627
0.51,0.81,0.01,4,N,16628
0.51,0.81,0.01,5,N,16629
0.51,0.81,0.11,1,N,16630
0.51,0.81,0.11,2,N,16631
0.51,0.81,0.11,3,N,16632
0.51,0.81,0.11,4,N,16633
0.51,0.81,0.11,5,N,16634
0.51,0.81,0.21,1,N,16635
0.51,0.81,0.21,2,N,16636
0.51,0.81,0.21,3,N,16637
0.51,0.81,0.21,4,N,16638
0.51,0.81,0.21,5,N,16639
0.51,0.81,0.31000000000000005,1,N,16640
0.51,0.81,0.31000000000000005,2,N,16641
0.51,0.81,0.31000000000000005,3,N,16642
0.51,0.81,0.31000000000000005,4,N,16643
0.51,0.81,0.31000000000000005,5,N,16644
0.51,0.81,0.41,1,N,16645
0.51,0.81,0.41,2,N,16646
0.51,0.81,0.41,3,N,16647
0.51,0.81,0.41,4,N,16648
0.51,0.81,0.41,5,N,16649
0.51,0.81,0.51,1,N,16650
0.51,0.81,0.51,2,N,16651
0.51,0.81,0.51,3,N,16652
0.51,0.81,0.51,4,N,16653
0.51,0.81,0.51,5,N,16654
0.51,0.81,0.6100000000000001,1,N,16655
0.51,0.81,0.6100000000000001,2,N,16656
0.51,0.81,0.6100000000000001,3,N,16657
0.51,0.81,0.6100000000000001,4,N,16658
0.51,0.81,0.6100000000000001,5,N,16659
0.51,0.81,0.7100000000000001,1,N,16660
0.51,0.81,0.7100000000000001,2,N,16661
0.51,0.81,0.7100000000000001,3,N,16662
0.51,0.81,0.7100000000000001,4,N,16663
0.51,0.81,0.7100000000000001,5,N,16664
0.51,0.81,0.81,1,N,16665
0.51,0.81,0.81,2,N,16666
0.51,0.81,0.81,3,N,16667
0.51,0.81,0.81,4,N,16668
0.51,0.81,0.81,5,N,16669
0.51,0.81,0.91,1,N,16670
0.51,0.81,0.91,2,N,16671
0.51,0.81,0.91,3,N,16672
0.51,0.81,0.91,4,N,16673
0.51,0.81,0.91,5,N,16674
0.51,0.81,1.01,1,N,16675
0.51,0.81,1.01,2,N,16676
0.51,0.81,1.01,3,N,16677
0.51,0.81,1.01,4,N,16678
0.51,0.81,1.01,5,N,16679
0.51,0.81,1.11,1,N,16680
0.51,0.81,1.11,2,N,16681
0.51,0.81,1.11,3,N,16682
0.51,0.81,1.11,4,N,16683
0.51,0.81,1.11,5,N,16684
0.51,0.81,1.3,1,N,16685
0.51,0.81,1.3,2,N,16686
0.51,0.81,1.3,3,N,16687
0.51,0.81,1.3,4,N,16688
0.51,0.81,1.3,5,N,16689
0.51,0.81,1.6,1,N,16690
0.51,0.81,1.6,2,N,16691
0.51,0.81,1.6,3,N,16692
0.51,0.81,1.6,4,N,16693
0.51,0.81,1.6,5,N,16694
0.51,0.81,1.9,1,N,16695
0.51,0.81,1.9,2,N,16696
0.51,0.81,1.9,3,N,16697
0.51,0.81,1.9,4,N,16698
0.51,0.81,1.9,5,N,16699
0.51,0.81,2.2,1,N,16700
0.51,0.81,2.2,2,N,16701
0.51,0.81,2.2,3,N,16702
0.51,0.81,2.2,4,N,16703
0.51,0.81,2.2,5,N,16704
0.51,0.81,2.5,1,N,16705
0.51,0.81,2.5,2,N,16706
0.51,0.81,2.5,3,N,16707
0.51,0.81,2.5,4,N,16708
0.51,0.81,2.5,5,N,16709
0.51,0.81,2.8000000000000003,1,N,16710
0.51,0.81,2.8000000000000003,2,N,16711
0.51,0.81,2.8000000000000003,3,N,16712
0.51,0.81,2.8000000000000003,4,N,16713
0.51,0.81,2.8000000000000003,5,N,16714
0.51,0.81,3.1000000000000005,1,N,16715
0.51,0.81,3.1000000000000005,2,N,16716
0.51,0.81,3.1000000000000005,3,N,16717
0.51,0.81,3.1000000000000005,4,N,16718
0.51,0.81,3.1000000000000005,5,N,16719
0.51,0.81,3.4000000000000004,1,N,16720
0.51,0.81,3.4000000000000004,2,N,16721
0.51,0.81,3.4000000000000004,3,N,16722
0.51,0.81,3.4000000000000004,4,N,16723
0.51,0.81,3.4000000000000004,5,N,16724
0.51,0.81,3.7,1,N,16725
0.51,0.81,3.7,2,N,16726
0.51,0.81,3.7,3,N,16727
0.51,0.81,3.7,4,N,16728
0.51,0.81,3.7,5,N,16729
0.51,0.81,4.0,1,N,16730
0.51,0.81,4.0,2,N,16731
0.51,0.81,4.0,3,N,16732
0.51,0.81,4.0,4,N,16733
0.51,0.81,4.0,5,N,16734
0.51,0.81,4.300000000000002,1,N,16735
0.51,0.81,4.300000000000002,2,N,16736
0.51,0.81,4.300000000000002,3,N,16737
0.51,0.81,4.300000000000002,4,N,16738
0.51,0.81,4.300000000000002,5,N,16739
0.51,0.81,4.6000000000000005,1,N,16740
0.51,0.81,4.6000000000000005,2,N,16741
0.51,0.81,4.6000000000000005,3,N,16742
0.51,0.81,4.6000000000000005,4,N,16743
0.51,0.81,4.6000000000000005,5,N,16744
0.51,0.81,4.9,1,N,16745
0.51,0.81,4.9,2,N,16746
0.51,0.81,4.9,3,N,16747
0.51,0.81,4.9,4,N,16748
0.51,0.81,4.9,5,N,16749
0.51,0.91,0.01,1,N,16750
0.51,0.91,0.01,2,N,16751
0.51,0.91,0.01,3,N,16752
0.51,0.91,0.01,4,N,16753
0.51,0.91,0.01,5,N,16754
0.51,0.91,0.11,1,N,16755
0.51,0.91,0.11,2,N,16756
0.51,0.91,0.11,3,N,16757
0.51,0.91,0.11,4,N,16758
0.51,0.91,0.11,5,N,16759
0.51,0.91,0.21,1,N,16760
0.51,0.91,0.21,2,N,16761
0.51,0.91,0.21,3,N,16762
0.51,0.91,0.21,4,N,16763
0.51,0.91,0.21,5,N,16764
0.51,0.91,0.31000000000000005,1,N,16765
0.51,0.91,0.31000000000000005,2,N,16766
0.51,0.91,0.31000000000000005,3,N,16767
0.51,0.91,0.31000000000000005,4,N,16768
0.51,0.91,0.31000000000000005,5,N,16769
0.51,0.91,0.41,1,N,16770
0.51,0.91,0.41,2,N,16771
0.51,0.91,0.41,3,N,16772
0.51,0.91,0.41,4,N,16773
0.51,0.91,0.41,5,N,16774
0.51,0.91,0.51,1,N,16775
0.51,0.91,0.51,2,N,16776
0.51,0.91,0.51,3,N,16777
0.51,0.91,0.51,4,N,16778
0.51,0.91,0.51,5,N,16779
0.51,0.91,0.6100000000000001,1,N,16780
0.51,0.91,0.6100000000000001,2,N,16781
0.51,0.91,0.6100000000000001,3,N,16782
0.51,0.91,0.6100000000000001,4,N,16783
0.51,0.91,0.6100000000000001,5,N,16784
0.51,0.91,0.7100000000000001,1,N,16785
0.51,0.91,0.7100000000000001,2,N,16786
0.51,0.91,0.7100000000000001,3,N,16787
0.51,0.91,0.7100000000000001,4,N,16788
0.51,0.91,0.7100000000000001,5,N,16789
0.51,0.91,0.81,1,N,16790
0.51,0.91,0.81,2,N,16791
0.51,0.91,0.81,3,N,16792
0.51,0.91,0.81,4,N,16793
0.51,0.91,0.81,5,N,16794
0.51,0.91,0.91,1,N,16795
0.51,0.91,0.91,2,N,16796
0.51,0.91,0.91,3,N,16797
0.51,0.91,0.91,4,N,16798
0.51,0.91,0.91,5,N,16799
0.51,0.91,1.01,1,N,16800
0.51,0.91,1.01,2,N,16801
0.51,0.91,1.01,3,N,16802
0.51,0.91,1.01,4,N,16803
0.51,0.91,1.01,5,N,16804
0.51,0.91,1.11,1,N,16805
0.51,0.91,1.11,2,N,16806
0.51,0.91,1.11,3,N,16807
0.51,0.91,1.11,4,N,16808
0.51,0.91,1.11,5,N,16809
0.51,0.91,1.3,1,N,16810
0.51,0.91,1.3,2,N,16811
0.51,0.91,1.3,3,N,16812
0.51,0.91,1.3,4,N,16813
0.51,0.91,1.3,5,N,16814
0.51,0.91,1.6,1,N,16815
0.51,0.91,1.6,2,N,16816
0.51,0.91,1.6,3,N,16817
0.51,0.91,1.6,4,N,16818
0.51,0.91,1.6,5,N,16819
0.51,0.91,1.9,1,N,16820
0.51,0.91,1.9,2,N,16821
0.51,0.91,1.9,3,N,16822
0.51,0.91,1.9,4,N,16823
0.51,0.91,1.9,5,N,16824
0.51,0.91,2.2,1,N,16825
0.51,0.91,2.2,2,N,16826
0.51,0.91,2.2,3,N,16827
0.51,0.91,2.2,4,N,16828
0.51,0.91,2.2,5,N,16829
0.51,0.91,2.5,1,N,16830
0.51,0.91,2.5,2,N,16831
0.51,0.91,2.5,3,N,16832
0.51,0.91,2.5,4,N,16833
0.51,0.91,2.5,5,N,16834
0.51,0.91,2.8000000000000003,1,N,16835
0.51,0.91,2.8000000000000003,2,N,16836
0.51,0.91,2.8000000000000003,3,N,16837
0.51,0.91,2.8000000000000003,4,N,16838
0.51,0.91,2.8000000000000003,5,N,16839
0.51,0.91,3.1000000000000005,1,N,16840
0.51,0.91,3.1000000000000005,2,N,16841
0.51,0.91,3.1000000000000005,3,N,16842
0.51,0.91,3.1000000000000005,4,N,16843
0.51,0.91,3.1000000000000005,5,N,16844
0.51,0.91,3.4000000000000004,1,N,16845
0.51,0.91,3.4000000000000004,2,N,16846
0.51,0.91,3.4000000000000004,3,N,16847
0.51,0.91,3.4000000000000004,4,N,16848
0.51,0.91,3.4000000000000004,5,N,16849
0.51,0.91,3.7,1,N,16850
0.51,0.91,3.7,2,N,16851
0.51,0.91,3.7,3,N,16852
0.51,0.91,3.7,4,N,16853
0.51,0.91,3.7,5,N,16854
0.51,0.91,4.0,1,N,16855
0.51,0.91,4.0,2,N,16856
0.51,0.91,4.0,3,N,16857
0.51,0.91,4.0,4,N,16858
0.51,0.91,4.0,5,N,16859
0.51,0.91,4.300000000000002,1,N,16860
0.51,0.91,4.300000000000002,2,N,16861
0.51,0.91,4.300000000000002,3,N,16862
0.51,0.91,4.300000000000002,4,N,16863
0.51,0.91,4.300000000000002,5,N,16864
0.51,0.91,4.6000000000000005,1,N,16865
0.51,0.91,4.6000000000000005,2,N,16866
0.51,0.91,4.6000000000000005,3,N,16867
0.51,0.91,4.6000000000000005,4,N,16868
0.51,0.91,4.6000000000000005,5,N,16869
0.51,0.91,4.9,1,N,16870
0.51,0.91,4.9,2,N,16871
0.51,0.91,4.9,3,N,16872
0.51,0.91,4.9,4,N,16873
0.51,0.91,4.9,5,N,16874
0.51,1.01,0.01,1,N,16875
0.51,1.01,0.01,2,N,16876
0.51,1.01,0.01,3,N,16877
0.51,1.01,0.01,4,N,16878
0.51,1.01,0.01,5,N,16879
0.51,1.01,0.11,1,N,16880
0.51,1.01,0.11,2,N,16881
0.51,1.01,0.11,3,N,16882
0.51,1.01,0.11,4,N,16883
0.51,1.01,0.11,5,N,16884
0.51,1.01,0.21,1,N,16885
0.51,1.01,0.21,2,N,16886
0.51,1.01,0.21,3,N,16887
0.51,1.01,0.21,4,N,16888
0.51,1.01,0.21,5,N,16889
0.51,1.01,0.31000000000000005,1,N,16890
0.51,1.01,0.31000000000000005,2,N,16891
0.51,1.01,0.31000000000000005,3,N,16892
0.51,1.01,0.31000000000000005,4,N,16893
0.51,1.01,0.31000000000000005,5,N,16894
0.51,1.01,0.41,1,N,16895
0.51,1.01,0.41,2,N,16896
0.51,1.01,0.41,3,N,16897
0.51,1.01,0.41,4,N,16898
0.51,1.01,0.41,5,N,16899
0.51,1.01,0.51,1,N,16900
0.51,1.01,0.51,2,N,16901
0.51,1.01,0.51,3,N,16902
0.51,1.01,0.51,4,N,16903
0.51,1.01,0.51,5,N,16904
0.51,1.01,0.6100000000000001,1,N,16905
0.51,1.01,0.6100000000000001,2,N,16906
0.51,1.01,0.6100000000000001,3,N,16907
0.51,1.01,0.6100000000000001,4,N,16908
0.51,1.01,0.6100000000000001,5,N,16909
0.51,1.01,0.7100000000000001,1,N,16910
0.51,1.01,0.7100000000000001,2,N,16911
0.51,1.01,0.7100000000000001,3,N,16912
0.51,1.01,0.7100000000000001,4,N,16913
0.51,1.01,0.7100000000000001,5,N,16914
0.51,1.01,0.81,1,N,16915
0.51,1.01,0.81,2,N,16916
0.51,1.01,0.81,3,N,16917
0.51,1.01,0.81,4,N,16918
0.51,1.01,0.81,5,N,16919
0.51,1.01,0.91,1,N,16920
0.51,1.01,0.91,2,N,16921
0.51,1.01,0.91,3,N,16922
0.51,1.01,0.91,4,N,16923
0.51,1.01,0.91,5,N,16924
0.51,1.01,1.01,1,N,16925
0.51,1.01,1.01,2,N,16926
0.51,1.01,1.01,3,N,16927
0.51,1.01,1.01,4,N,16928
0.51,1.01,1.01,5,N,16929
0.51,1.01,1.11,1,N,16930
0.51,1.01,1.11,2,N,16931
0.51,1.01,1.11,3,N,16932
0.51,1.01,1.11,4,N,16933
0.51,1.01,1.11,5,N,16934
0.51,1.01,1.3,1,N,16935
0.51,1.01,1.3,2,N,16936
0.51,1.01,1.3,3,N,16937
0.51,1.01,1.3,4,N,16938
0.51,1.01,1.3,5,N,16939
0.51,1.01,1.6,1,N,16940
0.51,1.01,1.6,2,N,16941
0.51,1.01,1.6,3,N,16942
0.51,1.01,1.6,4,N,16943
0.51,1.01,1.6,5,N,16944
0.51,1.01,1.9,1,N,16945
0.51,1.01,1.9,2,N,16946
0.51,1.01,1.9,3,N,16947
0.51,1.01,1.9,4,N,16948
0.51,1.01,1.9,5,N,16949
0.51,1.01,2.2,1,N,16950
0.51,1.01,2.2,2,N,16951
0.51,1.01,2.2,3,N,16952
0.51,1.01,2.2,4,N,16953
0.51,1.01,2.2,5,N,16954
0.51,1.01,2.5,1,N,16955
0.51,1.01,2.5,2,N,16956
0.51,1.01,2.5,3,N,16957
0.51,1.01,2.5,4,N,16958
0.51,1.01,2.5,5,N,16959
0.51,1.01,2.8000000000000003,1,N,16960
0.51,1.01,2.8000000000000003,2,N,16961
0.51,1.01,2.8000000000000003,3,N,16962
0.51,1.01,2.8000000000000003,4,N,16963
0.51,1.01,2.8000000000000003,5,N,16964
0.51,1.01,3.1000000000000005,1,N,16965
0.51,1.01,3.1000000000000005,2,N,16966
0.51,1.01,3.1000000000000005,3,N,16967
0.51,1.01,3.1000000000000005,4,N,16968
0.51,1.01,3.1000000000000005,5,N,16969
0.51,1.01,3.4000000000000004,1,N,16970
0.51,1.01,3.4000000000000004,2,N,16971
0.51,1.01,3.4000000000000004,3,N,16972
0.51,1.01,3.4000000000000004,4,N,16973
0.51,1.01,3.4000000000000004,5,N,16974
0.51,1.01,3.7,1,N,16975
0.51,1.01,3.7,2,N,16976
0.51,1.01,3.7,3,N,16977
0.51,1.01,3.7,4,N,16978
0.51,1.01,3.7,5,N,16979
0.51,1.01,4.0,1,N,16980
0.51,1.01,4.0,2,N,16981
0.51,1.01,4.0,3,N,16982
0.51,1.01,4.0,4,N,16983
0.51,1.01,4.0,5,N,16984
0.51,1.01,4.300000000000002,1,N,16985
0.51,1.01,4.300000000000002,2,N,16986
0.51,1.01,4.300000000000002,3,N,16987
0.51,1.01,4.300000000000002,4,N,16988
0.51,1.01,4.300000000000002,5,N,16989
0.51,1.01,4.6000000000000005,1,N,16990
0.51,1.01,4.6000000000000005,2,N,16991
0.51,1.01,4.6000000000000005,3,N,16992
0.51,1.01,4.6000000000000005,4,N,16993
0.51,1.01,4.6000000000000005,5,N,16994
0.51,1.01,4.9,1,N,16995
0.51,1.01,4.9,2,N,16996
0.51,1.01,4.9,3,N,16997
0.51,1.01,4.9,4,N,16998
0.51,1.01,4.9,5,N,16999
0.51,1.11,0.01,1,N,17000
0.51,1.11,0.01,2,N,17001
0.51,1.11,0.01,3,N,17002
0.51,1.11,0.01,4,N,17003
0.51,1.11,0.01,5,N,17004
0.51,1.11,0.11,1,N,17005
0.51,1.11,0.11,2,N,17006
0.51,1.11,0.11,3,N,17007
0.51,1.11,0.11,4,N,17008
0.51,1.11,0.11,5,N,17009
0.51,1.11,0.21,1,N,17010
0.51,1.11,0.21,2,N,17011
0.51,1.11,0.21,3,N,17012
0.51,1.11,0.21,4,N,17013
0.51,1.11,0.21,5,N,17014
0.51,1.11,0.31000000000000005,1,N,17015
0.51,1.11,0.31000000000000005,2,N,17016
0.51,1.11,0.31000000000000005,3,N,17017
0.51,1.11,0.31000000000000005,4,N,17018
0.51,1.11,0.31000000000000005,5,N,17019
0.51,1.11,0.41,1,N,17020
0.51,1.11,0.41,2,N,17021
0.51,1.11,0.41,3,N,17022
0.51,1.11,0.41,4,N,17023
0.51,1.11,0.41,5,N,17024
0.51,1.11,0.51,1,N,17025
0.51,1.11,0.51,2,N,17026
0.51,1.11,0.51,3,N,17027
0.51,1.11,0.51,4,N,17028
0.51,1.11,0.51,5,N,17029
0.51,1.11,0.6100000000000001,1,N,17030
0.51,1.11,0.6100000000000001,2,N,17031
0.51,1.11,0.6100000000000001,3,N,17032
0.51,1.11,0.6100000000000001,4,N,17033
0.51,1.11,0.6100000000000001,5,N,17034
0.51,1.11,0.7100000000000001,1,N,17035
0.51,1.11,0.7100000000000001,2,N,17036
0.51,1.11,0.7100000000000001,3,N,17037
0.51,1.11,0.7100000000000001,4,N,17038
0.51,1.11,0.7100000000000001,5,N,17039
0.51,1.11,0.81,1,N,17040
0.51,1.11,0.81,2,N,17041
0.51,1.11,0.81,3,N,17042
0.51,1.11,0.81,4,N,17043
0.51,1.11,0.81,5,N,17044
0.51,1.11,0.91,1,N,17045
0.51,1.11,0.91,2,N,17046
0.51,1.11,0.91,3,N,17047
0.51,1.11,0.91,4,N,17048
0.51,1.11,0.91,5,N,17049
0.51,1.11,1.01,1,N,17050
0.51,1.11,1.01,2,N,17051
0.51,1.11,1.01,3,N,17052
0.51,1.11,1.01,4,N,17053
0.51,1.11,1.01,5,N,17054
0.51,1.11,1.11,1,N,17055
0.51,1.11,1.11,2,N,17056
0.51,1.11,1.11,3,N,17057
0.51,1.11,1.11,4,N,17058
0.51,1.11,1.11,5,N,17059
0.51,1.11,1.3,1,N,17060
0.51,1.11,1.3,2,N,17061
0.51,1.11,1.3,3,N,17062
0.51,1.11,1.3,4,N,17063
0.51,1.11,1.3,5,N,17064
0.51,1.11,1.6,1,N,17065
0.51,1.11,1.6,2,N,17066
0.51,1.11,1.6,3,N,17067
0.51,1.11,1.6,4,N,17068
0.51,1.11,1.6,5,N,17069
0.51,1.11,1.9,1,N,17070
0.51,1.11,1.9,2,N,17071
0.51,1.11,1.9,3,N,17072
0.51,1.11,1.9,4,N,17073
0.51,1.11,1.9,5,N,17074
0.51,1.11,2.2,1,N,17075
0.51,1.11,2.2,2,N,17076
0.51,1.11,2.2,3,N,17077
0.51,1.11,2.2,4,N,17078
0.51,1.11,2.2,5,N,17079
0.51,1.11,2.5,1,N,17080
0.51,1.11,2.5,2,N,17081
0.51,1.11,2.5,3,N,17082
0.51,1.11,2.5,4,N,17083
0.51,1.11,2.5,5,N,17084
0.51,1.11,2.8000000000000003,1,N,17085
0.51,1.11,2.8000000000000003,2,N,17086
0.51,1.11,2.8000000000000003,3,N,17087
0.51,1.11,2.8000000000000003,4,N,17088
0.51,1.11,2.8000000000000003,5,N,17089
0.51,1.11,3.1000000000000005,1,N,17090
0.51,1.11,3.1000000000000005,2,N,17091
0.51,1.11,3.1000000000000005,3,N,17092
0.51,1.11,3.1000000000000005,4,N,17093
0.51,1.11,3.1000000000000005,5,N,17094
0.51,1.11,3.4000000000000004,1,N,17095
0.51,1.11,3.4000000000000004,2,N,17096
0.51,1.11,3.4000000000000004,3,N,17097
0.51,1.11,3.4000000000000004,4,N,17098
0.51,1.11,3.4000000000000004,5,N,17099
0.51,1.11,3.7,1,N,17100
0.51,1.11,3.7,2,N,17101
0.51,1.11,3.7,3,N,17102
0.51,1.11,3.7,4,N,17103
0.51,1.11,3.7,5,N,17104
0.51,1.11,4.0,1,N,17105
0.51,1.11,4.0,2,N,17106
0.51,1.11,4.0,3,N,17107
0.51,1.11,4.0,4,N,17108
0.51,1.11,4.0,5,N,17109
0.51,1.11,4.300000000000002,1,N,17110
0.51,1.11,4.300000000000002,2,N,17111
0.51,1.11,4.300000000000002,3,N,17112
0.51,1.11,4.300000000000002,4,N,17113
0.51,1.11,4.300000000000002,5,N,17114
0.51,1.11,4.6000000000000005,1,N,17115
0.51,1.11,4.6000000000000005,2,N,17116
0.51,1.11,4.6000000000000005,3,N,17117
0.51,1.11,4.6000000000000005,4,N,17118
0.51,1.11,4.6000000000000005,5,N,17119
0.51,1.11,4.9,1,N,17120
0.51,1.11,4.9,2,N,17121
0.51,1.11,4.9,3,N,17122
0.51,1.11,4.9,4,N,17123
0.51,1.11,4.9,5,N,17124
0.51,1.3,0.01,1,N,17125
0.51,1.3,0.01,2,N,17126
0.51,1.3,0.01,3,N,17127
0.51,1.3,0.01,4,N,17128
0.51,1.3,0.01,5,N,17129
0.51,1.3,0.11,1,N,17130
0.51,1.3,0.11,2,N,17131
0.51,1.3,0.11,3,N,17132
0.51,1.3,0.11,4,N,17133
0.51,1.3,0.11,5,N,17134
0.51,1.3,0.21,1,N,17135
0.51,1.3,0.21,2,N,17136
0.51,1.3,0.21,3,N,17137
0.51,1.3,0.21,4,N,17138
0.51,1.3,0.21,5,N,17139
0.51,1.3,0.31000000000000005,1,N,17140
0.51,1.3,0.31000000000000005,2,N,17141
0.51,1.3,0.31000000000000005,3,N,17142
0.51,1.3,0.31000000000000005,4,N,17143
0.51,1.3,0.31000000000000005,5,N,17144
0.51,1.3,0.41,1,N,17145
0.51,1.3,0.41,2,N,17146
0.51,1.3,0.41,3,N,17147
0.51,1.3,0.41,4,N,17148
0.51,1.3,0.41,5,N,17149
0.51,1.3,0.51,1,N,17150
0.51,1.3,0.51,2,N,17151
0.51,1.3,0.51,3,N,17152
0.51,1.3,0.51,4,N,17153
0.51,1.3,0.51,5,N,17154
0.51,1.3,0.6100000000000001,1,N,17155
0.51,1.3,0.6100000000000001,2,N,17156
0.51,1.3,0.6100000000000001,3,N,17157
0.51,1.3,0.6100000000000001,4,N,17158
0.51,1.3,0.6100000000000001,5,N,17159
0.51,1.3,0.7100000000000001,1,N,17160
0.51,1.3,0.7100000000000001,2,N,17161
0.51,1.3,0.7100000000000001,3,N,17162
0.51,1.3,0.7100000000000001,4,N,17163
0.51,1.3,0.7100000000000001,5,N,17164
0.51,1.3,0.81,1,N,17165
0.51,1.3,0.81,2,N,17166
0.51,1.3,0.81,3,N,17167
0.51,1.3,0.81,4,N,17168
0.51,1.3,0.81,5,N,17169
0.51,1.3,0.91,1,N,17170
0.51,1.3,0.91,2,N,17171
0.51,1.3,0.91,3,N,17172
0.51,1.3,0.91,4,N,17173
0.51,1.3,0.91,5,N,17174
0.51,1.3,1.01,1,N,17175
0.51,1.3,1.01,2,N,17176
0.51,1.3,1.01,3,N,17177
0.51,1.3,1.01,4,N,17178
0.51,1.3,1.01,5,N,17179
0.51,1.3,1.11,1,N,17180
0.51,1.3,1.11,2,N,17181
0.51,1.3,1.11,3,N,17182
0.51,1.3,1.11,4,N,17183
0.51,1.3,1.11,5,N,17184
0.51,1.3,1.3,1,N,17185
0.51,1.3,1.3,2,N,17186
0.51,1.3,1.3,3,N,17187
0.51,1.3,1.3,4,N,17188
0.51,1.3,1.3,5,N,17189
0.51,1.3,1.6,1,N,17190
0.51,1.3,1.6,2,N,17191
0.51,1.3,1.6,3,N,17192
0.51,1.3,1.6,4,N,17193
0.51,1.3,1.6,5,N,17194
0.51,1.3,1.9,1,N,17195
0.51,1.3,1.9,2,N,17196
0.51,1.3,1.9,3,N,17197
0.51,1.3,1.9,4,N,17198
0.51,1.3,1.9,5,N,17199
0.51,1.3,2.2,1,N,17200
0.51,1.3,2.2,2,N,17201
0.51,1.3,2.2,3,N,17202
0.51,1.3,2.2,4,N,17203
0.51,1.3,2.2,5,N,17204
0.51,1.3,2.5,1,N,17205
0.51,1.3,2.5,2,N,17206
0.51,1.3,2.5,3,N,17207
0.51,1.3,2.5,4,N,17208
0.51,1.3,2.5,5,N,17209
0.51,1.3,2.8000000000000003,1,N,17210
0.51,1.3,2.8000000000000003,2,N,17211
0.51,1.3,2.8000000000000003,3,N,17212
0.51,1.3,2.8000000000000003,4,N,17213
0.51,1.3,2.8000000000000003,5,N,17214
0.51,1.3,3.1000000000000005,1,N,17215
0.51,1.3,3.1000000000000005,2,N,17216
0.51,1.3,3.1000000000000005,3,N,17217
0.51,1.3,3.1000000000000005,4,N,17218
0.51,1.3,3.1000000000000005,5,N,17219
0.51,1.3,3.4000000000000004,1,N,17220
0.51,1.3,3.4000000000000004,2,N,17221
0.51,1.3,3.4000000000000004,3,N,17222
0.51,1.3,3.4000000000000004,4,N,17223
0.51,1.3,3.4000000000000004,5,N,17224
0.51,1.3,3.7,1,N,17225
0.51,1.3,3.7,2,N,17226
0.51,1.3,3.7,3,N,17227
0.51,1.3,3.7,4,N,17228
0.51,1.3,3.7,5,N,17229
0.51,1.3,4.0,1,N,17230
0.51,1.3,4.0,2,N,17231
0.51,1.3,4.0,3,N,17232
0.51,1.3,4.0,4,N,17233
0.51,1.3,4.0,5,N,17234
0.51,1.3,4.300000000000002,1,N,17235
0.51,1.3,4.300000000000002,2,N,17236
0.51,1.3,4.300000000000002,3,N,17237
0.51,1.3,4.300000000000002,4,N,17238
0.51,1.3,4.300000000000002,5,N,17239
0.51,1.3,4.6000000000000005,1,N,17240
0.51,1.3,4.6000000000000005,2,N,17241
0.51,1.3,4.6000000000000005,3,N,17242
0.51,1.3,4.6000000000000005,4,N,17243
0.51,1.3,4.6000000000000005,5,N,17244
0.51,1.3,4.9,1,N,17245
0.51,1.3,4.9,2,N,17246
0.51,1.3,4.9,3,N,17247
0.51,1.3,4.9,4,N,17248
0.51,1.3,4.9,5,N,17249
0.51,1.6,0.01,1,N,17250
0.51,1.6,0.01,2,N,17251
0.51,1.6,0.01,3,N,17252
0.51,1.6,0.01,4,N,17253
0.51,1.6,0.01,5,N,17254
0.51,1.6,0.11,1,N,17255
0.51,1.6,0.11,2,N,17256
0.51,1.6,0.11,3,N,17257
0.51,1.6,0.11,4,N,17258
0.51,1.6,0.11,5,N,17259
0.51,1.6,0.21,1,N,17260
0.51,1.6,0.21,2,N,17261
0.51,1.6,0.21,3,N,17262
0.51,1.6,0.21,4,N,17263
0.51,1.6,0.21,5,N,17264
0.51,1.6,0.31000000000000005,1,N,17265
0.51,1.6,0.31000000000000005,2,N,17266
0.51,1.6,0.31000000000000005,3,N,17267
0.51,1.6,0.31000000000000005,4,N,17268
0.51,1.6,0.31000000000000005,5,N,17269
0.51,1.6,0.41,1,N,17270
0.51,1.6,0.41,2,N,17271
0.51,1.6,0.41,3,N,17272
0.51,1.6,0.41,4,N,17273
0.51,1.6,0.41,5,N,17274
0.51,1.6,0.51,1,N,17275
0.51,1.6,0.51,2,N,17276
0.51,1.6,0.51,3,N,17277
0.51,1.6,0.51,4,N,17278
0.51,1.6,0.51,5,N,17279
0.51,1.6,0.6100000000000001,1,N,17280
0.51,1.6,0.6100000000000001,2,N,17281
0.51,1.6,0.6100000000000001,3,N,17282
0.51,1.6,0.6100000000000001,4,N,17283
0.51,1.6,0.6100000000000001,5,N,17284
0.51,1.6,0.7100000000000001,1,N,17285
0.51,1.6,0.7100000000000001,2,N,17286
0.51,1.6,0.7100000000000001,3,N,17287
0.51,1.6,0.7100000000000001,4,N,17288
0.51,1.6,0.7100000000000001,5,N,17289
0.51,1.6,0.81,1,N,17290
0.51,1.6,0.81,2,N,17291
0.51,1.6,0.81,3,N,17292
0.51,1.6,0.81,4,N,17293
0.51,1.6,0.81,5,N,17294
0.51,1.6,0.91,1,N,17295
0.51,1.6,0.91,2,N,17296
0.51,1.6,0.91,3,N,17297
0.51,1.6,0.91,4,N,17298
0.51,1.6,0.91,5,N,17299
0.51,1.6,1.01,1,N,17300
0.51,1.6,1.01,2,N,17301
0.51,1.6,1.01,3,N,17302
0.51,1.6,1.01,4,N,17303
0.51,1.6,1.01,5,N,17304
0.51,1.6,1.11,1,N,17305
0.51,1.6,1.11,2,N,17306
0.51,1.6,1.11,3,N,17307
0.51,1.6,1.11,4,N,17308
0.51,1.6,1.11,5,N,17309
0.51,1.6,1.3,1,N,17310
0.51,1.6,1.3,2,N,17311
0.51,1.6,1.3,3,N,17312
0.51,1.6,1.3,4,N,17313
0.51,1.6,1.3,5,N,17314
0.51,1.6,1.6,1,N,17315
0.51,1.6,1.6,2,N,17316
0.51,1.6,1.6,3,N,17317
0.51,1.6,1.6,4,N,17318
0.51,1.6,1.6,5,N,17319
0.51,1.6,1.9,1,N,17320
0.51,1.6,1.9,2,N,17321
0.51,1.6,1.9,3,N,17322
0.51,1.6,1.9,4,N,17323
0.51,1.6,1.9,5,N,17324
0.51,1.6,2.2,1,N,17325
0.51,1.6,2.2,2,N,17326
0.51,1.6,2.2,3,N,17327
0.51,1.6,2.2,4,N,17328
0.51,1.6,2.2,5,N,17329
0.51,1.6,2.5,1,N,17330
0.51,1.6,2.5,2,N,17331
0.51,1.6,2.5,3,N,17332
0.51,1.6,2.5,4,N,17333
0.51,1.6,2.5,5,N,17334
0.51,1.6,2.8000000000000003,1,N,17335
0.51,1.6,2.8000000000000003,2,N,17336
0.51,1.6,2.8000000000000003,3,N,17337
0.51,1.6,2.8000000000000003,4,N,17338
0.51,1.6,2.8000000000000003,5,N,17339
0.51,1.6,3.1000000000000005,1,N,17340
0.51,1.6,3.1000000000000005,2,N,17341
0.51,1.6,3.1000000000000005,3,N,17342
0.51,1.6,3.1000000000000005,4,N,17343
0.51,1.6,3.1000000000000005,5,N,17344
0.51,1.6,3.4000000000000004,1,N,17345
0.51,1.6,3.4000000000000004,2,N,17346
0.51,1.6,3.4000000000000004,3,N,17347
0.51,1.6,3.4000000000000004,4,N,17348
0.51,1.6,3.4000000000000004,5,N,17349
0.51,1.6,3.7,1,N,17350
0.51,1.6,3.7,2,N,17351
0.51,1.6,3.7,3,N,17352
0.51,1.6,3.7,4,N,17353
0.51,1.6,3.7,5,N,17354
0.51,1.6,4.0,1,N,17355
0.51,1.6,4.0,2,N,17356
0.51,1.6,4.0,3,N,17357
0.51,1.6,4.0,4,N,17358
0.51,1.6,4.0,5,N,17359
0.51,1.6,4.300000000000002,1,N,17360
0.51,1.6,4.300000000000002,2,N,17361
0.51,1.6,4.300000000000002,3,N,17362
0.51,1.6,4.300000000000002,4,N,17363
0.51,1.6,4.300000000000002,5,N,17364
0.51,1.6,4.6000000000000005,1,N,17365
0.51,1.6,4.6000000000000005,2,N,17366
0.51,1.6,4.6000000000000005,3,N,17367
0.51,1.6,4.6000000000000005,4,N,17368
0.51,1.6,4.6000000000000005,5,N,17369
0.51,1.6,4.9,1,N,17370
0.51,1.6,4.9,2,N,17371
0.51,1.6,4.9,3,N,17372
0.51,1.6,4.9,4,N,17373
0.51,1.6,4.9,5,N,17374
0.51,1.9,0.01,1,N,17375
0.51,1.9,0.01,2,N,17376
0.51,1.9,0.01,3,N,17377
0.51,1.9,0.01,4,N,17378
0.51,1.9,0.01,5,N,17379
0.51,1.9,0.11,1,N,17380
0.51,1.9,0.11,2,N,17381
0.51,1.9,0.11,3,N,17382
0.51,1.9,0.11,4,N,17383
0.51,1.9,0.11,5,N,17384
0.51,1.9,0.21,1,N,17385
0.51,1.9,0.21,2,N,17386
0.51,1.9,0.21,3,N,17387
0.51,1.9,0.21,4,N,17388
0.51,1.9,0.21,5,N,17389
0.51,1.9,0.31000000000000005,1,N,17390
0.51,1.9,0.31000000000000005,2,N,17391
0.51,1.9,0.31000000000000005,3,N,17392
0.51,1.9,0.31000000000000005,4,N,17393
0.51,1.9,0.31000000000000005,5,N,17394
0.51,1.9,0.41,1,N,17395
0.51,1.9,0.41,2,N,17396
0.51,1.9,0.41,3,N,17397
0.51,1.9,0.41,4,N,17398
0.51,1.9,0.41,5,N,17399
0.51,1.9,0.51,1,N,17400
0.51,1.9,0.51,2,N,17401
0.51,1.9,0.51,3,N,17402
0.51,1.9,0.51,4,N,17403
0.51,1.9,0.51,5,N,17404
0.51,1.9,0.6100000000000001,1,N,17405
0.51,1.9,0.6100000000000001,2,N,17406
0.51,1.9,0.6100000000000001,3,N,17407
0.51,1.9,0.6100000000000001,4,N,17408
0.51,1.9,0.6100000000000001,5,N,17409
0.51,1.9,0.7100000000000001,1,N,17410
0.51,1.9,0.7100000000000001,2,N,17411
0.51,1.9,0.7100000000000001,3,N,17412
0.51,1.9,0.7100000000000001,4,N,17413
0.51,1.9,0.7100000000000001,5,N,17414
0.51,1.9,0.81,1,N,17415
0.51,1.9,0.81,2,N,17416
0.51,1.9,0.81,3,N,17417
0.51,1.9,0.81,4,N,17418
0.51,1.9,0.81,5,N,17419
0.51,1.9,0.91,1,N,17420
0.51,1.9,0.91,2,N,17421
0.51,1.9,0.91,3,N,17422
0.51,1.9,0.91,4,N,17423
0.51,1.9,0.91,5,N,17424
0.51,1.9,1.01,1,N,17425
0.51,1.9,1.01,2,N,17426
0.51,1.9,1.01,3,N,17427
0.51,1.9,1.01,4,N,17428
0.51,1.9,1.01,5,N,17429
0.51,1.9,1.11,1,N,17430
0.51,1.9,1.11,2,N,17431
0.51,1.9,1.11,3,N,17432
0.51,1.9,1.11,4,N,17433
0.51,1.9,1.11,5,N,17434
0.51,1.9,1.3,1,N,17435
0.51,1.9,1.3,2,N,17436
0.51,1.9,1.3,3,N,17437
0.51,1.9,1.3,4,N,17438
0.51,1.9,1.3,5,N,17439
0.51,1.9,1.6,1,N,17440
0.51,1.9,1.6,2,N,17441
0.51,1.9,1.6,3,N,17442
0.51,1.9,1.6,4,N,17443
0.51,1.9,1.6,5,N,17444
0.51,1.9,1.9,1,N,17445
0.51,1.9,1.9,2,N,17446
0.51,1.9,1.9,3,N,17447
0.51,1.9,1.9,4,N,17448
0.51,1.9,1.9,5,N,17449
0.51,1.9,2.2,1,N,17450
0.51,1.9,2.2,2,N,17451
0.51,1.9,2.2,3,N,17452
0.51,1.9,2.2,4,N,17453
0.51,1.9,2.2,5,N,17454
0.51,1.9,2.5,1,N,17455
0.51,1.9,2.5,2,N,17456
0.51,1.9,2.5,3,N,17457
0.51,1.9,2.5,4,N,17458
0.51,1.9,2.5,5,N,17459
0.51,1.9,2.8000000000000003,1,N,17460
0.51,1.9,2.8000000000000003,2,N,17461
0.51,1.9,2.8000000000000003,3,N,17462
0.51,1.9,2.8000000000000003,4,N,17463
0.51,1.9,2.8000000000000003,5,N,17464
0.51,1.9,3.1000000000000005,1,N,17465
0.51,1.9,3.1000000000000005,2,N,17466
0.51,1.9,3.1000000000000005,3,N,17467
0.51,1.9,3.1000000000000005,4,N,17468
0.51,1.9,3.1000000000000005,5,N,17469
0.51,1.9,3.4000000000000004,1,N,17470
0.51,1.9,3.4000000000000004,2,N,17471
0.51,1.9,3.4000000000000004,3,N,17472
0.51,1.9,3.4000000000000004,4,N,17473
0.51,1.9,3.4000000000000004,5,N,17474
0.51,1.9,3.7,1,N,17475
0.51,1.9,3.7,2,N,17476
0.51,1.9,3.7,3,N,17477
0.51,1.9,3.7,4,N,17478
0.51,1.9,3.7,5,N,17479
0.51,1.9,4.0,1,N,17480
0.51,1.9,4.0,2,N,17481
0.51,1.9,4.0,3,N,17482
0.51,1.9,4.0,4,N,17483
0.51,1.9,4.0,5,N,17484
0.51,1.9,4.300000000000002,1,N,17485
0.51,1.9,4.300000000000002,2,N,17486
0.51,1.9,4.300000000000002,3,N,17487
0.51,1.9,4.300000000000002,4,N,17488
0.51,1.9,4.300000000000002,5,N,17489
0.51,1.9,4.6000000000000005,1,N,17490
0.51,1.9,4.6000000000000005,2,N,17491
0.51,1.9,4.6000000000000005,3,N,17492
0.51,1.9,4.6000000000000005,4,N,17493
0.51,1.9,4.6000000000000005,5,N,17494
0.51,1.9,4.9,1,N,17495
0.51,1.9,4.9,2,N,17496
0.51,1.9,4.9,3,N,17497
0.51,1.9,4.9,4,N,17498
0.51,1.9,4.9,5,N,17499
0.51,2.2,0.01,1,N,17500
0.51,2.2,0.01,2,N,17501
0.51,2.2,0.01,3,N,17502
0.51,2.2,0.01,4,N,17503
0.51,2.2,0.01,5,N,17504
0.51,2.2,0.11,1,N,17505
0.51,2.2,0.11,2,N,17506
0.51,2.2,0.11,3,N,17507
0.51,2.2,0.11,4,N,17508
0.51,2.2,0.11,5,N,17509
0.51,2.2,0.21,1,N,17510
0.51,2.2,0.21,2,N,17511
0.51,2.2,0.21,3,N,17512
0.51,2.2,0.21,4,N,17513
0.51,2.2,0.21,5,N,17514
0.51,2.2,0.31000000000000005,1,N,17515
0.51,2.2,0.31000000000000005,2,N,17516
0.51,2.2,0.31000000000000005,3,N,17517
0.51,2.2,0.31000000000000005,4,N,17518
0.51,2.2,0.31000000000000005,5,N,17519
0.51,2.2,0.41,1,N,17520
0.51,2.2,0.41,2,N,17521
0.51,2.2,0.41,3,N,17522
0.51,2.2,0.41,4,N,17523
0.51,2.2,0.41,5,N,17524
0.51,2.2,0.51,1,N,17525
0.51,2.2,0.51,2,N,17526
0.51,2.2,0.51,3,N,17527
0.51,2.2,0.51,4,N,17528
0.51,2.2,0.51,5,N,17529
0.51,2.2,0.6100000000000001,1,N,17530
0.51,2.2,0.6100000000000001,2,N,17531
0.51,2.2,0.6100000000000001,3,N,17532
0.51,2.2,0.6100000000000001,4,N,17533
0.51,2.2,0.6100000000000001,5,N,17534
0.51,2.2,0.7100000000000001,1,N,17535
0.51,2.2,0.7100000000000001,2,N,17536
0.51,2.2,0.7100000000000001,3,N,17537
0.51,2.2,0.7100000000000001,4,N,17538
0.51,2.2,0.7100000000000001,5,N,17539
0.51,2.2,0.81,1,N,17540
0.51,2.2,0.81,2,N,17541
0.51,2.2,0.81,3,N,17542
0.51,2.2,0.81,4,N,17543
0.51,2.2,0.81,5,N,17544
0.51,2.2,0.91,1,N,17545
0.51,2.2,0.91,2,N,17546
0.51,2.2,0.91,3,N,17547
0.51,2.2,0.91,4,N,17548
0.51,2.2,0.91,5,N,17549
0.51,2.2,1.01,1,N,17550
0.51,2.2,1.01,2,N,17551
0.51,2.2,1.01,3,N,17552
0.51,2.2,1.01,4,N,17553
0.51,2.2,1.01,5,N,17554
0.51,2.2,1.11,1,N,17555
0.51,2.2,1.11,2,N,17556
0.51,2.2,1.11,3,N,17557
0.51,2.2,1.11,4,N,17558
0.51,2.2,1.11,5,N,17559
0.51,2.2,1.3,1,N,17560
0.51,2.2,1.3,2,N,17561
0.51,2.2,1.3,3,N,17562
0.51,2.2,1.3,4,N,17563
0.51,2.2,1.3,5,N,17564
0.51,2.2,1.6,1,N,17565
0.51,2.2,1.6,2,N,17566
0.51,2.2,1.6,3,N,17567
0.51,2.2,1.6,4,N,17568
0.51,2.2,1.6,5,N,17569
0.51,2.2,1.9,1,N,17570
0.51,2.2,1.9,2,N,17571
0.51,2.2,1.9,3,N,17572
0.51,2.2,1.9,4,N,17573
0.51,2.2,1.9,5,N,17574
0.51,2.2,2.2,1,N,17575
0.51,2.2,2.2,2,N,17576
0.51,2.2,2.2,3,N,17577
0.51,2.2,2.2,4,N,17578
0.51,2.2,2.2,5,N,17579
0.51,2.2,2.5,1,N,17580
0.51,2.2,2.5,2,N,17581
0.51,2.2,2.5,3,N,17582
0.51,2.2,2.5,4,N,17583
0.51,2.2,2.5,5,N,17584
0.51,2.2,2.8000000000000003,1,N,17585
0.51,2.2,2.8000000000000003,2,N,17586
0.51,2.2,2.8000000000000003,3,N,17587
0.51,2.2,2.8000000000000003,4,N,17588
0.51,2.2,2.8000000000000003,5,N,17589
0.51,2.2,3.1000000000000005,1,N,17590
0.51,2.2,3.1000000000000005,2,N,17591
0.51,2.2,3.1000000000000005,3,N,17592
0.51,2.2,3.1000000000000005,4,N,17593
0.51,2.2,3.1000000000000005,5,N,17594
0.51,2.2,3.4000000000000004,1,N,17595
0.51,2.2,3.4000000000000004,2,N,17596
0.51,2.2,3.4000000000000004,3,N,17597
0.51,2.2,3.4000000000000004,4,N,17598
0.51,2.2,3.4000000000000004,5,N,17599
0.51,2.2,3.7,1,N,17600
0.51,2.2,3.7,2,N,17601
0.51,2.2,3.7,3,N,17602
0.51,2.2,3.7,4,N,17603
0.51,2.2,3.7,5,N,17604
0.51,2.2,4.0,1,N,17605
0.51,2.2,4.0,2,N,17606
0.51,2.2,4.0,3,N,17607
0.51,2.2,4.0,4,N,17608
0.51,2.2,4.0,5,N,17609
0.51,2.2,4.300000000000002,1,N,17610
0.51,2.2,4.300000000000002,2,N,17611
0.51,2.2,4.300000000000002,3,N,17612
0.51,2.2,4.300000000000002,4,N,17613
0.51,2.2,4.300000000000002,5,N,17614
0.51,2.2,4.6000000000000005,1,N,17615
0.51,2.2,4.6000000000000005,2,N,17616
0.51,2.2,4.6000000000000005,3,N,17617
0.51,2.2,4.6000000000000005,4,N,17618
0.51,2.2,4.6000000000000005,5,N,17619
0.51,2.2,4.9,1,N,17620
0.51,2.2,4.9,2,N,17621
0.51,2.2,4.9,3,N,17622
0.51,2.2,4.9,4,N,17623
0.51,2.2,4.9,5,N,17624
0.51,2.5,0.01,1,N,17625
0.51,2.5,0.01,2,N,17626
0.51,2.5,0.01,3,N,17627
0.51,2.5,0.01,4,N,17628
0.51,2.5,0.01,5,N,17629
0.51,2.5,0.11,1,N,17630
0.51,2.5,0.11,2,N,17631
0.51,2.5,0.11,3,N,17632
0.51,2.5,0.11,4,N,17633
0.51,2.5,0.11,5,N,17634
0.51,2.5,0.21,1,N,17635
0.51,2.5,0.21,2,N,17636
0.51,2.5,0.21,3,N,17637
0.51,2.5,0.21,4,N,17638
0.51,2.5,0.21,5,N,17639
0.51,2.5,0.31000000000000005,1,N,17640
0.51,2.5,0.31000000000000005,2,N,17641
0.51,2.5,0.31000000000000005,3,N,17642
0.51,2.5,0.31000000000000005,4,N,17643
0.51,2.5,0.31000000000000005,5,N,17644
0.51,2.5,0.41,1,N,17645
0.51,2.5,0.41,2,N,17646
0.51,2.5,0.41,3,N,17647
0.51,2.5,0.41,4,N,17648
0.51,2.5,0.41,5,N,17649
0.51,2.5,0.51,1,N,17650
0.51,2.5,0.51,2,N,17651
0.51,2.5,0.51,3,N,17652
0.51,2.5,0.51,4,N,17653
0.51,2.5,0.51,5,N,17654
0.51,2.5,0.6100000000000001,1,N,17655
0.51,2.5,0.6100000000000001,2,N,17656
0.51,2.5,0.6100000000000001,3,N,17657
0.51,2.5,0.6100000000000001,4,N,17658
0.51,2.5,0.6100000000000001,5,N,17659
0.51,2.5,0.7100000000000001,1,N,17660
0.51,2.5,0.7100000000000001,2,N,17661
0.51,2.5,0.7100000000000001,3,N,17662
0.51,2.5,0.7100000000000001,4,N,17663
0.51,2.5,0.7100000000000001,5,N,17664
0.51,2.5,0.81,1,N,17665
0.51,2.5,0.81,2,N,17666
0.51,2.5,0.81,3,N,17667
0.51,2.5,0.81,4,N,17668
0.51,2.5,0.81,5,N,17669
0.51,2.5,0.91,1,N,17670
0.51,2.5,0.91,2,N,17671
0.51,2.5,0.91,3,N,17672
0.51,2.5,0.91,4,N,17673
0.51,2.5,0.91,5,N,17674
0.51,2.5,1.01,1,N,17675
0.51,2.5,1.01,2,N,17676
0.51,2.5,1.01,3,N,17677
0.51,2.5,1.01,4,N,17678
0.51,2.5,1.01,5,N,17679
0.51,2.5,1.11,1,N,17680
0.51,2.5,1.11,2,N,17681
0.51,2.5,1.11,3,N,17682
0.51,2.5,1.11,4,N,17683
0.51,2.5,1.11,5,N,17684
0.51,2.5,1.3,1,N,17685
0.51,2.5,1.3,2,N,17686
0.51,2.5,1.3,3,N,17687
0.51,2.5,1.3,4,N,17688
0.51,2.5,1.3,5,N,17689
0.51,2.5,1.6,1,N,17690
0.51,2.5,1.6,2,N,17691
0.51,2.5,1.6,3,N,17692
0.51,2.5,1.6,4,N,17693
0.51,2.5,1.6,5,N,17694
0.51,2.5,1.9,1,N,17695
0.51,2.5,1.9,2,N,17696
0.51,2.5,1.9,3,N,17697
0.51,2.5,1.9,4,N,17698
0.51,2.5,1.9,5,N,17699
0.51,2.5,2.2,1,N,17700
0.51,2.5,2.2,2,N,17701
0.51,2.5,2.2,3,N,17702
0.51,2.5,2.2,4,N,17703
0.51,2.5,2.2,5,N,17704
0.51,2.5,2.5,1,N,17705
0.51,2.5,2.5,2,N,17706
0.51,2.5,2.5,3,N,17707
0.51,2.5,2.5,4,N,17708
0.51,2.5,2.5,5,N,17709
0.51,2.5,2.8000000000000003,1,N,17710
0.51,2.5,2.8000000000000003,2,N,17711
0.51,2.5,2.8000000000000003,3,N,17712
0.51,2.5,2.8000000000000003,4,N,17713
0.51,2.5,2.8000000000000003,5,N,17714
0.51,2.5,3.1000000000000005,1,N,17715
0.51,2.5,3.1000000000000005,2,N,17716
0.51,2.5,3.1000000000000005,3,N,17717
0.51,2.5,3.1000000000000005,4,N,17718
0.51,2.5,3.1000000000000005,5,N,17719
0.51,2.5,3.4000000000000004,1,N,17720
0.51,2.5,3.4000000000000004,2,N,17721
0.51,2.5,3.4000000000000004,3,N,17722
0.51,2.5,3.4000000000000004,4,N,17723
0.51,2.5,3.4000000000000004,5,N,17724
0.51,2.5,3.7,1,N,17725
0.51,2.5,3.7,2,N,17726
0.51,2.5,3.7,3,N,17727
0.51,2.5,3.7,4,N,17728
0.51,2.5,3.7,5,N,17729
0.51,2.5,4.0,1,N,17730
0.51,2.5,4.0,2,N,17731
0.51,2.5,4.0,3,N,17732
0.51,2.5,4.0,4,N,17733
0.51,2.5,4.0,5,N,17734
0.51,2.5,4.300000000000002,1,N,17735
0.51,2.5,4.300000000000002,2,N,17736
0.51,2.5,4.300000000000002,3,N,17737
0.51,2.5,4.300000000000002,4,N,17738
0.51,2.5,4.300000000000002,5,N,17739
0.51,2.5,4.6000000000000005,1,N,17740
0.51,2.5,4.6000000000000005,2,N,17741
0.51,2.5,4.6000000000000005,3,N,17742
0.51,2.5,4.6000000000000005,4,N,17743
0.51,2.5,4.6000000000000005,5,N,17744
0.51,2.5,4.9,1,N,17745
0.51,2.5,4.9,2,N,17746
0.51,2.5,4.9,3,N,17747
0.51,2.5,4.9,4,N,17748
0.51,2.5,4.9,5,N,17749
0.51,2.8000000000000003,0.01,1,N,17750
0.51,2.8000000000000003,0.01,2,N,17751
0.51,2.8000000000000003,0.01,3,N,17752
0.51,2.8000000000000003,0.01,4,N,17753
0.51,2.8000000000000003,0.01,5,N,17754
0.51,2.8000000000000003,0.11,1,N,17755
0.51,2.8000000000000003,0.11,2,N,17756
0.51,2.8000000000000003,0.11,3,N,17757
0.51,2.8000000000000003,0.11,4,N,17758
0.51,2.8000000000000003,0.11,5,N,17759
0.51,2.8000000000000003,0.21,1,N,17760
0.51,2.8000000000000003,0.21,2,N,17761
0.51,2.8000000000000003,0.21,3,N,17762
0.51,2.8000000000000003,0.21,4,N,17763
0.51,2.8000000000000003,0.21,5,N,17764
0.51,2.8000000000000003,0.31000000000000005,1,N,17765
0.51,2.8000000000000003,0.31000000000000005,2,N,17766
0.51,2.8000000000000003,0.31000000000000005,3,N,17767
0.51,2.8000000000000003,0.31000000000000005,4,N,17768
0.51,2.8000000000000003,0.31000000000000005,5,N,17769
0.51,2.8000000000000003,0.41,1,N,17770
0.51,2.8000000000000003,0.41,2,N,17771
0.51,2.8000000000000003,0.41,3,N,17772
0.51,2.8000000000000003,0.41,4,N,17773
0.51,2.8000000000000003,0.41,5,N,17774
0.51,2.8000000000000003,0.51,1,N,17775
0.51,2.8000000000000003,0.51,2,N,17776
0.51,2.8000000000000003,0.51,3,N,17777
0.51,2.8000000000000003,0.51,4,N,17778
0.51,2.8000000000000003,0.51,5,N,17779
0.51,2.8000000000000003,0.6100000000000001,1,N,17780
0.51,2.8000000000000003,0.6100000000000001,2,N,17781
0.51,2.8000000000000003,0.6100000000000001,3,N,17782
0.51,2.8000000000000003,0.6100000000000001,4,N,17783
0.51,2.8000000000000003,0.6100000000000001,5,N,17784
0.51,2.8000000000000003,0.7100000000000001,1,N,17785
0.51,2.8000000000000003,0.7100000000000001,2,N,17786
0.51,2.8000000000000003,0.7100000000000001,3,N,17787
0.51,2.8000000000000003,0.7100000000000001,4,N,17788
0.51,2.8000000000000003,0.7100000000000001,5,N,17789
0.51,2.8000000000000003,0.81,1,N,17790
0.51,2.8000000000000003,0.81,2,N,17791
0.51,2.8000000000000003,0.81,3,N,17792
0.51,2.8000000000000003,0.81,4,N,17793
0.51,2.8000000000000003,0.81,5,N,17794
0.51,2.8000000000000003,0.91,1,N,17795
0.51,2.8000000000000003,0.91,2,N,17796
0.51,2.8000000000000003,0.91,3,N,17797
0.51,2.8000000000000003,0.91,4,N,17798
0.51,2.8000000000000003,0.91,5,N,17799
0.51,2.8000000000000003,1.01,1,N,17800
0.51,2.8000000000000003,1.01,2,N,17801
0.51,2.8000000000000003,1.01,3,N,17802
0.51,2.8000000000000003,1.01,4,N,17803
0.51,2.8000000000000003,1.01,5,N,17804
0.51,2.8000000000000003,1.11,1,N,17805
0.51,2.8000000000000003,1.11,2,N,17806
0.51,2.8000000000000003,1.11,3,N,17807
0.51,2.8000000000000003,1.11,4,N,17808
0.51,2.8000000000000003,1.11,5,N,17809
0.51,2.8000000000000003,1.3,1,N,17810
0.51,2.8000000000000003,1.3,2,N,17811
0.51,2.8000000000000003,1.3,3,N,17812
0.51,2.8000000000000003,1.3,4,N,17813
0.51,2.8000000000000003,1.3,5,N,17814
0.51,2.8000000000000003,1.6,1,N,17815
0.51,2.8000000000000003,1.6,2,N,17816
0.51,2.8000000000000003,1.6,3,N,17817
0.51,2.8000000000000003,1.6,4,N,17818
0.51,2.8000000000000003,1.6,5,N,17819
0.51,2.8000000000000003,1.9,1,N,17820
0.51,2.8000000000000003,1.9,2,N,17821
0.51,2.8000000000000003,1.9,3,N,17822
0.51,2.8000000000000003,1.9,4,N,17823
0.51,2.8000000000000003,1.9,5,N,17824
0.51,2.8000000000000003,2.2,1,N,17825
0.51,2.8000000000000003,2.2,2,N,17826
0.51,2.8000000000000003,2.2,3,N,17827
0.51,2.8000000000000003,2.2,4,N,17828
0.51,2.8000000000000003,2.2,5,N,17829
0.51,2.8000000000000003,2.5,1,N,17830
0.51,2.8000000000000003,2.5,2,N,17831
0.51,2.8000000000000003,2.5,3,N,17832
0.51,2.8000000000000003,2.5,4,N,17833
0.51,2.8000000000000003,2.5,5,N,17834
0.51,2.8000000000000003,2.8000000000000003,1,N,17835
0.51,2.8000000000000003,2.8000000000000003,2,N,17836
0.51,2.8000000000000003,2.8000000000000003,3,N,17837
0.51,2.8000000000000003,2.8000000000000003,4,N,17838
0.51,2.8000000000000003,2.8000000000000003,5,N,17839
0.51,2.8000000000000003,3.1000000000000005,1,N,17840
0.51,2.8000000000000003,3.1000000000000005,2,N,17841
0.51,2.8000000000000003,3.1000000000000005,3,N,17842
0.51,2.8000000000000003,3.1000000000000005,4,N,17843
0.51,2.8000000000000003,3.1000000000000005,5,N,17844
0.51,2.8000000000000003,3.4000000000000004,1,N,17845
0.51,2.8000000000000003,3.4000000000000004,2,N,17846
0.51,2.8000000000000003,3.4000000000000004,3,N,17847
0.51,2.8000000000000003,3.4000000000000004,4,N,17848
0.51,2.8000000000000003,3.4000000000000004,5,N,17849
0.51,2.8000000000000003,3.7,1,N,17850
0.51,2.8000000000000003,3.7,2,N,17851
0.51,2.8000000000000003,3.7,3,N,17852
0.51,2.8000000000000003,3.7,4,N,17853
0.51,2.8000000000000003,3.7,5,N,17854
0.51,2.8000000000000003,4.0,1,N,17855
0.51,2.8000000000000003,4.0,2,N,17856
0.51,2.8000000000000003,4.0,3,N,17857
0.51,2.8000000000000003,4.0,4,N,17858
0.51,2.8000000000000003,4.0,5,N,17859
0.51,2.8000000000000003,4.300000000000002,1,N,17860
0.51,2.8000000000000003,4.300000000000002,2,N,17861
0.51,2.8000000000000003,4.300000000000002,3,N,17862
0.51,2.8000000000000003,4.300000000000002,4,N,17863
0.51,2.8000000000000003,4.300000000000002,5,N,17864
0.51,2.8000000000000003,4.6000000000000005,1,N,17865
0.51,2.8000000000000003,4.6000000000000005,2,N,17866
0.51,2.8000000000000003,4.6000000000000005,3,N,17867
0.51,2.8000000000000003,4.6000000000000005,4,N,17868
0.51,2.8000000000000003,4.6000000000000005,5,N,17869
0.51,2.8000000000000003,4.9,1,N,17870
0.51,2.8000000000000003,4.9,2,N,17871
0.51,2.8000000000000003,4.9,3,N,17872
0.51,2.8000000000000003,4.9,4,N,17873
0.51,2.8000000000000003,4.9,5,N,17874
0.51,3.1000000000000005,0.01,1,N,17875
0.51,3.1000000000000005,0.01,2,N,17876
0.51,3.1000000000000005,0.01,3,N,17877
0.51,3.1000000000000005,0.01,4,N,17878
0.51,3.1000000000000005,0.01,5,N,17879
0.51,3.1000000000000005,0.11,1,N,17880
0.51,3.1000000000000005,0.11,2,N,17881
0.51,3.1000000000000005,0.11,3,N,17882
0.51,3.1000000000000005,0.11,4,N,17883
0.51,3.1000000000000005,0.11,5,N,17884
0.51,3.1000000000000005,0.21,1,N,17885
0.51,3.1000000000000005,0.21,2,N,17886
0.51,3.1000000000000005,0.21,3,N,17887
0.51,3.1000000000000005,0.21,4,N,17888
0.51,3.1000000000000005,0.21,5,N,17889
0.51,3.1000000000000005,0.31000000000000005,1,N,17890
0.51,3.1000000000000005,0.31000000000000005,2,N,17891
0.51,3.1000000000000005,0.31000000000000005,3,N,17892
0.51,3.1000000000000005,0.31000000000000005,4,N,17893
0.51,3.1000000000000005,0.31000000000000005,5,N,17894
0.51,3.1000000000000005,0.41,1,N,17895
0.51,3.1000000000000005,0.41,2,N,17896
0.51,3.1000000000000005,0.41,3,N,17897
0.51,3.1000000000000005,0.41,4,N,17898
0.51,3.1000000000000005,0.41,5,N,17899
0.51,3.1000000000000005,0.51,1,N,17900
0.51,3.1000000000000005,0.51,2,N,17901
0.51,3.1000000000000005,0.51,3,N,17902
0.51,3.1000000000000005,0.51,4,N,17903
0.51,3.1000000000000005,0.51,5,N,17904
0.51,3.1000000000000005,0.6100000000000001,1,N,17905
0.51,3.1000000000000005,0.6100000000000001,2,N,17906
0.51,3.1000000000000005,0.6100000000000001,3,N,17907
0.51,3.1000000000000005,0.6100000000000001,4,N,17908
0.51,3.1000000000000005,0.6100000000000001,5,N,17909
0.51,3.1000000000000005,0.7100000000000001,1,N,17910
0.51,3.1000000000000005,0.7100000000000001,2,N,17911
0.51,3.1000000000000005,0.7100000000000001,3,N,17912
0.51,3.1000000000000005,0.7100000000000001,4,N,17913
0.51,3.1000000000000005,0.7100000000000001,5,N,17914
0.51,3.1000000000000005,0.81,1,N,17915
0.51,3.1000000000000005,0.81,2,N,17916
0.51,3.1000000000000005,0.81,3,N,17917
0.51,3.1000000000000005,0.81,4,N,17918
0.51,3.1000000000000005,0.81,5,N,17919
0.51,3.1000000000000005,0.91,1,N,17920
0.51,3.1000000000000005,0.91,2,N,17921
0.51,3.1000000000000005,0.91,3,N,17922
0.51,3.1000000000000005,0.91,4,N,17923
0.51,3.1000000000000005,0.91,5,N,17924
0.51,3.1000000000000005,1.01,1,N,17925
0.51,3.1000000000000005,1.01,2,N,17926
0.51,3.1000000000000005,1.01,3,N,17927
0.51,3.1000000000000005,1.01,4,N,17928
0.51,3.1000000000000005,1.01,5,N,17929
0.51,3.1000000000000005,1.11,1,N,17930
0.51,3.1000000000000005,1.11,2,N,17931
0.51,3.1000000000000005,1.11,3,N,17932
0.51,3.1000000000000005,1.11,4,N,17933
0.51,3.1000000000000005,1.11,5,N,17934
0.51,3.1000000000000005,1.3,1,N,17935
0.51,3.1000000000000005,1.3,2,N,17936
0.51,3.1000000000000005,1.3,3,N,17937
0.51,3.1000000000000005,1.3,4,N,17938
0.51,3.1000000000000005,1.3,5,N,17939
0.51,3.1000000000000005,1.6,1,N,17940
0.51,3.1000000000000005,1.6,2,N,17941
0.51,3.1000000000000005,1.6,3,N,17942
0.51,3.1000000000000005,1.6,4,N,17943
0.51,3.1000000000000005,1.6,5,N,17944
0.51,3.1000000000000005,1.9,1,N,17945
0.51,3.1000000000000005,1.9,2,N,17946
0.51,3.1000000000000005,1.9,3,N,17947
0.51,3.1000000000000005,1.9,4,N,17948
0.51,3.1000000000000005,1.9,5,N,17949
0.51,3.1000000000000005,2.2,1,N,17950
0.51,3.1000000000000005,2.2,2,N,17951
0.51,3.1000000000000005,2.2,3,N,17952
0.51,3.1000000000000005,2.2,4,N,17953
0.51,3.1000000000000005,2.2,5,N,17954
0.51,3.1000000000000005,2.5,1,N,17955
0.51,3.1000000000000005,2.5,2,N,17956
0.51,3.1000000000000005,2.5,3,N,17957
0.51,3.1000000000000005,2.5,4,N,17958
0.51,3.1000000000000005,2.5,5,N,17959
0.51,3.1000000000000005,2.8000000000000003,1,N,17960
0.51,3.1000000000000005,2.8000000000000003,2,N,17961
0.51,3.1000000000000005,2.8000000000000003,3,N,17962
0.51,3.1000000000000005,2.8000000000000003,4,N,17963
0.51,3.1000000000000005,2.8000000000000003,5,N,17964
0.51,3.1000000000000005,3.1000000000000005,1,N,17965
0.51,3.1000000000000005,3.1000000000000005,2,N,17966
0.51,3.1000000000000005,3.1000000000000005,3,N,17967
0.51,3.1000000000000005,3.1000000000000005,4,N,17968
0.51,3.1000000000000005,3.1000000000000005,5,N,17969
0.51,3.1000000000000005,3.4000000000000004,1,N,17970
0.51,3.1000000000000005,3.4000000000000004,2,N,17971
0.51,3.1000000000000005,3.4000000000000004,3,N,17972
0.51,3.1000000000000005,3.4000000000000004,4,N,17973
0.51,3.1000000000000005,3.4000000000000004,5,N,17974
0.51,3.1000000000000005,3.7,1,N,17975
0.51,3.1000000000000005,3.7,2,N,17976
0.51,3.1000000000000005,3.7,3,N,17977
0.51,3.1000000000000005,3.7,4,N,17978
0.51,3.1000000000000005,3.7,5,N,17979
0.51,3.1000000000000005,4.0,1,N,17980
0.51,3.1000000000000005,4.0,2,N,17981
0.51,3.1000000000000005,4.0,3,N,17982
0.51,3.1000000000000005,4.0,4,N,17983
0.51,3.1000000000000005,4.0,5,N,17984
0.51,3.1000000000000005,4.300000000000002,1,N,17985
0.51,3.1000000000000005,4.300000000000002,2,N,17986
0.51,3.1000000000000005,4.300000000000002,3,N,17987
0.51,3.1000000000000005,4.300000000000002,4,N,17988
0.51,3.1000000000000005,4.300000000000002,5,N,17989
0.51,3.1000000000000005,4.6000000000000005,1,N,17990
0.51,3.1000000000000005,4.6000000000000005,2,N,17991
0.51,3.1000000000000005,4.6000000000000005,3,N,17992
0.51,3.1000000000000005,4.6000000000000005,4,N,17993
0.51,3.1000000000000005,4.6000000000000005,5,N,17994
0.51,3.1000000000000005,4.9,1,N,17995
0.51,3.1000000000000005,4.9,2,N,17996
0.51,3.1000000000000005,4.9,3,N,17997
0.51,3.1000000000000005,4.9,4,N,17998
0.51,3.1000000000000005,4.9,5,N,17999
0.51,3.4000000000000004,0.01,1,N,18000
0.51,3.4000000000000004,0.01,2,N,18001
0.51,3.4000000000000004,0.01,3,N,18002
0.51,3.4000000000000004,0.01,4,N,18003
0.51,3.4000000000000004,0.01,5,N,18004
0.51,3.4000000000000004,0.11,1,N,18005
0.51,3.4000000000000004,0.11,2,N,18006
0.51,3.4000000000000004,0.11,3,N,18007
0.51,3.4000000000000004,0.11,4,N,18008
0.51,3.4000000000000004,0.11,5,N,18009
0.51,3.4000000000000004,0.21,1,N,18010
0.51,3.4000000000000004,0.21,2,N,18011
0.51,3.4000000000000004,0.21,3,N,18012
0.51,3.4000000000000004,0.21,4,N,18013
0.51,3.4000000000000004,0.21,5,N,18014
0.51,3.4000000000000004,0.31000000000000005,1,N,18015
0.51,3.4000000000000004,0.31000000000000005,2,N,18016
0.51,3.4000000000000004,0.31000000000000005,3,N,18017
0.51,3.4000000000000004,0.31000000000000005,4,N,18018
0.51,3.4000000000000004,0.31000000000000005,5,N,18019
0.51,3.4000000000000004,0.41,1,N,18020
0.51,3.4000000000000004,0.41,2,N,18021
0.51,3.4000000000000004,0.41,3,N,18022
0.51,3.4000000000000004,0.41,4,N,18023
0.51,3.4000000000000004,0.41,5,N,18024
0.51,3.4000000000000004,0.51,1,N,18025
0.51,3.4000000000000004,0.51,2,N,18026
0.51,3.4000000000000004,0.51,3,N,18027
0.51,3.4000000000000004,0.51,4,N,18028
0.51,3.4000000000000004,0.51,5,N,18029
0.51,3.4000000000000004,0.6100000000000001,1,N,18030
0.51,3.4000000000000004,0.6100000000000001,2,N,18031
0.51,3.4000000000000004,0.6100000000000001,3,N,18032
0.51,3.4000000000000004,0.6100000000000001,4,N,18033
0.51,3.4000000000000004,0.6100000000000001,5,N,18034
0.51,3.4000000000000004,0.7100000000000001,1,N,18035
0.51,3.4000000000000004,0.7100000000000001,2,N,18036
0.51,3.4000000000000004,0.7100000000000001,3,N,18037
0.51,3.4000000000000004,0.7100000000000001,4,N,18038
0.51,3.4000000000000004,0.7100000000000001,5,N,18039
0.51,3.4000000000000004,0.81,1,N,18040
0.51,3.4000000000000004,0.81,2,N,18041
0.51,3.4000000000000004,0.81,3,N,18042
0.51,3.4000000000000004,0.81,4,N,18043
0.51,3.4000000000000004,0.81,5,N,18044
0.51,3.4000000000000004,0.91,1,N,18045
0.51,3.4000000000000004,0.91,2,N,18046
0.51,3.4000000000000004,0.91,3,N,18047
0.51,3.4000000000000004,0.91,4,N,18048
0.51,3.4000000000000004,0.91,5,N,18049
0.51,3.4000000000000004,1.01,1,N,18050
0.51,3.4000000000000004,1.01,2,N,18051
0.51,3.4000000000000004,1.01,3,N,18052
0.51,3.4000000000000004,1.01,4,N,18053
0.51,3.4000000000000004,1.01,5,N,18054
0.51,3.4000000000000004,1.11,1,N,18055
0.51,3.4000000000000004,1.11,2,N,18056
0.51,3.4000000000000004,1.11,3,N,18057
0.51,3.4000000000000004,1.11,4,N,18058
0.51,3.4000000000000004,1.11,5,N,18059
0.51,3.4000000000000004,1.3,1,N,18060
0.51,3.4000000000000004,1.3,2,N,18061
0.51,3.4000000000000004,1.3,3,N,18062
0.51,3.4000000000000004,1.3,4,N,18063
0.51,3.4000000000000004,1.3,5,N,18064
0.51,3.4000000000000004,1.6,1,N,18065
0.51,3.4000000000000004,1.6,2,N,18066
0.51,3.4000000000000004,1.6,3,N,18067
0.51,3.4000000000000004,1.6,4,N,18068
0.51,3.4000000000000004,1.6,5,N,18069
0.51,3.4000000000000004,1.9,1,N,18070
0.51,3.4000000000000004,1.9,2,N,18071
0.51,3.4000000000000004,1.9,3,N,18072
0.51,3.4000000000000004,1.9,4,N,18073
0.51,3.4000000000000004,1.9,5,N,18074
0.51,3.4000000000000004,2.2,1,N,18075
0.51,3.4000000000000004,2.2,2,N,18076
0.51,3.4000000000000004,2.2,3,N,18077
0.51,3.4000000000000004,2.2,4,N,18078
0.51,3.4000000000000004,2.2,5,N,18079
0.51,3.4000000000000004,2.5,1,N,18080
0.51,3.4000000000000004,2.5,2,N,18081
0.51,3.4000000000000004,2.5,3,N,18082
0.51,3.4000000000000004,2.5,4,N,18083
0.51,3.4000000000000004,2.5,5,N,18084
0.51,3.4000000000000004,2.8000000000000003,1,N,18085
0.51,3.4000000000000004,2.8000000000000003,2,N,18086
0.51,3.4000000000000004,2.8000000000000003,3,N,18087
0.51,3.4000000000000004,2.8000000000000003,4,N,18088
0.51,3.4000000000000004,2.8000000000000003,5,N,18089
0.51,3.4000000000000004,3.1000000000000005,1,N,18090
0.51,3.4000000000000004,3.1000000000000005,2,N,18091
0.51,3.4000000000000004,3.1000000000000005,3,N,18092
0.51,3.4000000000000004,3.1000000000000005,4,N,18093
0.51,3.4000000000000004,3.1000000000000005,5,N,18094
0.51,3.4000000000000004,3.4000000000000004,1,N,18095
0.51,3.4000000000000004,3.4000000000000004,2,N,18096
0.51,3.4000000000000004,3.4000000000000004,3,N,18097
0.51,3.4000000000000004,3.4000000000000004,4,N,18098
0.51,3.4000000000000004,3.4000000000000004,5,N,18099
0.51,3.4000000000000004,3.7,1,N,18100
0.51,3.4000000000000004,3.7,2,N,18101
0.51,3.4000000000000004,3.7,3,N,18102
0.51,3.4000000000000004,3.7,4,N,18103
0.51,3.4000000000000004,3.7,5,N,18104
0.51,3.4000000000000004,4.0,1,N,18105
0.51,3.4000000000000004,4.0,2,N,18106
0.51,3.4000000000000004,4.0,3,N,18107
0.51,3.4000000000000004,4.0,4,N,18108
0.51,3.4000000000000004,4.0,5,N,18109
0.51,3.4000000000000004,4.300000000000002,1,N,18110
0.51,3.4000000000000004,4.300000000000002,2,N,18111
0.51,3.4000000000000004,4.300000000000002,3,N,18112
0.51,3.4000000000000004,4.300000000000002,4,N,18113
0.51,3.4000000000000004,4.300000000000002,5,N,18114
0.51,3.4000000000000004,4.6000000000000005,1,N,18115
0.51,3.4000000000000004,4.6000000000000005,2,N,18116
0.51,3.4000000000000004,4.6000000000000005,3,N,18117
0.51,3.4000000000000004,4.6000000000000005,4,N,18118
0.51,3.4000000000000004,4.6000000000000005,5,N,18119
0.51,3.4000000000000004,4.9,1,N,18120
0.51,3.4000000000000004,4.9,2,N,18121
0.51,3.4000000000000004,4.9,3,N,18122
0.51,3.4000000000000004,4.9,4,N,18123
0.51,3.4000000000000004,4.9,5,N,18124
0.51,3.7,0.01,1,N,18125
0.51,3.7,0.01,2,N,18126
0.51,3.7,0.01,3,N,18127
0.51,3.7,0.01,4,N,18128
0.51,3.7,0.01,5,N,18129
0.51,3.7,0.11,1,N,18130
0.51,3.7,0.11,2,N,18131
0.51,3.7,0.11,3,N,18132
0.51,3.7,0.11,4,N,18133
0.51,3.7,0.11,5,N,18134
0.51,3.7,0.21,1,N,18135
0.51,3.7,0.21,2,N,18136
0.51,3.7,0.21,3,N,18137
0.51,3.7,0.21,4,N,18138
0.51,3.7,0.21,5,N,18139
0.51,3.7,0.31000000000000005,1,N,18140
0.51,3.7,0.31000000000000005,2,N,18141
0.51,3.7,0.31000000000000005,3,N,18142
0.51,3.7,0.31000000000000005,4,N,18143
0.51,3.7,0.31000000000000005,5,N,18144
0.51,3.7,0.41,1,N,18145
0.51,3.7,0.41,2,N,18146
0.51,3.7,0.41,3,N,18147
0.51,3.7,0.41,4,N,18148
0.51,3.7,0.41,5,N,18149
0.51,3.7,0.51,1,N,18150
0.51,3.7,0.51,2,N,18151
0.51,3.7,0.51,3,N,18152
0.51,3.7,0.51,4,N,18153
0.51,3.7,0.51,5,N,18154
0.51,3.7,0.6100000000000001,1,N,18155
0.51,3.7,0.6100000000000001,2,N,18156
0.51,3.7,0.6100000000000001,3,N,18157
0.51,3.7,0.6100000000000001,4,N,18158
0.51,3.7,0.6100000000000001,5,N,18159
0.51,3.7,0.7100000000000001,1,N,18160
0.51,3.7,0.7100000000000001,2,N,18161
0.51,3.7,0.7100000000000001,3,N,18162
0.51,3.7,0.7100000000000001,4,N,18163
0.51,3.7,0.7100000000000001,5,N,18164
0.51,3.7,0.81,1,N,18165
0.51,3.7,0.81,2,N,18166
0.51,3.7,0.81,3,N,18167
0.51,3.7,0.81,4,N,18168
0.51,3.7,0.81,5,N,18169
0.51,3.7,0.91,1,N,18170
0.51,3.7,0.91,2,N,18171
0.51,3.7,0.91,3,N,18172
0.51,3.7,0.91,4,N,18173
0.51,3.7,0.91,5,N,18174
0.51,3.7,1.01,1,N,18175
0.51,3.7,1.01,2,N,18176
0.51,3.7,1.01,3,N,18177
0.51,3.7,1.01,4,N,18178
0.51,3.7,1.01,5,N,18179
0.51,3.7,1.11,1,N,18180
0.51,3.7,1.11,2,N,18181
0.51,3.7,1.11,3,N,18182
0.51,3.7,1.11,4,N,18183
0.51,3.7,1.11,5,N,18184
0.51,3.7,1.3,1,N,18185
0.51,3.7,1.3,2,N,18186
0.51,3.7,1.3,3,N,18187
0.51,3.7,1.3,4,N,18188
0.51,3.7,1.3,5,N,18189
0.51,3.7,1.6,1,N,18190
0.51,3.7,1.6,2,N,18191
0.51,3.7,1.6,3,N,18192
0.51,3.7,1.6,4,N,18193
0.51,3.7,1.6,5,N,18194
0.51,3.7,1.9,1,N,18195
0.51,3.7,1.9,2,N,18196
0.51,3.7,1.9,3,N,18197
0.51,3.7,1.9,4,N,18198
0.51,3.7,1.9,5,N,18199
0.51,3.7,2.2,1,N,18200
0.51,3.7,2.2,2,N,18201
0.51,3.7,2.2,3,N,18202
0.51,3.7,2.2,4,N,18203
0.51,3.7,2.2,5,N,18204
0.51,3.7,2.5,1,N,18205
0.51,3.7,2.5,2,N,18206
0.51,3.7,2.5,3,N,18207
0.51,3.7,2.5,4,N,18208
0.51,3.7,2.5,5,N,18209
0.51,3.7,2.8000000000000003,1,N,18210
0.51,3.7,2.8000000000000003,2,N,18211
0.51,3.7,2.8000000000000003,3,N,18212
0.51,3.7,2.8000000000000003,4,N,18213
0.51,3.7,2.8000000000000003,5,N,18214
0.51,3.7,3.1000000000000005,1,N,18215
0.51,3.7,3.1000000000000005,2,N,18216
0.51,3.7,3.1000000000000005,3,N,18217
0.51,3.7,3.1000000000000005,4,N,18218
0.51,3.7,3.1000000000000005,5,N,18219
0.51,3.7,3.4000000000000004,1,N,18220
0.51,3.7,3.4000000000000004,2,N,18221
0.51,3.7,3.4000000000000004,3,N,18222
0.51,3.7,3.4000000000000004,4,N,18223
0.51,3.7,3.4000000000000004,5,N,18224
0.51,3.7,3.7,1,N,18225
0.51,3.7,3.7,2,N,18226
0.51,3.7,3.7,3,N,18227
0.51,3.7,3.7,4,N,18228
0.51,3.7,3.7,5,N,18229
0.51,3.7,4.0,1,N,18230
0.51,3.7,4.0,2,N,18231
0.51,3.7,4.0,3,N,18232
0.51,3.7,4.0,4,N,18233
0.51,3.7,4.0,5,N,18234
0.51,3.7,4.300000000000002,1,N,18235
0.51,3.7,4.300000000000002,2,N,18236
0.51,3.7,4.300000000000002,3,N,18237
0.51,3.7,4.300000000000002,4,N,18238
0.51,3.7,4.300000000000002,5,N,18239
0.51,3.7,4.6000000000000005,1,N,18240
0.51,3.7,4.6000000000000005,2,N,18241
0.51,3.7,4.6000000000000005,3,N,18242
0.51,3.7,4.6000000000000005,4,N,18243
0.51,3.7,4.6000000000000005,5,N,18244
0.51,3.7,4.9,1,N,18245
0.51,3.7,4.9,2,N,18246
0.51,3.7,4.9,3,N,18247
0.51,3.7,4.9,4,N,18248
0.51,3.7,4.9,5,N,18249
0.51,4.0,0.01,1,N,18250
0.51,4.0,0.01,2,N,18251
0.51,4.0,0.01,3,N,18252
0.51,4.0,0.01,4,N,18253
0.51,4.0,0.01,5,N,18254
0.51,4.0,0.11,1,N,18255
0.51,4.0,0.11,2,N,18256
0.51,4.0,0.11,3,N,18257
0.51,4.0,0.11,4,N,18258
0.51,4.0,0.11,5,N,18259
0.51,4.0,0.21,1,N,18260
0.51,4.0,0.21,2,N,18261
0.51,4.0,0.21,3,N,18262
0.51,4.0,0.21,4,N,18263
0.51,4.0,0.21,5,N,18264
0.51,4.0,0.31000000000000005,1,N,18265
0.51,4.0,0.31000000000000005,2,N,18266
0.51,4.0,0.31000000000000005,3,N,18267
0.51,4.0,0.31000000000000005,4,N,18268
0.51,4.0,0.31000000000000005,5,N,18269
0.51,4.0,0.41,1,N,18270
0.51,4.0,0.41,2,N,18271
0.51,4.0,0.41,3,N,18272
0.51,4.0,0.41,4,N,18273
0.51,4.0,0.41,5,N,18274
0.51,4.0,0.51,1,N,18275
0.51,4.0,0.51,2,N,18276
0.51,4.0,0.51,3,N,18277
0.51,4.0,0.51,4,N,18278
0.51,4.0,0.51,5,N,18279
0.51,4.0,0.6100000000000001,1,N,18280
0.51,4.0,0.6100000000000001,2,N,18281
0.51,4.0,0.6100000000000001,3,N,18282
0.51,4.0,0.6100000000000001,4,N,18283
0.51,4.0,0.6100000000000001,5,N,18284
0.51,4.0,0.7100000000000001,1,N,18285
0.51,4.0,0.7100000000000001,2,N,18286
0.51,4.0,0.7100000000000001,3,N,18287
0.51,4.0,0.7100000000000001,4,N,18288
0.51,4.0,0.7100000000000001,5,N,18289
0.51,4.0,0.81,1,N,18290
0.51,4.0,0.81,2,N,18291
0.51,4.0,0.81,3,N,18292
0.51,4.0,0.81,4,N,18293
0.51,4.0,0.81,5,N,18294
0.51,4.0,0.91,1,N,18295
0.51,4.0,0.91,2,N,18296
0.51,4.0,0.91,3,N,18297
0.51,4.0,0.91,4,N,18298
0.51,4.0,0.91,5,N,18299
0.51,4.0,1.01,1,N,18300
0.51,4.0,1.01,2,N,18301
0.51,4.0,1.01,3,N,18302
0.51,4.0,1.01,4,N,18303
0.51,4.0,1.01,5,N,18304
0.51,4.0,1.11,1,N,18305
0.51,4.0,1.11,2,N,18306
0.51,4.0,1.11,3,N,18307
0.51,4.0,1.11,4,N,18308
0.51,4.0,1.11,5,N,18309
0.51,4.0,1.3,1,N,18310
0.51,4.0,1.3,2,N,18311
0.51,4.0,1.3,3,N,18312
0.51,4.0,1.3,4,N,18313
0.51,4.0,1.3,5,N,18314
0.51,4.0,1.6,1,N,18315
0.51,4.0,1.6,2,N,18316
0.51,4.0,1.6,3,N,18317
0.51,4.0,1.6,4,N,18318
0.51,4.0,1.6,5,N,18319
0.51,4.0,1.9,1,N,18320
0.51,4.0,1.9,2,N,18321
0.51,4.0,1.9,3,N,18322
0.51,4.0,1.9,4,N,18323
0.51,4.0,1.9,5,N,18324
0.51,4.0,2.2,1,N,18325
0.51,4.0,2.2,2,N,18326
0.51,4.0,2.2,3,N,18327
0.51,4.0,2.2,4,N,18328
0.51,4.0,2.2,5,N,18329
0.51,4.0,2.5,1,N,18330
0.51,4.0,2.5,2,N,18331
0.51,4.0,2.5,3,N,18332
0.51,4.0,2.5,4,N,18333
0.51,4.0,2.5,5,N,18334
0.51,4.0,2.8000000000000003,1,N,18335
0.51,4.0,2.8000000000000003,2,N,18336
0.51,4.0,2.8000000000000003,3,N,18337
0.51,4.0,2.8000000000000003,4,N,18338
0.51,4.0,2.8000000000000003,5,N,18339
0.51,4.0,3.1000000000000005,1,N,18340
0.51,4.0,3.1000000000000005,2,N,18341
0.51,4.0,3.1000000000000005,3,N,18342
0.51,4.0,3.1000000000000005,4,N,18343
0.51,4.0,3.1000000000000005,5,N,18344
0.51,4.0,3.4000000000000004,1,N,18345
0.51,4.0,3.4000000000000004,2,N,18346
0.51,4.0,3.4000000000000004,3,N,18347
0.51,4.0,3.4000000000000004,4,N,18348
0.51,4.0,3.4000000000000004,5,N,18349
0.51,4.0,3.7,1,N,18350
0.51,4.0,3.7,2,N,18351
0.51,4.0,3.7,3,N,18352
0.51,4.0,3.7,4,N,18353
0.51,4.0,3.7,5,N,18354
0.51,4.0,4.0,1,N,18355
0.51,4.0,4.0,2,N,18356
0.51,4.0,4.0,3,N,18357
0.51,4.0,4.0,4,N,18358
0.51,4.0,4.0,5,N,18359
0.51,4.0,4.300000000000002,1,N,18360
0.51,4.0,4.300000000000002,2,N,18361
0.51,4.0,4.300000000000002,3,N,18362
0.51,4.0,4.300000000000002,4,N,18363
0.51,4.0,4.300000000000002,5,N,18364
0.51,4.0,4.6000000000000005,1,N,18365
0.51,4.0,4.6000000000000005,2,N,18366
0.51,4.0,4.6000000000000005,3,N,18367
0.51,4.0,4.6000000000000005,4,N,18368
0.51,4.0,4.6000000000000005,5,N,18369
0.51,4.0,4.9,1,N,18370
0.51,4.0,4.9,2,N,18371
0.51,4.0,4.9,3,N,18372
0.51,4.0,4.9,4,N,18373
0.51,4.0,4.9,5,N,18374
0.51,4.300000000000002,0.01,1,N,18375
0.51,4.300000000000002,0.01,2,N,18376
0.51,4.300000000000002,0.01,3,N,18377
0.51,4.300000000000002,0.01,4,N,18378
0.51,4.300000000000002,0.01,5,N,18379
0.51,4.300000000000002,0.11,1,N,18380
0.51,4.300000000000002,0.11,2,N,18381
0.51,4.300000000000002,0.11,3,N,18382
0.51,4.300000000000002,0.11,4,N,18383
0.51,4.300000000000002,0.11,5,N,18384
0.51,4.300000000000002,0.21,1,N,18385
0.51,4.300000000000002,0.21,2,N,18386
0.51,4.300000000000002,0.21,3,N,18387
0.51,4.300000000000002,0.21,4,N,18388
0.51,4.300000000000002,0.21,5,N,18389
0.51,4.300000000000002,0.31000000000000005,1,N,18390
0.51,4.300000000000002,0.31000000000000005,2,N,18391
0.51,4.300000000000002,0.31000000000000005,3,N,18392
0.51,4.300000000000002,0.31000000000000005,4,N,18393
0.51,4.300000000000002,0.31000000000000005,5,N,18394
0.51,4.300000000000002,0.41,1,N,18395
0.51,4.300000000000002,0.41,2,N,18396
0.51,4.300000000000002,0.41,3,N,18397
0.51,4.300000000000002,0.41,4,N,18398
0.51,4.300000000000002,0.41,5,N,18399
0.51,4.300000000000002,0.51,1,N,18400
0.51,4.300000000000002,0.51,2,N,18401
0.51,4.300000000000002,0.51,3,N,18402
0.51,4.300000000000002,0.51,4,N,18403
0.51,4.300000000000002,0.51,5,N,18404
0.51,4.300000000000002,0.6100000000000001,1,N,18405
0.51,4.300000000000002,0.6100000000000001,2,N,18406
0.51,4.300000000000002,0.6100000000000001,3,N,18407
0.51,4.300000000000002,0.6100000000000001,4,N,18408
0.51,4.300000000000002,0.6100000000000001,5,N,18409
0.51,4.300000000000002,0.7100000000000001,1,N,18410
0.51,4.300000000000002,0.7100000000000001,2,N,18411
0.51,4.300000000000002,0.7100000000000001,3,N,18412
0.51,4.300000000000002,0.7100000000000001,4,N,18413
0.51,4.300000000000002,0.7100000000000001,5,N,18414
0.51,4.300000000000002,0.81,1,N,18415
0.51,4.300000000000002,0.81,2,N,18416
0.51,4.300000000000002,0.81,3,N,18417
0.51,4.300000000000002,0.81,4,N,18418
0.51,4.300000000000002,0.81,5,N,18419
0.51,4.300000000000002,0.91,1,N,18420
0.51,4.300000000000002,0.91,2,N,18421
0.51,4.300000000000002,0.91,3,N,18422
0.51,4.300000000000002,0.91,4,N,18423
0.51,4.300000000000002,0.91,5,N,18424
0.51,4.300000000000002,1.01,1,N,18425
0.51,4.300000000000002,1.01,2,N,18426
0.51,4.300000000000002,1.01,3,N,18427
0.51,4.300000000000002,1.01,4,N,18428
0.51,4.300000000000002,1.01,5,N,18429
0.51,4.300000000000002,1.11,1,N,18430
0.51,4.300000000000002,1.11,2,N,18431
0.51,4.300000000000002,1.11,3,N,18432
0.51,4.300000000000002,1.11,4,N,18433
0.51,4.300000000000002,1.11,5,N,18434
0.51,4.300000000000002,1.3,1,N,18435
0.51,4.300000000000002,1.3,2,N,18436
0.51,4.300000000000002,1.3,3,N,18437
0.51,4.300000000000002,1.3,4,N,18438
0.51,4.300000000000002,1.3,5,N,18439
0.51,4.300000000000002,1.6,1,N,18440
0.51,4.300000000000002,1.6,2,N,18441
0.51,4.300000000000002,1.6,3,N,18442
0.51,4.300000000000002,1.6,4,N,18443
0.51,4.300000000000002,1.6,5,N,18444
0.51,4.300000000000002,1.9,1,N,18445
0.51,4.300000000000002,1.9,2,N,18446
0.51,4.300000000000002,1.9,3,N,18447
0.51,4.300000000000002,1.9,4,N,18448
0.51,4.300000000000002,1.9,5,N,18449
0.51,4.300000000000002,2.2,1,N,18450
0.51,4.300000000000002,2.2,2,N,18451
0.51,4.300000000000002,2.2,3,N,18452
0.51,4.300000000000002,2.2,4,N,18453
0.51,4.300000000000002,2.2,5,N,18454
0.51,4.300000000000002,2.5,1,N,18455
0.51,4.300000000000002,2.5,2,N,18456
0.51,4.300000000000002,2.5,3,N,18457
0.51,4.300000000000002,2.5,4,N,18458
0.51,4.300000000000002,2.5,5,N,18459
0.51,4.300000000000002,2.8000000000000003,1,N,18460
0.51,4.300000000000002,2.8000000000000003,2,N,18461
0.51,4.300000000000002,2.8000000000000003,3,N,18462
0.51,4.300000000000002,2.8000000000000003,4,N,18463
0.51,4.300000000000002,2.8000000000000003,5,N,18464
0.51,4.300000000000002,3.1000000000000005,1,N,18465
0.51,4.300000000000002,3.1000000000000005,2,N,18466
0.51,4.300000000000002,3.1000000000000005,3,N,18467
0.51,4.300000000000002,3.1000000000000005,4,N,18468
0.51,4.300000000000002,3.1000000000000005,5,N,18469
0.51,4.300000000000002,3.4000000000000004,1,N,18470
0.51,4.300000000000002,3.4000000000000004,2,N,18471
0.51,4.300000000000002,3.4000000000000004,3,N,18472
0.51,4.300000000000002,3.4000000000000004,4,N,18473
0.51,4.300000000000002,3.4000000000000004,5,N,18474
0.51,4.300000000000002,3.7,1,N,18475
0.51,4.300000000000002,3.7,2,N,18476
0.51,4.300000000000002,3.7,3,N,18477
0.51,4.300000000000002,3.7,4,N,18478
0.51,4.300000000000002,3.7,5,N,18479
0.51,4.300000000000002,4.0,1,N,18480
0.51,4.300000000000002,4.0,2,N,18481
0.51,4.300000000000002,4.0,3,N,18482
0.51,4.300000000000002,4.0,4,N,18483
0.51,4.300000000000002,4.0,5,N,18484
0.51,4.300000000000002,4.300000000000002,1,N,18485
0.51,4.300000000000002,4.300000000000002,2,N,18486
0.51,4.300000000000002,4.300000000000002,3,N,18487
0.51,4.300000000000002,4.300000000000002,4,N,18488
0.51,4.300000000000002,4.300000000000002,5,N,18489
0.51,4.300000000000002,4.6000000000000005,1,N,18490
0.51,4.300000000000002,4.6000000000000005,2,N,18491
0.51,4.300000000000002,4.6000000000000005,3,N,18492
0.51,4.300000000000002,4.6000000000000005,4,N,18493
0.51,4.300000000000002,4.6000000000000005,5,N,18494
0.51,4.300000000000002,4.9,1,N,18495
0.51,4.300000000000002,4.9,2,N,18496
0.51,4.300000000000002,4.9,3,N,18497
0.51,4.300000000000002,4.9,4,N,18498
0.51,4.300000000000002,4.9,5,N,18499
0.51,4.6000000000000005,0.01,1,N,18500
0.51,4.6000000000000005,0.01,2,N,18501
0.51,4.6000000000000005,0.01,3,N,18502
0.51,4.6000000000000005,0.01,4,N,18503
0.51,4.6000000000000005,0.01,5,N,18504
0.51,4.6000000000000005,0.11,1,N,18505
0.51,4.6000000000000005,0.11,2,N,18506
0.51,4.6000000000000005,0.11,3,N,18507
0.51,4.6000000000000005,0.11,4,N,18508
0.51,4.6000000000000005,0.11,5,N,18509
0.51,4.6000000000000005,0.21,1,N,18510
0.51,4.6000000000000005,0.21,2,N,18511
0.51,4.6000000000000005,0.21,3,N,18512
0.51,4.6000000000000005,0.21,4,N,18513
0.51,4.6000000000000005,0.21,5,N,18514
0.51,4.6000000000000005,0.31000000000000005,1,N,18515
0.51,4.6000000000000005,0.31000000000000005,2,N,18516
0.51,4.6000000000000005,0.31000000000000005,3,N,18517
0.51,4.6000000000000005,0.31000000000000005,4,N,18518
0.51,4.6000000000000005,0.31000000000000005,5,N,18519
0.51,4.6000000000000005,0.41,1,N,18520
0.51,4.6000000000000005,0.41,2,N,18521
0.51,4.6000000000000005,0.41,3,N,18522
0.51,4.6000000000000005,0.41,4,N,18523
0.51,4.6000000000000005,0.41,5,N,18524
0.51,4.6000000000000005,0.51,1,N,18525
0.51,4.6000000000000005,0.51,2,N,18526
0.51,4.6000000000000005,0.51,3,N,18527
0.51,4.6000000000000005,0.51,4,N,18528
0.51,4.6000000000000005,0.51,5,N,18529
0.51,4.6000000000000005,0.6100000000000001,1,N,18530
0.51,4.6000000000000005,0.6100000000000001,2,N,18531
0.51,4.6000000000000005,0.6100000000000001,3,N,18532
0.51,4.6000000000000005,0.6100000000000001,4,N,18533
0.51,4.6000000000000005,0.6100000000000001,5,N,18534
0.51,4.6000000000000005,0.7100000000000001,1,N,18535
0.51,4.6000000000000005,0.7100000000000001,2,N,18536
0.51,4.6000000000000005,0.7100000000000001,3,N,18537
0.51,4.6000000000000005,0.7100000000000001,4,N,18538
0.51,4.6000000000000005,0.7100000000000001,5,N,18539
0.51,4.6000000000000005,0.81,1,N,18540
0.51,4.6000000000000005,0.81,2,N,18541
0.51,4.6000000000000005,0.81,3,N,18542
0.51,4.6000000000000005,0.81,4,N,18543
0.51,4.6000000000000005,0.81,5,N,18544
0.51,4.6000000000000005,0.91,1,N,18545
0.51,4.6000000000000005,0.91,2,N,18546
0.51,4.6000000000000005,0.91,3,N,18547
0.51,4.6000000000000005,0.91,4,N,18548
0.51,4.6000000000000005,0.91,5,N,18549
0.51,4.6000000000000005,1.01,1,N,18550
0.51,4.6000000000000005,1.01,2,N,18551
0.51,4.6000000000000005,1.01,3,N,18552
0.51,4.6000000000000005,1.01,4,N,18553
0.51,4.6000000000000005,1.01,5,N,18554
0.51,4.6000000000000005,1.11,1,N,18555
0.51,4.6000000000000005,1.11,2,N,18556
0.51,4.6000000000000005,1.11,3,N,18557
0.51,4.6000000000000005,1.11,4,N,18558
0.51,4.6000000000000005,1.11,5,N,18559
0.51,4.6000000000000005,1.3,1,N,18560
0.51,4.6000000000000005,1.3,2,N,18561
0.51,4.6000000000000005,1.3,3,N,18562
0.51,4.6000000000000005,1.3,4,N,18563
0.51,4.6000000000000005,1.3,5,N,18564
0.51,4.6000000000000005,1.6,1,N,18565
0.51,4.6000000000000005,1.6,2,N,18566
0.51,4.6000000000000005,1.6,3,N,18567
0.51,4.6000000000000005,1.6,4,N,18568
0.51,4.6000000000000005,1.6,5,N,18569
0.51,4.6000000000000005,1.9,1,N,18570
0.51,4.6000000000000005,1.9,2,N,18571
0.51,4.6000000000000005,1.9,3,N,18572
0.51,4.6000000000000005,1.9,4,N,18573
0.51,4.6000000000000005,1.9,5,N,18574
0.51,4.6000000000000005,2.2,1,N,18575
0.51,4.6000000000000005,2.2,2,N,18576
0.51,4.6000000000000005,2.2,3,N,18577
0.51,4.6000000000000005,2.2,4,N,18578
0.51,4.6000000000000005,2.2,5,N,18579
0.51,4.6000000000000005,2.5,1,N,18580
0.51,4.6000000000000005,2.5,2,N,18581
0.51,4.6000000000000005,2.5,3,N,18582
0.51,4.6000000000000005,2.5,4,N,18583
0.51,4.6000000000000005,2.5,5,N,18584
0.51,4.6000000000000005,2.8000000000000003,1,N,18585
0.51,4.6000000000000005,2.8000000000000003,2,N,18586
0.51,4.6000000000000005,2.8000000000000003,3,N,18587
0.51,4.6000000000000005,2.8000000000000003,4,N,18588
0.51,4.6000000000000005,2.8000000000000003,5,N,18589
0.51,4.6000000000000005,3.1000000000000005,1,N,18590
0.51,4.6000000000000005,3.1000000000000005,2,N,18591
0.51,4.6000000000000005,3.1000000000000005,3,N,18592
0.51,4.6000000000000005,3.1000000000000005,4,N,18593
0.51,4.6000000000000005,3.1000000000000005,5,N,18594
0.51,4.6000000000000005,3.4000000000000004,1,N,18595
0.51,4.6000000000000005,3.4000000000000004,2,N,18596
0.51,4.6000000000000005,3.4000000000000004,3,N,18597
0.51,4.6000000000000005,3.4000000000000004,4,N,18598
0.51,4.6000000000000005,3.4000000000000004,5,N,18599
0.51,4.6000000000000005,3.7,1,N,18600
0.51,4.6000000000000005,3.7,2,N,18601
0.51,4.6000000000000005,3.7,3,N,18602
0.51,4.6000000000000005,3.7,4,N,18603
0.51,4.6000000000000005,3.7,5,N,18604
0.51,4.6000000000000005,4.0,1,N,18605
0.51,4.6000000000000005,4.0,2,N,18606
0.51,4.6000000000000005,4.0,3,N,18607
0.51,4.6000000000000005,4.0,4,N,18608
0.51,4.6000000000000005,4.0,5,N,18609
0.51,4.6000000000000005,4.300000000000002,1,N,18610
0.51,4.6000000000000005,4.300000000000002,2,N,18611
0.51,4.6000000000000005,4.300000000000002,3,N,18612
0.51,4.6000000000000005,4.300000000000002,4,N,18613
0.51,4.6000000000000005,4.300000000000002,5,N,18614
0.51,4.6000000000000005,4.6000000000000005,1,N,18615
0.51,4.6000000000000005,4.6000000000000005,2,N,18616
0.51,4.6000000000000005,4.6000000000000005,3,N,18617
0.51,4.6000000000000005,4.6000000000000005,4,N,18618
0.51,4.6000000000000005,4.6000000000000005,5,N,18619
0.51,4.6000000000000005,4.9,1,N,18620
0.51,4.6000000000000005,4.9,2,N,18621
0.51,4.6000000000000005,4.9,3,N,18622
0.51,4.6000000000000005,4.9,4,N,18623
0.51,4.6000000000000005,4.9,5,N,18624
0.51,4.9,0.01,1,N,18625
0.51,4.9,0.01,2,N,18626
0.51,4.9,0.01,3,Y,18627
0.51,4.9,0.01,4,N,18628
0.51,4.9,0.01,5,N,18629
0.51,4.9,0.11,1,N,18630
0.51,4.9,0.11,2,N,18631
0.51,4.9,0.11,3,N,18632
0.51,4.9,0.11,4,N,18633
0.51,4.9,0.11,5,N,18634
0.51,4.9,0.21,1,N,18635
0.51,4.9,0.21,2,N,18636
0.51,4.9,0.21,3,N,18637
0.51,4.9,0.21,4,N,18638
0.51,4.9,0.21,5,N,18639
0.51,4.9,0.31000000000000005,1,N,18640
0.51,4.9,0.31000000000000005,2,N,18641
0.51,4.9,0.31000000000000005,3,N,18642
0.51,4.9,0.31000000000000005,4,N,18643
0.51,4.9,0.31000000000000005,5,N,18644
0.51,4.9,0.41,1,N,18645
0.51,4.9,0.41,2,N,18646
0.51,4.9,0.41,3,N,18647
0.51,4.9,0.41,4,N,18648
0.51,4.9,0.41,5,N,18649
0.51,4.9,0.51,1,N,18650
0.51,4.9,0.51,2,N,18651
0.51,4.9,0.51,3,N,18652
0.51,4.9,0.51,4,N,18653
0.51,4.9,0.51,5,N,18654
0.51,4.9,0.6100000000000001,1,N,18655
0.51,4.9,0.6100000000000001,2,N,18656
0.51,4.9,0.6100000000000001,3,N,18657
0.51,4.9,0.6100000000000001,4,N,18658
0.51,4.9,0.6100000000000001,5,N,18659
0.51,4.9,0.7100000000000001,1,N,18660
0.51,4.9,0.7100000000000001,2,N,18661
0.51,4.9,0.7100000000000001,3,N,18662
0.51,4.9,0.7100000000000001,4,N,18663
0.51,4.9,0.7100000000000001,5,N,18664
0.51,4.9,0.81,1,N,18665
0.51,4.9,0.81,2,N,18666
0.51,4.9,0.81,3,N,18667
0.51,4.9,0.81,4,N,18668
0.51,4.9,0.81,5,N,18669
0.51,4.9,0.91,1,N,18670
0.51,4.9,0.91,2,N,18671
0.51,4.9,0.91,3,N,18672
0.51,4.9,0.91,4,N,18673
0.51,4.9,0.91,5,N,18674
0.51,4.9,1.01,1,N,18675
0.51,4.9,1.01,2,N,18676
0.51,4.9,1.01,3,N,18677
0.51,4.9,1.01,4,N,18678
0.51,4.9,1.01,5,N,18679
0.51,4.9,1.11,1,N,18680
0.51,4.9,1.11,2,N,18681
0.51,4.9,1.11,3,N,18682
0.51,4.9,1.11,4,N,18683
0.51,4.9,1.11,5,N,18684
0.51,4.9,1.3,1,N,18685
0.51,4.9,1.3,2,N,18686
0.51,4.9,1.3,3,N,18687
0.51,4.9,1.3,4,N,18688
0.51,4.9,1.3,5,N,18689
0.51,4.9,1.6,1,N,18690
0.51,4.9,1.6,2,N,18691
0.51,4.9,1.6,3,N,18692
0.51,4.9,1.6,4,N,18693
0.51,4.9,1.6,5,N,18694
0.51,4.9,1.9,1,N,18695
0.51,4.9,1.9,2,N,18696
0.51,4.9,1.9,3,N,18697
0.51,4.9,1.9,4,N,18698
0.51,4.9,1.9,5,N,18699
0.51,4.9,2.2,1,N,18700
0.51,4.9,2.2,2,N,18701
0.51,4.9,2.2,3,N,18702
0.51,4.9,2.2,4,N,18703
0.51,4.9,2.2,5,N,18704
0.51,4.9,2.5,1,N,18705
0.51,4.9,2.5,2,N,18706
0.51,4.9,2.5,3,N,18707
0.51,4.9,2.5,4,N,18708
0.51,4.9,2.5,5,N,18709
0.51,4.9,2.8000000000000003,1,N,18710
0.51,4.9,2.8000000000000003,2,N,18711
0.51,4.9,2.8000000000000003,3,N,18712
0.51,4.9,2.8000000000000003,4,N,18713
0.51,4.9,2.8000000000000003,5,N,18714
0.51,4.9,3.1000000000000005,1,N,18715
0.51,4.9,3.1000000000000005,2,N,18716
0.51,4.9,3.1000000000000005,3,N,18717
0.51,4.9,3.1000000000000005,4,N,18718
0.51,4.9,3.1000000000000005,5,N,18719
0.51,4.9,3.4000000000000004,1,N,18720
0.51,4.9,3.4000000000000004,2,N,18721
0.51,4.9,3.4000000000000004,3,N,18722
0.51,4.9,3.4000000000000004,4,N,18723
0.51,4.9,3.4000000000000004,5,N,18724
0.51,4.9,3.7,1,N,18725
0.51,4.9,3.7,2,N,18726
0.51,4.9,3.7,3,N,18727
0.51,4.9,3.7,4,N,18728
0.51,4.9,3.7,5,N,18729
0.51,4.9,4.0,1,N,18730
0.51,4.9,4.0,2,N,18731
0.51,4.9,4.0,3,N,18732
0.51,4.9,4.0,4,N,18733
0.51,4.9,4.0,5,N,18734
0.51,4.9,4.300000000000002,1,N,18735
0.51,4.9,4.300000000000002,2,N,18736
0.51,4.9,4.300000000000002,3,N,18737
0.51,4.9,4.300000000000002,4,N,18738
0.51,4.9,4.300000000000002,5,N,18739
0.51,4.9,4.6000000000000005,1,N,18740
0.51,4.9,4.6000000000000005,2,N,18741
0.51,4.9,4.6000000000000005,3,N,18742
0.51,4.9,4.6000000000000005,4,N,18743
0.51,4.9,4.6000000000000005,5,N,18744
0.51,4.9,4.9,1,N,18745
0.51,4.9,4.9,2,N,18746
0.51,4.9,4.9,3,N,18747
0.51,4.9,4.9,4,N,18748
0.51,4.9,4.9,5,N,18749
0.6100000000000001,0.01,0.01,1,N,18750
0.6100000000000001,0.01,0.01,2,N,18751
0.6100000000000001,0.01,0.01,3,N,18752
0.6100000000000001,0.01,0.01,4,N,18753
0.6100000000000001,0.01,0.01,5,N,18754
0.6100000000000001,0.01,0.11,1,N,18755
0.6100000000000001,0.01,0.11,2,N,18756
0.6100000000000001,0.01,0.11,3,N,18757
0.6100000000000001,0.01,0.11,4,N,18758
0.6100000000000001,0.01,0.11,5,N,18759
0.6100000000000001,0.01,0.21,1,N,18760
0.6100000000000001,0.01,0.21,2,N,18761
0.6100000000000001,0.01,0.21,3,N,18762
0.6100000000000001,0.01,0.21,4,N,18763
0.6100000000000001,0.01,0.21,5,N,18764
0.6100000000000001,0.01,0.31000000000000005,1,N,18765
0.6100000000000001,0.01,0.31000000000000005,2,N,18766
0.6100000000000001,0.01,0.31000000000000005,3,N,18767
0.6100000000000001,0.01,0.31000000000000005,4,N,18768
0.6100000000000001,0.01,0.31000000000000005,5,N,18769
0.6100000000000001,0.01,0.41,1,N,18770
0.6100000000000001,0.01,0.41,2,N,18771
0.6100000000000001,0.01,0.41,3,N,18772
0.6100000000000001,0.01,0.41,4,N,18773
0.6100000000000001,0.01,0.41,5,N,18774
0.6100000000000001,0.01,0.51,1,N,18775
0.6100000000000001,0.01,0.51,2,N,18776
0.6100000000000001,0.01,0.51,3,N,18777
0.6100000000000001,0.01,0.51,4,N,18778
0.6100000000000001,0.01,0.51,5,N,18779
0.6100000000000001,0.01,0.6100000000000001,1,N,18780
0.6100000000000001,0.01,0.6100000000000001,2,N,18781
0.6100000000000001,0.01,0.6100000000000001,3,N,18782
0.6100000000000001,0.01,0.6100000000000001,4,N,18783
0.6100000000000001,0.01,0.6100000000000001,5,N,18784
0.6100000000000001,0.01,0.7100000000000001,1,N,18785
0.6100000000000001,0.01,0.7100000000000001,2,N,18786
0.6100000000000001,0.01,0.7100000000000001,3,N,18787
0.6100000000000001,0.01,0.7100000000000001,4,N,18788
0.6100000000000001,0.01,0.7100000000000001,5,N,18789
0.6100000000000001,0.01,0.81,1,N,18790
0.6100000000000001,0.01,0.81,2,N,18791
0.6100000000000001,0.01,0.81,3,N,18792
0.6100000000000001,0.01,0.81,4,N,18793
0.6100000000000001,0.01,0.81,5,N,18794
0.6100000000000001,0.01,0.91,1,N,18795
0.6100000000000001,0.01,0.91,2,N,18796
0.6100000000000001,0.01,0.91,3,N,18797
0.6100000000000001,0.01,0.91,4,N,18798
0.6100000000000001,0.01,0.91,5,N,18799
0.6100000000000001,0.01,1.01,1,N,18800
0.6100000000000001,0.01,1.01,2,N,18801
0.6100000000000001,0.01,1.01,3,N,18802
0.6100000000000001,0.01,1.01,4,N,18803
0.6100000000000001,0.01,1.01,5,N,18804
0.6100000000000001,0.01,1.11,1,N,18805
0.6100000000000001,0.01,1.11,2,N,18806
0.6100000000000001,0.01,1.11,3,N,18807
0.6100000000000001,0.01,1.11,4,N,18808
0.6100000000000001,0.01,1.11,5,N,18809
0.6100000000000001,0.01,1.3,1,N,18810
0.6100000000000001,0.01,1.3,2,N,18811
0.6100000000000001,0.01,1.3,3,N,18812
0.6100000000000001,0.01,1.3,4,N,18813
0.6100000000000001,0.01,1.3,5,N,18814
0.6100000000000001,0.01,1.6,1,N,18815
0.6100000000000001,0.01,1.6,2,N,18816
0.6100000000000001,0.01,1.6,3,N,18817
0.6100000000000001,0.01,1.6,4,N,18818
0.6100000000000001,0.01,1.6,5,N,18819
0.6100000000000001,0.01,1.9,1,N,18820
0.6100000000000001,0.01,1.9,2,N,18821
0.6100000000000001,0.01,1.9,3,N,18822
0.6100000000000001,0.01,1.9,4,N,18823
0.6100000000000001,0.01,1.9,5,N,18824
0.6100000000000001,0.01,2.2,1,N,18825
0.6100000000000001,0.01,2.2,2,N,18826
0.6100000000000001,0.01,2.2,3,N,18827
0.6100000000000001,0.01,2.2,4,N,18828
0.6100000000000001,0.01,2.2,5,N,18829
0.6100000000000001,0.01,2.5,1,N,18830
0.6100000000000001,0.01,2.5,2,N,18831
0.6100000000000001,0.01,2.5,3,N,18832
0.6100000000000001,0.01,2.5,4,N,18833
0.6100000000000001,0.01,2.5,5,N,18834
0.6100000000000001,0.01,2.8000000000000003,1,N,18835
0.6100000000000001,0.01,2.8000000000000003,2,N,18836
0.6100000000000001,0.01,2.8000000000000003,3,N,18837
0.6100000000000001,0.01,2.8000000000000003,4,N,18838
0.6100000000000001,0.01,2.8000000000000003,5,N,18839
0.6100000000000001,0.01,3.1000000000000005,1,N,18840
0.6100000000000001,0.01,3.1000000000000005,2,N,18841
0.6100000000000001,0.01,3.1000000000000005,3,N,18842
0.6100000000000001,0.01,3.1000000000000005,4,N,18843
0.6100000000000001,0.01,3.1000000000000005,5,N,18844
0.6100000000000001,0.01,3.4000000000000004,1,N,18845
0.6100000000000001,0.01,3.4000000000000004,2,N,18846
0.6100000000000001,0.01,3.4000000000000004,3,N,18847
0.6100000000000001,0.01,3.4000000000000004,4,N,18848
0.6100000000000001,0.01,3.4000000000000004,5,N,18849
0.6100000000000001,0.01,3.7,1,N,18850
0.6100000000000001,0.01,3.7,2,N,18851
0.6100000000000001,0.01,3.7,3,N,18852
0.6100000000000001,0.01,3.7,4,N,18853
0.6100000000000001,0.01,3.7,5,N,18854
0.6100000000000001,0.01,4.0,1,N,18855
0.6100000000000001,0.01,4.0,2,N,18856
0.6100000000000001,0.01,4.0,3,N,18857
0.6100000000000001,0.01,4.0,4,N,18858
0.6100000000000001,0.01,4.0,5,N,18859
0.6100000000000001,0.01,4.300000000000002,1,N,18860
0.6100000000000001,0.01,4.300000000000002,2,N,18861
0.6100000000000001,0.01,4.300000000000002,3,N,18862
0.6100000000000001,0.01,4.300000000000002,4,N,18863
0.6100000000000001,0.01,4.300000000000002,5,N,18864
0.6100000000000001,0.01,4.6000000000000005,1,N,18865
0.6100000000000001,0.01,4.6000000000000005,2,N,18866
0.6100000000000001,0.01,4.6000000000000005,3,N,18867
0.6100000000000001,0.01,4.6000000000000005,4,N,18868
0.6100000000000001,0.01,4.6000000000000005,5,N,18869
0.6100000000000001,0.01,4.9,1,N,18870
0.6100000000000001,0.01,4.9,2,N,18871
0.6100000000000001,0.01,4.9,3,N,18872
0.6100000000000001,0.01,4.9,4,N,18873
0.6100000000000001,0.01,4.9,5,N,18874
0.6100000000000001,0.11,0.01,1,N,18875
0.6100000000000001,0.11,0.01,2,N,18876
0.6100000000000001,0.11,0.01,3,N,18877
0.6100000000000001,0.11,0.01,4,N,18878
0.6100000000000001,0.11,0.01,5,N,18879
0.6100000000000001,0.11,0.11,1,N,18880
0.6100000000000001,0.11,0.11,2,N,18881
0.6100000000000001,0.11,0.11,3,N,18882
0.6100000000000001,0.11,0.11,4,N,18883
0.6100000000000001,0.11,0.11,5,N,18884
0.6100000000000001,0.11,0.21,1,N,18885
0.6100000000000001,0.11,0.21,2,N,18886
0.6100000000000001,0.11,0.21,3,N,18887
0.6100000000000001,0.11,0.21,4,N,18888
0.6100000000000001,0.11,0.21,5,N,18889
0.6100000000000001,0.11,0.31000000000000005,1,N,18890
0.6100000000000001,0.11,0.31000000000000005,2,N,18891
0.6100000000000001,0.11,0.31000000000000005,3,N,18892
0.6100000000000001,0.11,0.31000000000000005,4,N,18893
0.6100000000000001,0.11,0.31000000000000005,5,N,18894
0.6100000000000001,0.11,0.41,1,N,18895
0.6100000000000001,0.11,0.41,2,N,18896
0.6100000000000001,0.11,0.41,3,N,18897
0.6100000000000001,0.11,0.41,4,N,18898
0.6100000000000001,0.11,0.41,5,N,18899
0.6100000000000001,0.11,0.51,1,N,18900
0.6100000000000001,0.11,0.51,2,N,18901
0.6100000000000001,0.11,0.51,3,N,18902
0.6100000000000001,0.11,0.51,4,N,18903
0.6100000000000001,0.11,0.51,5,N,18904
0.6100000000000001,0.11,0.6100000000000001,1,N,18905
0.6100000000000001,0.11,0.6100000000000001,2,N,18906
0.6100000000000001,0.11,0.6100000000000001,3,N,18907
0.6100000000000001,0.11,0.6100000000000001,4,N,18908
0.6100000000000001,0.11,0.6100000000000001,5,N,18909
0.6100000000000001,0.11,0.7100000000000001,1,N,18910
0.6100000000000001,0.11,0.7100000000000001,2,N,18911
0.6100000000000001,0.11,0.7100000000000001,3,N,18912
0.6100000000000001,0.11,0.7100000000000001,4,N,18913
0.6100000000000001,0.11,0.7100000000000001,5,N,18914
0.6100000000000001,0.11,0.81,1,N,18915
0.6100000000000001,0.11,0.81,2,N,18916
0.6100000000000001,0.11,0.81,3,N,18917
0.6100000000000001,0.11,0.81,4,N,18918
0.6100000000000001,0.11,0.81,5,N,18919
0.6100000000000001,0.11,0.91,1,N,18920
0.6100000000000001,0.11,0.91,2,N,18921
0.6100000000000001,0.11,0.91,3,N,18922
0.6100000000000001,0.11,0.91,4,N,18923
0.6100000000000001,0.11,0.91,5,N,18924
0.6100000000000001,0.11,1.01,1,N,18925
0.6100000000000001,0.11,1.01,2,N,18926
0.6100000000000001,0.11,1.01,3,N,18927
0.6100000000000001,0.11,1.01,4,N,18928
0.6100000000000001,0.11,1.01,5,N,18929
0.6100000000000001,0.11,1.11,1,N,18930
0.6100000000000001,0.11,1.11,2,N,18931
0.6100000000000001,0.11,1.11,3,N,18932
0.6100000000000001,0.11,1.11,4,N,18933
0.6100000000000001,0.11,1.11,5,N,18934
0.6100000000000001,0.11,1.3,1,N,18935
0.6100000000000001,0.11,1.3,2,N,18936
0.6100000000000001,0.11,1.3,3,N,18937
0.6100000000000001,0.11,1.3,4,N,18938
0.6100000000000001,0.11,1.3,5,N,18939
0.6100000000000001,0.11,1.6,1,N,18940
0.6100000000000001,0.11,1.6,2,N,18941
0.6100000000000001,0.11,1.6,3,N,18942
0.6100000000000001,0.11,1.6,4,N,18943
0.6100000000000001,0.11,1.6,5,N,18944
0.6100000000000001,0.11,1.9,1,N,18945
0.6100000000000001,0.11,1.9,2,N,18946
0.6100000000000001,0.11,1.9,3,N,18947
0.6100000000000001,0.11,1.9,4,N,18948
0.6100000000000001,0.11,1.9,5,N,18949
0.6100000000000001,0.11,2.2,1,N,18950
0.6100000000000001,0.11,2.2,2,N,18951
0.6100000000000001,0.11,2.2,3,N,18952
0.6100000000000001,0.11,2.2,4,N,18953
0.6100000000000001,0.11,2.2,5,N,18954
0.6100000000000001,0.11,2.5,1,N,18955
0.6100000000000001,0.11,2.5,2,N,18956
0.6100000000000001,0.11,2.5,3,N,18957
0.6100000000000001,0.11,2.5,4,N,18958
0.6100000000000001,0.11,2.5,5,N,18959
0.6100000000000001,0.11,2.8000000000000003,1,N,18960
0.6100000000000001,0.11,2.8000000000000003,2,N,18961
0.6100000000000001,0.11,2.8000000000000003,3,N,18962
0.6100000000000001,0.11,2.8000000000000003,4,N,18963
0.6100000000000001,0.11,2.8000000000000003,5,N,18964
0.6100000000000001,0.11,3.1000000000000005,1,N,18965
0.6100000000000001,0.11,3.1000000000000005,2,N,18966
0.6100000000000001,0.11,3.1000000000000005,3,N,18967
0.6100000000000001,0.11,3.1000000000000005,4,N,18968
0.6100000000000001,0.11,3.1000000000000005,5,N,18969
0.6100000000000001,0.11,3.4000000000000004,1,N,18970
0.6100000000000001,0.11,3.4000000000000004,2,N,18971
0.6100000000000001,0.11,3.4000000000000004,3,N,18972
0.6100000000000001,0.11,3.4000000000000004,4,N,18973
0.6100000000000001,0.11,3.4000000000000004,5,N,18974
0.6100000000000001,0.11,3.7,1,N,18975
0.6100000000000001,0.11,3.7,2,N,18976
0.6100000000000001,0.11,3.7,3,N,18977
0.6100000000000001,0.11,3.7,4,N,18978
0.6100000000000001,0.11,3.7,5,N,18979
0.6100000000000001,0.11,4.0,1,N,18980
0.6100000000000001,0.11,4.0,2,N,18981
0.6100000000000001,0.11,4.0,3,N,18982
0.6100000000000001,0.11,4.0,4,N,18983
0.6100000000000001,0.11,4.0,5,N,18984
0.6100000000000001,0.11,4.300000000000002,1,N,18985
0.6100000000000001,0.11,4.300000000000002,2,N,18986
0.6100000000000001,0.11,4.300000000000002,3,N,18987
0.6100000000000001,0.11,4.300000000000002,4,N,18988
0.6100000000000001,0.11,4.300000000000002,5,N,18989
0.6100000000000001,0.11,4.6000000000000005,1,N,18990
0.6100000000000001,0.11,4.6000000000000005,2,N,18991
0.6100000000000001,0.11,4.6000000000000005,3,N,18992
0.6100000000000001,0.11,4.6000000000000005,4,N,18993
0.6100000000000001,0.11,4.6000000000000005,5,N,18994
0.6100000000000001,0.11,4.9,1,N,18995
0.6100000000000001,0.11,4.9,2,N,18996
0.6100000000000001,0.11,4.9,3,N,18997
0.6100000000000001,0.11,4.9,4,N,18998
0.6100000000000001,0.11,4.9,5,N,18999
0.6100000000000001,0.21,0.01,1,N,19000
0.6100000000000001,0.21,0.01,2,N,19001
0.6100000000000001,0.21,0.01,3,N,19002
0.6100000000000001,0.21,0.01,4,N,19003
0.6100000000000001,0.21,0.01,5,N,19004
0.6100000000000001,0.21,0.11,1,N,19005
0.6100000000000001,0.21,0.11,2,N,19006
0.6100000000000001,0.21,0.11,3,N,19007
0.6100000000000001,0.21,0.11,4,N,19008
0.6100000000000001,0.21,0.11,5,N,19009
0.6100000000000001,0.21,0.21,1,N,19010
0.6100000000000001,0.21,0.21,2,N,19011
0.6100000000000001,0.21,0.21,3,N,19012
0.6100000000000001,0.21,0.21,4,N,19013
0.6100000000000001,0.21,0.21,5,N,19014
0.6100000000000001,0.21,0.31000000000000005,1,N,19015
0.6100000000000001,0.21,0.31000000000000005,2,N,19016
0.6100000000000001,0.21,0.31000000000000005,3,N,19017
0.6100000000000001,0.21,0.31000000000000005,4,N,19018
0.6100000000000001,0.21,0.31000000000000005,5,N,19019
0.6100000000000001,0.21,0.41,1,N,19020
0.6100000000000001,0.21,0.41,2,N,19021
0.6100000000000001,0.21,0.41,3,N,19022
0.6100000000000001,0.21,0.41,4,N,19023
0.6100000000000001,0.21,0.41,5,N,19024
0.6100000000000001,0.21,0.51,1,N,19025
0.6100000000000001,0.21,0.51,2,N,19026
0.6100000000000001,0.21,0.51,3,N,19027
0.6100000000000001,0.21,0.51,4,N,19028
0.6100000000000001,0.21,0.51,5,N,19029
0.6100000000000001,0.21,0.6100000000000001,1,N,19030
0.6100000000000001,0.21,0.6100000000000001,2,N,19031
0.6100000000000001,0.21,0.6100000000000001,3,N,19032
0.6100000000000001,0.21,0.6100000000000001,4,N,19033
0.6100000000000001,0.21,0.6100000000000001,5,N,19034
0.6100000000000001,0.21,0.7100000000000001,1,N,19035
0.6100000000000001,0.21,0.7100000000000001,2,N,19036
0.6100000000000001,0.21,0.7100000000000001,3,N,19037
0.6100000000000001,0.21,0.7100000000000001,4,N,19038
0.6100000000000001,0.21,0.7100000000000001,5,N,19039
0.6100000000000001,0.21,0.81,1,N,19040
0.6100000000000001,0.21,0.81,2,N,19041
0.6100000000000001,0.21,0.81,3,N,19042
0.6100000000000001,0.21,0.81,4,N,19043
0.6100000000000001,0.21,0.81,5,N,19044
0.6100000000000001,0.21,0.91,1,N,19045
0.6100000000000001,0.21,0.91,2,N,19046
0.6100000000000001,0.21,0.91,3,N,19047
0.6100000000000001,0.21,0.91,4,N,19048
0.6100000000000001,0.21,0.91,5,N,19049
0.6100000000000001,0.21,1.01,1,N,19050
0.6100000000000001,0.21,1.01,2,N,19051
0.6100000000000001,0.21,1.01,3,N,19052
0.6100000000000001,0.21,1.01,4,N,19053
0.6100000000000001,0.21,1.01,5,N,19054
0.6100000000000001,0.21,1.11,1,N,19055
0.6100000000000001,0.21,1.11,2,N,19056
0.6100000000000001,0.21,1.11,3,N,19057
0.6100000000000001,0.21,1.11,4,N,19058
0.6100000000000001,0.21,1.11,5,N,19059
0.6100000000000001,0.21,1.3,1,N,19060
0.6100000000000001,0.21,1.3,2,N,19061
0.6100000000000001,0.21,1.3,3,N,19062
0.6100000000000001,0.21,1.3,4,N,19063
0.6100000000000001,0.21,1.3,5,N,19064
0.6100000000000001,0.21,1.6,1,N,19065
0.6100000000000001,0.21,1.6,2,N,19066
0.6100000000000001,0.21,1.6,3,N,19067
0.6100000000000001,0.21,1.6,4,N,19068
0.6100000000000001,0.21,1.6,5,N,19069
0.6100000000000001,0.21,1.9,1,N,19070
0.6100000000000001,0.21,1.9,2,N,19071
0.6100000000000001,0.21,1.9,3,N,19072
0.6100000000000001,0.21,1.9,4,N,19073
0.6100000000000001,0.21,1.9,5,N,19074
0.6100000000000001,0.21,2.2,1,N,19075
0.6100000000000001,0.21,2.2,2,N,19076
0.6100000000000001,0.21,2.2,3,N,19077
0.6100000000000001,0.21,2.2,4,N,19078
0.6100000000000001,0.21,2.2,5,N,19079
0.6100000000000001,0.21,2.5,1,N,19080
0.6100000000000001,0.21,2.5,2,N,19081
0.6100000000000001,0.21,2.5,3,N,19082
0.6100000000000001,0.21,2.5,4,N,19083
0.6100000000000001,0.21,2.5,5,N,19084
0.6100000000000001,0.21,2.8000000000000003,1,N,19085
0.6100000000000001,0.21,2.8000000000000003,2,N,19086
0.6100000000000001,0.21,2.8000000000000003,3,N,19087
0.6100000000000001,0.21,2.8000000000000003,4,N,19088
0.6100000000000001,0.21,2.8000000000000003,5,N,19089
0.6100000000000001,0.21,3.1000000000000005,1,N,19090
0.6100000000000001,0.21,3.1000000000000005,2,N,19091
0.6100000000000001,0.21,3.1000000000000005,3,N,19092
0.6100000000000001,0.21,3.1000000000000005,4,N,19093
0.6100000000000001,0.21,3.1000000000000005,5,N,19094
0.6100000000000001,0.21,3.4000000000000004,1,N,19095
0.6100000000000001,0.21,3.4000000000000004,2,N,19096
0.6100000000000001,0.21,3.4000000000000004,3,N,19097
0.6100000000000001,0.21,3.4000000000000004,4,N,19098
0.6100000000000001,0.21,3.4000000000000004,5,N,19099
0.6100000000000001,0.21,3.7,1,N,19100
0.6100000000000001,0.21,3.7,2,N,19101
0.6100000000000001,0.21,3.7,3,N,19102
0.6100000000000001,0.21,3.7,4,N,19103
0.6100000000000001,0.21,3.7,5,N,19104
0.6100000000000001,0.21,4.0,1,N,19105
0.6100000000000001,0.21,4.0,2,N,19106
0.6100000000000001,0.21,4.0,3,N,19107
0.6100000000000001,0.21,4.0,4,N,19108
0.6100000000000001,0.21,4.0,5,N,19109
0.6100000000000001,0.21,4.300000000000002,1,N,19110
0.6100000000000001,0.21,4.300000000000002,2,N,19111
0.6100000000000001,0.21,4.300000000000002,3,N,19112
0.6100000000000001,0.21,4.300000000000002,4,N,19113
0.6100000000000001,0.21,4.300000000000002,5,N,19114
0.6100000000000001,0.21,4.6000000000000005,1,N,19115
0.6100000000000001,0.21,4.6000000000000005,2,N,19116
0.6100000000000001,0.21,4.6000000000000005,3,N,19117
0.6100000000000001,0.21,4.6000000000000005,4,N,19118
0.6100000000000001,0.21,4.6000000000000005,5,N,19119
0.6100000000000001,0.21,4.9,1,N,19120
0.6100000000000001,0.21,4.9,2,N,19121
0.6100000000000001,0.21,4.9,3,N,19122
0.6100000000000001,0.21,4.9,4,N,19123
0.6100000000000001,0.21,4.9,5,N,19124
0.6100000000000001,0.31000000000000005,0.01,1,N,19125
0.6100000000000001,0.31000000000000005,0.01,2,N,19126
0.6100000000000001,0.31000000000000005,0.01,3,N,19127
0.6100000000000001,0.31000000000000005,0.01,4,N,19128
0.6100000000000001,0.31000000000000005,0.01,5,N,19129
0.6100000000000001,0.31000000000000005,0.11,1,N,19130
0.6100000000000001,0.31000000000000005,0.11,2,N,19131
0.6100000000000001,0.31000000000000005,0.11,3,N,19132
0.6100000000000001,0.31000000000000005,0.11,4,N,19133
0.6100000000000001,0.31000000000000005,0.11,5,N,19134
0.6100000000000001,0.31000000000000005,0.21,1,N,19135
0.6100000000000001,0.31000000000000005,0.21,2,N,19136
0.6100000000000001,0.31000000000000005,0.21,3,N,19137
0.6100000000000001,0.31000000000000005,0.21,4,N,19138
0.6100000000000001,0.31000000000000005,0.21,5,N,19139
0.6100000000000001,0.31000000000000005,0.31000000000000005,1,N,19140
0.6100000000000001,0.31000000000000005,0.31000000000000005,2,N,19141
0.6100000000000001,0.31000000000000005,0.31000000000000005,3,N,19142
0.6100000000000001,0.31000000000000005,0.31000000000000005,4,N,19143
0.6100000000000001,0.31000000000000005,0.31000000000000005,5,N,19144
0.6100000000000001,0.31000000000000005,0.41,1,N,19145
0.6100000000000001,0.31000000000000005,0.41,2,N,19146
0.6100000000000001,0.31000000000000005,0.41,3,N,19147
0.6100000000000001,0.31000000000000005,0.41,4,N,19148
0.6100000000000001,0.31000000000000005,0.41,5,N,19149
0.6100000000000001,0.31000000000000005,0.51,1,N,19150
0.6100000000000001,0.31000000000000005,0.51,2,N,19151
0.6100000000000001,0.31000000000000005,0.51,3,N,19152
0.6100000000000001,0.31000000000000005,0.51,4,N,19153
0.6100000000000001,0.31000000000000005,0.51,5,N,19154
0.6100000000000001,0.31000000000000005,0.6100000000000001,1,N,19155
0.6100000000000001,0.31000000000000005,0.6100000000000001,2,N,19156
0.6100000000000001,0.31000000000000005,0.6100000000000001,3,N,19157
0.6100000000000001,0.31000000000000005,0.6100000000000001,4,N,19158
0.6100000000000001,0.31000000000000005,0.6100000000000001,5,N,19159
0.6100000000000001,0.31000000000000005,0.7100000000000001,1,N,19160
0.6100000000000001,0.31000000000000005,0.7100000000000001,2,N,19161
0.6100000000000001,0.31000000000000005,0.7100000000000001,3,N,19162
0.6100000000000001,0.31000000000000005,0.7100000000000001,4,N,19163
0.6100000000000001,0.31000000000000005,0.7100000000000001,5,N,19164
0.6100000000000001,0.31000000000000005,0.81,1,N,19165
0.6100000000000001,0.31000000000000005,0.81,2,N,19166
0.6100000000000001,0.31000000000000005,0.81,3,N,19167
0.6100000000000001,0.31000000000000005,0.81,4,N,19168
0.6100000000000001,0.31000000000000005,0.81,5,N,19169
0.6100000000000001,0.31000000000000005,0.91,1,N,19170
0.6100000000000001,0.31000000000000005,0.91,2,N,19171
0.6100000000000001,0.31000000000000005,0.91,3,N,19172
0.6100000000000001,0.31000000000000005,0.91,4,N,19173
0.6100000000000001,0.31000000000000005,0.91,5,N,19174
0.6100000000000001,0.31000000000000005,1.01,1,N,19175
0.6100000000000001,0.31000000000000005,1.01,2,N,19176
0.6100000000000001,0.31000000000000005,1.01,3,N,19177
0.6100000000000001,0.31000000000000005,1.01,4,N,19178
0.6100000000000001,0.31000000000000005,1.01,5,N,19179
0.6100000000000001,0.31000000000000005,1.11,1,N,19180
0.6100000000000001,0.31000000000000005,1.11,2,N,19181
0.6100000000000001,0.31000000000000005,1.11,3,N,19182
0.6100000000000001,0.31000000000000005,1.11,4,N,19183
0.6100000000000001,0.31000000000000005,1.11,5,N,19184
0.6100000000000001,0.31000000000000005,1.3,1,N,19185
0.6100000000000001,0.31000000000000005,1.3,2,N,19186
0.6100000000000001,0.31000000000000005,1.3,3,N,19187
0.6100000000000001,0.31000000000000005,1.3,4,N,19188
0.6100000000000001,0.31000000000000005,1.3,5,N,19189
0.6100000000000001,0.31000000000000005,1.6,1,N,19190
0.6100000000000001,0.31000000000000005,1.6,2,N,19191
0.6100000000000001,0.31000000000000005,1.6,3,N,19192
0.6100000000000001,0.31000000000000005,1.6,4,N,19193
0.6100000000000001,0.31000000000000005,1.6,5,N,19194
0.6100000000000001,0.31000000000000005,1.9,1,N,19195
0.6100000000000001,0.31000000000000005,1.9,2,N,19196
0.6100000000000001,0.31000000000000005,1.9,3,N,19197
0.6100000000000001,0.31000000000000005,1.9,4,N,19198
0.6100000000000001,0.31000000000000005,1.9,5,N,19199
0.6100000000000001,0.31000000000000005,2.2,1,N,19200
0.6100000000000001,0.31000000000000005,2.2,2,N,19201
0.6100000000000001,0.31000000000000005,2.2,3,N,19202
0.6100000000000001,0.31000000000000005,2.2,4,N,19203
0.6100000000000001,0.31000000000000005,2.2,5,N,19204
0.6100000000000001,0.31000000000000005,2.5,1,N,19205
0.6100000000000001,0.31000000000000005,2.5,2,N,19206
0.6100000000000001,0.31000000000000005,2.5,3,N,19207
0.6100000000000001,0.31000000000000005,2.5,4,N,19208
0.6100000000000001,0.31000000000000005,2.5,5,N,19209
0.6100000000000001,0.31000000000000005,2.8000000000000003,1,N,19210
0.6100000000000001,0.31000000000000005,2.8000000000000003,2,N,19211
0.6100000000000001,0.31000000000000005,2.8000000000000003,3,N,19212
0.6100000000000001,0.31000000000000005,2.8000000000000003,4,N,19213
0.6100000000000001,0.31000000000000005,2.8000000000000003,5,N,19214
0.6100000000000001,0.31000000000000005,3.1000000000000005,1,N,19215
0.6100000000000001,0.31000000000000005,3.1000000000000005,2,N,19216
0.6100000000000001,0.31000000000000005,3.1000000000000005,3,N,19217
0.6100000000000001,0.31000000000000005,3.1000000000000005,4,N,19218
0.6100000000000001,0.31000000000000005,3.1000000000000005,5,N,19219
0.6100000000000001,0.31000000000000005,3.4000000000000004,1,N,19220
0.6100000000000001,0.31000000000000005,3.4000000000000004,2,N,19221
0.6100000000000001,0.31000000000000005,3.4000000000000004,3,N,19222
0.6100000000000001,0.31000000000000005,3.4000000000000004,4,N,19223
0.6100000000000001,0.31000000000000005,3.4000000000000004,5,N,19224
0.6100000000000001,0.31000000000000005,3.7,1,N,19225
0.6100000000000001,0.31000000000000005,3.7,2,N,19226
0.6100000000000001,0.31000000000000005,3.7,3,N,19227
0.6100000000000001,0.31000000000000005,3.7,4,N,19228
0.6100000000000001,0.31000000000000005,3.7,5,N,19229
0.6100000000000001,0.31000000000000005,4.0,1,N,19230
0.6100000000000001,0.31000000000000005,4.0,2,N,19231
0.6100000000000001,0.31000000000000005,4.0,3,N,19232
0.6100000000000001,0.31000000000000005,4.0,4,N,19233
0.6100000000000001,0.31000000000000005,4.0,5,N,19234
0.6100000000000001,0.31000000000000005,4.300000000000002,1,N,19235
0.6100000000000001,0.31000000000000005,4.300000000000002,2,N,19236
0.6100000000000001,0.31000000000000005,4.300000000000002,3,N,19237
0.6100000000000001,0.31000000000000005,4.300000000000002,4,N,19238
0.6100000000000001,0.31000000000000005,4.300000000000002,5,N,19239
0.6100000000000001,0.31000000000000005,4.6000000000000005,1,N,19240
0.6100000000000001,0.31000000000000005,4.6000000000000005,2,N,19241
0.6100000000000001,0.31000000000000005,4.6000000000000005,3,N,19242
0.6100000000000001,0.31000000000000005,4.6000000000000005,4,N,19243
0.6100000000000001,0.31000000000000005,4.6000000000000005,5,N,19244
0.6100000000000001,0.31000000000000005,4.9,1,N,19245
0.6100000000000001,0.31000000000000005,4.9,2,N,19246
0.6100000000000001,0.31000000000000005,4.9,3,N,19247
0.6100000000000001,0.31000000000000005,4.9,4,N,19248
0.6100000000000001,0.31000000000000005,4.9,5,N,19249
0.6100000000000001,0.41,0.01,1,N,19250
0.6100000000000001,0.41,0.01,2,N,19251
0.6100000000000001,0.41,0.01,3,N,19252
0.6100000000000001,0.41,0.01,4,N,19253
0.6100000000000001,0.41,0.01,5,N,19254
0.6100000000000001,0.41,0.11,1,N,19255
0.6100000000000001,0.41,0.11,2,N,19256
0.6100000000000001,0.41,0.11,3,N,19257
0.6100000000000001,0.41,0.11,4,N,19258
0.6100000000000001,0.41,0.11,5,N,19259
0.6100000000000001,0.41,0.21,1,N,19260
0.6100000000000001,0.41,0.21,2,N,19261
0.6100000000000001,0.41,0.21,3,N,19262
0.6100000000000001,0.41,0.21,4,N,19263
0.6100000000000001,0.41,0.21,5,N,19264
0.6100000000000001,0.41,0.31000000000000005,1,N,19265
0.6100000000000001,0.41,0.31000000000000005,2,N,19266
0.6100000000000001,0.41,0.31000000000000005,3,N,19267
0.6100000000000001,0.41,0.31000000000000005,4,N,19268
0.6100000000000001,0.41,0.31000000000000005,5,N,19269
0.6100000000000001,0.41,0.41,1,N,19270
0.6100000000000001,0.41,0.41,2,N,19271
0.6100000000000001,0.41,0.41,3,N,19272
0.6100000000000001,0.41,0.41,4,N,19273
0.6100000000000001,0.41,0.41,5,N,19274
0.6100000000000001,0.41,0.51,1,N,19275
0.6100000000000001,0.41,0.51,2,N,19276
0.6100000000000001,0.41,0.51,3,N,19277
0.6100000000000001,0.41,0.51,4,N,19278
0.6100000000000001,0.41,0.51,5,N,19279
0.6100000000000001,0.41,0.6100000000000001,1,N,19280
0.6100000000000001,0.41,0.6100000000000001,2,N,19281
0.6100000000000001,0.41,0.6100000000000001,3,N,19282
0.6100000000000001,0.41,0.6100000000000001,4,N,19283
0.6100000000000001,0.41,0.6100000000000001,5,N,19284
0.6100000000000001,0.41,0.7100000000000001,1,N,19285
0.6100000000000001,0.41,0.7100000000000001,2,N,19286
0.6100000000000001,0.41,0.7100000000000001,3,N,19287
0.6100000000000001,0.41,0.7100000000000001,4,N,19288
0.6100000000000001,0.41,0.7100000000000001,5,N,19289
0.6100000000000001,0.41,0.81,1,N,19290
0.6100000000000001,0.41,0.81,2,N,19291
0.6100000000000001,0.41,0.81,3,N,19292
0.6100000000000001,0.41,0.81,4,N,19293
0.6100000000000001,0.41,0.81,5,N,19294
0.6100000000000001,0.41,0.91,1,N,19295
0.6100000000000001,0.41,0.91,2,N,19296
0.6100000000000001,0.41,0.91,3,N,19297
0.6100000000000001,0.41,0.91,4,N,19298
0.6100000000000001,0.41,0.91,5,N,19299
0.6100000000000001,0.41,1.01,1,N,19300
0.6100000000000001,0.41,1.01,2,N,19301
0.6100000000000001,0.41,1.01,3,N,19302
0.6100000000000001,0.41,1.01,4,N,19303
0.6100000000000001,0.41,1.01,5,N,19304
0.6100000000000001,0.41,1.11,1,N,19305
0.6100000000000001,0.41,1.11,2,N,19306
0.6100000000000001,0.41,1.11,3,N,19307
0.6100000000000001,0.41,1.11,4,N,19308
0.6100000000000001,0.41,1.11,5,N,19309
0.6100000000000001,0.41,1.3,1,N,19310
0.6100000000000001,0.41,1.3,2,N,19311
0.6100000000000001,0.41,1.3,3,N,19312
0.6100000000000001,0.41,1.3,4,N,19313
0.6100000000000001,0.41,1.3,5,N,19314
0.6100000000000001,0.41,1.6,1,N,19315
0.6100000000000001,0.41,1.6,2,N,19316
0.6100000000000001,0.41,1.6,3,N,19317
0.6100000000000001,0.41,1.6,4,N,19318
0.6100000000000001,0.41,1.6,5,N,19319
0.6100000000000001,0.41,1.9,1,N,19320
0.6100000000000001,0.41,1.9,2,N,19321
0.6100000000000001,0.41,1.9,3,N,19322
0.6100000000000001,0.41,1.9,4,N,19323
0.6100000000000001,0.41,1.9,5,N,19324
0.6100000000000001,0.41,2.2,1,N,19325
0.6100000000000001,0.41,2.2,2,N,19326
0.6100000000000001,0.41,2.2,3,N,19327
0.6100000000000001,0.41,2.2,4,N,19328
0.6100000000000001,0.41,2.2,5,N,19329
0.6100000000000001,0.41,2.5,1,N,19330
0.6100000000000001,0.41,2.5,2,N,19331
0.6100000000000001,0.41,2.5,3,N,19332
0.6100000000000001,0.41,2.5,4,N,19333
0.6100000000000001,0.41,2.5,5,N,19334
0.6100000000000001,0.41,2.8000000000000003,1,N,19335
0.6100000000000001,0.41,2.8000000000000003,2,N,19336
0.6100000000000001,0.41,2.8000000000000003,3,N,19337
0.6100000000000001,0.41,2.8000000000000003,4,N,19338
0.6100000000000001,0.41,2.8000000000000003,5,N,19339
0.6100000000000001,0.41,3.1000000000000005,1,N,19340
0.6100000000000001,0.41,3.1000000000000005,2,N,19341
0.6100000000000001,0.41,3.1000000000000005,3,N,19342
0.6100000000000001,0.41,3.1000000000000005,4,N,19343
0.6100000000000001,0.41,3.1000000000000005,5,N,19344
0.6100000000000001,0.41,3.4000000000000004,1,N,19345
0.6100000000000001,0.41,3.4000000000000004,2,N,19346
0.6100000000000001,0.41,3.4000000000000004,3,N,19347
0.6100000000000001,0.41,3.4000000000000004,4,N,19348
0.6100000000000001,0.41,3.4000000000000004,5,N,19349
0.6100000000000001,0.41,3.7,1,N,19350
0.6100000000000001,0.41,3.7,2,N,19351
0.6100000000000001,0.41,3.7,3,N,19352
0.6100000000000001,0.41,3.7,4,N,19353
0.6100000000000001,0.41,3.7,5,N,19354
0.6100000000000001,0.41,4.0,1,N,19355
0.6100000000000001,0.41,4.0,2,N,19356
0.6100000000000001,0.41,4.0,3,N,19357
0.6100000000000001,0.41,4.0,4,N,19358
0.6100000000000001,0.41,4.0,5,N,19359
0.6100000000000001,0.41,4.300000000000002,1,N,19360
0.6100000000000001,0.41,4.300000000000002,2,N,19361
0.6100000000000001,0.41,4.300000000000002,3,N,19362
0.6100000000000001,0.41,4.300000000000002,4,N,19363
0.6100000000000001,0.41,4.300000000000002,5,N,19364
0.6100000000000001,0.41,4.6000000000000005,1,N,19365
0.6100000000000001,0.41,4.6000000000000005,2,N,19366
0.6100000000000001,0.41,4.6000000000000005,3,N,19367
0.6100000000000001,0.41,4.6000000000000005,4,N,19368
0.6100000000000001,0.41,4.6000000000000005,5,N,19369
0.6100000000000001,0.41,4.9,1,N,19370
0.6100000000000001,0.41,4.9,2,N,19371
0.6100000000000001,0.41,4.9,3,N,19372
0.6100000000000001,0.41,4.9,4,N,19373
0.6100000000000001,0.41,4.9,5,N,19374
0.6100000000000001,0.51,0.01,1,N,19375
0.6100000000000001,0.51,0.01,2,N,19376
0.6100000000000001,0.51,0.01,3,N,19377
0.6100000000000001,0.51,0.01,4,N,19378
0.6100000000000001,0.51,0.01,5,N,19379
0.6100000000000001,0.51,0.11,1,N,19380
0.6100000000000001,0.51,0.11,2,N,19381
0.6100000000000001,0.51,0.11,3,N,19382
0.6100000000000001,0.51,0.11,4,N,19383
0.6100000000000001,0.51,0.11,5,N,19384
0.6100000000000001,0.51,0.21,1,N,19385
0.6100000000000001,0.51,0.21,2,N,19386
0.6100000000000001,0.51,0.21,3,N,19387
0.6100000000000001,0.51,0.21,4,N,19388
0.6100000000000001,0.51,0.21,5,N,19389
0.6100000000000001,0.51,0.31000000000000005,1,N,19390
0.6100000000000001,0.51,0.31000000000000005,2,N,19391
0.6100000000000001,0.51,0.31000000000000005,3,N,19392
0.6100000000000001,0.51,0.31000000000000005,4,N,19393
0.6100000000000001,0.51,0.31000000000000005,5,N,19394
0.6100000000000001,0.51,0.41,1,N,19395
0.6100000000000001,0.51,0.41,2,N,19396
0.6100000000000001,0.51,0.41,3,N,19397
0.6100000000000001,0.51,0.41,4,N,19398
0.6100000000000001,0.51,0.41,5,N,19399
0.6100000000000001,0.51,0.51,1,N,19400
0.6100000000000001,0.51,0.51,2,N,19401
0.6100000000000001,0.51,0.51,3,N,19402
0.6100000000000001,0.51,0.51,4,N,19403
0.6100000000000001,0.51,0.51,5,N,19404
0.6100000000000001,0.51,0.6100000000000001,1,N,19405
0.6100000000000001,0.51,0.6100000000000001,2,N,19406
0.6100000000000001,0.51,0.6100000000000001,3,N,19407
0.6100000000000001,0.51,0.6100000000000001,4,N,19408
0.6100000000000001,0.51,0.6100000000000001,5,N,19409
0.6100000000000001,0.51,0.7100000000000001,1,N,19410
0.6100000000000001,0.51,0.7100000000000001,2,N,19411
0.6100000000000001,0.51,0.7100000000000001,3,N,19412
0.6100000000000001,0.51,0.7100000000000001,4,N,19413
0.6100000000000001,0.51,0.7100000000000001,5,N,19414
0.6100000000000001,0.51,0.81,1,N,19415
0.6100000000000001,0.51,0.81,2,N,19416
0.6100000000000001,0.51,0.81,3,N,19417
0.6100000000000001,0.51,0.81,4,N,19418
0.6100000000000001,0.51,0.81,5,N,19419
0.6100000000000001,0.51,0.91,1,N,19420
0.6100000000000001,0.51,0.91,2,N,19421
0.6100000000000001,0.51,0.91,3,N,19422
0.6100000000000001,0.51,0.91,4,N,19423
0.6100000000000001,0.51,0.91,5,N,19424
0.6100000000000001,0.51,1.01,1,N,19425
0.6100000000000001,0.51,1.01,2,N,19426
0.6100000000000001,0.51,1.01,3,N,19427
0.6100000000000001,0.51,1.01,4,N,19428
0.6100000000000001,0.51,1.01,5,N,19429
0.6100000000000001,0.51,1.11,1,N,19430
0.6100000000000001,0.51,1.11,2,N,19431
0.6100000000000001,0.51,1.11,3,N,19432
0.6100000000000001,0.51,1.11,4,N,19433
0.6100000000000001,0.51,1.11,5,N,19434
0.6100000000000001,0.51,1.3,1,N,19435
0.6100000000000001,0.51,1.3,2,N,19436
0.6100000000000001,0.51,1.3,3,N,19437
0.6100000000000001,0.51,1.3,4,N,19438
0.6100000000000001,0.51,1.3,5,N,19439
0.6100000000000001,0.51,1.6,1,N,19440
0.6100000000000001,0.51,1.6,2,N,19441
0.6100000000000001,0.51,1.6,3,N,19442
0.6100000000000001,0.51,1.6,4,N,19443
0.6100000000000001,0.51,1.6,5,N,19444
0.6100000000000001,0.51,1.9,1,N,19445
0.6100000000000001,0.51,1.9,2,N,19446
0.6100000000000001,0.51,1.9,3,N,19447
0.6100000000000001,0.51,1.9,4,N,19448
0.6100000000000001,0.51,1.9,5,N,19449
0.6100000000000001,0.51,2.2,1,N,19450
0.6100000000000001,0.51,2.2,2,N,19451
0.6100000000000001,0.51,2.2,3,N,19452
0.6100000000000001,0.51,2.2,4,N,19453
0.6100000000000001,0.51,2.2,5,N,19454
0.6100000000000001,0.51,2.5,1,N,19455
0.6100000000000001,0.51,2.5,2,N,19456
0.6100000000000001,0.51,2.5,3,N,19457
0.6100000000000001,0.51,2.5,4,N,19458
0.6100000000000001,0.51,2.5,5,N,19459
0.6100000000000001,0.51,2.8000000000000003,1,N,19460
0.6100000000000001,0.51,2.8000000000000003,2,N,19461
0.6100000000000001,0.51,2.8000000000000003,3,N,19462
0.6100000000000001,0.51,2.8000000000000003,4,N,19463
0.6100000000000001,0.51,2.8000000000000003,5,N,19464
0.6100000000000001,0.51,3.1000000000000005,1,N,19465
0.6100000000000001,0.51,3.1000000000000005,2,N,19466
0.6100000000000001,0.51,3.1000000000000005,3,N,19467
0.6100000000000001,0.51,3.1000000000000005,4,N,19468
0.6100000000000001,0.51,3.1000000000000005,5,N,19469
0.6100000000000001,0.51,3.4000000000000004,1,N,19470
0.6100000000000001,0.51,3.4000000000000004,2,N,19471
0.6100000000000001,0.51,3.4000000000000004,3,N,19472
0.6100000000000001,0.51,3.4000000000000004,4,N,19473
0.6100000000000001,0.51,3.4000000000000004,5,N,19474
0.6100000000000001,0.51,3.7,1,N,19475
0.6100000000000001,0.51,3.7,2,N,19476
0.6100000000000001,0.51,3.7,3,N,19477
0.6100000000000001,0.51,3.7,4,N,19478
0.6100000000000001,0.51,3.7,5,N,19479
0.6100000000000001,0.51,4.0,1,N,19480
0.6100000000000001,0.51,4.0,2,N,19481
0.6100000000000001,0.51,4.0,3,N,19482
0.6100000000000001,0.51,4.0,4,N,19483
0.6100000000000001,0.51,4.0,5,N,19484
0.6100000000000001,0.51,4.300000000000002,1,N,19485
0.6100000000000001,0.51,4.300000000000002,2,N,19486
0.6100000000000001,0.51,4.300000000000002,3,N,19487
0.6100000000000001,0.51,4.300000000000002,4,N,19488
0.6100000000000001,0.51,4.300000000000002,5,N,19489
0.6100000000000001,0.51,4.6000000000000005,1,N,19490
0.6100000000000001,0.51,4.6000000000000005,2,N,19491
0.6100000000000001,0.51,4.6000000000000005,3,N,19492
0.6100000000000001,0.51,4.6000000000000005,4,N,19493
0.6100000000000001,0.51,4.6000000000000005,5,N,19494
0.6100000000000001,0.51,4.9,1,N,19495
0.6100000000000001,0.51,4.9,2,N,19496
0.6100000000000001,0.51,4.9,3,N,19497
0.6100000000000001,0.51,4.9,4,N,19498
0.6100000000000001,0.51,4.9,5,N,19499
0.6100000000000001,0.6100000000000001,0.01,1,N,19500
0.6100000000000001,0.6100000000000001,0.01,2,N,19501
0.6100000000000001,0.6100000000000001,0.01,3,N,19502
0.6100000000000001,0.6100000000000001,0.01,4,N,19503
0.6100000000000001,0.6100000000000001,0.01,5,N,19504
0.6100000000000001,0.6100000000000001,0.11,1,N,19505
0.6100000000000001,0.6100000000000001,0.11,2,N,19506
0.6100000000000001,0.6100000000000001,0.11,3,N,19507
0.6100000000000001,0.6100000000000001,0.11,4,N,19508
0.6100000000000001,0.6100000000000001,0.11,5,N,19509
0.6100000000000001,0.6100000000000001,0.21,1,N,19510
0.6100000000000001,0.6100000000000001,0.21,2,N,19511
0.6100000000000001,0.6100000000000001,0.21,3,N,19512
0.6100000000000001,0.6100000000000001,0.21,4,N,19513
0.6100000000000001,0.6100000000000001,0.21,5,N,19514
0.6100000000000001,0.6100000000000001,0.31000000000000005,1,N,19515
0.6100000000000001,0.6100000000000001,0.31000000000000005,2,N,19516
0.6100000000000001,0.6100000000000001,0.31000000000000005,3,N,19517
0.6100000000000001,0.6100000000000001,0.31000000000000005,4,N,19518
0.6100000000000001,0.6100000000000001,0.31000000000000005,5,N,19519
0.6100000000000001,0.6100000000000001,0.41,1,N,19520
0.6100000000000001,0.6100000000000001,0.41,2,N,19521
0.6100000000000001,0.6100000000000001,0.41,3,N,19522
0.6100000000000001,0.6100000000000001,0.41,4,N,19523
0.6100000000000001,0.6100000000000001,0.41,5,N,19524
0.6100000000000001,0.6100000000000001,0.51,1,N,19525
0.6100000000000001,0.6100000000000001,0.51,2,N,19526
0.6100000000000001,0.6100000000000001,0.51,3,N,19527
0.6100000000000001,0.6100000000000001,0.51,4,N,19528
0.6100000000000001,0.6100000000000001,0.51,5,N,19529
0.6100000000000001,0.6100000000000001,0.6100000000000001,1,N,19530
0.6100000000000001,0.6100000000000001,0.6100000000000001,2,N,19531
0.6100000000000001,0.6100000000000001,0.6100000000000001,3,N,19532
0.6100000000000001,0.6100000000000001,0.6100000000000001,4,N,19533
0.6100000000000001,0.6100000000000001,0.6100000000000001,5,N,19534
0.6100000000000001,0.6100000000000001,0.7100000000000001,1,N,19535
0.6100000000000001,0.6100000000000001,0.7100000000000001,2,N,19536
0.6100000000000001,0.6100000000000001,0.7100000000000001,3,N,19537
0.6100000000000001,0.6100000000000001,0.7100000000000001,4,N,19538
0.6100000000000001,0.6100000000000001,0.7100000000000001,5,N,19539
0.6100000000000001,0.6100000000000001,0.81,1,N,19540
0.6100000000000001,0.6100000000000001,0.81,2,N,19541
0.6100000000000001,0.6100000000000001,0.81,3,N,19542
0.6100000000000001,0.6100000000000001,0.81,4,N,19543
0.6100000000000001,0.6100000000000001,0.81,5,N,19544
0.6100000000000001,0.6100000000000001,0.91,1,N,19545
0.6100000000000001,0.6100000000000001,0.91,2,N,19546
0.6100000000000001,0.6100000000000001,0.91,3,N,19547
0.6100000000000001,0.6100000000000001,0.91,4,N,19548
0.6100000000000001,0.6100000000000001,0.91,5,N,19549
0.6100000000000001,0.6100000000000001,1.01,1,N,19550
0.6100000000000001,0.6100000000000001,1.01,2,N,19551
0.6100000000000001,0.6100000000000001,1.01,3,N,19552
0.6100000000000001,0.6100000000000001,1.01,4,N,19553
0.6100000000000001,0.6100000000000001,1.01,5,N,19554
0.6100000000000001,0.6100000000000001,1.11,1,N,19555
0.6100000000000001,0.6100000000000001,1.11,2,N,19556
0.6100000000000001,0.6100000000000001,1.11,3,N,19557
0.6100000000000001,0.6100000000000001,1.11,4,N,19558
0.6100000000000001,0.6100000000000001,1.11,5,N,19559
0.6100000000000001,0.6100000000000001,1.3,1,N,19560
0.6100000000000001,0.6100000000000001,1.3,2,N,19561
0.6100000000000001,0.6100000000000001,1.3,3,N,19562
0.6100000000000001,0.6100000000000001,1.3,4,N,19563
0.6100000000000001,0.6100000000000001,1.3,5,N,19564
0.6100000000000001,0.6100000000000001,1.6,1,N,19565
0.6100000000000001,0.6100000000000001,1.6,2,N,19566
0.6100000000000001,0.6100000000000001,1.6,3,N,19567
0.6100000000000001,0.6100000000000001,1.6,4,N,19568
0.6100000000000001,0.6100000000000001,1.6,5,N,19569
0.6100000000000001,0.6100000000000001,1.9,1,N,19570
0.6100000000000001,0.6100000000000001,1.9,2,N,19571
0.6100000000000001,0.6100000000000001,1.9,3,N,19572
0.6100000000000001,0.6100000000000001,1.9,4,N,19573
0.6100000000000001,0.6100000000000001,1.9,5,N,19574
0.6100000000000001,0.6100000000000001,2.2,1,N,19575
0.6100000000000001,0.6100000000000001,2.2,2,N,19576
0.6100000000000001,0.6100000000000001,2.2,3,N,19577
0.6100000000000001,0.6100000000000001,2.2,4,N,19578
0.6100000000000001,0.6100000000000001,2.2,5,N,19579
0.6100000000000001,0.6100000000000001,2.5,1,N,19580
0.6100000000000001,0.6100000000000001,2.5,2,N,19581
0.6100000000000001,0.6100000000000001,2.5,3,N,19582
0.6100000000000001,0.6100000000000001,2.5,4,N,19583
0.6100000000000001,0.6100000000000001,2.5,5,N,19584
0.6100000000000001,0.6100000000000001,2.8000000000000003,1,N,19585
0.6100000000000001,0.6100000000000001,2.8000000000000003,2,N,19586
0.6100000000000001,0.6100000000000001,2.8000000000000003,3,N,19587
0.6100000000000001,0.6100000000000001,2.8000000000000003,4,N,19588
0.6100000000000001,0.6100000000000001,2.8000000000000003,5,N,19589
0.6100000000000001,0.6100000000000001,3.1000000000000005,1,N,19590
0.6100000000000001,0.6100000000000001,3.1000000000000005,2,N,19591
0.6100000000000001,0.6100000000000001,3.1000000000000005,3,N,19592
0.6100000000000001,0.6100000000000001,3.1000000000000005,4,N,19593
0.6100000000000001,0.6100000000000001,3.1000000000000005,5,N,19594
0.6100000000000001,0.6100000000000001,3.4000000000000004,1,N,19595
0.6100000000000001,0.6100000000000001,3.4000000000000004,2,N,19596
0.6100000000000001,0.6100000000000001,3.4000000000000004,3,N,19597
0.6100000000000001,0.6100000000000001,3.4000000000000004,4,N,19598
0.6100000000000001,0.6100000000000001,3.4000000000000004,5,N,19599
0.6100000000000001,0.6100000000000001,3.7,1,N,19600
0.6100000000000001,0.6100000000000001,3.7,2,N,19601
0.6100000000000001,0.6100000000000001,3.7,3,N,19602
0.6100000000000001,0.6100000000000001,3.7,4,N,19603
0.6100000000000001,0.6100000000000001,3.7,5,N,19604
0.6100000000000001,0.6100000000000001,4.0,1,N,19605
0.6100000000000001,0.6100000000000001,4.0,2,N,19606
0.6100000000000001,0.6100000000000001,4.0,3,N,19607
0.6100000000000001,0.6100000000000001,4.0,4,N,19608
0.6100000000000001,0.6100000000000001,4.0,5,N,19609
0.6100000000000001,0.6100000000000001,4.300000000000002,1,N,19610
0.6100000000000001,0.6100000000000001,4.300000000000002,2,N,19611
0.6100000000000001,0.6100000000000001,4.300000000000002,3,N,19612
0.6100000000000001,0.6100000000000001,4.300000000000002,4,N,19613
0.6100000000000001,0.6100000000000001,4.300000000000002,5,N,19614
0.6100000000000001,0.6100000000000001,4.6000000000000005,1,N,19615
0.6100000000000001,0.6100000000000001,4.6000000000000005,2,N,19616
0.6100000000000001,0.6100000000000001,4.6000000000000005,3,N,19617
0.6100000000000001,0.6100000000000001,4.6000000000000005,4,N,19618
0.6100000000000001,0.6100000000000001,4.6000000000000005,5,N,19619
0.6100000000000001,0.6100000000000001,4.9,1,N,19620
0.6100000000000001,0.6100000000000001,4.9,2,N,19621
0.6100000000000001,0.6100000000000001,4.9,3,N,19622
0.6100000000000001,0.6100000000000001,4.9,4,N,19623
0.6100000000000001,0.6100000000000001,4.9,5,N,19624
0.6100000000000001,0.7100000000000001,0.01,1,N,19625
0.6100000000000001,0.7100000000000001,0.01,2,N,19626
0.6100000000000001,0.7100000000000001,0.01,3,N,19627
0.6100000000000001,0.7100000000000001,0.01,4,N,19628
0.6100000000000001,0.7100000000000001,0.01,5,N,19629
0.6100000000000001,0.7100000000000001,0.11,1,N,19630
0.6100000000000001,0.7100000000000001,0.11,2,N,19631
0.6100000000000001,0.7100000000000001,0.11,3,N,19632
0.6100000000000001,0.7100000000000001,0.11,4,N,19633
0.6100000000000001,0.7100000000000001,0.11,5,N,19634
0.6100000000000001,0.7100000000000001,0.21,1,N,19635
0.6100000000000001,0.7100000000000001,0.21,2,N,19636
0.6100000000000001,0.7100000000000001,0.21,3,N,19637
0.6100000000000001,0.7100000000000001,0.21,4,N,19638
0.6100000000000001,0.7100000000000001,0.21,5,N,19639
0.6100000000000001,0.7100000000000001,0.31000000000000005,1,N,19640
0.6100000000000001,0.7100000000000001,0.31000000000000005,2,N,19641
0.6100000000000001,0.7100000000000001,0.31000000000000005,3,N,19642
0.6100000000000001,0.7100000000000001,0.31000000000000005,4,N,19643
0.6100000000000001,0.7100000000000001,0.31000000000000005,5,N,19644
0.6100000000000001,0.7100000000000001,0.41,1,N,19645
0.6100000000000001,0.7100000000000001,0.41,2,N,19646
0.6100000000000001,0.7100000000000001,0.41,3,N,19647
0.6100000000000001,0.7100000000000001,0.41,4,N,19648
0.6100000000000001,0.7100000000000001,0.41,5,N,19649
0.6100000000000001,0.7100000000000001,0.51,1,N,19650
0.6100000000000001,0.7100000000000001,0.51,2,N,19651
0.6100000000000001,0.7100000000000001,0.51,3,N,19652
0.6100000000000001,0.7100000000000001,0.51,4,N,19653
0.6100000000000001,0.7100000000000001,0.51,5,N,19654
0.6100000000000001,0.7100000000000001,0.6100000000000001,1,N,19655
0.6100000000000001,0.7100000000000001,0.6100000000000001,2,N,19656
0.6100000000000001,0.7100000000000001,0.6100000000000001,3,N,19657
0.6100000000000001,0.7100000000000001,0.6100000000000001,4,N,19658
0.6100000000000001,0.7100000000000001,0.6100000000000001,5,N,19659
0.6100000000000001,0.7100000000000001,0.7100000000000001,1,N,19660
0.6100000000000001,0.7100000000000001,0.7100000000000001,2,N,19661
0.6100000000000001,0.7100000000000001,0.7100000000000001,3,N,19662
0.6100000000000001,0.7100000000000001,0.7100000000000001,4,N,19663
0.6100000000000001,0.7100000000000001,0.7100000000000001,5,N,19664
0.6100000000000001,0.7100000000000001,0.81,1,N,19665
0.6100000000000001,0.7100000000000001,0.81,2,N,19666
0.6100000000000001,0.7100000000000001,0.81,3,N,19667
0.6100000000000001,0.7100000000000001,0.81,4,N,19668
0.6100000000000001,0.7100000000000001,0.81,5,N,19669
0.6100000000000001,0.7100000000000001,0.91,1,N,19670
0.6100000000000001,0.7100000000000001,0.91,2,N,19671
0.6100000000000001,0.7100000000000001,0.91,3,N,19672
0.6100000000000001,0.7100000000000001,0.91,4,N,19673
0.6100000000000001,0.7100000000000001,0.91,5,N,19674
0.6100000000000001,0.7100000000000001,1.01,1,N,19675
0.6100000000000001,0.7100000000000001,1.01,2,N,19676
0.6100000000000001,0.7100000000000001,1.01,3,N,19677
0.6100000000000001,0.7100000000000001,1.01,4,N,19678
0.6100000000000001,0.7100000000000001,1.01,5,N,19679
0.6100000000000001,0.7100000000000001,1.11,1,N,19680
0.6100000000000001,0.7100000000000001,1.11,2,N,19681
0.6100000000000001,0.7100000000000001,1.11,3,N,19682
0.6100000000000001,0.7100000000000001,1.11,4,N,19683
0.6100000000000001,0.7100000000000001,1.11,5,N,19684
0.6100000000000001,0.7100000000000001,1.3,1,N,19685
0.6100000000000001,0.7100000000000001,1.3,2,N,19686
0.6100000000000001,0.7100000000000001,1.3,3,N,19687
0.6100000000000001,0.7100000000000001,1.3,4,N,19688
0.6100000000000001,0.7100000000000001,1.3,5,N,19689
0.6100000000000001,0.7100000000000001,1.6,1,N,19690
0.6100000000000001,0.7100000000000001,1.6,2,N,19691
0.6100000000000001,0.7100000000000001,1.6,3,N,19692
0.6100000000000001,0.7100000000000001,1.6,4,N,19693
0.6100000000000001,0.7100000000000001,1.6,5,N,19694
0.6100000000000001,0.7100000000000001,1.9,1,N,19695
0.6100000000000001,0.7100000000000001,1.9,2,N,19696
0.6100000000000001,0.7100000000000001,1.9,3,N,19697
0.6100000000000001,0.7100000000000001,1.9,4,N,19698
0.6100000000000001,0.7100000000000001,1.9,5,N,19699
0.6100000000000001,0.7100000000000001,2.2,1,N,19700
0.6100000000000001,0.7100000000000001,2.2,2,N,19701
0.6100000000000001,0.7100000000000001,2.2,3,N,19702
0.6100000000000001,0.7100000000000001,2.2,4,N,19703
0.6100000000000001,0.7100000000000001,2.2,5,N,19704
0.6100000000000001,0.7100000000000001,2.5,1,N,19705
0.6100000000000001,0.7100000000000001,2.5,2,N,19706
0.6100000000000001,0.7100000000000001,2.5,3,N,19707
0.6100000000000001,0.7100000000000001,2.5,4,N,19708
0.6100000000000001,0.7100000000000001,2.5,5,N,19709
0.6100000000000001,0.7100000000000001,2.8000000000000003,1,N,19710
0.6100000000000001,0.7100000000000001,2.8000000000000003,2,N,19711
0.6100000000000001,0.7100000000000001,2.8000000000000003,3,N,19712
0.6100000000000001,0.7100000000000001,2.8000000000000003,4,N,19713
0.6100000000000001,0.7100000000000001,2.8000000000000003,5,N,19714
0.6100000000000001,0.7100000000000001,3.1000000000000005,1,N,19715
0.6100000000000001,0.7100000000000001,3.1000000000000005,2,N,19716
0.6100000000000001,0.7100000000000001,3.1000000000000005,3,N,19717
0.6100000000000001,0.7100000000000001,3.1000000000000005,4,N,19718
0.6100000000000001,0.7100000000000001,3.1000000000000005,5,N,19719
0.6100000000000001,0.7100000000000001,3.4000000000000004,1,N,19720
0.6100000000000001,0.7100000000000001,3.4000000000000004,2,N,19721
0.6100000000000001,0.7100000000000001,3.4000000000000004,3,N,19722
0.6100000000000001,0.7100000000000001,3.4000000000000004,4,N,19723
0.6100000000000001,0.7100000000000001,3.4000000000000004,5,N,19724
0.6100000000000001,0.7100000000000001,3.7,1,N,19725
0.6100000000000001,0.7100000000000001,3.7,2,N,19726
0.6100000000000001,0.7100000000000001,3.7,3,N,19727
0.6100000000000001,0.7100000000000001,3.7,4,N,19728
0.6100000000000001,0.7100000000000001,3.7,5,N,19729
0.6100000000000001,0.7100000000000001,4.0,1,N,19730
0.6100000000000001,0.7100000000000001,4.0,2,N,19731
0.6100000000000001,0.7100000000000001,4.0,3,N,19732
0.6100000000000001,0.7100000000000001,4.0,4,N,19733
0.6100000000000001,0.7100000000000001,4.0,5,N,19734
0.6100000000000001,0.7100000000000001,4.300000000000002,1,N,19735
0.6100000000000001,0.7100000000000001,4.300000000000002,2,N,19736
0.6100000000000001,0.7100000000000001,4.300000000000002,3,N,19737
0.6100000000000001,0.7100000000000001,4.300000000000002,4,N,19738
0.6100000000000001,0.7100000000000001,4.300000000000002,5,N,19739
0.6100000000000001,0.7100000000000001,4.6000000000000005,1,N,19740
0.6100000000000001,0.7100000000000001,4.6000000000000005,2,N,19741
0.6100000000000001,0.7100000000000001,4.6000000000000005,3,N,19742
0.6100000000000001,0.7100000000000001,4.6000000000000005,4,N,19743
0.6100000000000001,0.7100000000000001,4.6000000000000005,5,N,19744
0.6100000000000001,0.7100000000000001,4.9,1,N,19745
0.6100000000000001,0.7100000000000001,4.9,2,N,19746
0.6100000000000001,0.7100000000000001,4.9,3,N,19747
0.6100000000000001,0.7100000000000001,4.9,4,N,19748
0.6100000000000001,0.7100000000000001,4.9,5,N,19749
0.6100000000000001,0.81,0.01,1,N,19750
0.6100000000000001,0.81,0.01,2,N,19751
0.6100000000000001,0.81,0.01,3,N,19752
0.6100000000000001,0.81,0.01,4,N,19753
0.6100000000000001,0.81,0.01,5,N,19754
0.6100000000000001,0.81,0.11,1,N,19755
0.6100000000000001,0.81,0.11,2,N,19756
0.6100000000000001,0.81,0.11,3,N,19757
0.6100000000000001,0.81,0.11,4,N,19758
0.6100000000000001,0.81,0.11,5,N,19759
0.6100000000000001,0.81,0.21,1,N,19760
0.6100000000000001,0.81,0.21,2,N,19761
0.6100000000000001,0.81,0.21,3,N,19762
0.6100000000000001,0.81,0.21,4,N,19763
0.6100000000000001,0.81,0.21,5,N,19764
0.6100000000000001,0.81,0.31000000000000005,1,N,19765
0.6100000000000001,0.81,0.31000000000000005,2,N,19766
0.6100000000000001,0.81,0.31000000000000005,3,N,19767
0.6100000000000001,0.81,0.31000000000000005,4,N,19768
0.6100000000000001,0.81,0.31000000000000005,5,N,19769
0.6100000000000001,0.81,0.41,1,N,19770
0.6100000000000001,0.81,0.41,2,N,19771
0.6100000000000001,0.81,0.41,3,N,19772
0.6100000000000001,0.81,0.41,4,N,19773
0.6100000000000001,0.81,0.41,5,N,19774
0.6100000000000001,0.81,0.51,1,N,19775
0.6100000000000001,0.81,0.51,2,N,19776
0.6100000000000001,0.81,0.51,3,N,19777
0.6100000000000001,0.81,0.51,4,N,19778
0.6100000000000001,0.81,0.51,5,N,19779
0.6100000000000001,0.81,0.6100000000000001,1,N,19780
0.6100000000000001,0.81,0.6100000000000001,2,N,19781
0.6100000000000001,0.81,0.6100000000000001,3,N,19782
0.6100000000000001,0.81,0.6100000000000001,4,N,19783
0.6100000000000001,0.81,0.6100000000000001,5,N,19784
0.6100000000000001,0.81,0.7100000000000001,1,N,19785
0.6100000000000001,0.81,0.7100000000000001,2,N,19786
0.6100000000000001,0.81,0.7100000000000001,3,N,19787
0.6100000000000001,0.81,0.7100000000000001,4,N,19788
0.6100000000000001,0.81,0.7100000000000001,5,N,19789
0.6100000000000001,0.81,0.81,1,N,19790
0.6100000000000001,0.81,0.81,2,N,19791
0.6100000000000001,0.81,0.81,3,N,19792
0.6100000000000001,0.81,0.81,4,N,19793
0.6100000000000001,0.81,0.81,5,N,19794
0.6100000000000001,0.81,0.91,1,N,19795
0.6100000000000001,0.81,0.91,2,N,19796
0.6100000000000001,0.81,0.91,3,N,19797
0.6100000000000001,0.81,0.91,4,N,19798
0.6100000000000001,0.81,0.91,5,N,19799
0.6100000000000001,0.81,1.01,1,N,19800
0.6100000000000001,0.81,1.01,2,N,19801
0.6100000000000001,0.81,1.01,3,N,19802
0.6100000000000001,0.81,1.01,4,N,19803
0.6100000000000001,0.81,1.01,5,N,19804
0.6100000000000001,0.81,1.11,1,N,19805
0.6100000000000001,0.81,1.11,2,N,19806
0.6100000000000001,0.81,1.11,3,N,19807
0.6100000000000001,0.81,1.11,4,N,19808
0.6100000000000001,0.81,1.11,5,N,19809
0.6100000000000001,0.81,1.3,1,N,19810
0.6100000000000001,0.81,1.3,2,N,19811
0.6100000000000001,0.81,1.3,3,N,19812
0.6100000000000001,0.81,1.3,4,N,19813
0.6100000000000001,0.81,1.3,5,N,19814
0.6100000000000001,0.81,1.6,1,N,19815
0.6100000000000001,0.81,1.6,2,N,19816
0.6100000000000001,0.81,1.6,3,N,19817
0.6100000000000001,0.81,1.6,4,N,19818
0.6100000000000001,0.81,1.6,5,N,19819
0.6100000000000001,0.81,1.9,1,N,19820
0.6100000000000001,0.81,1.9,2,N,19821
0.6100000000000001,0.81,1.9,3,N,19822
0.6100000000000001,0.81,1.9,4,N,19823
0.6100000000000001,0.81,1.9,5,N,19824
0.6100000000000001,0.81,2.2,1,N,19825
0.6100000000000001,0.81,2.2,2,N,19826
0.6100000000000001,0.81,2.2,3,N,19827
0.6100000000000001,0.81,2.2,4,N,19828
0.6100000000000001,0.81,2.2,5,N,19829
0.6100000000000001,0.81,2.5,1,N,19830
0.6100000000000001,0.81,2.5,2,N,19831
0.6100000000000001,0.81,2.5,3,N,19832
0.6100000000000001,0.81,2.5,4,N,19833
0.6100000000000001,0.81,2.5,5,N,19834
0.6100000000000001,0.81,2.8000000000000003,1,N,19835
0.6100000000000001,0.81,2.8000000000000003,2,N,19836
0.6100000000000001,0.81,2.8000000000000003,3,N,19837
0.6100000000000001,0.81,2.8000000000000003,4,N,19838
0.6100000000000001,0.81,2.8000000000000003,5,N,19839
0.6100000000000001,0.81,3.1000000000000005,1,N,19840
0.6100000000000001,0.81,3.1000000000000005,2,N,19841
0.6100000000000001,0.81,3.1000000000000005,3,N,19842
0.6100000000000001,0.81,3.1000000000000005,4,N,19843
0.6100000000000001,0.81,3.1000000000000005,5,N,19844
0.6100000000000001,0.81,3.4000000000000004,1,N,19845
0.6100000000000001,0.81,3.4000000000000004,2,N,19846
0.6100000000000001,0.81,3.4000000000000004,3,N,19847
0.6100000000000001,0.81,3.4000000000000004,4,N,19848
0.6100000000000001,0.81,3.4000000000000004,5,N,19849
0.6100000000000001,0.81,3.7,1,N,19850
0.6100000000000001,0.81,3.7,2,N,19851
0.6100000000000001,0.81,3.7,3,N,19852
0.6100000000000001,0.81,3.7,4,N,19853
0.6100000000000001,0.81,3.7,5,N,19854
0.6100000000000001,0.81,4.0,1,N,19855
0.6100000000000001,0.81,4.0,2,N,19856
0.6100000000000001,0.81,4.0,3,N,19857
0.6100000000000001,0.81,4.0,4,N,19858
0.6100000000000001,0.81,4.0,5,N,19859
0.6100000000000001,0.81,4.300000000000002,1,N,19860
0.6100000000000001,0.81,4.300000000000002,2,N,19861
0.6100000000000001,0.81,4.300000000000002,3,N,19862
0.6100000000000001,0.81,4.300000000000002,4,N,19863
0.6100000000000001,0.81,4.300000000000002,5,N,19864
0.6100000000000001,0.81,4.6000000000000005,1,N,19865
0.6100000000000001,0.81,4.6000000000000005,2,N,19866
0.6100000000000001,0.81,4.6000000000000005,3,N,19867
0.6100000000000001,0.81,4.6000000000000005,4,N,19868
0.6100000000000001,0.81,4.6000000000000005,5,N,19869
0.6100000000000001,0.81,4.9,1,N,19870
0.6100000000000001,0.81,4.9,2,N,19871
0.6100000000000001,0.81,4.9,3,N,19872
0.6100000000000001,0.81,4.9,4,N,19873
0.6100000000000001,0.81,4.9,5,N,19874
0.6100000000000001,0.91,0.01,1,N,19875
0.6100000000000001,0.91,0.01,2,N,19876
0.6100000000000001,0.91,0.01,3,N,19877
0.6100000000000001,0.91,0.01,4,N,19878
0.6100000000000001,0.91,0.01,5,N,19879
0.6100000000000001,0.91,0.11,1,N,19880
0.6100000000000001,0.91,0.11,2,N,19881
0.6100000000000001,0.91,0.11,3,N,19882
0.6100000000000001,0.91,0.11,4,N,19883
0.6100000000000001,0.91,0.11,5,N,19884
0.6100000000000001,0.91,0.21,1,N,19885
0.6100000000000001,0.91,0.21,2,N,19886
0.6100000000000001,0.91,0.21,3,N,19887
0.6100000000000001,0.91,0.21,4,N,19888
0.6100000000000001,0.91,0.21,5,N,19889
0.6100000000000001,0.91,0.31000000000000005,1,N,19890
0.6100000000000001,0.91,0.31000000000000005,2,N,19891
0.6100000000000001,0.91,0.31000000000000005,3,N,19892
0.6100000000000001,0.91,0.31000000000000005,4,N,19893
0.6100000000000001,0.91,0.31000000000000005,5,N,19894
0.6100000000000001,0.91,0.41,1,N,19895
0.6100000000000001,0.91,0.41,2,N,19896
0.6100000000000001,0.91,0.41,3,N,19897
0.6100000000000001,0.91,0.41,4,N,19898
0.6100000000000001,0.91,0.41,5,N,19899
0.6100000000000001,0.91,0.51,1,N,19900
0.6100000000000001,0.91,0.51,2,N,19901
0.6100000000000001,0.91,0.51,3,N,19902
0.6100000000000001,0.91,0.51,4,N,19903
0.6100000000000001,0.91,0.51,5,N,19904
0.6100000000000001,0.91,0.6100000000000001,1,N,19905
0.6100000000000001,0.91,0.6100000000000001,2,N,19906
0.6100000000000001,0.91,0.6100000000000001,3,N,19907
0.6100000000000001,0.91,0.6100000000000001,4,N,19908
0.6100000000000001,0.91,0.6100000000000001,5,N,19909
0.6100000000000001,0.91,0.7100000000000001,1,N,19910
0.6100000000000001,0.91,0.7100000000000001,2,N,19911
0.6100000000000001,0.91,0.7100000000000001,3,N,19912
0.6100000000000001,0.91,0.7100000000000001,4,N,19913
0.6100000000000001,0.91,0.7100000000000001,5,N,19914
0.6100000000000001,0.91,0.81,1,N,19915
0.6100000000000001,0.91,0.81,2,N,19916
0.6100000000000001,0.91,0.81,3,N,19917
0.6100000000000001,0.91,0.81,4,N,19918
0.6100000000000001,0.91,0.81,5,N,19919
0.6100000000000001,0.91,0.91,1,N,19920
0.6100000000000001,0.91,0.91,2,N,19921
0.6100000000000001,0.91,0.91,3,N,19922
0.6100000000000001,0.91,0.91,4,N,19923
0.6100000000000001,0.91,0.91,5,N,19924
0.6100000000000001,0.91,1.01,1,N,19925
0.6100000000000001,0.91,1.01,2,N,19926
0.6100000000000001,0.91,1.01,3,N,19927
0.6100000000000001,0.91,1.01,4,N,19928
0.6100000000000001,0.91,1.01,5,N,19929
0.6100000000000001,0.91,1.11,1,N,19930
0.6100000000000001,0.91,1.11,2,N,19931
0.6100000000000001,0.91,1.11,3,N,19932
0.6100000000000001,0.91,1.11,4,N,19933
0.6100000000000001,0.91,1.11,5,N,19934
0.6100000000000001,0.91,1.3,1,N,19935
0.6100000000000001,0.91,1.3,2,N,19936
0.6100000000000001,0.91,1.3,3,N,19937
0.6100000000000001,0.91,1.3,4,N,19938
0.6100000000000001,0.91,1.3,5,N,19939
0.6100000000000001,0.91,1.6,1,N,19940
0.6100000000000001,0.91,1.6,2,N,19941
0.6100000000000001,0.91,1.6,3,N,19942
0.6100000000000001,0.91,1.6,4,N,19943
0.6100000000000001,0.91,1.6,5,N,19944
0.6100000000000001,0.91,1.9,1,N,19945
0.6100000000000001,0.91,1.9,2,N,19946
0.6100000000000001,0.91,1.9,3,Y,19947
0.6100000000000001,0.91,1.9,4,N,19948
0.6100000000000001,0.91,1.9,5,N,19949
0.6100000000000001,0.91,2.2,1,N,19950
0.6100000000000001,0.91,2.2,2,N,19951
0.6100000000000001,0.91,2.2,3,N,19952
0.6100000000000001,0.91,2.2,4,N,19953
0.6100000000000001,0.91,2.2,5,N,19954
0.6100000000000001,0.91,2.5,1,N,19955
0.6100000000000001,0.91,2.5,2,N,19956
0.6100000000000001,0.91,2.5,3,N,19957
0.6100000000000001,0.91,2.5,4,N,19958
0.6100000000000001,0.91,2.5,5,N,19959
0.6100000000000001,0.91,2.8000000000000003,1,N,19960
0.6100000000000001,0.91,2.8000000000000003,2,N,19961
0.6100000000000001,0.91,2.8000000000000003,3,N,19962
0.6100000000000001,0.91,2.8000000000000003,4,N,19963
0.6100000000000001,0.91,2.8000000000000003,5,N,19964
0.6100000000000001,0.91,3.1000000000000005,1,N,19965
0.6100000000000001,0.91,3.1000000000000005,2,N,19966
0.6100000000000001,0.91,3.1000000000000005,3,N,19967
0.6100000000000001,0.91,3.1000000000000005,4,N,19968
0.6100000000000001,0.91,3.1000000000000005,5,N,19969
0.6100000000000001,0.91,3.4000000000000004,1,N,19970
0.6100000000000001,0.91,3.4000000000000004,2,N,19971
0.6100000000000001,0.91,3.4000000000000004,3,N,19972
0.6100000000000001,0.91,3.4000000000000004,4,N,19973
0.6100000000000001,0.91,3.4000000000000004,5,N,19974
0.6100000000000001,0.91,3.7,1,N,19975
0.6100000000000001,0.91,3.7,2,N,19976
0.6100000000000001,0.91,3.7,3,N,19977
0.6100000000000001,0.91,3.7,4,N,19978
0.6100000000000001,0.91,3.7,5,N,19979
0.6100000000000001,0.91,4.0,1,N,19980
0.6100000000000001,0.91,4.0,2,N,19981
0.6100000000000001,0.91,4.0,3,N,19982
0.6100000000000001,0.91,4.0,4,N,19983
0.6100000000000001,0.91,4.0,5,N,19984
0.6100000000000001,0.91,4.300000000000002,1,N,19985
0.6100000000000001,0.91,4.300000000000002,2,N,19986
0.6100000000000001,0.91,4.300000000000002,3,N,19987
0.6100000000000001,0.91,4.300000000000002,4,N,19988
0.6100000000000001,0.91,4.300000000000002,5,N,19989
0.6100000000000001,0.91,4.6000000000000005,1,N,19990
0.6100000000000001,0.91,4.6000000000000005,2,N,19991
0.6100000000000001,0.91,4.6000000000000005,3,N,19992
0.6100000000000001,0.91,4.6000000000000005,4,N,19993
0.6100000000000001,0.91,4.6000000000000005,5,N,19994
0.6100000000000001,0.91,4.9,1,N,19995
0.6100000000000001,0.91,4.9,2,N,19996
0.6100000000000001,0.91,4.9,3,N,19997
0.6100000000000001,0.91,4.9,4,N,19998
0.6100000000000001,0.91,4.9,5,N,19999
0.6100000000000001,1.01,0.01,1,N,20000
0.6100000000000001,1.01,0.01,2,N,20001
0.6100000000000001,1.01,0.01,3,N,20002
0.6100000000000001,1.01,0.01,4,N,20003
0.6100000000000001,1.01,0.01,5,N,20004
0.6100000000000001,1.01,0.11,1,N,20005
0.6100000000000001,1.01,0.11,2,N,20006
0.6100000000000001,1.01,0.11,3,N,20007
0.6100000000000001,1.01,0.11,4,N,20008
0.6100000000000001,1.01,0.11,5,N,20009
0.6100000000000001,1.01,0.21,1,N,20010
0.6100000000000001,1.01,0.21,2,N,20011
0.6100000000000001,1.01,0.21,3,N,20012
0.6100000000000001,1.01,0.21,4,N,20013
0.6100000000000001,1.01,0.21,5,N,20014
0.6100000000000001,1.01,0.31000000000000005,1,N,20015
0.6100000000000001,1.01,0.31000000000000005,2,N,20016
0.6100000000000001,1.01,0.31000000000000005,3,N,20017
0.6100000000000001,1.01,0.31000000000000005,4,N,20018
0.6100000000000001,1.01,0.31000000000000005,5,N,20019
0.6100000000000001,1.01,0.41,1,N,20020
0.6100000000000001,1.01,0.41,2,N,20021
0.6100000000000001,1.01,0.41,3,N,20022
0.6100000000000001,1.01,0.41,4,N,20023
0.6100000000000001,1.01,0.41,5,N,20024
0.6100000000000001,1.01,0.51,1,N,20025
0.6100000000000001,1.01,0.51,2,N,20026
0.6100000000000001,1.01,0.51,3,N,20027
0.6100000000000001,1.01,0.51,4,N,20028
0.6100000000000001,1.01,0.51,5,N,20029
0.6100000000000001,1.01,0.6100000000000001,1,N,20030
0.6100000000000001,1.01,0.6100000000000001,2,N,20031
0.6100000000000001,1.01,0.6100000000000001,3,N,20032
0.6100000000000001,1.01,0.6100000000000001,4,N,20033
0.6100000000000001,1.01,0.6100000000000001,5,N,20034
0.6100000000000001,1.01,0.7100000000000001,1,N,20035
0.6100000000000001,1.01,0.7100000000000001,2,N,20036
0.6100000000000001,1.01,0.7100000000000001,3,N,20037
0.6100000000000001,1.01,0.7100000000000001,4,N,20038
0.6100000000000001,1.01,0.7100000000000001,5,N,20039
0.6100000000000001,1.01,0.81,1,N,20040
0.6100000000000001,1.01,0.81,2,N,20041
0.6100000000000001,1.01,0.81,3,N,20042
0.6100000000000001,1.01,0.81,4,N,20043
0.6100000000000001,1.01,0.81,5,N,20044
0.6100000000000001,1.01,0.91,1,N,20045
0.6100000000000001,1.01,0.91,2,N,20046
0.6100000000000001,1.01,0.91,3,N,20047
0.6100000000000001,1.01,0.91,4,N,20048
0.6100000000000001,1.01,0.91,5,N,20049
0.6100000000000001,1.01,1.01,1,N,20050
0.6100000000000001,1.01,1.01,2,N,20051
0.6100000000000001,1.01,1.01,3,N,20052
0.6100000000000001,1.01,1.01,4,N,20053
0.6100000000000001,1.01,1.01,5,N,20054
0.6100000000000001,1.01,1.11,1,N,20055
0.6100000000000001,1.01,1.11,2,N,20056
0.6100000000000001,1.01,1.11,3,N,20057
0.6100000000000001,1.01,1.11,4,N,20058
0.6100000000000001,1.01,1.11,5,N,20059
0.6100000000000001,1.01,1.3,1,N,20060
0.6100000000000001,1.01,1.3,2,N,20061
0.6100000000000001,1.01,1.3,3,N,20062
0.6100000000000001,1.01,1.3,4,N,20063
0.6100000000000001,1.01,1.3,5,N,20064
0.6100000000000001,1.01,1.6,1,N,20065
0.6100000000000001,1.01,1.6,2,N,20066
0.6100000000000001,1.01,1.6,3,N,20067
0.6100000000000001,1.01,1.6,4,N,20068
0.6100000000000001,1.01,1.6,5,N,20069
0.6100000000000001,1.01,1.9,1,N,20070
0.6100000000000001,1.01,1.9,2,N,20071
0.6100000000000001,1.01,1.9,3,N,20072
0.6100000000000001,1.01,1.9,4,N,20073
0.6100000000000001,1.01,1.9,5,N,20074
0.6100000000000001,1.01,2.2,1,N,20075
0.6100000000000001,1.01,2.2,2,N,20076
0.6100000000000001,1.01,2.2,3,N,20077
0.6100000000000001,1.01,2.2,4,N,20078
0.6100000000000001,1.01,2.2,5,N,20079
0.6100000000000001,1.01,2.5,1,N,20080
0.6100000000000001,1.01,2.5,2,N,20081
0.6100000000000001,1.01,2.5,3,N,20082
0.6100000000000001,1.01,2.5,4,N,20083
0.6100000000000001,1.01,2.5,5,N,20084
0.6100000000000001,1.01,2.8000000000000003,1,N,20085
0.6100000000000001,1.01,2.8000000000000003,2,N,20086
0.6100000000000001,1.01,2.8000000000000003,3,N,20087
0.6100000000000001,1.01,2.8000000000000003,4,N,20088
0.6100000000000001,1.01,2.8000000000000003,5,N,20089
0.6100000000000001,1.01,3.1000000000000005,1,N,20090
0.6100000000000001,1.01,3.1000000000000005,2,N,20091
0.6100000000000001,1.01,3.1000000000000005,3,N,20092
0.6100000000000001,1.01,3.1000000000000005,4,N,20093
0.6100000000000001,1.01,3.1000000000000005,5,N,20094
0.6100000000000001,1.01,3.4000000000000004,1,N,20095
0.6100000000000001,1.01,3.4000000000000004,2,N,20096
0.6100000000000001,1.01,3.4000000000000004,3,N,20097
0.6100000000000001,1.01,3.4000000000000004,4,N,20098
0.6100000000000001,1.01,3.4000000000000004,5,N,20099
0.6100000000000001,1.01,3.7,1,N,20100
0.6100000000000001,1.01,3.7,2,N,20101
0.6100000000000001,1.01,3.7,3,N,20102
0.6100000000000001,1.01,3.7,4,N,20103
0.6100000000000001,1.01,3.7,5,N,20104
0.6100000000000001,1.01,4.0,1,N,20105
0.6100000000000001,1.01,4.0,2,N,20106
0.6100000000000001,1.01,4.0,3,N,20107
0.6100000000000001,1.01,4.0,4,N,20108
0.6100000000000001,1.01,4.0,5,N,20109
0.6100000000000001,1.01,4.300000000000002,1,N,20110
0.6100000000000001,1.01,4.300000000000002,2,N,20111
0.6100000000000001,1.01,4.300000000000002,3,N,20112
0.6100000000000001,1.01,4.300000000000002,4,N,20113
0.6100000000000001,1.01,4.300000000000002,5,N,20114
0.6100000000000001,1.01,4.6000000000000005,1,N,20115
0.6100000000000001,1.01,4.6000000000000005,2,N,20116
0.6100000000000001,1.01,4.6000000000000005,3,N,20117
0.6100000000000001,1.01,4.6000000000000005,4,N,20118
0.6100000000000001,1.01,4.6000000000000005,5,N,20119
0.6100000000000001,1.01,4.9,1,N,20120
0.6100000000000001,1.01,4.9,2,N,20121
0.6100000000000001,1.01,4.9,3,N,20122
0.6100000000000001,1.01,4.9,4,N,20123
0.6100000000000001,1.01,4.9,5,N,20124
0.6100000000000001,1.11,0.01,1,N,20125
0.6100000000000001,1.11,0.01,2,N,20126
0.6100000000000001,1.11,0.01,3,N,20127
0.6100000000000001,1.11,0.01,4,N,20128
0.6100000000000001,1.11,0.01,5,N,20129
0.6100000000000001,1.11,0.11,1,N,20130
0.6100000000000001,1.11,0.11,2,N,20131
0.6100000000000001,1.11,0.11,3,N,20132
0.6100000000000001,1.11,0.11,4,N,20133
0.6100000000000001,1.11,0.11,5,N,20134
0.6100000000000001,1.11,0.21,1,N,20135
0.6100000000000001,1.11,0.21,2,N,20136
0.6100000000000001,1.11,0.21,3,N,20137
0.6100000000000001,1.11,0.21,4,N,20138
0.6100000000000001,1.11,0.21,5,N,20139
0.6100000000000001,1.11,0.31000000000000005,1,N,20140
0.6100000000000001,1.11,0.31000000000000005,2,N,20141
0.6100000000000001,1.11,0.31000000000000005,3,N,20142
0.6100000000000001,1.11,0.31000000000000005,4,N,20143
0.6100000000000001,1.11,0.31000000000000005,5,N,20144
0.6100000000000001,1.11,0.41,1,N,20145
0.6100000000000001,1.11,0.41,2,N,20146
0.6100000000000001,1.11,0.41,3,N,20147
0.6100000000000001,1.11,0.41,4,N,20148
0.6100000000000001,1.11,0.41,5,N,20149
0.6100000000000001,1.11,0.51,1,N,20150
0.6100000000000001,1.11,0.51,2,N,20151
0.6100000000000001,1.11,0.51,3,N,20152
0.6100000000000001,1.11,0.51,4,N,20153
0.6100000000000001,1.11,0.51,5,N,20154
0.6100000000000001,1.11,0.6100000000000001,1,N,20155
0.6100000000000001,1.11,0.6100000000000001,2,N,20156
0.6100000000000001,1.11,0.6100000000000001,3,N,20157
0.6100000000000001,1.11,0.6100000000000001,4,N,20158
0.6100000000000001,1.11,0.6100000000000001,5,N,20159
0.6100000000000001,1.11,0.7100000000000001,1,N,20160
0.6100000000000001,1.11,0.7100000000000001,2,N,20161
0.6100000000000001,1.11,0.7100000000000001,3,N,20162
0.6100000000000001,1.11,0.7100000000000001,4,N,20163
0.6100000000000001,1.11,0.7100000000000001,5,N,20164
0.6100000000000001,1.11,0.81,1,N,20165
0.6100000000000001,1.11,0.81,2,N,20166
0.6100000000000001,1.11,0.81,3,N,20167
0.6100000000000001,1.11,0.81,4,N,20168
0.6100000000000001,1.11,0.81,5,N,20169
0.6100000000000001,1.11,0.91,1,N,20170
0.6100000000000001,1.11,0.91,2,N,20171
0.6100000000000001,1.11,0.91,3,N,20172
0.6100000000000001,1.11,0.91,4,N,20173
0.6100000000000001,1.11,0.91,5,N,20174
0.6100000000000001,1.11,1.01,1,N,20175
0.6100000000000001,1.11,1.01,2,N,20176
0.6100000000000001,1.11,1.01,3,N,20177
0.6100000000000001,1.11,1.01,4,N,20178
0.6100000000000001,1.11,1.01,5,N,20179
0.6100000000000001,1.11,1.11,1,N,20180
0.6100000000000001,1.11,1.11,2,N,20181
0.6100000000000001,1.11,1.11,3,N,20182
0.6100000000000001,1.11,1.11,4,N,20183
0.6100000000000001,1.11,1.11,5,N,20184
0.6100000000000001,1.11,1.3,1,N,20185
0.6100000000000001,1.11,1.3,2,N,20186
0.6100000000000001,1.11,1.3,3,N,20187
0.6100000000000001,1.11,1.3,4,N,20188
0.6100000000000001,1.11,1.3,5,N,20189
0.6100000000000001,1.11,1.6,1,N,20190
0.6100000000000001,1.11,1.6,2,N,20191
0.6100000000000001,1.11,1.6,3,N,20192
0.6100000000000001,1.11,1.6,4,N,20193
0.6100000000000001,1.11,1.6,5,N,20194
0.6100000000000001,1.11,1.9,1,N,20195
0.6100000000000001,1.11,1.9,2,N,20196
0.6100000000000001,1.11,1.9,3,N,20197
0.6100000000000001,1.11,1.9,4,N,20198
0.6100000000000001,1.11,1.9,5,N,20199
0.6100000000000001,1.11,2.2,1,N,20200
0.6100000000000001,1.11,2.2,2,N,20201
0.6100000000000001,1.11,2.2,3,N,20202
0.6100000000000001,1.11,2.2,4,N,20203
0.6100000000000001,1.11,2.2,5,N,20204
0.6100000000000001,1.11,2.5,1,N,20205
0.6100000000000001,1.11,2.5,2,N,20206
0.6100000000000001,1.11,2.5,3,N,20207
0.6100000000000001,1.11,2.5,4,N,20208
0.6100000000000001,1.11,2.5,5,N,20209
0.6100000000000001,1.11,2.8000000000000003,1,N,20210
0.6100000000000001,1.11,2.8000000000000003,2,N,20211
0.6100000000000001,1.11,2.8000000000000003,3,N,20212
0.6100000000000001,1.11,2.8000000000000003,4,N,20213
0.6100000000000001,1.11,2.8000000000000003,5,N,20214
0.6100000000000001,1.11,3.1000000000000005,1,N,20215
0.6100000000000001,1.11,3.1000000000000005,2,N,20216
0.6100000000000001,1.11,3.1000000000000005,3,N,20217
0.6100000000000001,1.11,3.1000000000000005,4,N,20218
0.6100000000000001,1.11,3.1000000000000005,5,N,20219
0.6100000000000001,1.11,3.4000000000000004,1,N,20220
0.6100000000000001,1.11,3.4000000000000004,2,N,20221
0.6100000000000001,1.11,3.4000000000000004,3,N,20222
0.6100000000000001,1.11,3.4000000000000004,4,N,20223
0.6100000000000001,1.11,3.4000000000000004,5,N,20224
0.6100000000000001,1.11,3.7,1,N,20225
0.6100000000000001,1.11,3.7,2,N,20226
0.6100000000000001,1.11,3.7,3,N,20227
0.6100000000000001,1.11,3.7,4,N,20228
0.6100000000000001,1.11,3.7,5,N,20229
0.6100000000000001,1.11,4.0,1,N,20230
0.6100000000000001,1.11,4.0,2,N,20231
0.6100000000000001,1.11,4.0,3,N,20232
0.6100000000000001,1.11,4.0,4,N,20233
0.6100000000000001,1.11,4.0,5,N,20234
0.6100000000000001,1.11,4.300000000000002,1,N,20235
0.6100000000000001,1.11,4.300000000000002,2,N,20236
0.6100000000000001,1.11,4.300000000000002,3,N,20237
0.6100000000000001,1.11,4.300000000000002,4,N,20238
0.6100000000000001,1.11,4.300000000000002,5,N,20239
0.6100000000000001,1.11,4.6000000000000005,1,N,20240
0.6100000000000001,1.11,4.6000000000000005,2,N,20241
0.6100000000000001,1.11,4.6000000000000005,3,N,20242
0.6100000000000001,1.11,4.6000000000000005,4,N,20243
0.6100000000000001,1.11,4.6000000000000005,5,N,20244
0.6100000000000001,1.11,4.9,1,N,20245
0.6100000000000001,1.11,4.9,2,N,20246
0.6100000000000001,1.11,4.9,3,N,20247
0.6100000000000001,1.11,4.9,4,N,20248
0.6100000000000001,1.11,4.9,5,N,20249
0.6100000000000001,1.3,0.01,1,N,20250
0.6100000000000001,1.3,0.01,2,N,20251
0.6100000000000001,1.3,0.01,3,N,20252
0.6100000000000001,1.3,0.01,4,N,20253
0.6100000000000001,1.3,0.01,5,N,20254
0.6100000000000001,1.3,0.11,1,N,20255
0.6100000000000001,1.3,0.11,2,N,20256
0.6100000000000001,1.3,0.11,3,N,20257
0.6100000000000001,1.3,0.11,4,N,20258
0.6100000000000001,1.3,0.11,5,N,20259
0.6100000000000001,1.3,0.21,1,N,20260
0.6100000000000001,1.3,0.21,2,N,20261
0.6100000000000001,1.3,0.21,3,N,20262
0.6100000000000001,1.3,0.21,4,N,20263
0.6100000000000001,1.3,0.21,5,N,20264
0.6100000000000001,1.3,0.31000000000000005,1,N,20265
0.6100000000000001,1.3,0.31000000000000005,2,N,20266
0.6100000000000001,1.3,0.31000000000000005,3,N,20267
0.6100000000000001,1.3,0.31000000000000005,4,N,20268
0.6100000000000001,1.3,0.31000000000000005,5,N,20269
0.6100000000000001,1.3,0.41,1,N,20270
0.6100000000000001,1.3,0.41,2,N,20271
0.6100000000000001,1.3,0.41,3,N,20272
0.6100000000000001,1.3,0.41,4,N,20273
0.6100000000000001,1.3,0.41,5,N,20274
0.6100000000000001,1.3,0.51,1,N,20275
0.6100000000000001,1.3,0.51,2,N,20276
0.6100000000000001,1.3,0.51,3,N,20277
0.6100000000000001,1.3,0.51,4,N,20278
0.6100000000000001,1.3,0.51,5,N,20279
0.6100000000000001,1.3,0.6100000000000001,1,N,20280
0.6100000000000001,1.3,0.6100000000000001,2,N,20281
0.6100000000000001,1.3,0.6100000000000001,3,N,20282
0.6100000000000001,1.3,0.6100000000000001,4,N,20283
0.6100000000000001,1.3,0.6100000000000001,5,N,20284
0.6100000000000001,1.3,0.7100000000000001,1,N,20285
0.6100000000000001,1.3,0.7100000000000001,2,N,20286
0.6100000000000001,1.3,0.7100000000000001,3,N,20287
0.6100000000000001,1.3,0.7100000000000001,4,N,20288
0.6100000000000001,1.3,0.7100000000000001,5,N,20289
0.6100000000000001,1.3,0.81,1,N,20290
0.6100000000000001,1.3,0.81,2,N,20291
0.6100000000000001,1.3,0.81,3,N,20292
0.6100000000000001,1.3,0.81,4,N,20293
0.6100000000000001,1.3,0.81,5,N,20294
0.6100000000000001,1.3,0.91,1,N,20295
0.6100000000000001,1.3,0.91,2,N,20296
0.6100000000000001,1.3,0.91,3,N,20297
0.6100000000000001,1.3,0.91,4,N,20298
0.6100000000000001,1.3,0.91,5,N,20299
0.6100000000000001,1.3,1.01,1,N,20300
0.6100000000000001,1.3,1.01,2,N,20301
0.6100000000000001,1.3,1.01,3,N,20302
0.6100000000000001,1.3,1.01,4,N,20303
0.6100000000000001,1.3,1.01,5,N,20304
0.6100000000000001,1.3,1.11,1,N,20305
0.6100000000000001,1.3,1.11,2,N,20306
0.6100000000000001,1.3,1.11,3,N,20307
0.6100000000000001,1.3,1.11,4,N,20308
0.6100000000000001,1.3,1.11,5,N,20309
0.6100000000000001,1.3,1.3,1,N,20310
0.6100000000000001,1.3,1.3,2,N,20311
0.6100000000000001,1.3,1.3,3,N,20312
0.6100000000000001,1.3,1.3,4,N,20313
0.6100000000000001,1.3,1.3,5,N,20314
0.6100000000000001,1.3,1.6,1,N,20315
0.6100000000000001,1.3,1.6,2,N,20316
0.6100000000000001,1.3,1.6,3,N,20317
0.6100000000000001,1.3,1.6,4,N,20318
0.6100000000000001,1.3,1.6,5,N,20319
0.6100000000000001,1.3,1.9,1,N,20320
0.6100000000000001,1.3,1.9,2,N,20321
0.6100000000000001,1.3,1.9,3,N,20322
0.6100000000000001,1.3,1.9,4,N,20323
0.6100000000000001,1.3,1.9,5,N,20324
0.6100000000000001,1.3,2.2,1,N,20325
0.6100000000000001,1.3,2.2,2,N,20326
0.6100000000000001,1.3,2.2,3,N,20327
0.6100000000000001,1.3,2.2,4,N,20328
0.6100000000000001,1.3,2.2,5,N,20329
0.6100000000000001,1.3,2.5,1,N,20330
0.6100000000000001,1.3,2.5,2,N,20331
0.6100000000000001,1.3,2.5,3,N,20332
0.6100000000000001,1.3,2.5,4,N,20333
0.6100000000000001,1.3,2.5,5,N,20334
0.6100000000000001,1.3,2.8000000000000003,1,N,20335
0.6100000000000001,1.3,2.8000000000000003,2,N,20336
0.6100000000000001,1.3,2.8000000000000003,3,N,20337
0.6100000000000001,1.3,2.8000000000000003,4,N,20338
0.6100000000000001,1.3,2.8000000000000003,5,N,20339
0.6100000000000001,1.3,3.1000000000000005,1,N,20340
0.6100000000000001,1.3,3.1000000000000005,2,N,20341
0.6100000000000001,1.3,3.1000000000000005,3,N,20342
0.6100000000000001,1.3,3.1000000000000005,4,N,20343
0.6100000000000001,1.3,3.1000000000000005,5,N,20344
0.6100000000000001,1.3,3.4000000000000004,1,N,20345
0.6100000000000001,1.3,3.4000000000000004,2,N,20346
0.6100000000000001,1.3,3.4000000000000004,3,N,20347
0.6100000000000001,1.3,3.4000000000000004,4,N,20348
0.6100000000000001,1.3,3.4000000000000004,5,N,20349
0.6100000000000001,1.3,3.7,1,N,20350
0.6100000000000001,1.3,3.7,2,N,20351
0.6100000000000001,1.3,3.7,3,N,20352
0.6100000000000001,1.3,3.7,4,N,20353
0.6100000000000001,1.3,3.7,5,N,20354
0.6100000000000001,1.3,4.0,1,N,20355
0.6100000000000001,1.3,4.0,2,N,20356
0.6100000000000001,1.3,4.0,3,N,20357
0.6100000000000001,1.3,4.0,4,N,20358
0.6100000000000001,1.3,4.0,5,N,20359
0.6100000000000001,1.3,4.300000000000002,1,N,20360
0.6100000000000001,1.3,4.300000000000002,2,N,20361
0.6100000000000001,1.3,4.300000000000002,3,N,20362
0.6100000000000001,1.3,4.300000000000002,4,N,20363
0.6100000000000001,1.3,4.300000000000002,5,N,20364
0.6100000000000001,1.3,4.6000000000000005,1,N,20365
0.6100000000000001,1.3,4.6000000000000005,2,N,20366
0.6100000000000001,1.3,4.6000000000000005,3,N,20367
0.6100000000000001,1.3,4.6000000000000005,4,N,20368
0.6100000000000001,1.3,4.6000000000000005,5,N,20369
0.6100000000000001,1.3,4.9,1,N,20370
0.6100000000000001,1.3,4.9,2,N,20371
0.6100000000000001,1.3,4.9,3,N,20372
0.6100000000000001,1.3,4.9,4,N,20373
0.6100000000000001,1.3,4.9,5,N,20374
0.6100000000000001,1.6,0.01,1,N,20375
0.6100000000000001,1.6,0.01,2,N,20376
0.6100000000000001,1.6,0.01,3,N,20377
0.6100000000000001,1.6,0.01,4,N,20378
0.6100000000000001,1.6,0.01,5,N,20379
0.6100000000000001,1.6,0.11,1,N,20380
0.6100000000000001,1.6,0.11,2,N,20381
0.6100000000000001,1.6,0.11,3,N,20382
0.6100000000000001,1.6,0.11,4,N,20383
0.6100000000000001,1.6,0.11,5,N,20384
0.6100000000000001,1.6,0.21,1,N,20385
0.6100000000000001,1.6,0.21,2,N,20386
0.6100000000000001,1.6,0.21,3,N,20387
0.6100000000000001,1.6,0.21,4,N,20388
0.6100000000000001,1.6,0.21,5,N,20389
0.6100000000000001,1.6,0.31000000000000005,1,N,20390
0.6100000000000001,1.6,0.31000000000000005,2,N,20391
0.6100000000000001,1.6,0.31000000000000005,3,N,20392
0.6100000000000001,1.6,0.31000000000000005,4,N,20393
0.6100000000000001,1.6,0.31000000000000005,5,N,20394
0.6100000000000001,1.6,0.41,1,N,20395
0.6100000000000001,1.6,0.41,2,N,20396
0.6100000000000001,1.6,0.41,3,N,20397
0.6100000000000001,1.6,0.41,4,N,20398
0.6100000000000001,1.6,0.41,5,N,20399
0.6100000000000001,1.6,0.51,1,N,20400
0.6100000000000001,1.6,0.51,2,N,20401
0.6100000000000001,1.6,0.51,3,N,20402
0.6100000000000001,1.6,0.51,4,N,20403
0.6100000000000001,1.6,0.51,5,N,20404
0.6100000000000001,1.6,0.6100000000000001,1,N,20405
0.6100000000000001,1.6,0.6100000000000001,2,N,20406
0.6100000000000001,1.6,0.6100000000000001,3,N,20407
0.6100000000000001,1.6,0.6100000000000001,4,N,20408
0.6100000000000001,1.6,0.6100000000000001,5,N,20409
0.6100000000000001,1.6,0.7100000000000001,1,N,20410
0.6100000000000001,1.6,0.7100000000000001,2,N,20411
0.6100000000000001,1.6,0.7100000000000001,3,N,20412
0.6100000000000001,1.6,0.7100000000000001,4,N,20413
0.6100000000000001,1.6,0.7100000000000001,5,N,20414
0.6100000000000001,1.6,0.81,1,N,20415
0.6100000000000001,1.6,0.81,2,N,20416
0.6100000000000001,1.6,0.81,3,N,20417
0.6100000000000001,1.6,0.81,4,N,20418
0.6100000000000001,1.6,0.81,5,N,20419
0.6100000000000001,1.6,0.91,1,N,20420
0.6100000000000001,1.6,0.91,2,N,20421
0.6100000000000001,1.6,0.91,3,N,20422
0.6100000000000001,1.6,0.91,4,N,20423
0.6100000000000001,1.6,0.91,5,N,20424
0.6100000000000001,1.6,1.01,1,N,20425
0.6100000000000001,1.6,1.01,2,N,20426
0.6100000000000001,1.6,1.01,3,N,20427
0.6100000000000001,1.6,1.01,4,N,20428
0.6100000000000001,1.6,1.01,5,N,20429
0.6100000000000001,1.6,1.11,1,N,20430
0.6100000000000001,1.6,1.11,2,N,20431
0.6100000000000001,1.6,1.11,3,N,20432
0.6100000000000001,1.6,1.11,4,N,20433
0.6100000000000001,1.6,1.11,5,N,20434
0.6100000000000001,1.6,1.3,1,N,20435
0.6100000000000001,1.6,1.3,2,N,20436
0.6100000000000001,1.6,1.3,3,N,20437
0.6100000000000001,1.6,1.3,4,N,20438
0.6100000000000001,1.6,1.3,5,N,20439
0.6100000000000001,1.6,1.6,1,N,20440
0.6100000000000001,1.6,1.6,2,N,20441
0.6100000000000001,1.6,1.6,3,N,20442
0.6100000000000001,1.6,1.6,4,N,20443
0.6100000000000001,1.6,1.6,5,N,20444
0.6100000000000001,1.6,1.9,1,N,20445
0.6100000000000001,1.6,1.9,2,N,20446
0.6100000000000001,1.6,1.9,3,N,20447
0.6100000000000001,1.6,1.9,4,N,20448
0.6100000000000001,1.6,1.9,5,N,20449
0.6100000000000001,1.6,2.2,1,N,20450
0.6100000000000001,1.6,2.2,2,N,20451
0.6100000000000001,1.6,2.2,3,N,20452
0.6100000000000001,1.6,2.2,4,N,20453
0.6100000000000001,1.6,2.2,5,N,20454
0.6100000000000001,1.6,2.5,1,N,20455
0.6100000000000001,1.6,2.5,2,N,20456
0.6100000000000001,1.6,2.5,3,N,20457
0.6100000000000001,1.6,2.5,4,N,20458
0.6100000000000001,1.6,2.5,5,N,20459
0.6100000000000001,1.6,2.8000000000000003,1,N,20460
0.6100000000000001,1.6,2.8000000000000003,2,N,20461
0.6100000000000001,1.6,2.8000000000000003,3,N,20462
0.6100000000000001,1.6,2.8000000000000003,4,N,20463
0.6100000000000001,1.6,2.8000000000000003,5,N,20464
0.6100000000000001,1.6,3.1000000000000005,1,N,20465
0.6100000000000001,1.6,3.1000000000000005,2,N,20466
0.6100000000000001,1.6,3.1000000000000005,3,N,20467
0.6100000000000001,1.6,3.1000000000000005,4,N,20468
0.6100000000000001,1.6,3.1000000000000005,5,N,20469
0.6100000000000001,1.6,3.4000000000000004,1,N,20470
0.6100000000000001,1.6,3.4000000000000004,2,N,20471
0.6100000000000001,1.6,3.4000000000000004,3,N,20472
0.6100000000000001,1.6,3.4000000000000004,4,N,20473
0.6100000000000001,1.6,3.4000000000000004,5,N,20474
0.6100000000000001,1.6,3.7,1,N,20475
0.6100000000000001,1.6,3.7,2,N,20476
0.6100000000000001,1.6,3.7,3,N,20477
0.6100000000000001,1.6,3.7,4,N,20478
0.6100000000000001,1.6,3.7,5,N,20479
0.6100000000000001,1.6,4.0,1,N,20480
0.6100000000000001,1.6,4.0,2,N,20481
0.6100000000000001,1.6,4.0,3,N,20482
0.6100000000000001,1.6,4.0,4,N,20483
0.6100000000000001,1.6,4.0,5,N,20484
0.6100000000000001,1.6,4.300000000000002,1,N,20485
0.6100000000000001,1.6,4.300000000000002,2,N,20486
0.6100000000000001,1.6,4.300000000000002,3,N,20487
0.6100000000000001,1.6,4.300000000000002,4,N,20488
0.6100000000000001,1.6,4.300000000000002,5,N,20489
0.6100000000000001,1.6,4.6000000000000005,1,N,20490
0.6100000000000001,1.6,4.6000000000000005,2,N,20491
0.6100000000000001,1.6,4.6000000000000005,3,N,20492
0.6100000000000001,1.6,4.6000000000000005,4,N,20493
0.6100000000000001,1.6,4.6000000000000005,5,N,20494
0.6100000000000001,1.6,4.9,1,N,20495
0.6100000000000001,1.6,4.9,2,N,20496
0.6100000000000001,1.6,4.9,3,N,20497
0.6100000000000001,1.6,4.9,4,N,20498
0.6100000000000001,1.6,4.9,5,N,20499
0.6100000000000001,1.9,0.01,1,N,20500
0.6100000000000001,1.9,0.01,2,N,20501
0.6100000000000001,1.9,0.01,3,N,20502
0.6100000000000001,1.9,0.01,4,N,20503
0.6100000000000001,1.9,0.01,5,N,20504
0.6100000000000001,1.9,0.11,1,N,20505
0.6100000000000001,1.9,0.11,2,N,20506
0.6100000000000001,1.9,0.11,3,N,20507
0.6100000000000001,1.9,0.11,4,N,20508
0.6100000000000001,1.9,0.11,5,N,20509
0.6100000000000001,1.9,0.21,1,N,20510
0.6100000000000001,1.9,0.21,2,N,20511
0.6100000000000001,1.9,0.21,3,N,20512
0.6100000000000001,1.9,0.21,4,N,20513
0.6100000000000001,1.9,0.21,5,N,20514
0.6100000000000001,1.9,0.31000000000000005,1,N,20515
0.6100000000000001,1.9,0.31000000000000005,2,N,20516
0.6100000000000001,1.9,0.31000000000000005,3,N,20517
0.6100000000000001,1.9,0.31000000000000005,4,N,20518
0.6100000000000001,1.9,0.31000000000000005,5,N,20519
0.6100000000000001,1.9,0.41,1,N,20520
0.6100000000000001,1.9,0.41,2,N,20521
0.6100000000000001,1.9,0.41,3,N,20522
0.6100000000000001,1.9,0.41,4,N,20523
0.6100000000000001,1.9,0.41,5,N,20524
0.6100000000000001,1.9,0.51,1,N,20525
0.6100000000000001,1.9,0.51,2,N,20526
0.6100000000000001,1.9,0.51,3,N,20527
0.6100000000000001,1.9,0.51,4,N,20528
0.6100000000000001,1.9,0.51,5,N,20529
0.6100000000000001,1.9,0.6100000000000001,1,N,20530
0.6100000000000001,1.9,0.6100000000000001,2,N,20531
0.6100000000000001,1.9,0.6100000000000001,3,N,20532
0.6100000000000001,1.9,0.6100000000000001,4,N,20533
0.6100000000000001,1.9,0.6100000000000001,5,N,20534
0.6100000000000001,1.9,0.7100000000000001,1,N,20535
0.6100000000000001,1.9,0.7100000000000001,2,N,20536
0.6100000000000001,1.9,0.7100000000000001,3,N,20537
0.6100000000000001,1.9,0.7100000000000001,4,N,20538
0.6100000000000001,1.9,0.7100000000000001,5,N,20539
0.6100000000000001,1.9,0.81,1,N,20540
0.6100000000000001,1.9,0.81,2,N,20541
0.6100000000000001,1.9,0.81,3,N,20542
0.6100000000000001,1.9,0.81,4,N,20543
0.6100000000000001,1.9,0.81,5,N,20544
0.6100000000000001,1.9,0.91,1,N,20545
0.6100000000000001,1.9,0.91,2,N,20546
0.6100000000000001,1.9,0.91,3,N,20547
0.6100000000000001,1.9,0.91,4,N,20548
0.6100000000000001,1.9,0.91,5,N,20549
0.6100000000000001,1.9,1.01,1,N,20550
0.6100000000000001,1.9,1.01,2,N,20551
0.6100000000000001,1.9,1.01,3,N,20552
0.6100000000000001,1.9,1.01,4,N,20553
0.6100000000000001,1.9,1.01,5,N,20554
0.6100000000000001,1.9,1.11,1,N,20555
0.6100000000000001,1.9,1.11,2,N,20556
0.6100000000000001,1.9,1.11,3,N,20557
0.6100000000000001,1.9,1.11,4,N,20558
0.6100000000000001,1.9,1.11,5,N,20559
0.6100000000000001,1.9,1.3,1,N,20560
0.6100000000000001,1.9,1.3,2,N,20561
0.6100000000000001,1.9,1.3,3,N,20562
0.6100000000000001,1.9,1.3,4,N,20563
0.6100000000000001,1.9,1.3,5,N,20564
0.6100000000000001,1.9,1.6,1,N,20565
0.6100000000000001,1.9,1.6,2,N,20566
0.6100000000000001,1.9,1.6,3,N,20567
0.6100000000000001,1.9,1.6,4,N,20568
0.6100000000000001,1.9,1.6,5,N,20569
0.6100000000000001,1.9,1.9,1,N,20570
0.6100000000000001,1.9,1.9,2,N,20571
0.6100000000000001,1.9,1.9,3,N,20572
0.6100000000000001,1.9,1.9,4,N,20573
0.6100000000000001,1.9,1.9,5,N,20574
0.6100000000000001,1.9,2.2,1,N,20575
0.6100000000000001,1.9,2.2,2,N,20576
0.6100000000000001,1.9,2.2,3,N,20577
0.6100000000000001,1.9,2.2,4,N,20578
0.6100000000000001,1.9,2.2,5,N,20579
0.6100000000000001,1.9,2.5,1,N,20580
0.6100000000000001,1.9,2.5,2,N,20581
0.6100000000000001,1.9,2.5,3,N,20582
0.6100000000000001,1.9,2.5,4,N,20583
0.6100000000000001,1.9,2.5,5,N,20584
0.6100000000000001,1.9,2.8000000000000003,1,N,20585
0.6100000000000001,1.9,2.8000000000000003,2,N,20586
0.6100000000000001,1.9,2.8000000000000003,3,N,20587
0.6100000000000001,1.9,2.8000000000000003,4,N,20588
0.6100000000000001,1.9,2.8000000000000003,5,N,20589
0.6100000000000001,1.9,3.1000000000000005,1,N,20590
0.6100000000000001,1.9,3.1000000000000005,2,N,20591
0.6100000000000001,1.9,3.1000000000000005,3,N,20592
0.6100000000000001,1.9,3.1000000000000005,4,N,20593
0.6100000000000001,1.9,3.1000000000000005,5,N,20594
0.6100000000000001,1.9,3.4000000000000004,1,N,20595
0.6100000000000001,1.9,3.4000000000000004,2,N,20596
0.6100000000000001,1.9,3.4000000000000004,3,N,20597
0.6100000000000001,1.9,3.4000000000000004,4,N,20598
0.6100000000000001,1.9,3.4000000000000004,5,N,20599
0.6100000000000001,1.9,3.7,1,N,20600
0.6100000000000001,1.9,3.7,2,N,20601
0.6100000000000001,1.9,3.7,3,N,20602
0.6100000000000001,1.9,3.7,4,N,20603
0.6100000000000001,1.9,3.7,5,N,20604
0.6100000000000001,1.9,4.0,1,N,20605
0.6100000000000001,1.9,4.0,2,N,20606
0.6100000000000001,1.9,4.0,3,N,20607
0.6100000000000001,1.9,4.0,4,N,20608
0.6100000000000001,1.9,4.0,5,N,20609
0.6100000000000001,1.9,4.300000000000002,1,N,20610
0.6100000000000001,1.9,4.300000000000002,2,N,20611
0.6100000000000001,1.9,4.300000000000002,3,N,20612
0.6100000000000001,1.9,4.300000000000002,4,N,20613
0.6100000000000001,1.9,4.300000000000002,5,N,20614
0.6100000000000001,1.9,4.6000000000000005,1,N,20615
0.6100000000000001,1.9,4.6000000000000005,2,N,20616
0.6100000000000001,1.9,4.6000000000000005,3,N,20617
0.6100000000000001,1.9,4.6000000000000005,4,N,20618
0.6100000000000001,1.9,4.6000000000000005,5,N,20619
0.6100000000000001,1.9,4.9,1,N,20620
0.6100000000000001,1.9,4.9,2,N,20621
0.6100000000000001,1.9,4.9,3,N,20622
0.6100000000000001,1.9,4.9,4,N,20623
0.6100000000000001,1.9,4.9,5,N,20624
0.6100000000000001,2.2,0.01,1,N,20625
0.6100000000000001,2.2,0.01,2,N,20626
0.6100000000000001,2.2,0.01,3,N,20627
0.6100000000000001,2.2,0.01,4,N,20628
0.6100000000000001,2.2,0.01,5,N,20629
0.6100000000000001,2.2,0.11,1,N,20630
0.6100000000000001,2.2,0.11,2,N,20631
0.6100000000000001,2.2,0.11,3,N,20632
0.6100000000000001,2.2,0.11,4,N,20633
0.6100000000000001,2.2,0.11,5,N,20634
0.6100000000000001,2.2,0.21,1,N,20635
0.6100000000000001,2.2,0.21,2,N,20636
0.6100000000000001,2.2,0.21,3,N,20637
0.6100000000000001,2.2,0.21,4,N,20638
0.6100000000000001,2.2,0.21,5,N,20639
0.6100000000000001,2.2,0.31000000000000005,1,N,20640
0.6100000000000001,2.2,0.31000000000000005,2,N,20641
0.6100000000000001,2.2,0.31000000000000005,3,N,20642
0.6100000000000001,2.2,0.31000000000000005,4,N,20643
0.6100000000000001,2.2,0.31000000000000005,5,N,20644
0.6100000000000001,2.2,0.41,1,N,20645
0.6100000000000001,2.2,0.41,2,N,20646
0.6100000000000001,2.2,0.41,3,N,20647
0.6100000000000001,2.2,0.41,4,N,20648
0.6100000000000001,2.2,0.41,5,N,20649
0.6100000000000001,2.2,0.51,1,N,20650
0.6100000000000001,2.2,0.51,2,N,20651
0.6100000000000001,2.2,0.51,3,N,20652
0.6100000000000001,2.2,0.51,4,N,20653
0.6100000000000001,2.2,0.51,5,N,20654
0.6100000000000001,2.2,0.6100000000000001,1,N,20655
0.6100000000000001,2.2,0.6100000000000001,2,N,20656
0.6100000000000001,2.2,0.6100000000000001,3,N,20657
0.6100000000000001,2.2,0.6100000000000001,4,N,20658
0.6100000000000001,2.2,0.6100000000000001,5,N,20659
0.6100000000000001,2.2,0.7100000000000001,1,N,20660
0.6100000000000001,2.2,0.7100000000000001,2,N,20661
0.6100000000000001,2.2,0.7100000000000001,3,N,20662
0.6100000000000001,2.2,0.7100000000000001,4,N,20663
0.6100000000000001,2.2,0.7100000000000001,5,N,20664
0.6100000000000001,2.2,0.81,1,N,20665
0.6100000000000001,2.2,0.81,2,N,20666
0.6100000000000001,2.2,0.81,3,N,20667
0.6100000000000001,2.2,0.81,4,N,20668
0.6100000000000001,2.2,0.81,5,N,20669
0.6100000000000001,2.2,0.91,1,N,20670
0.6100000000000001,2.2,0.91,2,N,20671
0.6100000000000001,2.2,0.91,3,N,20672
0.6100000000000001,2.2,0.91,4,N,20673
0.6100000000000001,2.2,0.91,5,N,20674
0.6100000000000001,2.2,1.01,1,N,20675
0.6100000000000001,2.2,1.01,2,N,20676
0.6100000000000001,2.2,1.01,3,N,20677
0.6100000000000001,2.2,1.01,4,N,20678
0.6100000000000001,2.2,1.01,5,N,20679
0.6100000000000001,2.2,1.11,1,N,20680
0.6100000000000001,2.2,1.11,2,N,20681
0.6100000000000001,2.2,1.11,3,N,20682
0.6100000000000001,2.2,1.11,4,N,20683
0.6100000000000001,2.2,1.11,5,N,20684
0.6100000000000001,2.2,1.3,1,N,20685
0.6100000000000001,2.2,1.3,2,N,20686
0.6100000000000001,2.2,1.3,3,N,20687
0.6100000000000001,2.2,1.3,4,N,20688
0.6100000000000001,2.2,1.3,5,N,20689
0.6100000000000001,2.2,1.6,1,N,20690
0.6100000000000001,2.2,1.6,2,N,20691
0.6100000000000001,2.2,1.6,3,N,20692
0.6100000000000001,2.2,1.6,4,N,20693
0.6100000000000001,2.2,1.6,5,N,20694
0.6100000000000001,2.2,1.9,1,N,20695
0.6100000000000001,2.2,1.9,2,N,20696
0.6100000000000001,2.2,1.9,3,N,20697
0.6100000000000001,2.2,1.9,4,N,20698
0.6100000000000001,2.2,1.9,5,N,20699
0.6100000000000001,2.2,2.2,1,N,20700
0.6100000000000001,2.2,2.2,2,N,20701
0.6100000000000001,2.2,2.2,3,N,20702
0.6100000000000001,2.2,2.2,4,N,20703
0.6100000000000001,2.2,2.2,5,N,20704
0.6100000000000001,2.2,2.5,1,N,20705
0.6100000000000001,2.2,2.5,2,N,20706
0.6100000000000001,2.2,2.5,3,N,20707
0.6100000000000001,2.2,2.5,4,N,20708
0.6100000000000001,2.2,2.5,5,N,20709
0.6100000000000001,2.2,2.8000000000000003,1,N,20710
0.6100000000000001,2.2,2.8000000000000003,2,N,20711
0.6100000000000001,2.2,2.8000000000000003,3,N,20712
0.6100000000000001,2.2,2.8000000000000003,4,N,20713
0.6100000000000001,2.2,2.8000000000000003,5,N,20714
0.6100000000000001,2.2,3.1000000000000005,1,N,20715
0.6100000000000001,2.2,3.1000000000000005,2,N,20716
0.6100000000000001,2.2,3.1000000000000005,3,N,20717
0.6100000000000001,2.2,3.1000000000000005,4,N,20718
0.6100000000000001,2.2,3.1000000000000005,5,N,20719
0.6100000000000001,2.2,3.4000000000000004,1,N,20720
0.6100000000000001,2.2,3.4000000000000004,2,N,20721
0.6100000000000001,2.2,3.4000000000000004,3,N,20722
0.6100000000000001,2.2,3.4000000000000004,4,N,20723
0.6100000000000001,2.2,3.4000000000000004,5,N,20724
0.6100000000000001,2.2,3.7,1,N,20725
0.6100000000000001,2.2,3.7,2,N,20726
0.6100000000000001,2.2,3.7,3,N,20727
0.6100000000000001,2.2,3.7,4,N,20728
0.6100000000000001,2.2,3.7,5,N,20729
0.6100000000000001,2.2,4.0,1,N,20730
0.6100000000000001,2.2,4.0,2,N,20731
0.6100000000000001,2.2,4.0,3,N,20732
0.6100000000000001,2.2,4.0,4,N,20733
0.6100000000000001,2.2,4.0,5,N,20734
0.6100000000000001,2.2,4.300000000000002,1,N,20735
0.6100000000000001,2.2,4.300000000000002,2,N,20736
0.6100000000000001,2.2,4.300000000000002,3,N,20737
0.6100000000000001,2.2,4.300000000000002,4,N,20738
0.6100000000000001,2.2,4.300000000000002,5,N,20739
0.6100000000000001,2.2,4.6000000000000005,1,N,20740
0.6100000000000001,2.2,4.6000000000000005,2,N,20741
0.6100000000000001,2.2,4.6000000000000005,3,N,20742
0.6100000000000001,2.2,4.6000000000000005,4,N,20743
0.6100000000000001,2.2,4.6000000000000005,5,N,20744
0.6100000000000001,2.2,4.9,1,N,20745
0.6100000000000001,2.2,4.9,2,N,20746
0.6100000000000001,2.2,4.9,3,N,20747
0.6100000000000001,2.2,4.9,4,N,20748
0.6100000000000001,2.2,4.9,5,N,20749
0.6100000000000001,2.5,0.01,1,N,20750
0.6100000000000001,2.5,0.01,2,N,20751
0.6100000000000001,2.5,0.01,3,N,20752
0.6100000000000001,2.5,0.01,4,N,20753
0.6100000000000001,2.5,0.01,5,N,20754
0.6100000000000001,2.5,0.11,1,N,20755
0.6100000000000001,2.5,0.11,2,N,20756
0.6100000000000001,2.5,0.11,3,N,20757
0.6100000000000001,2.5,0.11,4,N,20758
0.6100000000000001,2.5,0.11,5,N,20759
0.6100000000000001,2.5,0.21,1,N,20760
0.6100000000000001,2.5,0.21,2,N,20761
0.6100000000000001,2.5,0.21,3,N,20762
0.6100000000000001,2.5,0.21,4,N,20763
0.6100000000000001,2.5,0.21,5,N,20764
0.6100000000000001,2.5,0.31000000000000005,1,N,20765
0.6100000000000001,2.5,0.31000000000000005,2,N,20766
0.6100000000000001,2.5,0.31000000000000005,3,N,20767
0.6100000000000001,2.5,0.31000000000000005,4,N,20768
0.6100000000000001,2.5,0.31000000000000005,5,N,20769
0.6100000000000001,2.5,0.41,1,N,20770
0.6100000000000001,2.5,0.41,2,N,20771
0.6100000000000001,2.5,0.41,3,N,20772
0.6100000000000001,2.5,0.41,4,N,20773
0.6100000000000001,2.5,0.41,5,N,20774
0.6100000000000001,2.5,0.51,1,N,20775
0.6100000000000001,2.5,0.51,2,N,20776
0.6100000000000001,2.5,0.51,3,N,20777
0.6100000000000001,2.5,0.51,4,N,20778
0.6100000000000001,2.5,0.51,5,N,20779
0.6100000000000001,2.5,0.6100000000000001,1,N,20780
0.6100000000000001,2.5,0.6100000000000001,2,N,20781
0.6100000000000001,2.5,0.6100000000000001,3,N,20782
0.6100000000000001,2.5,0.6100000000000001,4,N,20783
0.6100000000000001,2.5,0.6100000000000001,5,N,20784
0.6100000000000001,2.5,0.7100000000000001,1,N,20785
0.6100000000000001,2.5,0.7100000000000001,2,N,20786
0.6100000000000001,2.5,0.7100000000000001,3,N,20787
0.6100000000000001,2.5,0.7100000000000001,4,N,20788
0.6100000000000001,2.5,0.7100000000000001,5,N,20789
0.6100000000000001,2.5,0.81,1,N,20790
0.6100000000000001,2.5,0.81,2,N,20791
0.6100000000000001,2.5,0.81,3,N,20792
0.6100000000000001,2.5,0.81,4,N,20793
0.6100000000000001,2.5,0.81,5,N,20794
0.6100000000000001,2.5,0.91,1,N,20795
0.6100000000000001,2.5,0.91,2,N,20796
0.6100000000000001,2.5,0.91,3,N,20797
0.6100000000000001,2.5,0.91,4,N,20798
0.6100000000000001,2.5,0.91,5,N,20799
0.6100000000000001,2.5,1.01,1,N,20800
0.6100000000000001,2.5,1.01,2,N,20801
0.6100000000000001,2.5,1.01,3,N,20802
0.6100000000000001,2.5,1.01,4,N,20803
0.6100000000000001,2.5,1.01,5,N,20804
0.6100000000000001,2.5,1.11,1,N,20805
0.6100000000000001,2.5,1.11,2,N,20806
0.6100000000000001,2.5,1.11,3,N,20807
0.6100000000000001,2.5,1.11,4,N,20808
0.6100000000000001,2.5,1.11,5,N,20809
0.6100000000000001,2.5,1.3,1,N,20810
0.6100000000000001,2.5,1.3,2,N,20811
0.6100000000000001,2.5,1.3,3,N,20812
0.6100000000000001,2.5,1.3,4,N,20813
0.6100000000000001,2.5,1.3,5,N,20814
0.6100000000000001,2.5,1.6,1,N,20815
0.6100000000000001,2.5,1.6,2,N,20816
0.6100000000000001,2.5,1.6,3,N,20817
0.6100000000000001,2.5,1.6,4,N,20818
0.6100000000000001,2.5,1.6,5,N,20819
0.6100000000000001,2.5,1.9,1,N,20820
0.6100000000000001,2.5,1.9,2,N,20821
0.6100000000000001,2.5,1.9,3,N,20822
0.6100000000000001,2.5,1.9,4,N,20823
0.6100000000000001,2.5,1.9,5,N,20824
0.6100000000000001,2.5,2.2,1,N,20825
0.6100000000000001,2.5,2.2,2,N,20826
0.6100000000000001,2.5,2.2,3,N,20827
0.6100000000000001,2.5,2.2,4,N,20828
0.6100000000000001,2.5,2.2,5,N,20829
0.6100000000000001,2.5,2.5,1,N,20830
0.6100000000000001,2.5,2.5,2,N,20831
0.6100000000000001,2.5,2.5,3,N,20832
0.6100000000000001,2.5,2.5,4,N,20833
0.6100000000000001,2.5,2.5,5,N,20834
0.6100000000000001,2.5,2.8000000000000003,1,N,20835
0.6100000000000001,2.5,2.8000000000000003,2,N,20836
0.6100000000000001,2.5,2.8000000000000003,3,N,20837
0.6100000000000001,2.5,2.8000000000000003,4,N,20838
0.6100000000000001,2.5,2.8000000000000003,5,N,20839
0.6100000000000001,2.5,3.1000000000000005,1,N,20840
0.6100000000000001,2.5,3.1000000000000005,2,N,20841
0.6100000000000001,2.5,3.1000000000000005,3,N,20842
0.6100000000000001,2.5,3.1000000000000005,4,N,20843
0.6100000000000001,2.5,3.1000000000000005,5,N,20844
0.6100000000000001,2.5,3.4000000000000004,1,N,20845
0.6100000000000001,2.5,3.4000000000000004,2,N,20846
0.6100000000000001,2.5,3.4000000000000004,3,N,20847
0.6100000000000001,2.5,3.4000000000000004,4,N,20848
0.6100000000000001,2.5,3.4000000000000004,5,N,20849
0.6100000000000001,2.5,3.7,1,N,20850
0.6100000000000001,2.5,3.7,2,N,20851
0.6100000000000001,2.5,3.7,3,N,20852
0.6100000000000001,2.5,3.7,4,N,20853
0.6100000000000001,2.5,3.7,5,N,20854
0.6100000000000001,2.5,4.0,1,N,20855
0.6100000000000001,2.5,4.0,2,N,20856
0.6100000000000001,2.5,4.0,3,N,20857
0.6100000000000001,2.5,4.0,4,N,20858
0.6100000000000001,2.5,4.0,5,N,20859
0.6100000000000001,2.5,4.300000000000002,1,N,20860
0.6100000000000001,2.5,4.300000000000002,2,N,20861
0.6100000000000001,2.5,4.300000000000002,3,N,20862
0.6100000000000001,2.5,4.300000000000002,4,N,20863
0.6100000000000001,2.5,4.300000000000002,5,N,20864
0.6100000000000001,2.5,4.6000000000000005,1,N,20865
0.6100000000000001,2.5,4.6000000000000005,2,N,20866
0.6100000000000001,2.5,4.6000000000000005,3,N,20867
0.6100000000000001,2.5,4.6000000000000005,4,N,20868
0.6100000000000001,2.5,4.6000000000000005,5,N,20869
0.6100000000000001,2.5,4.9,1,N,20870
0.6100000000000001,2.5,4.9,2,N,20871
0.6100000000000001,2.5,4.9,3,N,20872
0.6100000000000001,2.5,4.9,4,N,20873
0.6100000000000001,2.5,4.9,5,N,20874
0.6100000000000001,2.8000000000000003,0.01,1,N,20875
0.6100000000000001,2.8000000000000003,0.01,2,N,20876
0.6100000000000001,2.8000000000000003,0.01,3,N,20877
0.6100000000000001,2.8000000000000003,0.01,4,N,20878
0.6100000000000001,2.8000000000000003,0.01,5,N,20879
0.6100000000000001,2.8000000000000003,0.11,1,N,20880
0.6100000000000001,2.8000000000000003,0.11,2,N,20881
0.6100000000000001,2.8000000000000003,0.11,3,N,20882
0.6100000000000001,2.8000000000000003,0.11,4,N,20883
0.6100000000000001,2.8000000000000003,0.11,5,N,20884
0.6100000000000001,2.8000000000000003,0.21,1,N,20885
0.6100000000000001,2.8000000000000003,0.21,2,N,20886
0.6100000000000001,2.8000000000000003,0.21,3,N,20887
0.6100000000000001,2.8000000000000003,0.21,4,N,20888
0.6100000000000001,2.8000000000000003,0.21,5,N,20889
0.6100000000000001,2.8000000000000003,0.31000000000000005,1,N,20890
0.6100000000000001,2.8000000000000003,0.31000000000000005,2,N,20891
0.6100000000000001,2.8000000000000003,0.31000000000000005,3,N,20892
0.6100000000000001,2.8000000000000003,0.31000000000000005,4,N,20893
0.6100000000000001,2.8000000000000003,0.31000000000000005,5,N,20894
0.6100000000000001,2.8000000000000003,0.41,1,N,20895
0.6100000000000001,2.8000000000000003,0.41,2,N,20896
0.6100000000000001,2.8000000000000003,0.41,3,N,20897
0.6100000000000001,2.8000000000000003,0.41,4,N,20898
0.6100000000000001,2.8000000000000003,0.41,5,N,20899
0.6100000000000001,2.8000000000000003,0.51,1,N,20900
0.6100000000000001,2.8000000000000003,0.51,2,N,20901
0.6100000000000001,2.8000000000000003,0.51,3,N,20902
0.6100000000000001,2.8000000000000003,0.51,4,N,20903
0.6100000000000001,2.8000000000000003,0.51,5,N,20904
0.6100000000000001,2.8000000000000003,0.6100000000000001,1,N,20905
0.6100000000000001,2.8000000000000003,0.6100000000000001,2,N,20906
0.6100000000000001,2.8000000000000003,0.6100000000000001,3,N,20907
0.6100000000000001,2.8000000000000003,0.6100000000000001,4,N,20908
0.6100000000000001,2.8000000000000003,0.6100000000000001,5,N,20909
0.6100000000000001,2.8000000000000003,0.7100000000000001,1,N,20910
0.6100000000000001,2.8000000000000003,0.7100000000000001,2,N,20911
0.6100000000000001,2.8000000000000003,0.7100000000000001,3,N,20912
0.6100000000000001,2.8000000000000003,0.7100000000000001,4,N,20913
0.6100000000000001,2.8000000000000003,0.7100000000000001,5,N,20914
0.6100000000000001,2.8000000000000003,0.81,1,N,20915
0.6100000000000001,2.8000000000000003,0.81,2,N,20916
0.6100000000000001,2.8000000000000003,0.81,3,N,20917
0.6100000000000001,2.8000000000000003,0.81,4,N,20918
0.6100000000000001,2.8000000000000003,0.81,5,N,20919
0.6100000000000001,2.8000000000000003,0.91,1,N,20920
0.6100000000000001,2.8000000000000003,0.91,2,N,20921
0.6100000000000001,2.8000000000000003,0.91,3,N,20922
0.6100000000000001,2.8000000000000003,0.91,4,N,20923
0.6100000000000001,2.8000000000000003,0.91,5,N,20924
0.6100000000000001,2.8000000000000003,1.01,1,N,20925
0.6100000000000001,2.8000000000000003,1.01,2,N,20926
0.6100000000000001,2.8000000000000003,1.01,3,N,20927
0.6100000000000001,2.8000000000000003,1.01,4,N,20928
0.6100000000000001,2.8000000000000003,1.01,5,N,20929
0.6100000000000001,2.8000000000000003,1.11,1,N,20930
0.6100000000000001,2.8000000000000003,1.11,2,N,20931
0.6100000000000001,2.8000000000000003,1.11,3,N,20932
0.6100000000000001,2.8000000000000003,1.11,4,N,20933
0.6100000000000001,2.8000000000000003,1.11,5,N,20934
0.6100000000000001,2.8000000000000003,1.3,1,N,20935
0.6100000000000001,2.8000000000000003,1.3,2,N,20936
0.6100000000000001,2.8000000000000003,1.3,3,N,20937
0.6100000000000001,2.8000000000000003,1.3,4,N,20938
0.6100000000000001,2.8000000000000003,1.3,5,N,20939
0.6100000000000001,2.8000000000000003,1.6,1,N,20940
0.6100000000000001,2.8000000000000003,1.6,2,N,20941
0.6100000000000001,2.8000000000000003,1.6,3,N,20942
0.6100000000000001,2.8000000000000003,1.6,4,N,20943
0.6100000000000001,2.8000000000000003,1.6,5,N,20944
0.6100000000000001,2.8000000000000003,1.9,1,N,20945
0.6100000000000001,2.8000000000000003,1.9,2,N,20946
0.6100000000000001,2.8000000000000003,1.9,3,N,20947
0.6100000000000001,2.8000000000000003,1.9,4,N,20948
0.6100000000000001,2.8000000000000003,1.9,5,N,20949
0.6100000000000001,2.8000000000000003,2.2,1,N,20950
0.6100000000000001,2.8000000000000003,2.2,2,N,20951
0.6100000000000001,2.8000000000000003,2.2,3,N,20952
0.6100000000000001,2.8000000000000003,2.2,4,N,20953
0.6100000000000001,2.8000000000000003,2.2,5,N,20954
0.6100000000000001,2.8000000000000003,2.5,1,N,20955
0.6100000000000001,2.8000000000000003,2.5,2,N,20956
0.6100000000000001,2.8000000000000003,2.5,3,N,20957
0.6100000000000001,2.8000000000000003,2.5,4,N,20958
0.6100000000000001,2.8000000000000003,2.5,5,N,20959
0.6100000000000001,2.8000000000000003,2.8000000000000003,1,N,20960
0.6100000000000001,2.8000000000000003,2.8000000000000003,2,N,20961
0.6100000000000001,2.8000000000000003,2.8000000000000003,3,N,20962
0.6100000000000001,2.8000000000000003,2.8000000000000003,4,N,20963
0.6100000000000001,2.8000000000000003,2.8000000000000003,5,N,20964
0.6100000000000001,2.8000000000000003,3.1000000000000005,1,N,20965
0.6100000000000001,2.8000000000000003,3.1000000000000005,2,N,20966
0.6100000000000001,2.8000000000000003,3.1000000000000005,3,N,20967
0.6100000000000001,2.8000000000000003,3.1000000000000005,4,N,20968
0.6100000000000001,2.8000000000000003,3.1000000000000005,5,N,20969
0.6100000000000001,2.8000000000000003,3.4000000000000004,1,N,20970
0.6100000000000001,2.8000000000000003,3.4000000000000004,2,N,20971
0.6100000000000001,2.8000000000000003,3.4000000000000004,3,N,20972
0.6100000000000001,2.8000000000000003,3.4000000000000004,4,N,20973
0.6100000000000001,2.8000000000000003,3.4000000000000004,5,N,20974
0.6100000000000001,2.8000000000000003,3.7,1,N,20975
0.6100000000000001,2.8000000000000003,3.7,2,N,20976
0.6100000000000001,2.8000000000000003,3.7,3,N,20977
0.6100000000000001,2.8000000000000003,3.7,4,N,20978
0.6100000000000001,2.8000000000000003,3.7,5,N,20979
0.6100000000000001,2.8000000000000003,4.0,1,N,20980
0.6100000000000001,2.8000000000000003,4.0,2,N,20981
0.6100000000000001,2.8000000000000003,4.0,3,N,20982
0.6100000000000001,2.8000000000000003,4.0,4,N,20983
0.6100000000000001,2.8000000000000003,4.0,5,N,20984
0.6100000000000001,2.8000000000000003,4.300000000000002,1,N,20985
0.6100000000000001,2.8000000000000003,4.300000000000002,2,N,20986
0.6100000000000001,2.8000000000000003,4.300000000000002,3,N,20987
0.6100000000000001,2.8000000000000003,4.300000000000002,4,N,20988
0.6100000000000001,2.8000000000000003,4.300000000000002,5,N,20989
0.6100000000000001,2.8000000000000003,4.6000000000000005,1,N,20990
0.6100000000000001,2.8000000000000003,4.6000000000000005,2,N,20991
0.6100000000000001,2.8000000000000003,4.6000000000000005,3,N,20992
0.6100000000000001,2.8000000000000003,4.6000000000000005,4,N,20993
0.6100000000000001,2.8000000000000003,4.6000000000000005,5,N,20994
0.6100000000000001,2.8000000000000003,4.9,1,N,20995
0.6100000000000001,2.8000000000000003,4.9,2,N,20996
0.6100000000000001,2.8000000000000003,4.9,3,N,20997
0.6100000000000001,2.8000000000000003,4.9,4,N,20998
0.6100000000000001,2.8000000000000003,4.9,5,N,20999
0.6100000000000001,3.1000000000000005,0.01,1,N,21000
0.6100000000000001,3.1000000000000005,0.01,2,N,21001
0.6100000000000001,3.1000000000000005,0.01,3,N,21002
0.6100000000000001,3.1000000000000005,0.01,4,N,21003
0.6100000000000001,3.1000000000000005,0.01,5,N,21004
0.6100000000000001,3.1000000000000005,0.11,1,N,21005
0.6100000000000001,3.1000000000000005,0.11,2,N,21006
0.6100000000000001,3.1000000000000005,0.11,3,N,21007
0.6100000000000001,3.1000000000000005,0.11,4,N,21008
0.6100000000000001,3.1000000000000005,0.11,5,N,21009
0.6100000000000001,3.1000000000000005,0.21,1,N,21010
0.6100000000000001,3.1000000000000005,0.21,2,N,21011
0.6100000000000001,3.1000000000000005,0.21,3,N,21012
0.6100000000000001,3.1000000000000005,0.21,4,N,21013
0.6100000000000001,3.1000000000000005,0.21,5,N,21014
0.6100000000000001,3.1000000000000005,0.31000000000000005,1,N,21015
0.6100000000000001,3.1000000000000005,0.31000000000000005,2,N,21016
0.6100000000000001,3.1000000000000005,0.31000000000000005,3,N,21017
0.6100000000000001,3.1000000000000005,0.31000000000000005,4,N,21018
0.6100000000000001,3.1000000000000005,0.31000000000000005,5,N,21019
0.6100000000000001,3.1000000000000005,0.41,1,N,21020
0.6100000000000001,3.1000000000000005,0.41,2,N,21021
0.6100000000000001,3.1000000000000005,0.41,3,N,21022
0.6100000000000001,3.1000000000000005,0.41,4,N,21023
0.6100000000000001,3.1000000000000005,0.41,5,N,21024
0.6100000000000001,3.1000000000000005,0.51,1,N,21025
0.6100000000000001,3.1000000000000005,0.51,2,N,21026
0.6100000000000001,3.1000000000000005,0.51,3,N,21027
0.6100000000000001,3.1000000000000005,0.51,4,N,21028
0.6100000000000001,3.1000000000000005,0.51,5,N,21029
0.6100000000000001,3.1000000000000005,0.6100000000000001,1,N,21030
0.6100000000000001,3.1000000000000005,0.6100000000000001,2,N,21031
0.6100000000000001,3.1000000000000005,0.6100000000000001,3,N,21032
0.6100000000000001,3.1000000000000005,0.6100000000000001,4,N,21033
0.6100000000000001,3.1000000000000005,0.6100000000000001,5,N,21034
0.6100000000000001,3.1000000000000005,0.7100000000000001,1,N,21035
0.6100000000000001,3.1000000000000005,0.7100000000000001,2,N,21036
0.6100000000000001,3.1000000000000005,0.7100000000000001,3,N,21037
0.6100000000000001,3.1000000000000005,0.7100000000000001,4,N,21038
0.6100000000000001,3.1000000000000005,0.7100000000000001,5,N,21039
0.6100000000000001,3.1000000000000005,0.81,1,N,21040
0.6100000000000001,3.1000000000000005,0.81,2,N,21041
0.6100000000000001,3.1000000000000005,0.81,3,N,21042
0.6100000000000001,3.1000000000000005,0.81,4,N,21043
0.6100000000000001,3.1000000000000005,0.81,5,N,21044
0.6100000000000001,3.1000000000000005,0.91,1,N,21045
0.6100000000000001,3.1000000000000005,0.91,2,N,21046
0.6100000000000001,3.1000000000000005,0.91,3,N,21047
0.6100000000000001,3.1000000000000005,0.91,4,N,21048
0.6100000000000001,3.1000000000000005,0.91,5,N,21049
0.6100000000000001,3.1000000000000005,1.01,1,N,21050
0.6100000000000001,3.1000000000000005,1.01,2,N,21051
0.6100000000000001,3.1000000000000005,1.01,3,N,21052
0.6100000000000001,3.1000000000000005,1.01,4,N,21053
0.6100000000000001,3.1000000000000005,1.01,5,N,21054
0.6100000000000001,3.1000000000000005,1.11,1,N,21055
0.6100000000000001,3.1000000000000005,1.11,2,N,21056
0.6100000000000001,3.1000000000000005,1.11,3,N,21057
0.6100000000000001,3.1000000000000005,1.11,4,N,21058
0.6100000000000001,3.1000000000000005,1.11,5,N,21059
0.6100000000000001,3.1000000000000005,1.3,1,N,21060
0.6100000000000001,3.1000000000000005,1.3,2,N,21061
0.6100000000000001,3.1000000000000005,1.3,3,N,21062
0.6100000000000001,3.1000000000000005,1.3,4,N,21063
0.6100000000000001,3.1000000000000005,1.3,5,N,21064
0.6100000000000001,3.1000000000000005,1.6,1,N,21065
0.6100000000000001,3.1000000000000005,1.6,2,N,21066
0.6100000000000001,3.1000000000000005,1.6,3,N,21067
0.6100000000000001,3.1000000000000005,1.6,4,N,21068
0.6100000000000001,3.1000000000000005,1.6,5,N,21069
0.6100000000000001,3.1000000000000005,1.9,1,N,21070
0.6100000000000001,3.1000000000000005,1.9,2,N,21071
0.6100000000000001,3.1000000000000005,1.9,3,N,21072
0.6100000000000001,3.1000000000000005,1.9,4,N,21073
0.6100000000000001,3.1000000000000005,1.9,5,N,21074
0.6100000000000001,3.1000000000000005,2.2,1,N,21075
0.6100000000000001,3.1000000000000005,2.2,2,N,21076
0.6100000000000001,3.1000000000000005,2.2,3,N,21077
0.6100000000000001,3.1000000000000005,2.2,4,N,21078
0.6100000000000001,3.1000000000000005,2.2,5,N,21079
0.6100000000000001,3.1000000000000005,2.5,1,N,21080
0.6100000000000001,3.1000000000000005,2.5,2,N,21081
0.6100000000000001,3.1000000000000005,2.5,3,N,21082
0.6100000000000001,3.1000000000000005,2.5,4,N,21083
0.6100000000000001,3.1000000000000005,2.5,5,N,21084
0.6100000000000001,3.1000000000000005,2.8000000000000003,1,N,21085
0.6100000000000001,3.1000000000000005,2.8000000000000003,2,N,21086
0.6100000000000001,3.1000000000000005,2.8000000000000003,3,N,21087
0.6100000000000001,3.1000000000000005,2.8000000000000003,4,N,21088
0.6100000000000001,3.1000000000000005,2.8000000000000003,5,N,21089
0.6100000000000001,3.1000000000000005,3.1000000000000005,1,N,21090
0.6100000000000001,3.1000000000000005,3.1000000000000005,2,N,21091
0.6100000000000001,3.1000000000000005,3.1000000000000005,3,N,21092
0.6100000000000001,3.1000000000000005,3.1000000000000005,4,N,21093
0.6100000000000001,3.1000000000000005,3.1000000000000005,5,N,21094
0.6100000000000001,3.1000000000000005,3.4000000000000004,1,N,21095
0.6100000000000001,3.1000000000000005,3.4000000000000004,2,N,21096
0.6100000000000001,3.1000000000000005,3.4000000000000004,3,N,21097
0.6100000000000001,3.1000000000000005,3.4000000000000004,4,N,21098
0.6100000000000001,3.1000000000000005,3.4000000000000004,5,N,21099
0.6100000000000001,3.1000000000000005,3.7,1,N,21100
0.6100000000000001,3.1000000000000005,3.7,2,N,21101
0.6100000000000001,3.1000000000000005,3.7,3,N,21102
0.6100000000000001,3.1000000000000005,3.7,4,N,21103
0.6100000000000001,3.1000000000000005,3.7,5,N,21104
0.6100000000000001,3.1000000000000005,4.0,1,N,21105
0.6100000000000001,3.1000000000000005,4.0,2,N,21106
0.6100000000000001,3.1000000000000005,4.0,3,N,21107
0.6100000000000001,3.1000000000000005,4.0,4,N,21108
0.6100000000000001,3.1000000000000005,4.0,5,N,21109
0.6100000000000001,3.1000000000000005,4.300000000000002,1,N,21110
0.6100000000000001,3.1000000000000005,4.300000000000002,2,N,21111
0.6100000000000001,3.1000000000000005,4.300000000000002,3,N,21112
0.6100000000000001,3.1000000000000005,4.300000000000002,4,N,21113
0.6100000000000001,3.1000000000000005,4.300000000000002,5,N,21114
0.6100000000000001,3.1000000000000005,4.6000000000000005,1,N,21115
0.6100000000000001,3.1000000000000005,4.6000000000000005,2,N,21116
0.6100000000000001,3.1000000000000005,4.6000000000000005,3,N,21117
0.6100000000000001,3.1000000000000005,4.6000000000000005,4,N,21118
0.6100000000000001,3.1000000000000005,4.6000000000000005,5,N,21119
0.6100000000000001,3.1000000000000005,4.9,1,N,21120
0.6100000000000001,3.1000000000000005,4.9,2,N,21121
0.6100000000000001,3.1000000000000005,4.9,3,N,21122
0.6100000000000001,3.1000000000000005,4.9,4,N,21123
0.6100000000000001,3.1000000000000005,4.9,5,N,21124
0.6100000000000001,3.4000000000000004,0.01,1,N,21125
0.6100000000000001,3.4000000000000004,0.01,2,N,21126
0.6100000000000001,3.4000000000000004,0.01,3,N,21127
0.6100000000000001,3.4000000000000004,0.01,4,N,21128
0.6100000000000001,3.4000000000000004,0.01,5,N,21129
0.6100000000000001,3.4000000000000004,0.11,1,N,21130
0.6100000000000001,3.4000000000000004,0.11,2,N,21131
0.6100000000000001,3.4000000000000004,0.11,3,N,21132
0.6100000000000001,3.4000000000000004,0.11,4,N,21133
0.6100000000000001,3.4000000000000004,0.11,5,N,21134
0.6100000000000001,3.4000000000000004,0.21,1,N,21135
0.6100000000000001,3.4000000000000004,0.21,2,N,21136
0.6100000000000001,3.4000000000000004,0.21,3,N,21137
0.6100000000000001,3.4000000000000004,0.21,4,N,21138
0.6100000000000001,3.4000000000000004,0.21,5,N,21139
0.6100000000000001,3.4000000000000004,0.31000000000000005,1,N,21140
0.6100000000000001,3.4000000000000004,0.31000000000000005,2,N,21141
0.6100000000000001,3.4000000000000004,0.31000000000000005,3,N,21142
0.6100000000000001,3.4000000000000004,0.31000000000000005,4,N,21143
0.6100000000000001,3.4000000000000004,0.31000000000000005,5,N,21144
0.6100000000000001,3.4000000000000004,0.41,1,N,21145
0.6100000000000001,3.4000000000000004,0.41,2,N,21146
0.6100000000000001,3.4000000000000004,0.41,3,N,21147
0.6100000000000001,3.4000000000000004,0.41,4,N,21148
0.6100000000000001,3.4000000000000004,0.41,5,N,21149
0.6100000000000001,3.4000000000000004,0.51,1,N,21150
0.6100000000000001,3.4000000000000004,0.51,2,N,21151
0.6100000000000001,3.4000000000000004,0.51,3,N,21152
0.6100000000000001,3.4000000000000004,0.51,4,N,21153
0.6100000000000001,3.4000000000000004,0.51,5,N,21154
0.6100000000000001,3.4000000000000004,0.6100000000000001,1,N,21155
0.6100000000000001,3.4000000000000004,0.6100000000000001,2,N,21156
0.6100000000000001,3.4000000000000004,0.6100000000000001,3,N,21157
0.6100000000000001,3.4000000000000004,0.6100000000000001,4,N,21158
0.6100000000000001,3.4000000000000004,0.6100000000000001,5,N,21159
0.6100000000000001,3.4000000000000004,0.7100000000000001,1,N,21160
0.6100000000000001,3.4000000000000004,0.7100000000000001,2,N,21161
0.6100000000000001,3.4000000000000004,0.7100000000000001,3,N,21162
0.6100000000000001,3.4000000000000004,0.7100000000000001,4,N,21163
0.6100000000000001,3.4000000000000004,0.7100000000000001,5,N,21164
0.6100000000000001,3.4000000000000004,0.81,1,N,21165
0.6100000000000001,3.4000000000000004,0.81,2,N,21166
0.6100000000000001,3.4000000000000004,0.81,3,N,21167
0.6100000000000001,3.4000000000000004,0.81,4,N,21168
0.6100000000000001,3.4000000000000004,0.81,5,N,21169
0.6100000000000001,3.4000000000000004,0.91,1,N,21170
0.6100000000000001,3.4000000000000004,0.91,2,N,21171
0.6100000000000001,3.4000000000000004,0.91,3,N,21172
0.6100000000000001,3.4000000000000004,0.91,4,N,21173
0.6100000000000001,3.4000000000000004,0.91,5,N,21174
0.6100000000000001,3.4000000000000004,1.01,1,N,21175
0.6100000000000001,3.4000000000000004,1.01,2,N,21176
0.6100000000000001,3.4000000000000004,1.01,3,N,21177
0.6100000000000001,3.4000000000000004,1.01,4,N,21178
0.6100000000000001,3.4000000000000004,1.01,5,N,21179
0.6100000000000001,3.4000000000000004,1.11,1,N,21180
0.6100000000000001,3.4000000000000004,1.11,2,N,21181
0.6100000000000001,3.4000000000000004,1.11,3,N,21182
0.6100000000000001,3.4000000000000004,1.11,4,N,21183
0.6100000000000001,3.4000000000000004,1.11,5,N,21184
0.6100000000000001,3.4000000000000004,1.3,1,N,21185
0.6100000000000001,3.4000000000000004,1.3,2,N,21186
0.6100000000000001,3.4000000000000004,1.3,3,N,21187
0.6100000000000001,3.4000000000000004,1.3,4,N,21188
0.6100000000000001,3.4000000000000004,1.3,5,N,21189
0.6100000000000001,3.4000000000000004,1.6,1,N,21190
0.6100000000000001,3.4000000000000004,1.6,2,N,21191
0.6100000000000001,3.4000000000000004,1.6,3,N,21192
0.6100000000000001,3.4000000000000004,1.6,4,N,21193
0.6100000000000001,3.4000000000000004,1.6,5,N,21194
0.6100000000000001,3.4000000000000004,1.9,1,N,21195
0.6100000000000001,3.4000000000000004,1.9,2,N,21196
0.6100000000000001,3.4000000000000004,1.9,3,N,21197
0.6100000000000001,3.4000000000000004,1.9,4,N,21198
0.6100000000000001,3.4000000000000004,1.9,5,N,21199
0.6100000000000001,3.4000000000000004,2.2,1,N,21200
0.6100000000000001,3.4000000000000004,2.2,2,N,21201
0.6100000000000001,3.4000000000000004,2.2,3,N,21202
0.6100000000000001,3.4000000000000004,2.2,4,N,21203
0.6100000000000001,3.4000000000000004,2.2,5,N,21204
0.6100000000000001,3.4000000000000004,2.5,1,N,21205
0.6100000000000001,3.4000000000000004,2.5,2,N,21206
0.6100000000000001,3.4000000000000004,2.5,3,N,21207
0.6100000000000001,3.4000000000000004,2.5,4,N,21208
0.6100000000000001,3.4000000000000004,2.5,5,N,21209
0.6100000000000001,3.4000000000000004,2.8000000000000003,1,N,21210
0.6100000000000001,3.4000000000000004,2.8000000000000003,2,N,21211
0.6100000000000001,3.4000000000000004,2.8000000000000003,3,N,21212
0.6100000000000001,3.4000000000000004,2.8000000000000003,4,N,21213
0.6100000000000001,3.4000000000000004,2.8000000000000003,5,N,21214
0.6100000000000001,3.4000000000000004,3.1000000000000005,1,N,21215
0.6100000000000001,3.4000000000000004,3.1000000000000005,2,N,21216
0.6100000000000001,3.4000000000000004,3.1000000000000005,3,N,21217
0.6100000000000001,3.4000000000000004,3.1000000000000005,4,N,21218
0.6100000000000001,3.4000000000000004,3.1000000000000005,5,N,21219
0.6100000000000001,3.4000000000000004,3.4000000000000004,1,N,21220
0.6100000000000001,3.4000000000000004,3.4000000000000004,2,N,21221
0.6100000000000001,3.4000000000000004,3.4000000000000004,3,N,21222
0.6100000000000001,3.4000000000000004,3.4000000000000004,4,N,21223
0.6100000000000001,3.4000000000000004,3.4000000000000004,5,N,21224
0.6100000000000001,3.4000000000000004,3.7,1,N,21225
0.6100000000000001,3.4000000000000004,3.7,2,N,21226
0.6100000000000001,3.4000000000000004,3.7,3,N,21227
0.6100000000000001,3.4000000000000004,3.7,4,N,21228
0.6100000000000001,3.4000000000000004,3.7,5,N,21229
0.6100000000000001,3.4000000000000004,4.0,1,N,21230
0.6100000000000001,3.4000000000000004,4.0,2,N,21231
0.6100000000000001,3.4000000000000004,4.0,3,N,21232
0.6100000000000001,3.4000000000000004,4.0,4,N,21233
0.6100000000000001,3.4000000000000004,4.0,5,N,21234
0.6100000000000001,3.4000000000000004,4.300000000000002,1,N,21235
0.6100000000000001,3.4000000000000004,4.300000000000002,2,N,21236
0.6100000000000001,3.4000000000000004,4.300000000000002,3,N,21237
0.6100000000000001,3.4000000000000004,4.300000000000002,4,N,21238
0.6100000000000001,3.4000000000000004,4.300000000000002,5,N,21239
0.6100000000000001,3.4000000000000004,4.6000000000000005,1,N,21240
0.6100000000000001,3.4000000000000004,4.6000000000000005,2,N,21241
0.6100000000000001,3.4000000000000004,4.6000000000000005,3,N,21242
0.6100000000000001,3.4000000000000004,4.6000000000000005,4,N,21243
0.6100000000000001,3.4000000000000004,4.6000000000000005,5,N,21244
0.6100000000000001,3.4000000000000004,4.9,1,N,21245
0.6100000000000001,3.4000000000000004,4.9,2,N,21246
0.6100000000000001,3.4000000000000004,4.9,3,N,21247
0.6100000000000001,3.4000000000000004,4.9,4,N,21248
0.6100000000000001,3.4000000000000004,4.9,5,N,21249
0.6100000000000001,3.7,0.01,1,N,21250
0.6100000000000001,3.7,0.01,2,N,21251
0.6100000000000001,3.7,0.01,3,N,21252
0.6100000000000001,3.7,0.01,4,N,21253
0.6100000000000001,3.7,0.01,5,N,21254
0.6100000000000001,3.7,0.11,1,N,21255
0.6100000000000001,3.7,0.11,2,N,21256
0.6100000000000001,3.7,0.11,3,N,21257
0.6100000000000001,3.7,0.11,4,N,21258
0.6100000000000001,3.7,0.11,5,N,21259
0.6100000000000001,3.7,0.21,1,N,21260
0.6100000000000001,3.7,0.21,2,N,21261
0.6100000000000001,3.7,0.21,3,N,21262
0.6100000000000001,3.7,0.21,4,N,21263
0.6100000000000001,3.7,0.21,5,N,21264
0.6100000000000001,3.7,0.31000000000000005,1,N,21265
0.6100000000000001,3.7,0.31000000000000005,2,N,21266
0.6100000000000001,3.7,0.31000000000000005,3,N,21267
0.6100000000000001,3.7,0.31000000000000005,4,N,21268
0.6100000000000001,3.7,0.31000000000000005,5,N,21269
0.6100000000000001,3.7,0.41,1,N,21270
0.6100000000000001,3.7,0.41,2,N,21271
0.6100000000000001,3.7,0.41,3,N,21272
0.6100000000000001,3.7,0.41,4,N,21273
0.6100000000000001,3.7,0.41,5,N,21274
0.6100000000000001,3.7,0.51,1,N,21275
0.6100000000000001,3.7,0.51,2,N,21276
0.6100000000000001,3.7,0.51,3,N,21277
0.6100000000000001,3.7,0.51,4,N,21278
0.6100000000000001,3.7,0.51,5,N,21279
0.6100000000000001,3.7,0.6100000000000001,1,N,21280
0.6100000000000001,3.7,0.6100000000000001,2,N,21281
0.6100000000000001,3.7,0.6100000000000001,3,N,21282
0.6100000000000001,3.7,0.6100000000000001,4,N,21283
0.6100000000000001,3.7,0.6100000000000001,5,N,21284
0.6100000000000001,3.7,0.7100000000000001,1,N,21285
0.6100000000000001,3.7,0.7100000000000001,2,N,21286
0.6100000000000001,3.7,0.7100000000000001,3,N,21287
0.6100000000000001,3.7,0.7100000000000001,4,N,21288
0.6100000000000001,3.7,0.7100000000000001,5,N,21289
0.6100000000000001,3.7,0.81,1,N,21290
0.6100000000000001,3.7,0.81,2,N,21291
0.6100000000000001,3.7,0.81,3,N,21292
0.6100000000000001,3.7,0.81,4,N,21293
0.6100000000000001,3.7,0.81,5,N,21294
0.6100000000000001,3.7,0.91,1,N,21295
0.6100000000000001,3.7,0.91,2,N,21296
0.6100000000000001,3.7,0.91,3,N,21297
0.6100000000000001,3.7,0.91,4,N,21298
0.6100000000000001,3.7,0.91,5,N,21299
0.6100000000000001,3.7,1.01,1,N,21300
0.6100000000000001,3.7,1.01,2,N,21301
0.6100000000000001,3.7,1.01,3,N,21302
0.6100000000000001,3.7,1.01,4,N,21303
0.6100000000000001,3.7,1.01,5,N,21304
0.6100000000000001,3.7,1.11,1,N,21305
0.6100000000000001,3.7,1.11,2,N,21306
0.6100000000000001,3.7,1.11,3,N,21307
0.6100000000000001,3.7,1.11,4,N,21308
0.6100000000000001,3.7,1.11,5,N,21309
0.6100000000000001,3.7,1.3,1,N,21310
0.6100000000000001,3.7,1.3,2,N,21311
0.6100000000000001,3.7,1.3,3,N,21312
0.6100000000000001,3.7,1.3,4,N,21313
0.6100000000000001,3.7,1.3,5,N,21314
0.6100000000000001,3.7,1.6,1,N,21315
0.6100000000000001,3.7,1.6,2,N,21316
0.6100000000000001,3.7,1.6,3,N,21317
0.6100000000000001,3.7,1.6,4,N,21318
0.6100000000000001,3.7,1.6,5,N,21319
0.6100000000000001,3.7,1.9,1,N,21320
0.6100000000000001,3.7,1.9,2,N,21321
0.6100000000000001,3.7,1.9,3,N,21322
0.6100000000000001,3.7,1.9,4,N,21323
0.6100000000000001,3.7,1.9,5,N,21324
0.6100000000000001,3.7,2.2,1,N,21325
0.6100000000000001,3.7,2.2,2,N,21326
0.6100000000000001,3.7,2.2,3,N,21327
0.6100000000000001,3.7,2.2,4,N,21328
0.6100000000000001,3.7,2.2,5,N,21329
0.6100000000000001,3.7,2.5,1,N,21330
0.6100000000000001,3.7,2.5,2,N,21331
0.6100000000000001,3.7,2.5,3,N,21332
0.6100000000000001,3.7,2.5,4,N,21333
0.6100000000000001,3.7,2.5,5,N,21334
0.6100000000000001,3.7,2.8000000000000003,1,N,21335
0.6100000000000001,3.7,2.8000000000000003,2,N,21336
0.6100000000000001,3.7,2.8000000000000003,3,N,21337
0.6100000000000001,3.7,2.8000000000000003,4,N,21338
0.6100000000000001,3.7,2.8000000000000003,5,N,21339
0.6100000000000001,3.7,3.1000000000000005,1,N,21340
0.6100000000000001,3.7,3.1000000000000005,2,N,21341
0.6100000000000001,3.7,3.1000000000000005,3,N,21342
0.6100000000000001,3.7,3.1000000000000005,4,N,21343
0.6100000000000001,3.7,3.1000000000000005,5,N,21344
0.6100000000000001,3.7,3.4000000000000004,1,N,21345
0.6100000000000001,3.7,3.4000000000000004,2,N,21346
0.6100000000000001,3.7,3.4000000000000004,3,N,21347
0.6100000000000001,3.7,3.4000000000000004,4,N,21348
0.6100000000000001,3.7,3.4000000000000004,5,N,21349
0.6100000000000001,3.7,3.7,1,N,21350
0.6100000000000001,3.7,3.7,2,N,21351
0.6100000000000001,3.7,3.7,3,N,21352
0.6100000000000001,3.7,3.7,4,N,21353
0.6100000000000001,3.7,3.7,5,N,21354
0.6100000000000001,3.7,4.0,1,N,21355
0.6100000000000001,3.7,4.0,2,N,21356
0.6100000000000001,3.7,4.0,3,N,21357
0.6100000000000001,3.7,4.0,4,N,21358
0.6100000000000001,3.7,4.0,5,N,21359
0.6100000000000001,3.7,4.300000000000002,1,N,21360
0.6100000000000001,3.7,4.300000000000002,2,N,21361
0.6100000000000001,3.7,4.300000000000002,3,N,21362
0.6100000000000001,3.7,4.300000000000002,4,N,21363
0.6100000000000001,3.7,4.300000000000002,5,N,21364
0.6100000000000001,3.7,4.6000000000000005,1,N,21365
0.6100000000000001,3.7,4.6000000000000005,2,N,21366
0.6100000000000001,3.7,4.6000000000000005,3,N,21367
0.6100000000000001,3.7,4.6000000000000005,4,N,21368
0.6100000000000001,3.7,4.6000000000000005,5,N,21369
0.6100000000000001,3.7,4.9,1,N,21370
0.6100000000000001,3.7,4.9,2,N,21371
0.6100000000000001,3.7,4.9,3,N,21372
0.6100000000000001,3.7,4.9,4,N,21373
0.6100000000000001,3.7,4.9,5,N,21374
0.6100000000000001,4.0,0.01,1,N,21375
0.6100000000000001,4.0,0.01,2,N,21376
0.6100000000000001,4.0,0.01,3,N,21377
0.6100000000000001,4.0,0.01,4,N,21378
0.6100000000000001,4.0,0.01,5,N,21379
0.6100000000000001,4.0,0.11,1,N,21380
0.6100000000000001,4.0,0.11,2,N,21381
0.6100000000000001,4.0,0.11,3,N,21382
0.6100000000000001,4.0,0.11,4,N,21383
0.6100000000000001,4.0,0.11,5,N,21384
0.6100000000000001,4.0,0.21,1,N,21385
0.6100000000000001,4.0,0.21,2,N,21386
0.6100000000000001,4.0,0.21,3,N,21387
0.6100000000000001,4.0,0.21,4,N,21388
0.6100000000000001,4.0,0.21,5,N,21389
0.6100000000000001,4.0,0.31000000000000005,1,N,21390
0.6100000000000001,4.0,0.31000000000000005,2,N,21391
0.6100000000000001,4.0,0.31000000000000005,3,N,21392
0.6100000000000001,4.0,0.31000000000000005,4,N,21393
0.6100000000000001,4.0,0.31000000000000005,5,N,21394
0.6100000000000001,4.0,0.41,1,N,21395
0.6100000000000001,4.0,0.41,2,N,21396
0.6100000000000001,4.0,0.41,3,N,21397
0.6100000000000001,4.0,0.41,4,N,21398
0.6100000000000001,4.0,0.41,5,N,21399
0.6100000000000001,4.0,0.51,1,N,21400
0.6100000000000001,4.0,0.51,2,N,21401
0.6100000000000001,4.0,0.51,3,N,21402
0.6100000000000001,4.0,0.51,4,N,21403
0.6100000000000001,4.0,0.51,5,N,21404
0.6100000000000001,4.0,0.6100000000000001,1,N,21405
0.6100000000000001,4.0,0.6100000000000001,2,N,21406
0.6100000000000001,4.0,0.6100000000000001,3,N,21407
0.6100000000000001,4.0,0.6100000000000001,4,N,21408
0.6100000000000001,4.0,0.6100000000000001,5,N,21409
0.6100000000000001,4.0,0.7100000000000001,1,N,21410
0.6100000000000001,4.0,0.7100000000000001,2,N,21411
0.6100000000000001,4.0,0.7100000000000001,3,N,21412
0.6100000000000001,4.0,0.7100000000000001,4,N,21413
0.6100000000000001,4.0,0.7100000000000001,5,N,21414
0.6100000000000001,4.0,0.81,1,N,21415
0.6100000000000001,4.0,0.81,2,N,21416
0.6100000000000001,4.0,0.81,3,N,21417
0.6100000000000001,4.0,0.81,4,N,21418
0.6100000000000001,4.0,0.81,5,N,21419
0.6100000000000001,4.0,0.91,1,N,21420
0.6100000000000001,4.0,0.91,2,N,21421
0.6100000000000001,4.0,0.91,3,N,21422
0.6100000000000001,4.0,0.91,4,N,21423
0.6100000000000001,4.0,0.91,5,N,21424
0.6100000000000001,4.0,1.01,1,N,21425
0.6100000000000001,4.0,1.01,2,N,21426
0.6100000000000001,4.0,1.01,3,N,21427
0.6100000000000001,4.0,1.01,4,N,21428
0.6100000000000001,4.0,1.01,5,N,21429
0.6100000000000001,4.0,1.11,1,N,21430
0.6100000000000001,4.0,1.11,2,N,21431
0.6100000000000001,4.0,1.11,3,N,21432
0.6100000000000001,4.0,1.11,4,N,21433
0.6100000000000001,4.0,1.11,5,N,21434
0.6100000000000001,4.0,1.3,1,N,21435
0.6100000000000001,4.0,1.3,2,N,21436
0.6100000000000001,4.0,1.3,3,N,21437
0.6100000000000001,4.0,1.3,4,N,21438
0.6100000000000001,4.0,1.3,5,N,21439
0.6100000000000001,4.0,1.6,1,N,21440
0.6100000000000001,4.0,1.6,2,N,21441
0.6100000000000001,4.0,1.6,3,N,21442
0.6100000000000001,4.0,1.6,4,N,21443
0.6100000000000001,4.0,1.6,5,N,21444
0.6100000000000001,4.0,1.9,1,N,21445
0.6100000000000001,4.0,1.9,2,N,21446
0.6100000000000001,4.0,1.9,3,N,21447
0.6100000000000001,4.0,1.9,4,N,21448
0.6100000000000001,4.0,1.9,5,N,21449
0.6100000000000001,4.0,2.2,1,N,21450
0.6100000000000001,4.0,2.2,2,N,21451
0.6100000000000001,4.0,2.2,3,N,21452
0.6100000000000001,4.0,2.2,4,N,21453
0.6100000000000001,4.0,2.2,5,N,21454
0.6100000000000001,4.0,2.5,1,N,21455
0.6100000000000001,4.0,2.5,2,N,21456
0.6100000000000001,4.0,2.5,3,N,21457
0.6100000000000001,4.0,2.5,4,N,21458
0.6100000000000001,4.0,2.5,5,N,21459
0.6100000000000001,4.0,2.8000000000000003,1,N,21460
0.6100000000000001,4.0,2.8000000000000003,2,N,21461
0.6100000000000001,4.0,2.8000000000000003,3,N,21462
0.6100000000000001,4.0,2.8000000000000003,4,N,21463
0.6100000000000001,4.0,2.8000000000000003,5,N,21464
0.6100000000000001,4.0,3.1000000000000005,1,N,21465
0.6100000000000001,4.0,3.1000000000000005,2,N,21466
0.6100000000000001,4.0,3.1000000000000005,3,N,21467
0.6100000000000001,4.0,3.1000000000000005,4,N,21468
0.6100000000000001,4.0,3.1000000000000005,5,N,21469
0.6100000000000001,4.0,3.4000000000000004,1,N,21470
0.6100000000000001,4.0,3.4000000000000004,2,N,21471
0.6100000000000001,4.0,3.4000000000000004,3,N,21472
0.6100000000000001,4.0,3.4000000000000004,4,N,21473
0.6100000000000001,4.0,3.4000000000000004,5,N,21474
0.6100000000000001,4.0,3.7,1,N,21475
0.6100000000000001,4.0,3.7,2,N,21476
0.6100000000000001,4.0,3.7,3,N,21477
0.6100000000000001,4.0,3.7,4,N,21478
0.6100000000000001,4.0,3.7,5,N,21479
0.6100000000000001,4.0,4.0,1,N,21480
0.6100000000000001,4.0,4.0,2,N,21481
0.6100000000000001,4.0,4.0,3,N,21482
0.6100000000000001,4.0,4.0,4,N,21483
0.6100000000000001,4.0,4.0,5,N,21484
0.6100000000000001,4.0,4.300000000000002,1,N,21485
0.6100000000000001,4.0,4.300000000000002,2,N,21486
0.6100000000000001,4.0,4.300000000000002,3,N,21487
0.6100000000000001,4.0,4.300000000000002,4,N,21488
0.6100000000000001,4.0,4.300000000000002,5,N,21489
0.6100000000000001,4.0,4.6000000000000005,1,N,21490
0.6100000000000001,4.0,4.6000000000000005,2,N,21491
0.6100000000000001,4.0,4.6000000000000005,3,N,21492
0.6100000000000001,4.0,4.6000000000000005,4,N,21493
0.6100000000000001,4.0,4.6000000000000005,5,N,21494
0.6100000000000001,4.0,4.9,1,N,21495
0.6100000000000001,4.0,4.9,2,N,21496
0.6100000000000001,4.0,4.9,3,N,21497
0.6100000000000001,4.0,4.9,4,N,21498
0.6100000000000001,4.0,4.9,5,N,21499
0.6100000000000001,4.300000000000002,0.01,1,N,21500
0.6100000000000001,4.300000000000002,0.01,2,N,21501
0.6100000000000001,4.300000000000002,0.01,3,N,21502
0.6100000000000001,4.300000000000002,0.01,4,N,21503
0.6100000000000001,4.300000000000002,0.01,5,N,21504
0.6100000000000001,4.300000000000002,0.11,1,N,21505
0.6100000000000001,4.300000000000002,0.11,2,N,21506
0.6100000000000001,4.300000000000002,0.11,3,N,21507
0.6100000000000001,4.300000000000002,0.11,4,N,21508
0.6100000000000001,4.300000000000002,0.11,5,N,21509
0.6100000000000001,4.300000000000002,0.21,1,N,21510
0.6100000000000001,4.300000000000002,0.21,2,N,21511
0.6100000000000001,4.300000000000002,0.21,3,N,21512
0.6100000000000001,4.300000000000002,0.21,4,N,21513
0.6100000000000001,4.300000000000002,0.21,5,N,21514
0.6100000000000001,4.300000000000002,0.31000000000000005,1,N,21515
0.6100000000000001,4.300000000000002,0.31000000000000005,2,N,21516
0.6100000000000001,4.300000000000002,0.31000000000000005,3,N,21517
0.6100000000000001,4.300000000000002,0.31000000000000005,4,N,21518
0.6100000000000001,4.300000000000002,0.31000000000000005,5,N,21519
0.6100000000000001,4.300000000000002,0.41,1,N,21520
0.6100000000000001,4.300000000000002,0.41,2,N,21521
0.6100000000000001,4.300000000000002,0.41,3,N,21522
0.6100000000000001,4.300000000000002,0.41,4,N,21523
0.6100000000000001,4.300000000000002,0.41,5,N,21524
0.6100000000000001,4.300000000000002,0.51,1,N,21525
0.6100000000000001,4.300000000000002,0.51,2,N,21526
0.6100000000000001,4.300000000000002,0.51,3,N,21527
0.6100000000000001,4.300000000000002,0.51,4,N,21528
0.6100000000000001,4.300000000000002,0.51,5,N,21529
0.6100000000000001,4.300000000000002,0.6100000000000001,1,N,21530
0.6100000000000001,4.300000000000002,0.6100000000000001,2,N,21531
0.6100000000000001,4.300000000000002,0.6100000000000001,3,N,21532
0.6100000000000001,4.300000000000002,0.6100000000000001,4,N,21533
0.6100000000000001,4.300000000000002,0.6100000000000001,5,N,21534
0.6100000000000001,4.300000000000002,0.7100000000000001,1,N,21535
0.6100000000000001,4.300000000000002,0.7100000000000001,2,N,21536
0.6100000000000001,4.300000000000002,0.7100000000000001,3,N,21537
0.6100000000000001,4.300000000000002,0.7100000000000001,4,N,21538
0.6100000000000001,4.300000000000002,0.7100000000000001,5,N,21539
0.6100000000000001,4.300000000000002,0.81,1,N,21540
0.6100000000000001,4.300000000000002,0.81,2,N,21541
0.6100000000000001,4.300000000000002,0.81,3,N,21542
0.6100000000000001,4.300000000000002,0.81,4,N,21543
0.6100000000000001,4.300000000000002,0.81,5,N,21544
0.6100000000000001,4.300000000000002,0.91,1,N,21545
0.6100000000000001,4.300000000000002,0.91,2,N,21546
0.6100000000000001,4.300000000000002,0.91,3,N,21547
0.6100000000000001,4.300000000000002,0.91,4,N,21548
0.6100000000000001,4.300000000000002,0.91,5,N,21549
0.6100000000000001,4.300000000000002,1.01,1,N,21550
0.6100000000000001,4.300000000000002,1.01,2,N,21551
0.6100000000000001,4.300000000000002,1.01,3,N,21552
0.6100000000000001,4.300000000000002,1.01,4,N,21553
0.6100000000000001,4.300000000000002,1.01,5,N,21554
0.6100000000000001,4.300000000000002,1.11,1,N,21555
0.6100000000000001,4.300000000000002,1.11,2,N,21556
0.6100000000000001,4.300000000000002,1.11,3,N,21557
0.6100000000000001,4.300000000000002,1.11,4,N,21558
0.6100000000000001,4.300000000000002,1.11,5,N,21559
0.6100000000000001,4.300000000000002,1.3,1,N,21560
0.6100000000000001,4.300000000000002,1.3,2,N,21561
0.6100000000000001,4.300000000000002,1.3,3,N,21562
0.6100000000000001,4.300000000000002,1.3,4,N,21563
0.6100000000000001,4.300000000000002,1.3,5,N,21564
0.6100000000000001,4.300000000000002,1.6,1,N,21565
0.6100000000000001,4.300000000000002,1.6,2,N,21566
0.6100000000000001,4.300000000000002,1.6,3,N,21567
0.6100000000000001,4.300000000000002,1.6,4,N,21568
0.6100000000000001,4.300000000000002,1.6,5,N,21569
0.6100000000000001,4.300000000000002,1.9,1,N,21570
0.6100000000000001,4.300000000000002,1.9,2,N,21571
0.6100000000000001,4.300000000000002,1.9,3,N,21572
0.6100000000000001,4.300000000000002,1.9,4,N,21573
0.6100000000000001,4.300000000000002,1.9,5,N,21574
0.6100000000000001,4.300000000000002,2.2,1,N,21575
0.6100000000000001,4.300000000000002,2.2,2,N,21576
0.6100000000000001,4.300000000000002,2.2,3,N,21577
0.6100000000000001,4.300000000000002,2.2,4,N,21578
0.6100000000000001,4.300000000000002,2.2,5,N,21579
0.6100000000000001,4.300000000000002,2.5,1,N,21580
0.6100000000000001,4.300000000000002,2.5,2,N,21581
0.6100000000000001,4.300000000000002,2.5,3,N,21582
0.6100000000000001,4.300000000000002,2.5,4,N,21583
0.6100000000000001,4.300000000000002,2.5,5,N,21584
0.6100000000000001,4.300000000000002,2.8000000000000003,1,N,21585
0.6100000000000001,4.300000000000002,2.8000000000000003,2,N,21586
0.6100000000000001,4.300000000000002,2.8000000000000003,3,N,21587
0.6100000000000001,4.300000000000002,2.8000000000000003,4,N,21588
0.6100000000000001,4.300000000000002,2.8000000000000003,5,N,21589
0.6100000000000001,4.300000000000002,3.1000000000000005,1,N,21590
0.6100000000000001,4.300000000000002,3.1000000000000005,2,N,21591
0.6100000000000001,4.300000000000002,3.1000000000000005,3,N,21592
0.6100000000000001,4.300000000000002,3.1000000000000005,4,N,21593
0.6100000000000001,4.300000000000002,3.1000000000000005,5,N,21594
0.6100000000000001,4.300000000000002,3.4000000000000004,1,N,21595
0.6100000000000001,4.300000000000002,3.4000000000000004,2,N,21596
0.6100000000000001,4.300000000000002,3.4000000000000004,3,N,21597
0.6100000000000001,4.300000000000002,3.4000000000000004,4,N,21598
0.6100000000000001,4.300000000000002,3.4000000000000004,5,N,21599
0.6100000000000001,4.300000000000002,3.7,1,N,21600
0.6100000000000001,4.300000000000002,3.7,2,N,21601
0.6100000000000001,4.300000000000002,3.7,3,N,21602
0.6100000000000001,4.300000000000002,3.7,4,N,21603
0.6100000000000001,4.300000000000002,3.7,5,N,21604
0.6100000000000001,4.300000000000002,4.0,1,N,21605
0.6100000000000001,4.300000000000002,4.0,2,N,21606
0.6100000000000001,4.300000000000002,4.0,3,N,21607
0.6100000000000001,4.300000000000002,4.0,4,N,21608
0.6100000000000001,4.300000000000002,4.0,5,N,21609
0.6100000000000001,4.300000000000002,4.300000000000002,1,N,21610
0.6100000000000001,4.300000000000002,4.300000000000002,2,N,21611
0.6100000000000001,4.300000000000002,4.300000000000002,3,N,21612
0.6100000000000001,4.300000000000002,4.300000000000002,4,N,21613
0.6100000000000001,4.300000000000002,4.300000000000002,5,N,21614
0.6100000000000001,4.300000000000002,4.6000000000000005,1,N,21615
0.6100000000000001,4.300000000000002,4.6000000000000005,2,N,21616
0.6100000000000001,4.300000000000002,4.6000000000000005,3,N,21617
0.6100000000000001,4.300000000000002,4.6000000000000005,4,N,21618
0.6100000000000001,4.300000000000002,4.6000000000000005,5,N,21619
0.6100000000000001,4.300000000000002,4.9,1,N,21620
0.6100000000000001,4.300000000000002,4.9,2,N,21621
0.6100000000000001,4.300000000000002,4.9,3,N,21622
0.6100000000000001,4.300000000000002,4.9,4,N,21623
0.6100000000000001,4.300000000000002,4.9,5,N,21624
0.6100000000000001,4.6000000000000005,0.01,1,N,21625
0.6100000000000001,4.6000000000000005,0.01,2,N,21626
0.6100000000000001,4.6000000000000005,0.01,3,N,21627
0.6100000000000001,4.6000000000000005,0.01,4,N,21628
0.6100000000000001,4.6000000000000005,0.01,5,N,21629
0.6100000000000001,4.6000000000000005,0.11,1,N,21630
0.6100000000000001,4.6000000000000005,0.11,2,N,21631
0.6100000000000001,4.6000000000000005,0.11,3,N,21632
0.6100000000000001,4.6000000000000005,0.11,4,N,21633
0.6100000000000001,4.6000000000000005,0.11,5,N,21634
0.6100000000000001,4.6000000000000005,0.21,1,N,21635
0.6100000000000001,4.6000000000000005,0.21,2,N,21636
0.6100000000000001,4.6000000000000005,0.21,3,N,21637
0.6100000000000001,4.6000000000000005,0.21,4,N,21638
0.6100000000000001,4.6000000000000005,0.21,5,N,21639
0.6100000000000001,4.6000000000000005,0.31000000000000005,1,N,21640
0.6100000000000001,4.6000000000000005,0.31000000000000005,2,N,21641
0.6100000000000001,4.6000000000000005,0.31000000000000005,3,N,21642
0.6100000000000001,4.6000000000000005,0.31000000000000005,4,N,21643
0.6100000000000001,4.6000000000000005,0.31000000000000005,5,N,21644
0.6100000000000001,4.6000000000000005,0.41,1,N,21645
0.6100000000000001,4.6000000000000005,0.41,2,N,21646
0.6100000000000001,4.6000000000000005,0.41,3,N,21647
0.6100000000000001,4.6000000000000005,0.41,4,N,21648
0.6100000000000001,4.6000000000000005,0.41,5,N,21649
0.6100000000000001,4.6000000000000005,0.51,1,N,21650
0.6100000000000001,4.6000000000000005,0.51,2,N,21651
0.6100000000000001,4.6000000000000005,0.51,3,N,21652
0.6100000000000001,4.6000000000000005,0.51,4,N,21653
0.6100000000000001,4.6000000000000005,0.51,5,N,21654
0.6100000000000001,4.6000000000000005,0.6100000000000001,1,N,21655
0.6100000000000001,4.6000000000000005,0.6100000000000001,2,N,21656
0.6100000000000001,4.6000000000000005,0.6100000000000001,3,N,21657
0.6100000000000001,4.6000000000000005,0.6100000000000001,4,N,21658
0.6100000000000001,4.6000000000000005,0.6100000000000001,5,N,21659
0.6100000000000001,4.6000000000000005,0.7100000000000001,1,N,21660
0.6100000000000001,4.6000000000000005,0.7100000000000001,2,N,21661
0.6100000000000001,4.6000000000000005,0.7100000000000001,3,N,21662
0.6100000000000001,4.6000000000000005,0.7100000000000001,4,N,21663
0.6100000000000001,4.6000000000000005,0.7100000000000001,5,N,21664
0.6100000000000001,4.6000000000000005,0.81,1,N,21665
0.6100000000000001,4.6000000000000005,0.81,2,N,21666
0.6100000000000001,4.6000000000000005,0.81,3,N,21667
0.6100000000000001,4.6000000000000005,0.81,4,N,21668
0.6100000000000001,4.6000000000000005,0.81,5,N,21669
0.6100000000000001,4.6000000000000005,0.91,1,N,21670
0.6100000000000001,4.6000000000000005,0.91,2,N,21671
0.6100000000000001,4.6000000000000005,0.91,3,N,21672
0.6100000000000001,4.6000000000000005,0.91,4,N,21673
0.6100000000000001,4.6000000000000005,0.91,5,N,21674
0.6100000000000001,4.6000000000000005,1.01,1,N,21675
0.6100000000000001,4.6000000000000005,1.01,2,N,21676
0.6100000000000001,4.6000000000000005,1.01,3,N,21677
0.6100000000000001,4.6000000000000005,1.01,4,N,21678
0.6100000000000001,4.6000000000000005,1.01,5,N,21679
0.6100000000000001,4.6000000000000005,1.11,1,N,21680
0.6100000000000001,4.6000000000000005,1.11,2,N,21681
0.6100000000000001,4.6000000000000005,1.11,3,N,21682
0.6100000000000001,4.6000000000000005,1.11,4,N,21683
0.6100000000000001,4.6000000000000005,1.11,5,N,21684
0.6100000000000001,4.6000000000000005,1.3,1,N,21685
0.6100000000000001,4.6000000000000005,1.3,2,N,21686
0.6100000000000001,4.6000000000000005,1.3,3,N,21687
0.6100000000000001,4.6000000000000005,1.3,4,N,21688
0.6100000000000001,4.6000000000000005,1.3,5,N,21689
0.6100000000000001,4.6000000000000005,1.6,1,N,21690
0.6100000000000001,4.6000000000000005,1.6,2,N,21691
0.6100000000000001,4.6000000000000005,1.6,3,N,21692
0.6100000000000001,4.6000000000000005,1.6,4,N,21693
0.6100000000000001,4.6000000000000005,1.6,5,N,21694
0.6100000000000001,4.6000000000000005,1.9,1,N,21695
0.6100000000000001,4.6000000000000005,1.9,2,N,21696
0.6100000000000001,4.6000000000000005,1.9,3,N,21697
0.6100000000000001,4.6000000000000005,1.9,4,N,21698
0.6100000000000001,4.6000000000000005,1.9,5,N,21699
0.6100000000000001,4.6000000000000005,2.2,1,N,21700
0.6100000000000001,4.6000000000000005,2.2,2,N,21701
0.6100000000000001,4.6000000000000005,2.2,3,N,21702
0.6100000000000001,4.6000000000000005,2.2,4,N,21703
0.6100000000000001,4.6000000000000005,2.2,5,N,21704
0.6100000000000001,4.6000000000000005,2.5,1,N,21705
0.6100000000000001,4.6000000000000005,2.5,2,N,21706
0.6100000000000001,4.6000000000000005,2.5,3,N,21707
0.6100000000000001,4.6000000000000005,2.5,4,N,21708
0.6100000000000001,4.6000000000000005,2.5,5,N,21709
0.6100000000000001,4.6000000000000005,2.8000000000000003,1,N,21710
0.6100000000000001,4.6000000000000005,2.8000000000000003,2,N,21711
0.6100000000000001,4.6000000000000005,2.8000000000000003,3,N,21712
0.6100000000000001,4.6000000000000005,2.8000000000000003,4,N,21713
0.6100000000000001,4.6000000000000005,2.8000000000000003,5,N,21714
0.6100000000000001,4.6000000000000005,3.1000000000000005,1,N,21715
0.6100000000000001,4.6000000000000005,3.1000000000000005,2,N,21716
0.6100000000000001,4.6000000000000005,3.1000000000000005,3,N,21717
0.6100000000000001,4.6000000000000005,3.1000000000000005,4,N,21718
0.6100000000000001,4.6000000000000005,3.1000000000000005,5,N,21719
0.6100000000000001,4.6000000000000005,3.4000000000000004,1,N,21720
0.6100000000000001,4.6000000000000005,3.4000000000000004,2,N,21721
0.6100000000000001,4.6000000000000005,3.4000000000000004,3,N,21722
0.6100000000000001,4.6000000000000005,3.4000000000000004,4,N,21723
0.6100000000000001,4.6000000000000005,3.4000000000000004,5,N,21724
0.6100000000000001,4.6000000000000005,3.7,1,N,21725
0.6100000000000001,4.6000000000000005,3.7,2,N,21726
0.6100000000000001,4.6000000000000005,3.7,3,N,21727
0.6100000000000001,4.6000000000000005,3.7,4,N,21728
0.6100000000000001,4.6000000000000005,3.7,5,N,21729
0.6100000000000001,4.6000000000000005,4.0,1,N,21730
0.6100000000000001,4.6000000000000005,4.0,2,N,21731
0.6100000000000001,4.6000000000000005,4.0,3,N,21732
0.6100000000000001,4.6000000000000005,4.0,4,N,21733
0.6100000000000001,4.6000000000000005,4.0,5,N,21734
0.6100000000000001,4.6000000000000005,4.300000000000002,1,N,21735
0.6100000000000001,4.6000000000000005,4.300000000000002,2,N,21736
0.6100000000000001,4.6000000000000005,4.300000000000002,3,N,21737
0.6100000000000001,4.6000000000000005,4.300000000000002,4,N,21738
0.6100000000000001,4.6000000000000005,4.300000000000002,5,N,21739
0.6100000000000001,4.6000000000000005,4.6000000000000005,1,N,21740
0.6100000000000001,4.6000000000000005,4.6000000000000005,2,N,21741
0.6100000000000001,4.6000000000000005,4.6000000000000005,3,N,21742
0.6100000000000001,4.6000000000000005,4.6000000000000005,4,N,21743
0.6100000000000001,4.6000000000000005,4.6000000000000005,5,N,21744
0.6100000000000001,4.6000000000000005,4.9,1,N,21745
0.6100000000000001,4.6000000000000005,4.9,2,N,21746
0.6100000000000001,4.6000000000000005,4.9,3,N,21747
0.6100000000000001,4.6000000000000005,4.9,4,N,21748
0.6100000000000001,4.6000000000000005,4.9,5,N,21749
0.6100000000000001,4.9,0.01,1,N,21750
0.6100000000000001,4.9,0.01,2,N,21751
0.6100000000000001,4.9,0.01,3,N,21752
0.6100000000000001,4.9,0.01,4,N,21753
0.6100000000000001,4.9,0.01,5,N,21754
0.6100000000000001,4.9,0.11,1,N,21755
0.6100000000000001,4.9,0.11,2,N,21756
0.6100000000000001,4.9,0.11,3,N,21757
0.6100000000000001,4.9,0.11,4,N,21758
0.6100000000000001,4.9,0.11,5,N,21759
0.6100000000000001,4.9,0.21,1,N,21760
0.6100000000000001,4.9,0.21,2,N,21761
0.6100000000000001,4.9,0.21,3,N,21762
0.6100000000000001,4.9,0.21,4,N,21763
0.6100000000000001,4.9,0.21,5,N,21764
0.6100000000000001,4.9,0.31000000000000005,1,N,21765
0.6100000000000001,4.9,0.31000000000000005,2,N,21766
0.6100000000000001,4.9,0.31000000000000005,3,N,21767
0.6100000000000001,4.9,0.31000000000000005,4,N,21768
0.6100000000000001,4.9,0.31000000000000005,5,N,21769
0.6100000000000001,4.9,0.41,1,N,21770
0.6100000000000001,4.9,0.41,2,N,21771
0.6100000000000001,4.9,0.41,3,N,21772
0.6100000000000001,4.9,0.41,4,N,21773
0.6100000000000001,4.9,0.41,5,N,21774
0.6100000000000001,4.9,0.51,1,N,21775
0.6100000000000001,4.9,0.51,2,N,21776
0.6100000000000001,4.9,0.51,3,N,21777
0.6100000000000001,4.9,0.51,4,N,21778
0.6100000000000001,4.9,0.51,5,N,21779
0.6100000000000001,4.9,0.6100000000000001,1,N,21780
0.6100000000000001,4.9,0.6100000000000001,2,N,21781
0.6100000000000001,4.9,0.6100000000000001,3,N,21782
0.6100000000000001,4.9,0.6100000000000001,4,N,21783
0.6100000000000001,4.9,0.6100000000000001,5,N,21784
0.6100000000000001,4.9,0.7100000000000001,1,N,21785
0.6100000000000001,4.9,0.7100000000000001,2,N,21786
0.6100000000000001,4.9,0.7100000000000001,3,N,21787
0.6100000000000001,4.9,0.7100000000000001,4,N,21788
0.6100000000000001,4.9,0.7100000000000001,5,N,21789
0.6100000000000001,4.9,0.81,1,N,21790
0.6100000000000001,4.9,0.81,2,N,21791
0.6100000000000001,4.9,0.81,3,N,21792
0.6100000000000001,4.9,0.81,4,N,21793
0.6100000000000001,4.9,0.81,5,N,21794
0.6100000000000001,4.9,0.91,1,N,21795
0.6100000000000001,4.9,0.91,2,N,21796
0.6100000000000001,4.9,0.91,3,N,21797
0.6100000000000001,4.9,0.91,4,N,21798
0.6100000000000001,4.9,0.91,5,N,21799
0.6100000000000001,4.9,1.01,1,N,21800
0.6100000000000001,4.9,1.01,2,N,21801
0.6100000000000001,4.9,1.01,3,N,21802
0.6100000000000001,4.9,1.01,4,N,21803
0.6100000000000001,4.9,1.01,5,N,21804
0.6100000000000001,4.9,1.11,1,N,21805
0.6100000000000001,4.9,1.11,2,N,21806
0.6100000000000001,4.9,1.11,3,N,21807
0.6100000000000001,4.9,1.11,4,N,21808
0.6100000000000001,4.9,1.11,5,N,21809
0.6100000000000001,4.9,1.3,1,N,21810
0.6100000000000001,4.9,1.3,2,N,21811
0.6100000000000001,4.9,1.3,3,N,21812
0.6100000000000001,4.9,1.3,4,N,21813
0.6100000000000001,4.9,1.3,5,N,21814
0.6100000000000001,4.9,1.6,1,N,21815
0.6100000000000001,4.9,1.6,2,N,21816
0.6100000000000001,4.9,1.6,3,N,21817
0.6100000000000001,4.9,1.6,4,N,21818
0.6100000000000001,4.9,1.6,5,N,21819
0.6100000000000001,4.9,1.9,1,N,21820
0.6100000000000001,4.9,1.9,2,N,21821
0.6100000000000001,4.9,1.9,3,N,21822
0.6100000000000001,4.9,1.9,4,N,21823
0.6100000000000001,4.9,1.9,5,N,21824
0.6100000000000001,4.9,2.2,1,N,21825
0.6100000000000001,4.9,2.2,2,N,21826
0.6100000000000001,4.9,2.2,3,N,21827
0.6100000000000001,4.9,2.2,4,N,21828
0.6100000000000001,4.9,2.2,5,N,21829
0.6100000000000001,4.9,2.5,1,N,21830
0.6100000000000001,4.9,2.5,2,N,21831
0.6100000000000001,4.9,2.5,3,N,21832
0.6100000000000001,4.9,2.5,4,N,21833
0.6100000000000001,4.9,2.5,5,N,21834
0.6100000000000001,4.9,2.8000000000000003,1,N,21835
0.6100000000000001,4.9,2.8000000000000003,2,N,21836
0.6100000000000001,4.9,2.8000000000000003,3,N,21837
0.6100000000000001,4.9,2.8000000000000003,4,N,21838
0.6100000000000001,4.9,2.8000000000000003,5,N,21839
0.6100000000000001,4.9,3.1000000000000005,1,N,21840
0.6100000000000001,4.9,3.1000000000000005,2,N,21841
0.6100000000000001,4.9,3.1000000000000005,3,N,21842
0.6100000000000001,4.9,3.1000000000000005,4,N,21843
0.6100000000000001,4.9,3.1000000000000005,5,N,21844
0.6100000000000001,4.9,3.4000000000000004,1,N,21845
0.6100000000000001,4.9,3.4000000000000004,2,N,21846
0.6100000000000001,4.9,3.4000000000000004,3,N,21847
0.6100000000000001,4.9,3.4000000000000004,4,N,21848
0.6100000000000001,4.9,3.4000000000000004,5,N,21849
0.6100000000000001,4.9,3.7,1,N,21850
0.6100000000000001,4.9,3.7,2,N,21851
0.6100000000000001,4.9,3.7,3,N,21852
0.6100000000000001,4.9,3.7,4,N,21853
0.6100000000000001,4.9,3.7,5,N,21854
0.6100000000000001,4.9,4.0,1,N,21855
0.6100000000000001,4.9,4.0,2,N,21856
0.6100000000000001,4.9,4.0,3,N,21857
0.6100000000000001,4.9,4.0,4,N,21858
0.6100000000000001,4.9,4.0,5,N,21859
0.6100000000000001,4.9,4.300000000000002,1,N,21860
0.6100000000000001,4.9,4.300000000000002,2,N,21861
0.6100000000000001,4.9,4.300000000000002,3,N,21862
0.6100000000000001,4.9,4.300000000000002,4,N,21863
0.6100000000000001,4.9,4.300000000000002,5,N,21864
0.6100000000000001,4.9,4.6000000000000005,1,N,21865
0.6100000000000001,4.9,4.6000000000000005,2,N,21866
0.6100000000000001,4.9,4.6000000000000005,3,N,21867
0.6100000000000001,4.9,4.6000000000000005,4,N,21868
0.6100000000000001,4.9,4.6000000000000005,5,N,21869
0.6100000000000001,4.9,4.9,1,N,21870
0.6100000000000001,4.9,4.9,2,N,21871
0.6100000000000001,4.9,4.9,3,N,21872
0.6100000000000001,4.9,4.9,4,N,21873
0.6100000000000001,4.9,4.9,5,N,21874
0.7100000000000001,0.01,0.01,1,N,21875
0.7100000000000001,0.01,0.01,2,N,21876
0.7100000000000001,0.01,0.01,3,N,21877
0.7100000000000001,0.01,0.01,4,N,21878
0.7100000000000001,0.01,0.01,5,N,21879
0.7100000000000001,0.01,0.11,1,N,21880
0.7100000000000001,0.01,0.11,2,N,21881
0.7100000000000001,0.01,0.11,3,N,21882
0.7100000000000001,0.01,0.11,4,N,21883
0.7100000000000001,0.01,0.11,5,N,21884
0.7100000000000001,0.01,0.21,1,N,21885
0.7100000000000001,0.01,0.21,2,N,21886
0.7100000000000001,0.01,0.21,3,N,21887
0.7100000000000001,0.01,0.21,4,N,21888
0.7100000000000001,0.01,0.21,5,N,21889
0.7100000000000001,0.01,0.31000000000000005,1,N,21890
0.7100000000000001,0.01,0.31000000000000005,2,N,21891
0.7100000000000001,0.01,0.31000000000000005,3,N,21892
0.7100000000000001,0.01,0.31000000000000005,4,N,21893
0.7100000000000001,0.01,0.31000000000000005,5,N,21894
0.7100000000000001,0.01,0.41,1,N,21895
0.7100000000000001,0.01,0.41,2,N,21896
0.7100000000000001,0.01,0.41,3,N,21897
0.7100000000000001,0.01,0.41,4,N,21898
0.7100000000000001,0.01,0.41,5,N,21899
0.7100000000000001,0.01,0.51,1,N,21900
0.7100000000000001,0.01,0.51,2,N,21901
0.7100000000000001,0.01,0.51,3,N,21902
0.7100000000000001,0.01,0.51,4,N,21903
0.7100000000000001,0.01,0.51,5,N,21904
0.7100000000000001,0.01,0.6100000000000001,1,N,21905
0.7100000000000001,0.01,0.6100000000000001,2,N,21906
0.7100000000000001,0.01,0.6100000000000001,3,N,21907
0.7100000000000001,0.01,0.6100000000000001,4,N,21908
0.7100000000000001,0.01,0.6100000000000001,5,N,21909
0.7100000000000001,0.01,0.7100000000000001,1,N,21910
0.7100000000000001,0.01,0.7100000000000001,2,N,21911
0.7100000000000001,0.01,0.7100000000000001,3,N,21912
0.7100000000000001,0.01,0.7100000000000001,4,N,21913
0.7100000000000001,0.01,0.7100000000000001,5,N,21914
0.7100000000000001,0.01,0.81,1,N,21915
0.7100000000000001,0.01,0.81,2,N,21916
0.7100000000000001,0.01,0.81,3,N,21917
0.7100000000000001,0.01,0.81,4,N,21918
0.7100000000000001,0.01,0.81,5,N,21919
0.7100000000000001,0.01,0.91,1,N,21920
0.7100000000000001,0.01,0.91,2,N,21921
0.7100000000000001,0.01,0.91,3,N,21922
0.7100000000000001,0.01,0.91,4,N,21923
0.7100000000000001,0.01,0.91,5,N,21924
0.7100000000000001,0.01,1.01,1,N,21925
0.7100000000000001,0.01,1.01,2,N,21926
0.7100000000000001,0.01,1.01,3,N,21927
0.7100000000000001,0.01,1.01,4,N,21928
0.7100000000000001,0.01,1.01,5,N,21929
0.7100000000000001,0.01,1.11,1,N,21930
0.7100000000000001,0.01,1.11,2,N,21931
0.7100000000000001,0.01,1.11,3,N,21932
0.7100000000000001,0.01,1.11,4,N,21933
0.7100000000000001,0.01,1.11,5,N,21934
0.7100000000000001,0.01,1.3,1,N,21935
0.7100000000000001,0.01,1.3,2,N,21936
0.7100000000000001,0.01,1.3,3,N,21937
0.7100000000000001,0.01,1.3,4,N,21938
0.7100000000000001,0.01,1.3,5,N,21939
0.7100000000000001,0.01,1.6,1,N,21940
0.7100000000000001,0.01,1.6,2,N,21941
0.7100000000000001,0.01,1.6,3,N,21942
0.7100000000000001,0.01,1.6,4,N,21943
0.7100000000000001,0.01,1.6,5,N,21944
0.7100000000000001,0.01,1.9,1,N,21945
0.7100000000000001,0.01,1.9,2,N,21946
0.7100000000000001,0.01,1.9,3,N,21947
0.7100000000000001,0.01,1.9,4,N,21948
0.7100000000000001,0.01,1.9,5,N,21949
0.7100000000000001,0.01,2.2,1,N,21950
0.7100000000000001,0.01,2.2,2,N,21951
0.7100000000000001,0.01,2.2,3,N,21952
0.7100000000000001,0.01,2.2,4,N,21953
0.7100000000000001,0.01,2.2,5,N,21954
0.7100000000000001,0.01,2.5,1,N,21955
0.7100000000000001,0.01,2.5,2,N,21956
0.7100000000000001,0.01,2.5,3,N,21957
0.7100000000000001,0.01,2.5,4,N,21958
0.7100000000000001,0.01,2.5,5,N,21959
0.7100000000000001,0.01,2.8000000000000003,1,N,21960
0.7100000000000001,0.01,2.8000000000000003,2,N,21961
0.7100000000000001,0.01,2.8000000000000003,3,N,21962
0.7100000000000001,0.01,2.8000000000000003,4,N,21963
0.7100000000000001,0.01,2.8000000000000003,5,N,21964
0.7100000000000001,0.01,3.1000000000000005,1,N,21965
0.7100000000000001,0.01,3.1000000000000005,2,N,21966
0.7100000000000001,0.01,3.1000000000000005,3,N,21967
0.7100000000000001,0.01,3.1000000000000005,4,N,21968
0.7100000000000001,0.01,3.1000000000000005,5,N,21969
0.7100000000000001,0.01,3.4000000000000004,1,N,21970
0.7100000000000001,0.01,3.4000000000000004,2,N,21971
0.7100000000000001,0.01,3.4000000000000004,3,N,21972
0.7100000000000001,0.01,3.4000000000000004,4,N,21973
0.7100000000000001,0.01,3.4000000000000004,5,N,21974
0.7100000000000001,0.01,3.7,1,N,21975
0.7100000000000001,0.01,3.7,2,N,21976
0.7100000000000001,0.01,3.7,3,N,21977
0.7100000000000001,0.01,3.7,4,N,21978
0.7100000000000001,0.01,3.7,5,N,21979
0.7100000000000001,0.01,4.0,1,N,21980
0.7100000000000001,0.01,4.0,2,N,21981
0.7100000000000001,0.01,4.0,3,N,21982
0.7100000000000001,0.01,4.0,4,N,21983
0.7100000000000001,0.01,4.0,5,N,21984
0.7100000000000001,0.01,4.300000000000002,1,N,21985
0.7100000000000001,0.01,4.300000000000002,2,N,21986
0.7100000000000001,0.01,4.300000000000002,3,N,21987
0.7100000000000001,0.01,4.300000000000002,4,N,21988
0.7100000000000001,0.01,4.300000000000002,5,N,21989
0.7100000000000001,0.01,4.6000000000000005,1,N,21990
0.7100000000000001,0.01,4.6000000000000005,2,N,21991
0.7100000000000001,0.01,4.6000000000000005,3,N,21992
0.7100000000000001,0.01,4.6000000000000005,4,N,21993
0.7100000000000001,0.01,4.6000000000000005,5,N,21994
0.7100000000000001,0.01,4.9,1,N,21995
0.7100000000000001,0.01,4.9,2,N,21996
0.7100000000000001,0.01,4.9,3,N,21997
0.7100000000000001,0.01,4.9,4,N,21998
0.7100000000000001,0.01,4.9,5,N,21999
0.7100000000000001,0.11,0.01,1,N,22000
0.7100000000000001,0.11,0.01,2,N,22001
0.7100000000000001,0.11,0.01,3,N,22002
0.7100000000000001,0.11,0.01,4,N,22003
0.7100000000000001,0.11,0.01,5,N,22004
0.7100000000000001,0.11,0.11,1,N,22005
0.7100000000000001,0.11,0.11,2,N,22006
0.7100000000000001,0.11,0.11,3,N,22007
0.7100000000000001,0.11,0.11,4,N,22008
0.7100000000000001,0.11,0.11,5,N,22009
0.7100000000000001,0.11,0.21,1,N,22010
0.7100000000000001,0.11,0.21,2,N,22011
0.7100000000000001,0.11,0.21,3,N,22012
0.7100000000000001,0.11,0.21,4,N,22013
0.7100000000000001,0.11,0.21,5,N,22014
0.7100000000000001,0.11,0.31000000000000005,1,N,22015
0.7100000000000001,0.11,0.31000000000000005,2,N,22016
0.7100000000000001,0.11,0.31000000000000005,3,N,22017
0.7100000000000001,0.11,0.31000000000000005,4,N,22018
0.7100000000000001,0.11,0.31000000000000005,5,N,22019
0.7100000000000001,0.11,0.41,1,N,22020
0.7100000000000001,0.11,0.41,2,N,22021
0.7100000000000001,0.11,0.41,3,N,22022
0.7100000000000001,0.11,0.41,4,N,22023
0.7100000000000001,0.11,0.41,5,N,22024
0.7100000000000001,0.11,0.51,1,N,22025
0.7100000000000001,0.11,0.51,2,N,22026
0.7100000000000001,0.11,0.51,3,N,22027
0.7100000000000001,0.11,0.51,4,N,22028
0.7100000000000001,0.11,0.51,5,N,22029
0.7100000000000001,0.11,0.6100000000000001,1,N,22030
0.7100000000000001,0.11,0.6100000000000001,2,N,22031
0.7100000000000001,0.11,0.6100000000000001,3,N,22032
0.7100000000000001,0.11,0.6100000000000001,4,N,22033
0.7100000000000001,0.11,0.6100000000000001,5,N,22034
0.7100000000000001,0.11,0.7100000000000001,1,N,22035
0.7100000000000001,0.11,0.7100000000000001,2,N,22036
0.7100000000000001,0.11,0.7100000000000001,3,N,22037
0.7100000000000001,0.11,0.7100000000000001,4,N,22038
0.7100000000000001,0.11,0.7100000000000001,5,N,22039
0.7100000000000001,0.11,0.81,1,N,22040
0.7100000000000001,0.11,0.81,2,N,22041
0.7100000000000001,0.11,0.81,3,N,22042
0.7100000000000001,0.11,0.81,4,N,22043
0.7100000000000001,0.11,0.81,5,N,22044
0.7100000000000001,0.11,0.91,1,N,22045
0.7100000000000001,0.11,0.91,2,N,22046
0.7100000000000001,0.11,0.91,3,N,22047
0.7100000000000001,0.11,0.91,4,N,22048
0.7100000000000001,0.11,0.91,5,N,22049
0.7100000000000001,0.11,1.01,1,N,22050
0.7100000000000001,0.11,1.01,2,N,22051
0.7100000000000001,0.11,1.01,3,N,22052
0.7100000000000001,0.11,1.01,4,N,22053
0.7100000000000001,0.11,1.01,5,N,22054
0.7100000000000001,0.11,1.11,1,N,22055
0.7100000000000001,0.11,1.11,2,N,22056
0.7100000000000001,0.11,1.11,3,N,22057
0.7100000000000001,0.11,1.11,4,N,22058
0.7100000000000001,0.11,1.11,5,N,22059
0.7100000000000001,0.11,1.3,1,N,22060
0.7100000000000001,0.11,1.3,2,N,22061
0.7100000000000001,0.11,1.3,3,N,22062
0.7100000000000001,0.11,1.3,4,N,22063
0.7100000000000001,0.11,1.3,5,N,22064
0.7100000000000001,0.11,1.6,1,N,22065
0.7100000000000001,0.11,1.6,2,N,22066
0.7100000000000001,0.11,1.6,3,N,22067
0.7100000000000001,0.11,1.6,4,N,22068
0.7100000000000001,0.11,1.6,5,N,22069
0.7100000000000001,0.11,1.9,1,N,22070
0.7100000000000001,0.11,1.9,2,N,22071
0.7100000000000001,0.11,1.9,3,N,22072
0.7100000000000001,0.11,1.9,4,N,22073
0.7100000000000001,0.11,1.9,5,N,22074
0.7100000000000001,0.11,2.2,1,N,22075
0.7100000000000001,0.11,2.2,2,N,22076
0.7100000000000001,0.11,2.2,3,N,22077
0.7100000000000001,0.11,2.2,4,N,22078
0.7100000000000001,0.11,2.2,5,N,22079
0.7100000000000001,0.11,2.5,1,N,22080
0.7100000000000001,0.11,2.5,2,N,22081
0.7100000000000001,0.11,2.5,3,N,22082
0.7100000000000001,0.11,2.5,4,N,22083
0.7100000000000001,0.11,2.5,5,N,22084
0.7100000000000001,0.11,2.8000000000000003,1,N,22085
0.7100000000000001,0.11,2.8000000000000003,2,N,22086
0.7100000000000001,0.11,2.8000000000000003,3,N,22087
0.7100000000000001,0.11,2.8000000000000003,4,N,22088
0.7100000000000001,0.11,2.8000000000000003,5,N,22089
0.7100000000000001,0.11,3.1000000000000005,1,N,22090
0.7100000000000001,0.11,3.1000000000000005,2,N,22091
0.7100000000000001,0.11,3.1000000000000005,3,N,22092
0.7100000000000001,0.11,3.1000000000000005,4,N,22093
0.7100000000000001,0.11,3.1000000000000005,5,N,22094
0.7100000000000001,0.11,3.4000000000000004,1,N,22095
0.7100000000000001,0.11,3.4000000000000004,2,N,22096
0.7100000000000001,0.11,3.4000000000000004,3,N,22097
0.7100000000000001,0.11,3.4000000000000004,4,N,22098
0.7100000000000001,0.11,3.4000000000000004,5,N,22099
0.7100000000000001,0.11,3.7,1,N,22100
0.7100000000000001,0.11,3.7,2,N,22101
0.7100000000000001,0.11,3.7,3,N,22102
0.7100000000000001,0.11,3.7,4,N,22103
0.7100000000000001,0.11,3.7,5,N,22104
0.7100000000000001,0.11,4.0,1,N,22105
0.7100000000000001,0.11,4.0,2,N,22106
0.7100000000000001,0.11,4.0,3,N,22107
0.7100000000000001,0.11,4.0,4,N,22108
0.7100000000000001,0.11,4.0,5,N,22109
0.7100000000000001,0.11,4.300000000000002,1,N,22110
0.7100000000000001,0.11,4.300000000000002,2,N,22111
0.7100000000000001,0.11,4.300000000000002,3,N,22112
0.7100000000000001,0.11,4.300000000000002,4,N,22113
0.7100000000000001,0.11,4.300000000000002,5,N,22114
0.7100000000000001,0.11,4.6000000000000005,1,N,22115
0.7100000000000001,0.11,4.6000000000000005,2,N,22116
0.7100000000000001,0.11,4.6000000000000005,3,N,22117
0.7100000000000001,0.11,4.6000000000000005,4,N,22118
0.7100000000000001,0.11,4.6000000000000005,5,N,22119
0.7100000000000001,0.11,4.9,1,N,22120
0.7100000000000001,0.11,4.9,2,N,22121
0.7100000000000001,0.11,4.9,3,N,22122
0.7100000000000001,0.11,4.9,4,N,22123
0.7100000000000001,0.11,4.9,5,N,22124
0.7100000000000001,0.21,0.01,1,N,22125
0.7100000000000001,0.21,0.01,2,N,22126
0.7100000000000001,0.21,0.01,3,N,22127
0.7100000000000001,0.21,0.01,4,N,22128
0.7100000000000001,0.21,0.01,5,N,22129
0.7100000000000001,0.21,0.11,1,N,22130
0.7100000000000001,0.21,0.11,2,N,22131
0.7100000000000001,0.21,0.11,3,N,22132
0.7100000000000001,0.21,0.11,4,N,22133
0.7100000000000001,0.21,0.11,5,N,22134
0.7100000000000001,0.21,0.21,1,N,22135
0.7100000000000001,0.21,0.21,2,N,22136
0.7100000000000001,0.21,0.21,3,N,22137
0.7100000000000001,0.21,0.21,4,N,22138
0.7100000000000001,0.21,0.21,5,N,22139
0.7100000000000001,0.21,0.31000000000000005,1,N,22140
0.7100000000000001,0.21,0.31000000000000005,2,N,22141
0.7100000000000001,0.21,0.31000000000000005,3,N,22142
0.7100000000000001,0.21,0.31000000000000005,4,N,22143
0.7100000000000001,0.21,0.31000000000000005,5,N,22144
0.7100000000000001,0.21,0.41,1,N,22145
0.7100000000000001,0.21,0.41,2,N,22146
0.7100000000000001,0.21,0.41,3,N,22147
0.7100000000000001,0.21,0.41,4,N,22148
0.7100000000000001,0.21,0.41,5,N,22149
0.7100000000000001,0.21,0.51,1,N,22150
0.7100000000000001,0.21,0.51,2,N,22151
0.7100000000000001,0.21,0.51,3,N,22152
0.7100000000000001,0.21,0.51,4,N,22153
0.7100000000000001,0.21,0.51,5,N,22154
0.7100000000000001,0.21,0.6100000000000001,1,N,22155
0.7100000000000001,0.21,0.6100000000000001,2,N,22156
0.7100000000000001,0.21,0.6100000000000001,3,N,22157
0.7100000000000001,0.21,0.6100000000000001,4,N,22158
0.7100000000000001,0.21,0.6100000000000001,5,N,22159
0.7100000000000001,0.21,0.7100000000000001,1,N,22160
0.7100000000000001,0.21,0.7100000000000001,2,N,22161
0.7100000000000001,0.21,0.7100000000000001,3,N,22162
0.7100000000000001,0.21,0.7100000000000001,4,N,22163
0.7100000000000001,0.21,0.7100000000000001,5,N,22164
0.7100000000000001,0.21,0.81,1,N,22165
0.7100000000000001,0.21,0.81,2,N,22166
0.7100000000000001,0.21,0.81,3,N,22167
0.7100000000000001,0.21,0.81,4,N,22168
0.7100000000000001,0.21,0.81,5,N,22169
0.7100000000000001,0.21,0.91,1,N,22170
0.7100000000000001,0.21,0.91,2,N,22171
0.7100000000000001,0.21,0.91,3,N,22172
0.7100000000000001,0.21,0.91,4,N,22173
0.7100000000000001,0.21,0.91,5,N,22174
0.7100000000000001,0.21,1.01,1,N,22175
0.7100000000000001,0.21,1.01,2,N,22176
0.7100000000000001,0.21,1.01,3,N,22177
0.7100000000000001,0.21,1.01,4,N,22178
0.7100000000000001,0.21,1.01,5,N,22179
0.7100000000000001,0.21,1.11,1,N,22180
0.7100000000000001,0.21,1.11,2,N,22181
0.7100000000000001,0.21,1.11,3,N,22182
0.7100000000000001,0.21,1.11,4,N,22183
0.7100000000000001,0.21,1.11,5,N,22184
0.7100000000000001,0.21,1.3,1,N,22185
0.7100000000000001,0.21,1.3,2,N,22186
0.7100000000000001,0.21,1.3,3,N,22187
0.7100000000000001,0.21,1.3,4,N,22188
0.7100000000000001,0.21,1.3,5,N,22189
0.7100000000000001,0.21,1.6,1,N,22190
0.7100000000000001,0.21,1.6,2,N,22191
0.7100000000000001,0.21,1.6,3,N,22192
0.7100000000000001,0.21,1.6,4,N,22193
0.7100000000000001,0.21,1.6,5,N,22194
0.7100000000000001,0.21,1.9,1,N,22195
0.7100000000000001,0.21,1.9,2,N,22196
0.7100000000000001,0.21,1.9,3,N,22197
0.7100000000000001,0.21,1.9,4,N,22198
0.7100000000000001,0.21,1.9,5,N,22199
0.7100000000000001,0.21,2.2,1,N,22200
0.7100000000000001,0.21,2.2,2,N,22201
0.7100000000000001,0.21,2.2,3,N,22202
0.7100000000000001,0.21,2.2,4,N,22203
0.7100000000000001,0.21,2.2,5,N,22204
0.7100000000000001,0.21,2.5,1,N,22205
0.7100000000000001,0.21,2.5,2,N,22206
0.7100000000000001,0.21,2.5,3,N,22207
0.7100000000000001,0.21,2.5,4,N,22208
0.7100000000000001,0.21,2.5,5,N,22209
0.7100000000000001,0.21,2.8000000000000003,1,N,22210
0.7100000000000001,0.21,2.8000000000000003,2,N,22211
0.7100000000000001,0.21,2.8000000000000003,3,N,22212
0.7100000000000001,0.21,2.8000000000000003,4,N,22213
0.7100000000000001,0.21,2.8000000000000003,5,N,22214
0.7100000000000001,0.21,3.1000000000000005,1,N,22215
0.7100000000000001,0.21,3.1000000000000005,2,N,22216
0.7100000000000001,0.21,3.1000000000000005,3,N,22217
0.7100000000000001,0.21,3.1000000000000005,4,N,22218
0.7100000000000001,0.21,3.1000000000000005,5,N,22219
0.7100000000000001,0.21,3.4000000000000004,1,N,22220
0.7100000000000001,0.21,3.4000000000000004,2,N,22221
0.7100000000000001,0.21,3.4000000000000004,3,N,22222
0.7100000000000001,0.21,3.4000000000000004,4,N,22223
0.7100000000000001,0.21,3.4000000000000004,5,N,22224
0.7100000000000001,0.21,3.7,1,N,22225
0.7100000000000001,0.21,3.7,2,N,22226
0.7100000000000001,0.21,3.7,3,N,22227
0.7100000000000001,0.21,3.7,4,N,22228
0.7100000000000001,0.21,3.7,5,N,22229
0.7100000000000001,0.21,4.0,1,N,22230
0.7100000000000001,0.21,4.0,2,N,22231
0.7100000000000001,0.21,4.0,3,N,22232
0.7100000000000001,0.21,4.0,4,N,22233
0.7100000000000001,0.21,4.0,5,N,22234
0.7100000000000001,0.21,4.300000000000002,1,N,22235
0.7100000000000001,0.21,4.300000000000002,2,N,22236
0.7100000000000001,0.21,4.300000000000002,3,N,22237
0.7100000000000001,0.21,4.300000000000002,4,N,22238
0.7100000000000001,0.21,4.300000000000002,5,N,22239
0.7100000000000001,0.21,4.6000000000000005,1,N,22240
0.7100000000000001,0.21,4.6000000000000005,2,N,22241
0.7100000000000001,0.21,4.6000000000000005,3,N,22242
0.7100000000000001,0.21,4.6000000000000005,4,N,22243
0.7100000000000001,0.21,4.6000000000000005,5,N,22244
0.7100000000000001,0.21,4.9,1,N,22245
0.7100000000000001,0.21,4.9,2,N,22246
0.7100000000000001,0.21,4.9,3,N,22247
0.7100000000000001,0.21,4.9,4,N,22248
0.7100000000000001,0.21,4.9,5,N,22249
0.7100000000000001,0.31000000000000005,0.01,1,N,22250
0.7100000000000001,0.31000000000000005,0.01,2,N,22251
0.7100000000000001,0.31000000000000005,0.01,3,N,22252
0.7100000000000001,0.31000000000000005,0.01,4,N,22253
0.7100000000000001,0.31000000000000005,0.01,5,N,22254
0.7100000000000001,0.31000000000000005,0.11,1,N,22255
0.7100000000000001,0.31000000000000005,0.11,2,N,22256
0.7100000000000001,0.31000000000000005,0.11,3,N,22257
0.7100000000000001,0.31000000000000005,0.11,4,N,22258
0.7100000000000001,0.31000000000000005,0.11,5,N,22259
0.7100000000000001,0.31000000000000005,0.21,1,N,22260
0.7100000000000001,0.31000000000000005,0.21,2,N,22261
0.7100000000000001,0.31000000000000005,0.21,3,N,22262
0.7100000000000001,0.31000000000000005,0.21,4,N,22263
0.7100000000000001,0.31000000000000005,0.21,5,N,22264
0.7100000000000001,0.31000000000000005,0.31000000000000005,1,N,22265
0.7100000000000001,0.31000000000000005,0.31000000000000005,2,N,22266
0.7100000000000001,0.31000000000000005,0.31000000000000005,3,N,22267
0.7100000000000001,0.31000000000000005,0.31000000000000005,4,N,22268
0.7100000000000001,0.31000000000000005,0.31000000000000005,5,N,22269
0.7100000000000001,0.31000000000000005,0.41,1,N,22270
0.7100000000000001,0.31000000000000005,0.41,2,N,22271
0.7100000000000001,0.31000000000000005,0.41,3,N,22272
0.7100000000000001,0.31000000000000005,0.41,4,N,22273
0.7100000000000001,0.31000000000000005,0.41,5,N,22274
0.7100000000000001,0.31000000000000005,0.51,1,N,22275
0.7100000000000001,0.31000000000000005,0.51,2,N,22276
0.7100000000000001,0.31000000000000005,0.51,3,N,22277
0.7100000000000001,0.31000000000000005,0.51,4,N,22278
0.7100000000000001,0.31000000000000005,0.51,5,N,22279
0.7100000000000001,0.31000000000000005,0.6100000000000001,1,N,22280
0.7100000000000001,0.31000000000000005,0.6100000000000001,2,N,22281
0.7100000000000001,0.31000000000000005,0.6100000000000001,3,N,22282
0.7100000000000001,0.31000000000000005,0.6100000000000001,4,N,22283
0.7100000000000001,0.31000000000000005,0.6100000000000001,5,N,22284
0.7100000000000001,0.31000000000000005,0.7100000000000001,1,N,22285
0.7100000000000001,0.31000000000000005,0.7100000000000001,2,N,22286
0.7100000000000001,0.31000000000000005,0.7100000000000001,3,N,22287
0.7100000000000001,0.31000000000000005,0.7100000000000001,4,N,22288
0.7100000000000001,0.31000000000000005,0.7100000000000001,5,N,22289
0.7100000000000001,0.31000000000000005,0.81,1,N,22290
0.7100000000000001,0.31000000000000005,0.81,2,N,22291
0.7100000000000001,0.31000000000000005,0.81,3,N,22292
0.7100000000000001,0.31000000000000005,0.81,4,N,22293
0.7100000000000001,0.31000000000000005,0.81,5,N,22294
0.7100000000000001,0.31000000000000005,0.91,1,N,22295
0.7100000000000001,0.31000000000000005,0.91,2,N,22296
0.7100000000000001,0.31000000000000005,0.91,3,N,22297
0.7100000000000001,0.31000000000000005,0.91,4,N,22298
0.7100000000000001,0.31000000000000005,0.91,5,N,22299
0.7100000000000001,0.31000000000000005,1.01,1,N,22300
0.7100000000000001,0.31000000000000005,1.01,2,N,22301
0.7100000000000001,0.31000000000000005,1.01,3,N,22302
0.7100000000000001,0.31000000000000005,1.01,4,N,22303
0.7100000000000001,0.31000000000000005,1.01,5,N,22304
0.7100000000000001,0.31000000000000005,1.11,1,N,22305
0.7100000000000001,0.31000000000000005,1.11,2,N,22306
0.7100000000000001,0.31000000000000005,1.11,3,N,22307
0.7100000000000001,0.31000000000000005,1.11,4,N,22308
0.7100000000000001,0.31000000000000005,1.11,5,N,22309
0.7100000000000001,0.31000000000000005,1.3,1,N,22310
0.7100000000000001,0.31000000000000005,1.3,2,N,22311
0.7100000000000001,0.31000000000000005,1.3,3,N,22312
0.7100000000000001,0.31000000000000005,1.3,4,N,22313
0.7100000000000001,0.31000000000000005,1.3,5,N,22314
0.7100000000000001,0.31000000000000005,1.6,1,N,22315
0.7100000000000001,0.31000000000000005,1.6,2,N,22316
0.7100000000000001,0.31000000000000005,1.6,3,N,22317
0.7100000000000001,0.31000000000000005,1.6,4,N,22318
0.7100000000000001,0.31000000000000005,1.6,5,N,22319
0.7100000000000001,0.31000000000000005,1.9,1,N,22320
0.7100000000000001,0.31000000000000005,1.9,2,N,22321
0.7100000000000001,0.31000000000000005,1.9,3,N,22322
0.7100000000000001,0.31000000000000005,1.9,4,N,22323
0.7100000000000001,0.31000000000000005,1.9,5,N,22324
0.7100000000000001,0.31000000000000005,2.2,1,N,22325
0.7100000000000001,0.31000000000000005,2.2,2,N,22326
0.7100000000000001,0.31000000000000005,2.2,3,N,22327
0.7100000000000001,0.31000000000000005,2.2,4,N,22328
0.7100000000000001,0.31000000000000005,2.2,5,N,22329
0.7100000000000001,0.31000000000000005,2.5,1,N,22330
0.7100000000000001,0.31000000000000005,2.5,2,N,22331
0.7100000000000001,0.31000000000000005,2.5,3,N,22332
0.7100000000000001,0.31000000000000005,2.5,4,N,22333
0.7100000000000001,0.31000000000000005,2.5,5,N,22334
0.7100000000000001,0.31000000000000005,2.8000000000000003,1,N,22335
0.7100000000000001,0.31000000000000005,2.8000000000000003,2,N,22336
0.7100000000000001,0.31000000000000005,2.8000000000000003,3,N,22337
0.7100000000000001,0.31000000000000005,2.8000000000000003,4,N,22338
0.7100000000000001,0.31000000000000005,2.8000000000000003,5,N,22339
0.7100000000000001,0.31000000000000005,3.1000000000000005,1,N,22340
0.7100000000000001,0.31000000000000005,3.1000000000000005,2,N,22341
0.7100000000000001,0.31000000000000005,3.1000000000000005,3,N,22342
0.7100000000000001,0.31000000000000005,3.1000000000000005,4,N,22343
0.7100000000000001,0.31000000000000005,3.1000000000000005,5,N,22344
0.7100000000000001,0.31000000000000005,3.4000000000000004,1,N,22345
0.7100000000000001,0.31000000000000005,3.4000000000000004,2,N,22346
0.7100000000000001,0.31000000000000005,3.4000000000000004,3,N,22347
0.7100000000000001,0.31000000000000005,3.4000000000000004,4,N,22348
0.7100000000000001,0.31000000000000005,3.4000000000000004,5,N,22349
0.7100000000000001,0.31000000000000005,3.7,1,N,22350
0.7100000000000001,0.31000000000000005,3.7,2,N,22351
0.7100000000000001,0.31000000000000005,3.7,3,N,22352
0.7100000000000001,0.31000000000000005,3.7,4,N,22353
0.7100000000000001,0.31000000000000005,3.7,5,N,22354
0.7100000000000001,0.31000000000000005,4.0,1,N,22355
0.7100000000000001,0.31000000000000005,4.0,2,N,22356
0.7100000000000001,0.31000000000000005,4.0,3,N,22357
0.7100000000000001,0.31000000000000005,4.0,4,N,22358
0.7100000000000001,0.31000000000000005,4.0,5,N,22359
0.7100000000000001,0.31000000000000005,4.300000000000002,1,N,22360
0.7100000000000001,0.31000000000000005,4.300000000000002,2,N,22361
0.7100000000000001,0.31000000000000005,4.300000000000002,3,N,22362
0.7100000000000001,0.31000000000000005,4.300000000000002,4,N,22363
0.7100000000000001,0.31000000000000005,4.300000000000002,5,N,22364
0.7100000000000001,0.31000000000000005,4.6000000000000005,1,N,22365
0.7100000000000001,0.31000000000000005,4.6000000000000005,2,N,22366
0.7100000000000001,0.31000000000000005,4.6000000000000005,3,N,22367
0.7100000000000001,0.31000000000000005,4.6000000000000005,4,N,22368
0.7100000000000001,0.31000000000000005,4.6000000000000005,5,N,22369
0.7100000000000001,0.31000000000000005,4.9,1,N,22370
0.7100000000000001,0.31000000000000005,4.9,2,N,22371
0.7100000000000001,0.31000000000000005,4.9,3,N,22372
0.7100000000000001,0.31000000000000005,4.9,4,N,22373
0.7100000000000001,0.31000000000000005,4.9,5,N,22374
0.7100000000000001,0.41,0.01,1,N,22375
0.7100000000000001,0.41,0.01,2,N,22376
0.7100000000000001,0.41,0.01,3,N,22377
0.7100000000000001,0.41,0.01,4,N,22378
0.7100000000000001,0.41,0.01,5,N,22379
0.7100000000000001,0.41,0.11,1,N,22380
0.7100000000000001,0.41,0.11,2,N,22381
0.7100000000000001,0.41,0.11,3,N,22382
0.7100000000000001,0.41,0.11,4,N,22383
0.7100000000000001,0.41,0.11,5,N,22384
0.7100000000000001,0.41,0.21,1,N,22385
0.7100000000000001,0.41,0.21,2,N,22386
0.7100000000000001,0.41,0.21,3,N,22387
0.7100000000000001,0.41,0.21,4,N,22388
0.7100000000000001,0.41,0.21,5,N,22389
0.7100000000000001,0.41,0.31000000000000005,1,N,22390
0.7100000000000001,0.41,0.31000000000000005,2,N,22391
0.7100000000000001,0.41,0.31000000000000005,3,N,22392
0.7100000000000001,0.41,0.31000000000000005,4,N,22393
0.7100000000000001,0.41,0.31000000000000005,5,N,22394
0.7100000000000001,0.41,0.41,1,N,22395
0.7100000000000001,0.41,0.41,2,N,22396
0.7100000000000001,0.41,0.41,3,N,22397
0.7100000000000001,0.41,0.41,4,N,22398
0.7100000000000001,0.41,0.41,5,N,22399
0.7100000000000001,0.41,0.51,1,N,22400
0.7100000000000001,0.41,0.51,2,N,22401
0.7100000000000001,0.41,0.51,3,N,22402
0.7100000000000001,0.41,0.51,4,N,22403
0.7100000000000001,0.41,0.51,5,N,22404
0.7100000000000001,0.41,0.6100000000000001,1,N,22405
0.7100000000000001,0.41,0.6100000000000001,2,N,22406
0.7100000000000001,0.41,0.6100000000000001,3,N,22407
0.7100000000000001,0.41,0.6100000000000001,4,N,22408
0.7100000000000001,0.41,0.6100000000000001,5,N,22409
0.7100000000000001,0.41,0.7100000000000001,1,N,22410
0.7100000000000001,0.41,0.7100000000000001,2,N,22411
0.7100000000000001,0.41,0.7100000000000001,3,N,22412
0.7100000000000001,0.41,0.7100000000000001,4,N,22413
0.7100000000000001,0.41,0.7100000000000001,5,N,22414
0.7100000000000001,0.41,0.81,1,N,22415
0.7100000000000001,0.41,0.81,2,N,22416
0.7100000000000001,0.41,0.81,3,N,22417
0.7100000000000001,0.41,0.81,4,N,22418
0.7100000000000001,0.41,0.81,5,N,22419
0.7100000000000001,0.41,0.91,1,N,22420
0.7100000000000001,0.41,0.91,2,N,22421
0.7100000000000001,0.41,0.91,3,N,22422
0.7100000000000001,0.41,0.91,4,N,22423
0.7100000000000001,0.41,0.91,5,N,22424
0.7100000000000001,0.41,1.01,1,N,22425
0.7100000000000001,0.41,1.01,2,N,22426
0.7100000000000001,0.41,1.01,3,N,22427
0.7100000000000001,0.41,1.01,4,N,22428
0.7100000000000001,0.41,1.01,5,N,22429
0.7100000000000001,0.41,1.11,1,N,22430
0.7100000000000001,0.41,1.11,2,N,22431
0.7100000000000001,0.41,1.11,3,N,22432
0.7100000000000001,0.41,1.11,4,N,22433
0.7100000000000001,0.41,1.11,5,N,22434
0.7100000000000001,0.41,1.3,1,N,22435
0.7100000000000001,0.41,1.3,2,N,22436
0.7100000000000001,0.41,1.3,3,N,22437
0.7100000000000001,0.41,1.3,4,N,22438
0.7100000000000001,0.41,1.3,5,N,22439
0.7100000000000001,0.41,1.6,1,N,22440
0.7100000000000001,0.41,1.6,2,N,22441
0.7100000000000001,0.41,1.6,3,N,22442
0.7100000000000001,0.41,1.6,4,N,22443
0.7100000000000001,0.41,1.6,5,N,22444
0.7100000000000001,0.41,1.9,1,N,22445
0.7100000000000001,0.41,1.9,2,N,22446
0.7100000000000001,0.41,1.9,3,N,22447
0.7100000000000001,0.41,1.9,4,N,22448
0.7100000000000001,0.41,1.9,5,N,22449
0.7100000000000001,0.41,2.2,1,N,22450
0.7100000000000001,0.41,2.2,2,N,22451
0.7100000000000001,0.41,2.2,3,N,22452
0.7100000000000001,0.41,2.2,4,N,22453
0.7100000000000001,0.41,2.2,5,N,22454
0.7100000000000001,0.41,2.5,1,N,22455
0.7100000000000001,0.41,2.5,2,N,22456
0.7100000000000001,0.41,2.5,3,N,22457
0.7100000000000001,0.41,2.5,4,N,22458
0.7100000000000001,0.41,2.5,5,N,22459
0.7100000000000001,0.41,2.8000000000000003,1,N,22460
0.7100000000000001,0.41,2.8000000000000003,2,N,22461
0.7100000000000001,0.41,2.8000000000000003,3,N,22462
0.7100000000000001,0.41,2.8000000000000003,4,N,22463
0.7100000000000001,0.41,2.8000000000000003,5,N,22464
0.7100000000000001,0.41,3.1000000000000005,1,N,22465
0.7100000000000001,0.41,3.1000000000000005,2,N,22466
0.7100000000000001,0.41,3.1000000000000005,3,N,22467
0.7100000000000001,0.41,3.1000000000000005,4,N,22468
0.7100000000000001,0.41,3.1000000000000005,5,N,22469
0.7100000000000001,0.41,3.4000000000000004,1,N,22470
0.7100000000000001,0.41,3.4000000000000004,2,N,22471
0.7100000000000001,0.41,3.4000000000000004,3,N,22472
0.7100000000000001,0.41,3.4000000000000004,4,N,22473
0.7100000000000001,0.41,3.4000000000000004,5,N,22474
0.7100000000000001,0.41,3.7,1,N,22475
0.7100000000000001,0.41,3.7,2,N,22476
0.7100000000000001,0.41,3.7,3,N,22477
0.7100000000000001,0.41,3.7,4,N,22478
0.7100000000000001,0.41,3.7,5,N,22479
0.7100000000000001,0.41,4.0,1,N,22480
0.7100000000000001,0.41,4.0,2,N,22481
0.7100000000000001,0.41,4.0,3,N,22482
0.7100000000000001,0.41,4.0,4,N,22483
0.7100000000000001,0.41,4.0,5,N,22484
0.7100000000000001,0.41,4.300000000000002,1,N,22485
0.7100000000000001,0.41,4.300000000000002,2,N,22486
0.7100000000000001,0.41,4.300000000000002,3,N,22487
0.7100000000000001,0.41,4.300000000000002,4,N,22488
0.7100000000000001,0.41,4.300000000000002,5,N,22489
0.7100000000000001,0.41,4.6000000000000005,1,N,22490
0.7100000000000001,0.41,4.6000000000000005,2,N,22491
0.7100000000000001,0.41,4.6000000000000005,3,N,22492
0.7100000000000001,0.41,4.6000000000000005,4,N,22493
0.7100000000000001,0.41,4.6000000000000005,5,N,22494
0.7100000000000001,0.41,4.9,1,N,22495
0.7100000000000001,0.41,4.9,2,N,22496
0.7100000000000001,0.41,4.9,3,N,22497
0.7100000000000001,0.41,4.9,4,N,22498
0.7100000000000001,0.41,4.9,5,N,22499
0.7100000000000001,0.51,0.01,1,N,22500
0.7100000000000001,0.51,0.01,2,N,22501
0.7100000000000001,0.51,0.01,3,N,22502
0.7100000000000001,0.51,0.01,4,N,22503
0.7100000000000001,0.51,0.01,5,N,22504
0.7100000000000001,0.51,0.11,1,N,22505
0.7100000000000001,0.51,0.11,2,N,22506
0.7100000000000001,0.51,0.11,3,N,22507
0.7100000000000001,0.51,0.11,4,N,22508
0.7100000000000001,0.51,0.11,5,N,22509
0.7100000000000001,0.51,0.21,1,N,22510
0.7100000000000001,0.51,0.21,2,N,22511
0.7100000000000001,0.51,0.21,3,N,22512
0.7100000000000001,0.51,0.21,4,N,22513
0.7100000000000001,0.51,0.21,5,N,22514
0.7100000000000001,0.51,0.31000000000000005,1,N,22515
0.7100000000000001,0.51,0.31000000000000005,2,N,22516
0.7100000000000001,0.51,0.31000000000000005,3,N,22517
0.7100000000000001,0.51,0.31000000000000005,4,N,22518
0.7100000000000001,0.51,0.31000000000000005,5,N,22519
0.7100000000000001,0.51,0.41,1,N,22520
0.7100000000000001,0.51,0.41,2,N,22521
0.7100000000000001,0.51,0.41,3,N,22522
0.7100000000000001,0.51,0.41,4,N,22523
0.7100000000000001,0.51,0.41,5,N,22524
0.7100000000000001,0.51,0.51,1,N,22525
0.7100000000000001,0.51,0.51,2,N,22526
0.7100000000000001,0.51,0.51,3,N,22527
0.7100000000000001,0.51,0.51,4,N,22528
0.7100000000000001,0.51,0.51,5,N,22529
0.7100000000000001,0.51,0.6100000000000001,1,N,22530
0.7100000000000001,0.51,0.6100000000000001,2,N,22531
0.7100000000000001,0.51,0.6100000000000001,3,N,22532
0.7100000000000001,0.51,0.6100000000000001,4,N,22533
0.7100000000000001,0.51,0.6100000000000001,5,N,22534
0.7100000000000001,0.51,0.7100000000000001,1,N,22535
0.7100000000000001,0.51,0.7100000000000001,2,N,22536
0.7100000000000001,0.51,0.7100000000000001,3,N,22537
0.7100000000000001,0.51,0.7100000000000001,4,N,22538
0.7100000000000001,0.51,0.7100000000000001,5,N,22539
0.7100000000000001,0.51,0.81,1,N,22540
0.7100000000000001,0.51,0.81,2,N,22541
0.7100000000000001,0.51,0.81,3,N,22542
0.7100000000000001,0.51,0.81,4,N,22543
0.7100000000000001,0.51,0.81,5,N,22544
0.7100000000000001,0.51,0.91,1,N,22545
0.7100000000000001,0.51,0.91,2,N,22546
0.7100000000000001,0.51,0.91,3,N,22547
0.7100000000000001,0.51,0.91,4,N,22548
0.7100000000000001,0.51,0.91,5,N,22549
0.7100000000000001,0.51,1.01,1,N,22550
0.7100000000000001,0.51,1.01,2,N,22551
0.7100000000000001,0.51,1.01,3,N,22552
0.7100000000000001,0.51,1.01,4,N,22553
0.7100000000000001,0.51,1.01,5,N,22554
0.7100000000000001,0.51,1.11,1,N,22555
0.7100000000000001,0.51,1.11,2,N,22556
0.7100000000000001,0.51,1.11,3,N,22557
0.7100000000000001,0.51,1.11,4,N,22558
0.7100000000000001,0.51,1.11,5,N,22559
0.7100000000000001,0.51,1.3,1,N,22560
0.7100000000000001,0.51,1.3,2,N,22561
0.7100000000000001,0.51,1.3,3,N,22562
0.7100000000000001,0.51,1.3,4,N,22563
0.7100000000000001,0.51,1.3,5,N,22564
0.7100000000000001,0.51,1.6,1,N,22565
0.7100000000000001,0.51,1.6,2,N,22566
0.7100000000000001,0.51,1.6,3,N,22567
0.7100000000000001,0.51,1.6,4,N,22568
0.7100000000000001,0.51,1.6,5,N,22569
0.7100000000000001,0.51,1.9,1,N,22570
0.7100000000000001,0.51,1.9,2,N,22571
0.7100000000000001,0.51,1.9,3,N,22572
0.7100000000000001,0.51,1.9,4,N,22573
0.7100000000000001,0.51,1.9,5,N,22574
0.7100000000000001,0.51,2.2,1,N,22575
0.7100000000000001,0.51,2.2,2,N,22576
0.7100000000000001,0.51,2.2,3,N,22577
0.7100000000000001,0.51,2.2,4,N,22578
0.7100000000000001,0.51,2.2,5,N,22579
0.7100000000000001,0.51,2.5,1,N,22580
0.7100000000000001,0.51,2.5,2,N,22581
0.7100000000000001,0.51,2.5,3,N,22582
0.7100000000000001,0.51,2.5,4,N,22583
0.7100000000000001,0.51,2.5,5,N,22584
0.7100000000000001,0.51,2.8000000000000003,1,N,22585
0.7100000000000001,0.51,2.8000000000000003,2,N,22586
0.7100000000000001,0.51,2.8000000000000003,3,N,22587
0.7100000000000001,0.51,2.8000000000000003,4,N,22588
0.7100000000000001,0.51,2.8000000000000003,5,N,22589
0.7100000000000001,0.51,3.1000000000000005,1,N,22590
0.7100000000000001,0.51,3.1000000000000005,2,N,22591
0.7100000000000001,0.51,3.1000000000000005,3,N,22592
0.7100000000000001,0.51,3.1000000000000005,4,N,22593
0.7100000000000001,0.51,3.1000000000000005,5,N,22594
0.7100000000000001,0.51,3.4000000000000004,1,N,22595
0.7100000000000001,0.51,3.4000000000000004,2,N,22596
0.7100000000000001,0.51,3.4000000000000004,3,N,22597
0.7100000000000001,0.51,3.4000000000000004,4,N,22598
0.7100000000000001,0.51,3.4000000000000004,5,N,22599
0.7100000000000001,0.51,3.7,1,N,22600
0.7100000000000001,0.51,3.7,2,N,22601
0.7100000000000001,0.51,3.7,3,N,22602
0.7100000000000001,0.51,3.7,4,N,22603
0.7100000000000001,0.51,3.7,5,N,22604
0.7100000000000001,0.51,4.0,1,N,22605
0.7100000000000001,0.51,4.0,2,N,22606
0.7100000000000001,0.51,4.0,3,N,22607
0.7100000000000001,0.51,4.0,4,N,22608
0.7100000000000001,0.51,4.0,5,N,22609
0.7100000000000001,0.51,4.300000000000002,1,N,22610
0.7100000000000001,0.51,4.300000000000002,2,N,22611
0.7100000000000001,0.51,4.300000000000002,3,N,22612
0.7100000000000001,0.51,4.300000000000002,4,N,22613
0.7100000000000001,0.51,4.300000000000002,5,N,22614
0.7100000000000001,0.51,4.6000000000000005,1,N,22615
0.7100000000000001,0.51,4.6000000000000005,2,N,22616
0.7100000000000001,0.51,4.6000000000000005,3,N,22617
0.7100000000000001,0.51,4.6000000000000005,4,N,22618
0.7100000000000001,0.51,4.6000000000000005,5,N,22619
0.7100000000000001,0.51,4.9,1,N,22620
0.7100000000000001,0.51,4.9,2,N,22621
0.7100000000000001,0.51,4.9,3,N,22622
0.7100000000000001,0.51,4.9,4,N,22623
0.7100000000000001,0.51,4.9,5,N,22624
0.7100000000000001,0.6100000000000001,0.01,1,N,22625
0.7100000000000001,0.6100000000000001,0.01,2,N,22626
0.7100000000000001,0.6100000000000001,0.01,3,N,22627
0.7100000000000001,0.6100000000000001,0.01,4,N,22628
0.7100000000000001,0.6100000000000001,0.01,5,N,22629
0.7100000000000001,0.6100000000000001,0.11,1,N,22630
0.7100000000000001,0.6100000000000001,0.11,2,N,22631
0.7100000000000001,0.6100000000000001,0.11,3,N,22632
0.7100000000000001,0.6100000000000001,0.11,4,N,22633
0.7100000000000001,0.6100000000000001,0.11,5,N,22634
0.7100000000000001,0.6100000000000001,0.21,1,N,22635
0.7100000000000001,0.6100000000000001,0.21,2,N,22636
0.7100000000000001,0.6100000000000001,0.21,3,N,22637
0.7100000000000001,0.6100000000000001,0.21,4,N,22638
0.7100000000000001,0.6100000000000001,0.21,5,N,22639
0.7100000000000001,0.6100000000000001,0.31000000000000005,1,N,22640
0.7100000000000001,0.6100000000000001,0.31000000000000005,2,N,22641
0.7100000000000001,0.6100000000000001,0.31000000000000005,3,N,22642
0.7100000000000001,0.6100000000000001,0.31000000000000005,4,N,22643
0.7100000000000001,0.6100000000000001,0.31000000000000005,5,N,22644
0.7100000000000001,0.6100000000000001,0.41,1,N,22645
0.7100000000000001,0.6100000000000001,0.41,2,N,22646
0.7100000000000001,0.6100000000000001,0.41,3,N,22647
0.7100000000000001,0.6100000000000001,0.41,4,N,22648
0.7100000000000001,0.6100000000000001,0.41,5,N,22649
0.7100000000000001,0.6100000000000001,0.51,1,N,22650
0.7100000000000001,0.6100000000000001,0.51,2,N,22651
0.7100000000000001,0.6100000000000001,0.51,3,N,22652
0.7100000000000001,0.6100000000000001,0.51,4,N,22653
0.7100000000000001,0.6100000000000001,0.51,5,N,22654
0.7100000000000001,0.6100000000000001,0.6100000000000001,1,N,22655
0.7100000000000001,0.6100000000000001,0.6100000000000001,2,N,22656
0.7100000000000001,0.6100000000000001,0.6100000000000001,3,N,22657
0.7100000000000001,0.6100000000000001,0.6100000000000001,4,N,22658
0.7100000000000001,0.6100000000000001,0.6100000000000001,5,N,22659
0.7100000000000001,0.6100000000000001,0.7100000000000001,1,N,22660
0.7100000000000001,0.6100000000000001,0.7100000000000001,2,N,22661
0.7100000000000001,0.6100000000000001,0.7100000000000001,3,N,22662
0.7100000000000001,0.6100000000000001,0.7100000000000001,4,N,22663
0.7100000000000001,0.6100000000000001,0.7100000000000001,5,N,22664
0.7100000000000001,0.6100000000000001,0.81,1,N,22665
0.7100000000000001,0.6100000000000001,0.81,2,N,22666
0.7100000000000001,0.6100000000000001,0.81,3,N,22667
0.7100000000000001,0.6100000000000001,0.81,4,N,22668
0.7100000000000001,0.6100000000000001,0.81,5,N,22669
0.7100000000000001,0.6100000000000001,0.91,1,N,22670
0.7100000000000001,0.6100000000000001,0.91,2,N,22671
0.7100000000000001,0.6100000000000001,0.91,3,N,22672
0.7100000000000001,0.6100000000000001,0.91,4,N,22673
0.7100000000000001,0.6100000000000001,0.91,5,N,22674
0.7100000000000001,0.6100000000000001,1.01,1,N,22675
0.7100000000000001,0.6100000000000001,1.01,2,N,22676
0.7100000000000001,0.6100000000000001,1.01,3,N,22677
0.7100000000000001,0.6100000000000001,1.01,4,N,22678
0.7100000000000001,0.6100000000000001,1.01,5,N,22679
0.7100000000000001,0.6100000000000001,1.11,1,N,22680
0.7100000000000001,0.6100000000000001,1.11,2,N,22681
0.7100000000000001,0.6100000000000001,1.11,3,N,22682
0.7100000000000001,0.6100000000000001,1.11,4,N,22683
0.7100000000000001,0.6100000000000001,1.11,5,N,22684
0.7100000000000001,0.6100000000000001,1.3,1,N,22685
0.7100000000000001,0.6100000000000001,1.3,2,N,22686
0.7100000000000001,0.6100000000000001,1.3,3,N,22687
0.7100000000000001,0.6100000000000001,1.3,4,N,22688
0.7100000000000001,0.6100000000000001,1.3,5,N,22689
0.7100000000000001,0.6100000000000001,1.6,1,N,22690
0.7100000000000001,0.6100000000000001,1.6,2,N,22691
0.7100000000000001,0.6100000000000001,1.6,3,N,22692
0.7100000000000001,0.6100000000000001,1.6,4,N,22693
0.7100000000000001,0.6100000000000001,1.6,5,N,22694
0.7100000000000001,0.6100000000000001,1.9,1,N,22695
0.7100000000000001,0.6100000000000001,1.9,2,N,22696
0.7100000000000001,0.6100000000000001,1.9,3,N,22697
0.7100000000000001,0.6100000000000001,1.9,4,N,22698
0.7100000000000001,0.6100000000000001,1.9,5,N,22699
0.7100000000000001,0.6100000000000001,2.2,1,N,22700
0.7100000000000001,0.6100000000000001,2.2,2,N,22701
0.7100000000000001,0.6100000000000001,2.2,3,N,22702
0.7100000000000001,0.6100000000000001,2.2,4,N,22703
0.7100000000000001,0.6100000000000001,2.2,5,N,22704
0.7100000000000001,0.6100000000000001,2.5,1,N,22705
0.7100000000000001,0.6100000000000001,2.5,2,N,22706
0.7100000000000001,0.6100000000000001,2.5,3,N,22707
0.7100000000000001,0.6100000000000001,2.5,4,N,22708
0.7100000000000001,0.6100000000000001,2.5,5,N,22709
0.7100000000000001,0.6100000000000001,2.8000000000000003,1,N,22710
0.7100000000000001,0.6100000000000001,2.8000000000000003,2,N,22711
0.7100000000000001,0.6100000000000001,2.8000000000000003,3,N,22712
0.7100000000000001,0.6100000000000001,2.8000000000000003,4,N,22713
0.7100000000000001,0.6100000000000001,2.8000000000000003,5,N,22714
0.7100000000000001,0.6100000000000001,3.1000000000000005,1,N,22715
0.7100000000000001,0.6100000000000001,3.1000000000000005,2,N,22716
0.7100000000000001,0.6100000000000001,3.1000000000000005,3,N,22717
0.7100000000000001,0.6100000000000001,3.1000000000000005,4,N,22718
0.7100000000000001,0.6100000000000001,3.1000000000000005,5,N,22719
0.7100000000000001,0.6100000000000001,3.4000000000000004,1,N,22720
0.7100000000000001,0.6100000000000001,3.4000000000000004,2,N,22721
0.7100000000000001,0.6100000000000001,3.4000000000000004,3,N,22722
0.7100000000000001,0.6100000000000001,3.4000000000000004,4,N,22723
0.7100000000000001,0.6100000000000001,3.4000000000000004,5,N,22724
0.7100000000000001,0.6100000000000001,3.7,1,N,22725
0.7100000000000001,0.6100000000000001,3.7,2,N,22726
0.7100000000000001,0.6100000000000001,3.7,3,N,22727
0.7100000000000001,0.6100000000000001,3.7,4,N,22728
0.7100000000000001,0.6100000000000001,3.7,5,N,22729
0.7100000000000001,0.6100000000000001,4.0,1,N,22730
0.7100000000000001,0.6100000000000001,4.0,2,N,22731
0.7100000000000001,0.6100000000000001,4.0,3,N,22732
0.7100000000000001,0.6100000000000001,4.0,4,N,22733
0.7100000000000001,0.6100000000000001,4.0,5,N,22734
0.7100000000000001,0.6100000000000001,4.300000000000002,1,N,22735
0.7100000000000001,0.6100000000000001,4.300000000000002,2,N,22736
0.7100000000000001,0.6100000000000001,4.300000000000002,3,N,22737
0.7100000000000001,0.6100000000000001,4.300000000000002,4,N,22738
0.7100000000000001,0.6100000000000001,4.300000000000002,5,N,22739
0.7100000000000001,0.6100000000000001,4.6000000000000005,1,N,22740
0.7100000000000001,0.6100000000000001,4.6000000000000005,2,N,22741
0.7100000000000001,0.6100000000000001,4.6000000000000005,3,N,22742
0.7100000000000001,0.6100000000000001,4.6000000000000005,4,N,22743
0.7100000000000001,0.6100000000000001,4.6000000000000005,5,N,22744
0.7100000000000001,0.6100000000000001,4.9,1,N,22745
0.7100000000000001,0.6100000000000001,4.9,2,N,22746
0.7100000000000001,0.6100000000000001,4.9,3,N,22747
0.7100000000000001,0.6100000000000001,4.9,4,N,22748
0.7100000000000001,0.6100000000000001,4.9,5,N,22749
0.7100000000000001,0.7100000000000001,0.01,1,N,22750
0.7100000000000001,0.7100000000000001,0.01,2,N,22751
0.7100000000000001,0.7100000000000001,0.01,3,N,22752
0.7100000000000001,0.7100000000000001,0.01,4,N,22753
0.7100000000000001,0.7100000000000001,0.01,5,N,22754
0.7100000000000001,0.7100000000000001,0.11,1,N,22755
0.7100000000000001,0.7100000000000001,0.11,2,N,22756
0.7100000000000001,0.7100000000000001,0.11,3,N,22757
0.7100000000000001,0.7100000000000001,0.11,4,N,22758
0.7100000000000001,0.7100000000000001,0.11,5,N,22759
0.7100000000000001,0.7100000000000001,0.21,1,N,22760
0.7100000000000001,0.7100000000000001,0.21,2,N,22761
0.7100000000000001,0.7100000000000001,0.21,3,N,22762
0.7100000000000001,0.7100000000000001,0.21,4,N,22763
0.7100000000000001,0.7100000000000001,0.21,5,N,22764
0.7100000000000001,0.7100000000000001,0.31000000000000005,1,N,22765
0.7100000000000001,0.7100000000000001,0.31000000000000005,2,N,22766
0.7100000000000001,0.7100000000000001,0.31000000000000005,3,N,22767
0.7100000000000001,0.7100000000000001,0.31000000000000005,4,N,22768
0.7100000000000001,0.7100000000000001,0.31000000000000005,5,N,22769
0.7100000000000001,0.7100000000000001,0.41,1,N,22770
0.7100000000000001,0.7100000000000001,0.41,2,N,22771
0.7100000000000001,0.7100000000000001,0.41,3,N,22772
0.7100000000000001,0.7100000000000001,0.41,4,N,22773
0.7100000000000001,0.7100000000000001,0.41,5,N,22774
0.7100000000000001,0.7100000000000001,0.51,1,N,22775
0.7100000000000001,0.7100000000000001,0.51,2,N,22776
0.7100000000000001,0.7100000000000001,0.51,3,N,22777
0.7100000000000001,0.7100000000000001,0.51,4,N,22778
0.7100000000000001,0.7100000000000001,0.51,5,N,22779
0.7100000000000001,0.7100000000000001,0.6100000000000001,1,N,22780
0.7100000000000001,0.7100000000000001,0.6100000000000001,2,N,22781
0.7100000000000001,0.7100000000000001,0.6100000000000001,3,N,22782
0.7100000000000001,0.7100000000000001,0.6100000000000001,4,N,22783
0.7100000000000001,0.7100000000000001,0.6100000000000001,5,N,22784
0.7100000000000001,0.7100000000000001,0.7100000000000001,1,N,22785
0.7100000000000001,0.7100000000000001,0.7100000000000001,2,N,22786
0.7100000000000001,0.7100000000000001,0.7100000000000001,3,N,22787
0.7100000000000001,0.7100000000000001,0.7100000000000001,4,N,22788
0.7100000000000001,0.7100000000000001,0.7100000000000001,5,N,22789
0.7100000000000001,0.7100000000000001,0.81,1,N,22790
0.7100000000000001,0.7100000000000001,0.81,2,N,22791
0.7100000000000001,0.7100000000000001,0.81,3,N,22792
0.7100000000000001,0.7100000000000001,0.81,4,N,22793
0.7100000000000001,0.7100000000000001,0.81,5,N,22794
0.7100000000000001,0.7100000000000001,0.91,1,N,22795
0.7100000000000001,0.7100000000000001,0.91,2,N,22796
0.7100000000000001,0.7100000000000001,0.91,3,N,22797
0.7100000000000001,0.7100000000000001,0.91,4,N,22798
0.7100000000000001,0.7100000000000001,0.91,5,N,22799
0.7100000000000001,0.7100000000000001,1.01,1,N,22800
0.7100000000000001,0.7100000000000001,1.01,2,N,22801
0.7100000000000001,0.7100000000000001,1.01,3,N,22802
0.7100000000000001,0.7100000000000001,1.01,4,N,22803
0.7100000000000001,0.7100000000000001,1.01,5,N,22804
0.7100000000000001,0.7100000000000001,1.11,1,N,22805
0.7100000000000001,0.7100000000000001,1.11,2,N,22806
0.7100000000000001,0.7100000000000001,1.11,3,N,22807
0.7100000000000001,0.7100000000000001,1.11,4,N,22808
0.7100000000000001,0.7100000000000001,1.11,5,N,22809
0.7100000000000001,0.7100000000000001,1.3,1,N,22810
0.7100000000000001,0.7100000000000001,1.3,2,N,22811
0.7100000000000001,0.7100000000000001,1.3,3,N,22812
0.7100000000000001,0.7100000000000001,1.3,4,N,22813
0.7100000000000001,0.7100000000000001,1.3,5,N,22814
0.7100000000000001,0.7100000000000001,1.6,1,N,22815
0.7100000000000001,0.7100000000000001,1.6,2,N,22816
0.7100000000000001,0.7100000000000001,1.6,3,N,22817
0.7100000000000001,0.7100000000000001,1.6,4,N,22818
0.7100000000000001,0.7100000000000001,1.6,5,N,22819
0.7100000000000001,0.7100000000000001,1.9,1,N,22820
0.7100000000000001,0.7100000000000001,1.9,2,N,22821
0.7100000000000001,0.7100000000000001,1.9,3,N,22822
0.7100000000000001,0.7100000000000001,1.9,4,N,22823
0.7100000000000001,0.7100000000000001,1.9,5,N,22824
0.7100000000000001,0.7100000000000001,2.2,1,N,22825
0.7100000000000001,0.7100000000000001,2.2,2,N,22826
0.7100000000000001,0.7100000000000001,2.2,3,N,22827
0.7100000000000001,0.7100000000000001,2.2,4,N,22828
0.7100000000000001,0.7100000000000001,2.2,5,N,22829
0.7100000000000001,0.7100000000000001,2.5,1,N,22830
0.7100000000000001,0.7100000000000001,2.5,2,N,22831
0.7100000000000001,0.7100000000000001,2.5,3,N,22832
0.7100000000000001,0.7100000000000001,2.5,4,N,22833
0.7100000000000001,0.7100000000000001,2.5,5,N,22834
0.7100000000000001,0.7100000000000001,2.8000000000000003,1,N,22835
0.7100000000000001,0.7100000000000001,2.8000000000000003,2,N,22836
0.7100000000000001,0.7100000000000001,2.8000000000000003,3,N,22837
0.7100000000000001,0.7100000000000001,2.8000000000000003,4,N,22838
0.7100000000000001,0.7100000000000001,2.8000000000000003,5,N,22839
0.7100000000000001,0.7100000000000001,3.1000000000000005,1,N,22840
0.7100000000000001,0.7100000000000001,3.1000000000000005,2,N,22841
0.7100000000000001,0.7100000000000001,3.1000000000000005,3,N,22842
0.7100000000000001,0.7100000000000001,3.1000000000000005,4,N,22843
0.7100000000000001,0.7100000000000001,3.1000000000000005,5,N,22844
0.7100000000000001,0.7100000000000001,3.4000000000000004,1,N,22845
0.7100000000000001,0.7100000000000001,3.4000000000000004,2,N,22846
0.7100000000000001,0.7100000000000001,3.4000000000000004,3,N,22847
0.7100000000000001,0.7100000000000001,3.4000000000000004,4,N,22848
0.7100000000000001,0.7100000000000001,3.4000000000000004,5,N,22849
0.7100000000000001,0.7100000000000001,3.7,1,N,22850
0.7100000000000001,0.7100000000000001,3.7,2,N,22851
0.7100000000000001,0.7100000000000001,3.7,3,N,22852
0.7100000000000001,0.7100000000000001,3.7,4,N,22853
0.7100000000000001,0.7100000000000001,3.7,5,N,22854
0.7100000000000001,0.7100000000000001,4.0,1,N,22855
0.7100000000000001,0.7100000000000001,4.0,2,N,22856
0.7100000000000001,0.7100000000000001,4.0,3,N,22857
0.7100000000000001,0.7100000000000001,4.0,4,N,22858
0.7100000000000001,0.7100000000000001,4.0,5,N,22859
0.7100000000000001,0.7100000000000001,4.300000000000002,1,N,22860
0.7100000000000001,0.7100000000000001,4.300000000000002,2,N,22861
0.7100000000000001,0.7100000000000001,4.300000000000002,3,N,22862
0.7100000000000001,0.7100000000000001,4.300000000000002,4,N,22863
0.7100000000000001,0.7100000000000001,4.300000000000002,5,N,22864
0.7100000000000001,0.7100000000000001,4.6000000000000005,1,N,22865
0.7100000000000001,0.7100000000000001,4.6000000000000005,2,N,22866
0.7100000000000001,0.7100000000000001,4.6000000000000005,3,N,22867
0.7100000000000001,0.7100000000000001,4.6000000000000005,4,N,22868
0.7100000000000001,0.7100000000000001,4.6000000000000005,5,N,22869
0.7100000000000001,0.7100000000000001,4.9,1,N,22870
0.7100000000000001,0.7100000000000001,4.9,2,N,22871
0.7100000000000001,0.7100000000000001,4.9,3,N,22872
0.7100000000000001,0.7100000000000001,4.9,4,N,22873
0.7100000000000001,0.7100000000000001,4.9,5,N,22874
0.7100000000000001,0.81,0.01,1,N,22875
0.7100000000000001,0.81,0.01,2,N,22876
0.7100000000000001,0.81,0.01,3,N,22877
0.7100000000000001,0.81,0.01,4,N,22878
0.7100000000000001,0.81,0.01,5,N,22879
0.7100000000000001,0.81,0.11,1,N,22880
0.7100000000000001,0.81,0.11,2,N,22881
0.7100000000000001,0.81,0.11,3,N,22882
0.7100000000000001,0.81,0.11,4,N,22883
0.7100000000000001,0.81,0.11,5,N,22884
0.7100000000000001,0.81,0.21,1,N,22885
0.7100000000000001,0.81,0.21,2,N,22886
0.7100000000000001,0.81,0.21,3,N,22887
0.7100000000000001,0.81,0.21,4,N,22888
0.7100000000000001,0.81,0.21,5,N,22889
0.7100000000000001,0.81,0.31000000000000005,1,N,22890
0.7100000000000001,0.81,0.31000000000000005,2,N,22891
0.7100000000000001,0.81,0.31000000000000005,3,N,22892
0.7100000000000001,0.81,0.31000000000000005,4,N,22893
0.7100000000000001,0.81,0.31000000000000005,5,N,22894
0.7100000000000001,0.81,0.41,1,N,22895
0.7100000000000001,0.81,0.41,2,N,22896
0.7100000000000001,0.81,0.41,3,N,22897
0.7100000000000001,0.81,0.41,4,N,22898
0.7100000000000001,0.81,0.41,5,N,22899
0.7100000000000001,0.81,0.51,1,N,22900
0.7100000000000001,0.81,0.51,2,N,22901
0.7100000000000001,0.81,0.51,3,N,22902
0.7100000000000001,0.81,0.51,4,N,22903
0.7100000000000001,0.81,0.51,5,N,22904
0.7100000000000001,0.81,0.6100000000000001,1,N,22905
0.7100000000000001,0.81,0.6100000000000001,2,N,22906
0.7100000000000001,0.81,0.6100000000000001,3,N,22907
0.7100000000000001,0.81,0.6100000000000001,4,N,22908
0.7100000000000001,0.81,0.6100000000000001,5,N,22909
0.7100000000000001,0.81,0.7100000000000001,1,N,22910
0.7100000000000001,0.81,0.7100000000000001,2,N,22911
0.7100000000000001,0.81,0.7100000000000001,3,N,22912
0.7100000000000001,0.81,0.7100000000000001,4,N,22913
0.7100000000000001,0.81,0.7100000000000001,5,N,22914
0.7100000000000001,0.81,0.81,1,N,22915
0.7100000000000001,0.81,0.81,2,N,22916
0.7100000000000001,0.81,0.81,3,N,22917
0.7100000000000001,0.81,0.81,4,N,22918
0.7100000000000001,0.81,0.81,5,N,22919
0.7100000000000001,0.81,0.91,1,N,22920
0.7100000000000001,0.81,0.91,2,N,22921
0.7100000000000001,0.81,0.91,3,N,22922
0.7100000000000001,0.81,0.91,4,N,22923
0.7100000000000001,0.81,0.91,5,N,22924
0.7100000000000001,0.81,1.01,1,N,22925
0.7100000000000001,0.81,1.01,2,N,22926
0.7100000000000001,0.81,1.01,3,N,22927
0.7100000000000001,0.81,1.01,4,N,22928
0.7100000000000001,0.81,1.01,5,N,22929
0.7100000000000001,0.81,1.11,1,N,22930
0.7100000000000001,0.81,1.11,2,N,22931
0.7100000000000001,0.81,1.11,3,N,22932
0.7100000000000001,0.81,1.11,4,N,22933
0.7100000000000001,0.81,1.11,5,N,22934
0.7100000000000001,0.81,1.3,1,N,22935
0.7100000000000001,0.81,1.3,2,N,22936
0.7100000000000001,0.81,1.3,3,N,22937
0.7100000000000001,0.81,1.3,4,N,22938
0.7100000000000001,0.81,1.3,5,N,22939
0.7100000000000001,0.81,1.6,1,N,22940
0.7100000000000001,0.81,1.6,2,N,22941
0.7100000000000001,0.81,1.6,3,N,22942
0.7100000000000001,0.81,1.6,4,N,22943
0.7100000000000001,0.81,1.6,5,N,22944
0.7100000000000001,0.81,1.9,1,N,22945
0.7100000000000001,0.81,1.9,2,N,22946
0.7100000000000001,0.81,1.9,3,N,22947
0.7100000000000001,0.81,1.9,4,N,22948
0.7100000000000001,0.81,1.9,5,N,22949
0.7100000000000001,0.81,2.2,1,N,22950
0.7100000000000001,0.81,2.2,2,N,22951
0.7100000000000001,0.81,2.2,3,N,22952
0.7100000000000001,0.81,2.2,4,N,22953
0.7100000000000001,0.81,2.2,5,N,22954
0.7100000000000001,0.81,2.5,1,N,22955
0.7100000000000001,0.81,2.5,2,N,22956
0.7100000000000001,0.81,2.5,3,N,22957
0.7100000000000001,0.81,2.5,4,N,22958
0.7100000000000001,0.81,2.5,5,N,22959
0.7100000000000001,0.81,2.8000000000000003,1,N,22960
0.7100000000000001,0.81,2.8000000000000003,2,N,22961
0.7100000000000001,0.81,2.8000000000000003,3,N,22962
0.7100000000000001,0.81,2.8000000000000003,4,N,22963
0.7100000000000001,0.81,2.8000000000000003,5,N,22964
0.7100000000000001,0.81,3.1000000000000005,1,N,22965
0.7100000000000001,0.81,3.1000000000000005,2,N,22966
0.7100000000000001,0.81,3.1000000000000005,3,N,22967
0.7100000000000001,0.81,3.1000000000000005,4,N,22968
0.7100000000000001,0.81,3.1000000000000005,5,N,22969
0.7100000000000001,0.81,3.4000000000000004,1,N,22970
0.7100000000000001,0.81,3.4000000000000004,2,N,22971
0.7100000000000001,0.81,3.4000000000000004,3,N,22972
0.7100000000000001,0.81,3.4000000000000004,4,N,22973
0.7100000000000001,0.81,3.4000000000000004,5,N,22974
0.7100000000000001,0.81,3.7,1,N,22975
0.7100000000000001,0.81,3.7,2,N,22976
0.7100000000000001,0.81,3.7,3,N,22977
0.7100000000000001,0.81,3.7,4,N,22978
0.7100000000000001,0.81,3.7,5,N,22979
0.7100000000000001,0.81,4.0,1,N,22980
0.7100000000000001,0.81,4.0,2,N,22981
0.7100000000000001,0.81,4.0,3,N,22982
0.7100000000000001,0.81,4.0,4,N,22983
0.7100000000000001,0.81,4.0,5,N,22984
0.7100000000000001,0.81,4.300000000000002,1,N,22985
0.7100000000000001,0.81,4.300000000000002,2,N,22986
0.7100000000000001,0.81,4.300000000000002,3,N,22987
0.7100000000000001,0.81,4.300000000000002,4,N,22988
0.7100000000000001,0.81,4.300000000000002,5,N,22989
0.7100000000000001,0.81,4.6000000000000005,1,N,22990
0.7100000000000001,0.81,4.6000000000000005,2,N,22991
0.7100000000000001,0.81,4.6000000000000005,3,N,22992
0.7100000000000001,0.81,4.6000000000000005,4,N,22993
0.7100000000000001,0.81,4.6000000000000005,5,N,22994
0.7100000000000001,0.81,4.9,1,N,22995
0.7100000000000001,0.81,4.9,2,N,22996
0.7100000000000001,0.81,4.9,3,N,22997
0.7100000000000001,0.81,4.9,4,N,22998
0.7100000000000001,0.81,4.9,5,N,22999
0.7100000000000001,0.91,0.01,1,N,23000
0.7100000000000001,0.91,0.01,2,N,23001
0.7100000000000001,0.91,0.01,3,N,23002
0.7100000000000001,0.91,0.01,4,N,23003
0.7100000000000001,0.91,0.01,5,N,23004
0.7100000000000001,0.91,0.11,1,N,23005
0.7100000000000001,0.91,0.11,2,N,23006
0.7100000000000001,0.91,0.11,3,N,23007
0.7100000000000001,0.91,0.11,4,N,23008
0.7100000000000001,0.91,0.11,5,N,23009
0.7100000000000001,0.91,0.21,1,N,23010
0.7100000000000001,0.91,0.21,2,N,23011
0.7100000000000001,0.91,0.21,3,N,23012
0.7100000000000001,0.91,0.21,4,N,23013
0.7100000000000001,0.91,0.21,5,N,23014
0.7100000000000001,0.91,0.31000000000000005,1,N,23015
0.7100000000000001,0.91,0.31000000000000005,2,N,23016
0.7100000000000001,0.91,0.31000000000000005,3,N,23017
0.7100000000000001,0.91,0.31000000000000005,4,N,23018
0.7100000000000001,0.91,0.31000000000000005,5,N,23019
0.7100000000000001,0.91,0.41,1,N,23020
0.7100000000000001,0.91,0.41,2,N,23021
0.7100000000000001,0.91,0.41,3,N,23022
0.7100000000000001,0.91,0.41,4,N,23023
0.7100000000000001,0.91,0.41,5,N,23024
0.7100000000000001,0.91,0.51,1,N,23025
0.7100000000000001,0.91,0.51,2,N,23026
0.7100000000000001,0.91,0.51,3,N,23027
0.7100000000000001,0.91,0.51,4,N,23028
0.7100000000000001,0.91,0.51,5,N,23029
0.7100000000000001,0.91,0.6100000000000001,1,N,23030
0.7100000000000001,0.91,0.6100000000000001,2,N,23031
0.7100000000000001,0.91,0.6100000000000001,3,N,23032
0.7100000000000001,0.91,0.6100000000000001,4,N,23033
0.7100000000000001,0.91,0.6100000000000001,5,N,23034
0.7100000000000001,0.91,0.7100000000000001,1,N,23035
0.7100000000000001,0.91,0.7100000000000001,2,N,23036
0.7100000000000001,0.91,0.7100000000000001,3,N,23037
0.7100000000000001,0.91,0.7100000000000001,4,N,23038
0.7100000000000001,0.91,0.7100000000000001,5,N,23039
0.7100000000000001,0.91,0.81,1,N,23040
0.7100000000000001,0.91,0.81,2,N,23041
0.7100000000000001,0.91,0.81,3,N,23042
0.7100000000000001,0.91,0.81,4,N,23043
0.7100000000000001,0.91,0.81,5,N,23044
0.7100000000000001,0.91,0.91,1,N,23045
0.7100000000000001,0.91,0.91,2,N,23046
0.7100000000000001,0.91,0.91,3,N,23047
0.7100000000000001,0.91,0.91,4,N,23048
0.7100000000000001,0.91,0.91,5,N,23049
0.7100000000000001,0.91,1.01,1,N,23050
0.7100000000000001,0.91,1.01,2,N,23051
0.7100000000000001,0.91,1.01,3,N,23052
0.7100000000000001,0.91,1.01,4,N,23053
0.7100000000000001,0.91,1.01,5,N,23054
0.7100000000000001,0.91,1.11,1,N,23055
0.7100000000000001,0.91,1.11,2,N,23056
0.7100000000000001,0.91,1.11,3,N,23057
0.7100000000000001,0.91,1.11,4,N,23058
0.7100000000000001,0.91,1.11,5,N,23059
0.7100000000000001,0.91,1.3,1,N,23060
0.7100000000000001,0.91,1.3,2,N,23061
0.7100000000000001,0.91,1.3,3,N,23062
0.7100000000000001,0.91,1.3,4,N,23063
0.7100000000000001,0.91,1.3,5,N,23064
0.7100000000000001,0.91,1.6,1,N,23065
0.7100000000000001,0.91,1.6,2,N,23066
0.7100000000000001,0.91,1.6,3,N,23067
0.7100000000000001,0.91,1.6,4,N,23068
0.7100000000000001,0.91,1.6,5,N,23069
0.7100000000000001,0.91,1.9,1,N,23070
0.7100000000000001,0.91,1.9,2,N,23071
0.7100000000000001,0.91,1.9,3,N,23072
0.7100000000000001,0.91,1.9,4,N,23073
0.7100000000000001,0.91,1.9,5,N,23074
0.7100000000000001,0.91,2.2,1,N,23075
0.7100000000000001,0.91,2.2,2,N,23076
0.7100000000000001,0.91,2.2,3,N,23077
0.7100000000000001,0.91,2.2,4,N,23078
0.7100000000000001,0.91,2.2,5,N,23079
0.7100000000000001,0.91,2.5,1,N,23080
0.7100000000000001,0.91,2.5,2,N,23081
0.7100000000000001,0.91,2.5,3,N,23082
0.7100000000000001,0.91,2.5,4,N,23083
0.7100000000000001,0.91,2.5,5,N,23084
0.7100000000000001,0.91,2.8000000000000003,1,N,23085
0.7100000000000001,0.91,2.8000000000000003,2,N,23086
0.7100000000000001,0.91,2.8000000000000003,3,N,23087
0.7100000000000001,0.91,2.8000000000000003,4,N,23088
0.7100000000000001,0.91,2.8000000000000003,5,N,23089
0.7100000000000001,0.91,3.1000000000000005,1,N,23090
0.7100000000000001,0.91,3.1000000000000005,2,N,23091
0.7100000000000001,0.91,3.1000000000000005,3,N,23092
0.7100000000000001,0.91,3.1000000000000005,4,N,23093
0.7100000000000001,0.91,3.1000000000000005,5,N,23094
0.7100000000000001,0.91,3.4000000000000004,1,N,23095
0.7100000000000001,0.91,3.4000000000000004,2,N,23096
0.7100000000000001,0.91,3.4000000000000004,3,N,23097
0.7100000000000001,0.91,3.4000000000000004,4,N,23098
0.7100000000000001,0.91,3.4000000000000004,5,N,23099
0.7100000000000001,0.91,3.7,1,N,23100
0.7100000000000001,0.91,3.7,2,N,23101
0.7100000000000001,0.91,3.7,3,N,23102
0.7100000000000001,0.91,3.7,4,N,23103
0.7100000000000001,0.91,3.7,5,N,23104
0.7100000000000001,0.91,4.0,1,N,23105
0.7100000000000001,0.91,4.0,2,N,23106
0.7100000000000001,0.91,4.0,3,N,23107
0.7100000000000001,0.91,4.0,4,N,23108
0.7100000000000001,0.91,4.0,5,N,23109
0.7100000000000001,0.91,4.300000000000002,1,N,23110
0.7100000000000001,0.91,4.300000000000002,2,N,23111
0.7100000000000001,0.91,4.300000000000002,3,N,23112
0.7100000000000001,0.91,4.300000000000002,4,N,23113
0.7100000000000001,0.91,4.300000000000002,5,N,23114
0.7100000000000001,0.91,4.6000000000000005,1,N,23115
0.7100000000000001,0.91,4.6000000000000005,2,N,23116
0.7100000000000001,0.91,4.6000000000000005,3,N,23117
0.7100000000000001,0.91,4.6000000000000005,4,N,23118
0.7100000000000001,0.91,4.6000000000000005,5,N,23119
0.7100000000000001,0.91,4.9,1,N,23120
0.7100000000000001,0.91,4.9,2,N,23121
0.7100000000000001,0.91,4.9,3,N,23122
0.7100000000000001,0.91,4.9,4,N,23123
0.7100000000000001,0.91,4.9,5,N,23124
0.7100000000000001,1.01,0.01,1,N,23125
0.7100000000000001,1.01,0.01,2,N,23126
0.7100000000000001,1.01,0.01,3,N,23127
0.7100000000000001,1.01,0.01,4,N,23128
0.7100000000000001,1.01,0.01,5,N,23129
0.7100000000000001,1.01,0.11,1,N,23130
0.7100000000000001,1.01,0.11,2,N,23131
0.7100000000000001,1.01,0.11,3,N,23132
0.7100000000000001,1.01,0.11,4,N,23133
0.7100000000000001,1.01,0.11,5,N,23134
0.7100000000000001,1.01,0.21,1,N,23135
0.7100000000000001,1.01,0.21,2,N,23136
0.7100000000000001,1.01,0.21,3,N,23137
0.7100000000000001,1.01,0.21,4,N,23138
0.7100000000000001,1.01,0.21,5,N,23139
0.7100000000000001,1.01,0.31000000000000005,1,N,23140
0.7100000000000001,1.01,0.31000000000000005,2,N,23141
0.7100000000000001,1.01,0.31000000000000005,3,N,23142
0.7100000000000001,1.01,0.31000000000000005,4,N,23143
0.7100000000000001,1.01,0.31000000000000005,5,N,23144
0.7100000000000001,1.01,0.41,1,N,23145
0.7100000000000001,1.01,0.41,2,N,23146
0.7100000000000001,1.01,0.41,3,N,23147
0.7100000000000001,1.01,0.41,4,N,23148
0.7100000000000001,1.01,0.41,5,N,23149
0.7100000000000001,1.01,0.51,1,N,23150
0.7100000000000001,1.01,0.51,2,N,23151
0.7100000000000001,1.01,0.51,3,N,23152
0.7100000000000001,1.01,0.51,4,N,23153
0.7100000000000001,1.01,0.51,5,N,23154
0.7100000000000001,1.01,0.6100000000000001,1,N,23155
0.7100000000000001,1.01,0.6100000000000001,2,N,23156
0.7100000000000001,1.01,0.6100000000000001,3,N,23157
0.7100000000000001,1.01,0.6100000000000001,4,N,23158
0.7100000000000001,1.01,0.6100000000000001,5,N,23159
0.7100000000000001,1.01,0.7100000000000001,1,N,23160
0.7100000000000001,1.01,0.7100000000000001,2,N,23161
0.7100000000000001,1.01,0.7100000000000001,3,N,23162
0.7100000000000001,1.01,0.7100000000000001,4,N,23163
0.7100000000000001,1.01,0.7100000000000001,5,N,23164
0.7100000000000001,1.01,0.81,1,N,23165
0.7100000000000001,1.01,0.81,2,N,23166
0.7100000000000001,1.01,0.81,3,N,23167
0.7100000000000001,1.01,0.81,4,N,23168
0.7100000000000001,1.01,0.81,5,N,23169
0.7100000000000001,1.01,0.91,1,N,23170
0.7100000000000001,1.01,0.91,2,N,23171
0.7100000000000001,1.01,0.91,3,N,23172
0.7100000000000001,1.01,0.91,4,N,23173
0.7100000000000001,1.01,0.91,5,N,23174
0.7100000000000001,1.01,1.01,1,N,23175
0.7100000000000001,1.01,1.01,2,N,23176
0.7100000000000001,1.01,1.01,3,N,23177
0.7100000000000001,1.01,1.01,4,N,23178
0.7100000000000001,1.01,1.01,5,N,23179
0.7100000000000001,1.01,1.11,1,N,23180
0.7100000000000001,1.01,1.11,2,N,23181
0.7100000000000001,1.01,1.11,3,N,23182
0.7100000000000001,1.01,1.11,4,N,23183
0.7100000000000001,1.01,1.11,5,N,23184
0.7100000000000001,1.01,1.3,1,N,23185
0.7100000000000001,1.01,1.3,2,N,23186
0.7100000000000001,1.01,1.3,3,N,23187
0.7100000000000001,1.01,1.3,4,N,23188
0.7100000000000001,1.01,1.3,5,N,23189
0.7100000000000001,1.01,1.6,1,N,23190
0.7100000000000001,1.01,1.6,2,N,23191
0.7100000000000001,1.01,1.6,3,N,23192
0.7100000000000001,1.01,1.6,4,N,23193
0.7100000000000001,1.01,1.6,5,N,23194
0.7100000000000001,1.01,1.9,1,N,23195
0.7100000000000001,1.01,1.9,2,N,23196
0.7100000000000001,1.01,1.9,3,N,23197
0.7100000000000001,1.01,1.9,4,N,23198
0.7100000000000001,1.01,1.9,5,N,23199
0.7100000000000001,1.01,2.2,1,N,23200
0.7100000000000001,1.01,2.2,2,N,23201
0.7100000000000001,1.01,2.2,3,N,23202
0.7100000000000001,1.01,2.2,4,N,23203
0.7100000000000001,1.01,2.2,5,N,23204
0.7100000000000001,1.01,2.5,1,N,23205
0.7100000000000001,1.01,2.5,2,N,23206
0.7100000000000001,1.01,2.5,3,N,23207
0.7100000000000001,1.01,2.5,4,N,23208
0.7100000000000001,1.01,2.5,5,N,23209
0.7100000000000001,1.01,2.8000000000000003,1,N,23210
0.7100000000000001,1.01,2.8000000000000003,2,N,23211
0.7100000000000001,1.01,2.8000000000000003,3,N,23212
0.7100000000000001,1.01,2.8000000000000003,4,N,23213
0.7100000000000001,1.01,2.8000000000000003,5,N,23214
0.7100000000000001,1.01,3.1000000000000005,1,N,23215
0.7100000000000001,1.01,3.1000000000000005,2,N,23216
0.7100000000000001,1.01,3.1000000000000005,3,N,23217
0.7100000000000001,1.01,3.1000000000000005,4,N,23218
0.7100000000000001,1.01,3.1000000000000005,5,N,23219
0.7100000000000001,1.01,3.4000000000000004,1,N,23220
0.7100000000000001,1.01,3.4000000000000004,2,N,23221
0.7100000000000001,1.01,3.4000000000000004,3,N,23222
0.7100000000000001,1.01,3.4000000000000004,4,N,23223
0.7100000000000001,1.01,3.4000000000000004,5,N,23224
0.7100000000000001,1.01,3.7,1,N,23225
0.7100000000000001,1.01,3.7,2,N,23226
0.7100000000000001,1.01,3.7,3,N,23227
0.7100000000000001,1.01,3.7,4,N,23228
0.7100000000000001,1.01,3.7,5,N,23229
0.7100000000000001,1.01,4.0,1,N,23230
0.7100000000000001,1.01,4.0,2,N,23231
0.7100000000000001,1.01,4.0,3,N,23232
0.7100000000000001,1.01,4.0,4,N,23233
0.7100000000000001,1.01,4.0,5,N,23234
0.7100000000000001,1.01,4.300000000000002,1,N,23235
0.7100000000000001,1.01,4.300000000000002,2,N,23236
0.7100000000000001,1.01,4.300000000000002,3,N,23237
0.7100000000000001,1.01,4.300000000000002,4,N,23238
0.7100000000000001,1.01,4.300000000000002,5,N,23239
0.7100000000000001,1.01,4.6000000000000005,1,N,23240
0.7100000000000001,1.01,4.6000000000000005,2,N,23241
0.7100000000000001,1.01,4.6000000000000005,3,N,23242
0.7100000000000001,1.01,4.6000000000000005,4,N,23243
0.7100000000000001,1.01,4.6000000000000005,5,N,23244
0.7100000000000001,1.01,4.9,1,N,23245
0.7100000000000001,1.01,4.9,2,N,23246
0.7100000000000001,1.01,4.9,3,N,23247
0.7100000000000001,1.01,4.9,4,N,23248
0.7100000000000001,1.01,4.9,5,N,23249
0.7100000000000001,1.11,0.01,1,N,23250
0.7100000000000001,1.11,0.01,2,N,23251
0.7100000000000001,1.11,0.01,3,N,23252
0.7100000000000001,1.11,0.01,4,N,23253
0.7100000000000001,1.11,0.01,5,N,23254
0.7100000000000001,1.11,0.11,1,N,23255
0.7100000000000001,1.11,0.11,2,N,23256
0.7100000000000001,1.11,0.11,3,N,23257
0.7100000000000001,1.11,0.11,4,N,23258
0.7100000000000001,1.11,0.11,5,N,23259
0.7100000000000001,1.11,0.21,1,N,23260
0.7100000000000001,1.11,0.21,2,N,23261
0.7100000000000001,1.11,0.21,3,N,23262
0.7100000000000001,1.11,0.21,4,N,23263
0.7100000000000001,1.11,0.21,5,N,23264
0.7100000000000001,1.11,0.31000000000000005,1,N,23265
0.7100000000000001,1.11,0.31000000000000005,2,N,23266
0.7100000000000001,1.11,0.31000000000000005,3,N,23267
0.7100000000000001,1.11,0.31000000000000005,4,N,23268
0.7100000000000001,1.11,0.31000000000000005,5,N,23269
0.7100000000000001,1.11,0.41,1,N,23270
0.7100000000000001,1.11,0.41,2,N,23271
0.7100000000000001,1.11,0.41,3,N,23272
0.7100000000000001,1.11,0.41,4,N,23273
0.7100000000000001,1.11,0.41,5,N,23274
0.7100000000000001,1.11,0.51,1,N,23275
0.7100000000000001,1.11,0.51,2,N,23276
0.7100000000000001,1.11,0.51,3,N,23277
0.7100000000000001,1.11,0.51,4,N,23278
0.7100000000000001,1.11,0.51,5,N,23279
0.7100000000000001,1.11,0.6100000000000001,1,N,23280
0.7100000000000001,1.11,0.6100000000000001,2,N,23281
0.7100000000000001,1.11,0.6100000000000001,3,N,23282
0.7100000000000001,1.11,0.6100000000000001,4,N,23283
0.7100000000000001,1.11,0.6100000000000001,5,N,23284
0.7100000000000001,1.11,0.7100000000000001,1,N,23285
0.7100000000000001,1.11,0.7100000000000001,2,N,23286
0.7100000000000001,1.11,0.7100000000000001,3,N,23287
0.7100000000000001,1.11,0.7100000000000001,4,N,23288
0.7100000000000001,1.11,0.7100000000000001,5,N,23289
0.7100000000000001,1.11,0.81,1,N,23290
0.7100000000000001,1.11,0.81,2,N,23291
0.7100000000000001,1.11,0.81,3,N,23292
0.7100000000000001,1.11,0.81,4,N,23293
0.7100000000000001,1.11,0.81,5,N,23294
0.7100000000000001,1.11,0.91,1,N,23295
0.7100000000000001,1.11,0.91,2,N,23296
0.7100000000000001,1.11,0.91,3,N,23297
0.7100000000000001,1.11,0.91,4,N,23298
0.7100000000000001,1.11,0.91,5,N,23299
0.7100000000000001,1.11,1.01,1,N,23300
0.7100000000000001,1.11,1.01,2,N,23301
0.7100000000000001,1.11,1.01,3,N,23302
0.7100000000000001,1.11,1.01,4,N,23303
0.7100000000000001,1.11,1.01,5,N,23304
0.7100000000000001,1.11,1.11,1,N,23305
0.7100000000000001,1.11,1.11,2,N,23306
0.7100000000000001,1.11,1.11,3,N,23307
0.7100000000000001,1.11,1.11,4,N,23308
0.7100000000000001,1.11,1.11,5,N,23309
0.7100000000000001,1.11,1.3,1,N,23310
0.7100000000000001,1.11,1.3,2,N,23311
0.7100000000000001,1.11,1.3,3,N,23312
0.7100000000000001,1.11,1.3,4,N,23313
0.7100000000000001,1.11,1.3,5,N,23314
0.7100000000000001,1.11,1.6,1,N,23315
0.7100000000000001,1.11,1.6,2,N,23316
0.7100000000000001,1.11,1.6,3,N,23317
0.7100000000000001,1.11,1.6,4,N,23318
0.7100000000000001,1.11,1.6,5,N,23319
0.7100000000000001,1.11,1.9,1,N,23320
0.7100000000000001,1.11,1.9,2,N,23321
0.7100000000000001,1.11,1.9,3,N,23322
0.7100000000000001,1.11,1.9,4,N,23323
0.7100000000000001,1.11,1.9,5,N,23324
0.7100000000000001,1.11,2.2,1,N,23325
0.7100000000000001,1.11,2.2,2,N,23326
0.7100000000000001,1.11,2.2,3,N,23327
0.7100000000000001,1.11,2.2,4,N,23328
0.7100000000000001,1.11,2.2,5,N,23329
0.7100000000000001,1.11,2.5,1,N,23330
0.7100000000000001,1.11,2.5,2,N,23331
0.7100000000000001,1.11,2.5,3,N,23332
0.7100000000000001,1.11,2.5,4,N,23333
0.7100000000000001,1.11,2.5,5,N,23334
0.7100000000000001,1.11,2.8000000000000003,1,N,23335
0.7100000000000001,1.11,2.8000000000000003,2,N,23336
0.7100000000000001,1.11,2.8000000000000003,3,N,23337
0.7100000000000001,1.11,2.8000000000000003,4,N,23338
0.7100000000000001,1.11,2.8000000000000003,5,N,23339
0.7100000000000001,1.11,3.1000000000000005,1,N,23340
0.7100000000000001,1.11,3.1000000000000005,2,N,23341
0.7100000000000001,1.11,3.1000000000000005,3,N,23342
0.7100000000000001,1.11,3.1000000000000005,4,N,23343
0.7100000000000001,1.11,3.1000000000000005,5,N,23344
0.7100000000000001,1.11,3.4000000000000004,1,N,23345
0.7100000000000001,1.11,3.4000000000000004,2,N,23346
0.7100000000000001,1.11,3.4000000000000004,3,N,23347
0.7100000000000001,1.11,3.4000000000000004,4,N,23348
0.7100000000000001,1.11,3.4000000000000004,5,N,23349
0.7100000000000001,1.11,3.7,1,N,23350
0.7100000000000001,1.11,3.7,2,N,23351
0.7100000000000001,1.11,3.7,3,N,23352
0.7100000000000001,1.11,3.7,4,N,23353
0.7100000000000001,1.11,3.7,5,N,23354
0.7100000000000001,1.11,4.0,1,N,23355
0.7100000000000001,1.11,4.0,2,N,23356
0.7100000000000001,1.11,4.0,3,N,23357
0.7100000000000001,1.11,4.0,4,N,23358
0.7100000000000001,1.11,4.0,5,N,23359
0.7100000000000001,1.11,4.300000000000002,1,N,23360
0.7100000000000001,1.11,4.300000000000002,2,N,23361
0.7100000000000001,1.11,4.300000000000002,3,N,23362
0.7100000000000001,1.11,4.300000000000002,4,N,23363
0.7100000000000001,1.11,4.300000000000002,5,N,23364
0.7100000000000001,1.11,4.6000000000000005,1,N,23365
0.7100000000000001,1.11,4.6000000000000005,2,N,23366
0.7100000000000001,1.11,4.6000000000000005,3,N,23367
0.7100000000000001,1.11,4.6000000000000005,4,N,23368
0.7100000000000001,1.11,4.6000000000000005,5,N,23369
0.7100000000000001,1.11,4.9,1,N,23370
0.7100000000000001,1.11,4.9,2,N,23371
0.7100000000000001,1.11,4.9,3,N,23372
0.7100000000000001,1.11,4.9,4,N,23373
0.7100000000000001,1.11,4.9,5,N,23374
0.7100000000000001,1.3,0.01,1,N,23375
0.7100000000000001,1.3,0.01,2,N,23376
0.7100000000000001,1.3,0.01,3,N,23377
0.7100000000000001,1.3,0.01,4,N,23378
0.7100000000000001,1.3,0.01,5,N,23379
0.7100000000000001,1.3,0.11,1,N,23380
0.7100000000000001,1.3,0.11,2,N,23381
0.7100000000000001,1.3,0.11,3,N,23382
0.7100000000000001,1.3,0.11,4,N,23383
0.7100000000000001,1.3,0.11,5,N,23384
0.7100000000000001,1.3,0.21,1,N,23385
0.7100000000000001,1.3,0.21,2,N,23386
0.7100000000000001,1.3,0.21,3,N,23387
0.7100000000000001,1.3,0.21,4,N,23388
0.7100000000000001,1.3,0.21,5,N,23389
0.7100000000000001,1.3,0.31000000000000005,1,N,23390
0.7100000000000001,1.3,0.31000000000000005,2,N,23391
0.7100000000000001,1.3,0.31000000000000005,3,N,23392
0.7100000000000001,1.3,0.31000000000000005,4,N,23393
0.7100000000000001,1.3,0.31000000000000005,5,N,23394
0.7100000000000001,1.3,0.41,1,N,23395
0.7100000000000001,1.3,0.41,2,N,23396
0.7100000000000001,1.3,0.41,3,N,23397
0.7100000000000001,1.3,0.41,4,N,23398
0.7100000000000001,1.3,0.41,5,N,23399
0.7100000000000001,1.3,0.51,1,N,23400
0.7100000000000001,1.3,0.51,2,N,23401
0.7100000000000001,1.3,0.51,3,N,23402
0.7100000000000001,1.3,0.51,4,N,23403
0.7100000000000001,1.3,0.51,5,N,23404
0.7100000000000001,1.3,0.6100000000000001,1,N,23405
0.7100000000000001,1.3,0.6100000000000001,2,N,23406
0.7100000000000001,1.3,0.6100000000000001,3,N,23407
0.7100000000000001,1.3,0.6100000000000001,4,N,23408
0.7100000000000001,1.3,0.6100000000000001,5,N,23409
0.7100000000000001,1.3,0.7100000000000001,1,N,23410
0.7100000000000001,1.3,0.7100000000000001,2,N,23411
0.7100000000000001,1.3,0.7100000000000001,3,N,23412
0.7100000000000001,1.3,0.7100000000000001,4,N,23413
0.7100000000000001,1.3,0.7100000000000001,5,N,23414
0.7100000000000001,1.3,0.81,1,N,23415
0.7100000000000001,1.3,0.81,2,N,23416
0.7100000000000001,1.3,0.81,3,N,23417
0.7100000000000001,1.3,0.81,4,N,23418
0.7100000000000001,1.3,0.81,5,N,23419
0.7100000000000001,1.3,0.91,1,N,23420
0.7100000000000001,1.3,0.91,2,N,23421
0.7100000000000001,1.3,0.91,3,N,23422
0.7100000000000001,1.3,0.91,4,N,23423
0.7100000000000001,1.3,0.91,5,N,23424
0.7100000000000001,1.3,1.01,1,N,23425
0.7100000000000001,1.3,1.01,2,N,23426
0.7100000000000001,1.3,1.01,3,N,23427
0.7100000000000001,1.3,1.01,4,N,23428
0.7100000000000001,1.3,1.01,5,N,23429
0.7100000000000001,1.3,1.11,1,N,23430
0.7100000000000001,1.3,1.11,2,N,23431
0.7100000000000001,1.3,1.11,3,N,23432
0.7100000000000001,1.3,1.11,4,N,23433
0.7100000000000001,1.3,1.11,5,N,23434
0.7100000000000001,1.3,1.3,1,N,23435
0.7100000000000001,1.3,1.3,2,N,23436
0.7100000000000001,1.3,1.3,3,N,23437
0.7100000000000001,1.3,1.3,4,N,23438
0.7100000000000001,1.3,1.3,5,N,23439
0.7100000000000001,1.3,1.6,1,N,23440
0.7100000000000001,1.3,1.6,2,N,23441
0.7100000000000001,1.3,1.6,3,N,23442
0.7100000000000001,1.3,1.6,4,N,23443
0.7100000000000001,1.3,1.6,5,N,23444
0.7100000000000001,1.3,1.9,1,N,23445
0.7100000000000001,1.3,1.9,2,N,23446
0.7100000000000001,1.3,1.9,3,N,23447
0.7100000000000001,1.3,1.9,4,N,23448
0.7100000000000001,1.3,1.9,5,N,23449
0.7100000000000001,1.3,2.2,1,N,23450
0.7100000000000001,1.3,2.2,2,N,23451
0.7100000000000001,1.3,2.2,3,N,23452
0.7100000000000001,1.3,2.2,4,N,23453
0.7100000000000001,1.3,2.2,5,N,23454
0.7100000000000001,1.3,2.5,1,N,23455
0.7100000000000001,1.3,2.5,2,N,23456
0.7100000000000001,1.3,2.5,3,N,23457
0.7100000000000001,1.3,2.5,4,N,23458
0.7100000000000001,1.3,2.5,5,N,23459
0.7100000000000001,1.3,2.8000000000000003,1,N,23460
0.7100000000000001,1.3,2.8000000000000003,2,N,23461
0.7100000000000001,1.3,2.8000000000000003,3,N,23462
0.7100000000000001,1.3,2.8000000000000003,4,N,23463
0.7100000000000001,1.3,2.8000000000000003,5,N,23464
0.7100000000000001,1.3,3.1000000000000005,1,N,23465
0.7100000000000001,1.3,3.1000000000000005,2,N,23466
0.7100000000000001,1.3,3.1000000000000005,3,N,23467
0.7100000000000001,1.3,3.1000000000000005,4,N,23468
0.7100000000000001,1.3,3.1000000000000005,5,N,23469
0.7100000000000001,1.3,3.4000000000000004,1,N,23470
0.7100000000000001,1.3,3.4000000000000004,2,N,23471
0.7100000000000001,1.3,3.4000000000000004,3,N,23472
0.7100000000000001,1.3,3.4000000000000004,4,N,23473
0.7100000000000001,1.3,3.4000000000000004,5,N,23474
0.7100000000000001,1.3,3.7,1,N,23475
0.7100000000000001,1.3,3.7,2,N,23476
0.7100000000000001,1.3,3.7,3,N,23477
0.7100000000000001,1.3,3.7,4,N,23478
0.7100000000000001,1.3,3.7,5,N,23479
0.7100000000000001,1.3,4.0,1,N,23480
0.7100000000000001,1.3,4.0,2,N,23481
0.7100000000000001,1.3,4.0,3,N,23482
0.7100000000000001,1.3,4.0,4,N,23483
0.7100000000000001,1.3,4.0,5,N,23484
0.7100000000000001,1.3,4.300000000000002,1,N,23485
0.7100000000000001,1.3,4.300000000000002,2,N,23486
0.7100000000000001,1.3,4.300000000000002,3,N,23487
0.7100000000000001,1.3,4.300000000000002,4,N,23488
0.7100000000000001,1.3,4.300000000000002,5,N,23489
0.7100000000000001,1.3,4.6000000000000005,1,N,23490
0.7100000000000001,1.3,4.6000000000000005,2,N,23491
0.7100000000000001,1.3,4.6000000000000005,3,N,23492
0.7100000000000001,1.3,4.6000000000000005,4,N,23493
0.7100000000000001,1.3,4.6000000000000005,5,N,23494
0.7100000000000001,1.3,4.9,1,N,23495
0.7100000000000001,1.3,4.9,2,N,23496
0.7100000000000001,1.3,4.9,3,N,23497
0.7100000000000001,1.3,4.9,4,N,23498
0.7100000000000001,1.3,4.9,5,N,23499
0.7100000000000001,1.6,0.01,1,N,23500
0.7100000000000001,1.6,0.01,2,N,23501
0.7100000000000001,1.6,0.01,3,N,23502
0.7100000000000001,1.6,0.01,4,N,23503
0.7100000000000001,1.6,0.01,5,N,23504
0.7100000000000001,1.6,0.11,1,N,23505
0.7100000000000001,1.6,0.11,2,N,23506
0.7100000000000001,1.6,0.11,3,N,23507
0.7100000000000001,1.6,0.11,4,N,23508
0.7100000000000001,1.6,0.11,5,N,23509
0.7100000000000001,1.6,0.21,1,N,23510
0.7100000000000001,1.6,0.21,2,N,23511
0.7100000000000001,1.6,0.21,3,N,23512
0.7100000000000001,1.6,0.21,4,N,23513
0.7100000000000001,1.6,0.21,5,N,23514
0.7100000000000001,1.6,0.31000000000000005,1,N,23515
0.7100000000000001,1.6,0.31000000000000005,2,N,23516
0.7100000000000001,1.6,0.31000000000000005,3,N,23517
0.7100000000000001,1.6,0.31000000000000005,4,N,23518
0.7100000000000001,1.6,0.31000000000000005,5,N,23519
0.7100000000000001,1.6,0.41,1,N,23520
0.7100000000000001,1.6,0.41,2,N,23521
0.7100000000000001,1.6,0.41,3,N,23522
0.7100000000000001,1.6,0.41,4,N,23523
0.7100000000000001,1.6,0.41,5,N,23524
0.7100000000000001,1.6,0.51,1,N,23525
0.7100000000000001,1.6,0.51,2,N,23526
0.7100000000000001,1.6,0.51,3,N,23527
0.7100000000000001,1.6,0.51,4,N,23528
0.7100000000000001,1.6,0.51,5,N,23529
0.7100000000000001,1.6,0.6100000000000001,1,N,23530
0.7100000000000001,1.6,0.6100000000000001,2,N,23531
0.7100000000000001,1.6,0.6100000000000001,3,N,23532
0.7100000000000001,1.6,0.6100000000000001,4,N,23533
0.7100000000000001,1.6,0.6100000000000001,5,N,23534
0.7100000000000001,1.6,0.7100000000000001,1,N,23535
0.7100000000000001,1.6,0.7100000000000001,2,N,23536
0.7100000000000001,1.6,0.7100000000000001,3,N,23537
0.7100000000000001,1.6,0.7100000000000001,4,N,23538
0.7100000000000001,1.6,0.7100000000000001,5,N,23539
0.7100000000000001,1.6,0.81,1,N,23540
0.7100000000000001,1.6,0.81,2,N,23541
0.7100000000000001,1.6,0.81,3,N,23542
0.7100000000000001,1.6,0.81,4,N,23543
0.7100000000000001,1.6,0.81,5,N,23544
0.7100000000000001,1.6,0.91,1,N,23545
0.7100000000000001,1.6,0.91,2,N,23546
0.7100000000000001,1.6,0.91,3,N,23547
0.7100000000000001,1.6,0.91,4,N,23548
0.7100000000000001,1.6,0.91,5,N,23549
0.7100000000000001,1.6,1.01,1,N,23550
0.7100000000000001,1.6,1.01,2,N,23551
0.7100000000000001,1.6,1.01,3,N,23552
0.7100000000000001,1.6,1.01,4,N,23553
0.7100000000000001,1.6,1.01,5,N,23554
0.7100000000000001,1.6,1.11,1,N,23555
0.7100000000000001,1.6,1.11,2,N,23556
0.7100000000000001,1.6,1.11,3,N,23557
0.7100000000000001,1.6,1.11,4,N,23558
0.7100000000000001,1.6,1.11,5,N,23559
0.7100000000000001,1.6,1.3,1,N,23560
0.7100000000000001,1.6,1.3,2,N,23561
0.7100000000000001,1.6,1.3,3,N,23562
0.7100000000000001,1.6,1.3,4,N,23563
0.7100000000000001,1.6,1.3,5,N,23564
0.7100000000000001,1.6,1.6,1,N,23565
0.7100000000000001,1.6,1.6,2,N,23566
0.7100000000000001,1.6,1.6,3,N,23567
0.7100000000000001,1.6,1.6,4,N,23568
0.7100000000000001,1.6,1.6,5,N,23569
0.7100000000000001,1.6,1.9,1,N,23570
0.7100000000000001,1.6,1.9,2,N,23571
0.7100000000000001,1.6,1.9,3,N,23572
0.7100000000000001,1.6,1.9,4,N,23573
0.7100000000000001,1.6,1.9,5,N,23574
0.7100000000000001,1.6,2.2,1,N,23575
0.7100000000000001,1.6,2.2,2,N,23576
0.7100000000000001,1.6,2.2,3,N,23577
0.7100000000000001,1.6,2.2,4,N,23578
0.7100000000000001,1.6,2.2,5,N,23579
0.7100000000000001,1.6,2.5,1,N,23580
0.7100000000000001,1.6,2.5,2,N,23581
0.7100000000000001,1.6,2.5,3,N,23582
0.7100000000000001,1.6,2.5,4,N,23583
0.7100000000000001,1.6,2.5,5,N,23584
0.7100000000000001,1.6,2.8000000000000003,1,N,23585
0.7100000000000001,1.6,2.8000000000000003,2,N,23586
0.7100000000000001,1.6,2.8000000000000003,3,N,23587
0.7100000000000001,1.6,2.8000000000000003,4,N,23588
0.7100000000000001,1.6,2.8000000000000003,5,N,23589
0.7100000000000001,1.6,3.1000000000000005,1,N,23590
0.7100000000000001,1.6,3.1000000000000005,2,N,23591
0.7100000000000001,1.6,3.1000000000000005,3,N,23592
0.7100000000000001,1.6,3.1000000000000005,4,N,23593
0.7100000000000001,1.6,3.1000000000000005,5,N,23594
0.7100000000000001,1.6,3.4000000000000004,1,N,23595
0.7100000000000001,1.6,3.4000000000000004,2,N,23596
0.7100000000000001,1.6,3.4000000000000004,3,N,23597
0.7100000000000001,1.6,3.4000000000000004,4,N,23598
0.7100000000000001,1.6,3.4000000000000004,5,N,23599
0.7100000000000001,1.6,3.7,1,N,23600
0.7100000000000001,1.6,3.7,2,N,23601
0.7100000000000001,1.6,3.7,3,N,23602
0.7100000000000001,1.6,3.7,4,N,23603
0.7100000000000001,1.6,3.7,5,N,23604
0.7100000000000001,1.6,4.0,1,N,23605
0.7100000000000001,1.6,4.0,2,N,23606
0.7100000000000001,1.6,4.0,3,N,23607
0.7100000000000001,1.6,4.0,4,N,23608
0.7100000000000001,1.6,4.0,5,N,23609
0.7100000000000001,1.6,4.300000000000002,1,N,23610
0.7100000000000001,1.6,4.300000000000002,2,N,23611
0.7100000000000001,1.6,4.300000000000002,3,N,23612
0.7100000000000001,1.6,4.300000000000002,4,N,23613
0.7100000000000001,1.6,4.300000000000002,5,N,23614
0.7100000000000001,1.6,4.6000000000000005,1,N,23615
0.7100000000000001,1.6,4.6000000000000005,2,N,23616
0.7100000000000001,1.6,4.6000000000000005,3,N,23617
0.7100000000000001,1.6,4.6000000000000005,4,N,23618
0.7100000000000001,1.6,4.6000000000000005,5,N,23619
0.7100000000000001,1.6,4.9,1,N,23620
0.7100000000000001,1.6,4.9,2,N,23621
0.7100000000000001,1.6,4.9,3,N,23622
0.7100000000000001,1.6,4.9,4,N,23623
0.7100000000000001,1.6,4.9,5,N,23624
0.7100000000000001,1.9,0.01,1,N,23625
0.7100000000000001,1.9,0.01,2,N,23626
0.7100000000000001,1.9,0.01,3,N,23627
0.7100000000000001,1.9,0.01,4,N,23628
0.7100000000000001,1.9,0.01,5,N,23629
0.7100000000000001,1.9,0.11,1,N,23630
0.7100000000000001,1.9,0.11,2,N,23631
0.7100000000000001,1.9,0.11,3,N,23632
0.7100000000000001,1.9,0.11,4,N,23633
0.7100000000000001,1.9,0.11,5,N,23634
0.7100000000000001,1.9,0.21,1,N,23635
0.7100000000000001,1.9,0.21,2,N,23636
0.7100000000000001,1.9,0.21,3,N,23637
0.7100000000000001,1.9,0.21,4,N,23638
0.7100000000000001,1.9,0.21,5,N,23639
0.7100000000000001,1.9,0.31000000000000005,1,N,23640
0.7100000000000001,1.9,0.31000000000000005,2,N,23641
0.7100000000000001,1.9,0.31000000000000005,3,N,23642
0.7100000000000001,1.9,0.31000000000000005,4,N,23643
0.7100000000000001,1.9,0.31000000000000005,5,N,23644
0.7100000000000001,1.9,0.41,1,N,23645
0.7100000000000001,1.9,0.41,2,N,23646
0.7100000000000001,1.9,0.41,3,N,23647
0.7100000000000001,1.9,0.41,4,N,23648
0.7100000000000001,1.9,0.41,5,N,23649
0.7100000000000001,1.9,0.51,1,N,23650
0.7100000000000001,1.9,0.51,2,N,23651
0.7100000000000001,1.9,0.51,3,N,23652
0.7100000000000001,1.9,0.51,4,N,23653
0.7100000000000001,1.9,0.51,5,N,23654
0.7100000000000001,1.9,0.6100000000000001,1,N,23655
0.7100000000000001,1.9,0.6100000000000001,2,N,23656
0.7100000000000001,1.9,0.6100000000000001,3,N,23657
0.7100000000000001,1.9,0.6100000000000001,4,N,23658
0.7100000000000001,1.9,0.6100000000000001,5,N,23659
0.7100000000000001,1.9,0.7100000000000001,1,N,23660
0.7100000000000001,1.9,0.7100000000000001,2,N,23661
0.7100000000000001,1.9,0.7100000000000001,3,N,23662
0.7100000000000001,1.9,0.7100000000000001,4,N,23663
0.7100000000000001,1.9,0.7100000000000001,5,N,23664
0.7100000000000001,1.9,0.81,1,N,23665
0.7100000000000001,1.9,0.81,2,N,23666
0.7100000000000001,1.9,0.81,3,N,23667
0.7100000000000001,1.9,0.81,4,N,23668
0.7100000000000001,1.9,0.81,5,N,23669
0.7100000000000001,1.9,0.91,1,N,23670
0.7100000000000001,1.9,0.91,2,N,23671
0.7100000000000001,1.9,0.91,3,N,23672
0.7100000000000001,1.9,0.91,4,N,23673
0.7100000000000001,1.9,0.91,5,N,23674
0.7100000000000001,1.9,1.01,1,N,23675
0.7100000000000001,1.9,1.01,2,N,23676
0.7100000000000001,1.9,1.01,3,N,23677
0.7100000000000001,1.9,1.01,4,N,23678
0.7100000000000001,1.9,1.01,5,N,23679
0.7100000000000001,1.9,1.11,1,N,23680
0.7100000000000001,1.9,1.11,2,N,23681
0.7100000000000001,1.9,1.11,3,N,23682
0.7100000000000001,1.9,1.11,4,N,23683
0.7100000000000001,1.9,1.11,5,N,23684
0.7100000000000001,1.9,1.3,1,N,23685
0.7100000000000001,1.9,1.3,2,N,23686
0.7100000000000001,1.9,1.3,3,N,23687
0.7100000000000001,1.9,1.3,4,N,23688
0.7100000000000001,1.9,1.3,5,N,23689
0.7100000000000001,1.9,1.6,1,N,23690
0.7100000000000001,1.9,1.6,2,N,23691
0.7100000000000001,1.9,1.6,3,N,23692
0.7100000000000001,1.9,1.6,4,N,23693
0.7100000000000001,1.9,1.6,5,N,23694
0.7100000000000001,1.9,1.9,1,N,23695
0.7100000000000001,1.9,1.9,2,N,23696
0.7100000000000001,1.9,1.9,3,N,23697
0.7100000000000001,1.9,1.9,4,N,23698
0.7100000000000001,1.9,1.9,5,N,23699
0.7100000000000001,1.9,2.2,1,N,23700
0.7100000000000001,1.9,2.2,2,N,23701
0.7100000000000001,1.9,2.2,3,N,23702
0.7100000000000001,1.9,2.2,4,N,23703
0.7100000000000001,1.9,2.2,5,N,23704
0.7100000000000001,1.9,2.5,1,N,23705
0.7100000000000001,1.9,2.5,2,N,23706
0.7100000000000001,1.9,2.5,3,N,23707
0.7100000000000001,1.9,2.5,4,N,23708
0.7100000000000001,1.9,2.5,5,N,23709
0.7100000000000001,1.9,2.8000000000000003,1,N,23710
0.7100000000000001,1.9,2.8000000000000003,2,N,23711
0.7100000000000001,1.9,2.8000000000000003,3,N,23712
0.7100000000000001,1.9,2.8000000000000003,4,N,23713
0.7100000000000001,1.9,2.8000000000000003,5,N,23714
0.7100000000000001,1.9,3.1000000000000005,1,N,23715
0.7100000000000001,1.9,3.1000000000000005,2,N,23716
0.7100000000000001,1.9,3.1000000000000005,3,N,23717
0.7100000000000001,1.9,3.1000000000000005,4,N,23718
0.7100000000000001,1.9,3.1000000000000005,5,N,23719
0.7100000000000001,1.9,3.4000000000000004,1,N,23720
0.7100000000000001,1.9,3.4000000000000004,2,N,23721
0.7100000000000001,1.9,3.4000000000000004,3,N,23722
0.7100000000000001,1.9,3.4000000000000004,4,N,23723
0.7100000000000001,1.9,3.4000000000000004,5,N,23724
0.7100000000000001,1.9,3.7,1,N,23725
0.7100000000000001,1.9,3.7,2,N,23726
0.7100000000000001,1.9,3.7,3,N,23727
0.7100000000000001,1.9,3.7,4,N,23728
0.7100000000000001,1.9,3.7,5,N,23729
0.7100000000000001,1.9,4.0,1,N,23730
0.7100000000000001,1.9,4.0,2,N,23731
0.7100000000000001,1.9,4.0,3,N,23732
0.7100000000000001,1.9,4.0,4,N,23733
0.7100000000000001,1.9,4.0,5,N,23734
0.7100000000000001,1.9,4.300000000000002,1,N,23735
0.7100000000000001,1.9,4.300000000000002,2,N,23736
0.7100000000000001,1.9,4.300000000000002,3,N,23737
0.7100000000000001,1.9,4.300000000000002,4,N,23738
0.7100000000000001,1.9,4.300000000000002,5,N,23739
0.7100000000000001,1.9,4.6000000000000005,1,N,23740
0.7100000000000001,1.9,4.6000000000000005,2,N,23741
0.7100000000000001,1.9,4.6000000000000005,3,N,23742
0.7100000000000001,1.9,4.6000000000000005,4,N,23743
0.7100000000000001,1.9,4.6000000000000005,5,N,23744
0.7100000000000001,1.9,4.9,1,N,23745
0.7100000000000001,1.9,4.9,2,N,23746
0.7100000000000001,1.9,4.9,3,N,23747
0.7100000000000001,1.9,4.9,4,N,23748
0.7100000000000001,1.9,4.9,5,N,23749
0.7100000000000001,2.2,0.01,1,N,23750
0.7100000000000001,2.2,0.01,2,N,23751
0.7100000000000001,2.2,0.01,3,N,23752
0.7100000000000001,2.2,0.01,4,N,23753
0.7100000000000001,2.2,0.01,5,N,23754
0.7100000000000001,2.2,0.11,1,N,23755
0.7100000000000001,2.2,0.11,2,N,23756
0.7100000000000001,2.2,0.11,3,N,23757
0.7100000000000001,2.2,0.11,4,N,23758
0.7100000000000001,2.2,0.11,5,N,23759
0.7100000000000001,2.2,0.21,1,N,23760
0.7100000000000001,2.2,0.21,2,N,23761
0.7100000000000001,2.2,0.21,3,N,23762
0.7100000000000001,2.2,0.21,4,N,23763
0.7100000000000001,2.2,0.21,5,N,23764
0.7100000000000001,2.2,0.31000000000000005,1,N,23765
0.7100000000000001,2.2,0.31000000000000005,2,N,23766
0.7100000000000001,2.2,0.31000000000000005,3,N,23767
0.7100000000000001,2.2,0.31000000000000005,4,N,23768
0.7100000000000001,2.2,0.31000000000000005,5,N,23769
0.7100000000000001,2.2,0.41,1,N,23770
0.7100000000000001,2.2,0.41,2,N,23771
0.7100000000000001,2.2,0.41,3,N,23772
0.7100000000000001,2.2,0.41,4,N,23773
0.7100000000000001,2.2,0.41,5,N,23774
0.7100000000000001,2.2,0.51,1,N,23775
0.7100000000000001,2.2,0.51,2,N,23776
0.7100000000000001,2.2,0.51,3,N,23777
0.7100000000000001,2.2,0.51,4,N,23778
0.7100000000000001,2.2,0.51,5,N,23779
0.7100000000000001,2.2,0.6100000000000001,1,N,23780
0.7100000000000001,2.2,0.6100000000000001,2,N,23781
0.7100000000000001,2.2,0.6100000000000001,3,N,23782
0.7100000000000001,2.2,0.6100000000000001,4,N,23783
0.7100000000000001,2.2,0.6100000000000001,5,N,23784
0.7100000000000001,2.2,0.7100000000000001,1,N,23785
0.7100000000000001,2.2,0.7100000000000001,2,N,23786
0.7100000000000001,2.2,0.7100000000000001,3,N,23787
0.7100000000000001,2.2,0.7100000000000001,4,N,23788
0.7100000000000001,2.2,0.7100000000000001,5,N,23789
0.7100000000000001,2.2,0.81,1,N,23790
0.7100000000000001,2.2,0.81,2,N,23791
0.7100000000000001,2.2,0.81,3,N,23792
0.7100000000000001,2.2,0.81,4,N,23793
0.7100000000000001,2.2,0.81,5,N,23794
0.7100000000000001,2.2,0.91,1,N,23795
0.7100000000000001,2.2,0.91,2,N,23796
0.7100000000000001,2.2,0.91,3,N,23797
0.7100000000000001,2.2,0.91,4,N,23798
0.7100000000000001,2.2,0.91,5,N,23799
0.7100000000000001,2.2,1.01,1,N,23800
0.7100000000000001,2.2,1.01,2,N,23801
0.7100000000000001,2.2,1.01,3,N,23802
0.7100000000000001,2.2,1.01,4,N,23803
0.7100000000000001,2.2,1.01,5,N,23804
0.7100000000000001,2.2,1.11,1,N,23805
0.7100000000000001,2.2,1.11,2,N,23806
0.7100000000000001,2.2,1.11,3,N,23807
0.7100000000000001,2.2,1.11,4,N,23808
0.7100000000000001,2.2,1.11,5,N,23809
0.7100000000000001,2.2,1.3,1,N,23810
0.7100000000000001,2.2,1.3,2,N,23811
0.7100000000000001,2.2,1.3,3,N,23812
0.7100000000000001,2.2,1.3,4,N,23813
0.7100000000000001,2.2,1.3,5,N,23814
0.7100000000000001,2.2,1.6,1,N,23815
0.7100000000000001,2.2,1.6,2,N,23816
0.7100000000000001,2.2,1.6,3,N,23817
0.7100000000000001,2.2,1.6,4,N,23818
0.7100000000000001,2.2,1.6,5,N,23819
0.7100000000000001,2.2,1.9,1,N,23820
0.7100000000000001,2.2,1.9,2,N,23821
0.7100000000000001,2.2,1.9,3,N,23822
0.7100000000000001,2.2,1.9,4,N,23823
0.7100000000000001,2.2,1.9,5,N,23824
0.7100000000000001,2.2,2.2,1,N,23825
0.7100000000000001,2.2,2.2,2,N,23826
0.7100000000000001,2.2,2.2,3,N,23827
0.7100000000000001,2.2,2.2,4,N,23828
0.7100000000000001,2.2,2.2,5,N,23829
0.7100000000000001,2.2,2.5,1,N,23830
0.7100000000000001,2.2,2.5,2,N,23831
0.7100000000000001,2.2,2.5,3,N,23832
0.7100000000000001,2.2,2.5,4,N,23833
0.7100000000000001,2.2,2.5,5,N,23834
0.7100000000000001,2.2,2.8000000000000003,1,N,23835
0.7100000000000001,2.2,2.8000000000000003,2,N,23836
0.7100000000000001,2.2,2.8000000000000003,3,N,23837
0.7100000000000001,2.2,2.8000000000000003,4,N,23838
0.7100000000000001,2.2,2.8000000000000003,5,N,23839
0.7100000000000001,2.2,3.1000000000000005,1,N,23840
0.7100000000000001,2.2,3.1000000000000005,2,N,23841
0.7100000000000001,2.2,3.1000000000000005,3,N,23842
0.7100000000000001,2.2,3.1000000000000005,4,N,23843
0.7100000000000001,2.2,3.1000000000000005,5,N,23844
0.7100000000000001,2.2,3.4000000000000004,1,N,23845
0.7100000000000001,2.2,3.4000000000000004,2,N,23846
0.7100000000000001,2.2,3.4000000000000004,3,N,23847
0.7100000000000001,2.2,3.4000000000000004,4,N,23848
0.7100000000000001,2.2,3.4000000000000004,5,N,23849
0.7100000000000001,2.2,3.7,1,N,23850
0.7100000000000001,2.2,3.7,2,N,23851
0.7100000000000001,2.2,3.7,3,N,23852
0.7100000000000001,2.2,3.7,4,N,23853
0.7100000000000001,2.2,3.7,5,N,23854
0.7100000000000001,2.2,4.0,1,N,23855
0.7100000000000001,2.2,4.0,2,N,23856
0.7100000000000001,2.2,4.0,3,N,23857
0.7100000000000001,2.2,4.0,4,N,23858
0.7100000000000001,2.2,4.0,5,N,23859
0.7100000000000001,2.2,4.300000000000002,1,N,23860
0.7100000000000001,2.2,4.300000000000002,2,N,23861
0.7100000000000001,2.2,4.300000000000002,3,N,23862
0.7100000000000001,2.2,4.300000000000002,4,N,23863
0.7100000000000001,2.2,4.300000000000002,5,N,23864
0.7100000000000001,2.2,4.6000000000000005,1,N,23865
0.7100000000000001,2.2,4.6000000000000005,2,N,23866
0.7100000000000001,2.2,4.6000000000000005,3,N,23867
0.7100000000000001,2.2,4.6000000000000005,4,N,23868
0.7100000000000001,2.2,4.6000000000000005,5,N,23869
0.7100000000000001,2.2,4.9,1,N,23870
0.7100000000000001,2.2,4.9,2,N,23871
0.7100000000000001,2.2,4.9,3,N,23872
0.7100000000000001,2.2,4.9,4,N,23873
0.7100000000000001,2.2,4.9,5,N,23874
0.7100000000000001,2.5,0.01,1,N,23875
0.7100000000000001,2.5,0.01,2,N,23876
0.7100000000000001,2.5,0.01,3,N,23877
0.7100000000000001,2.5,0.01,4,N,23878
0.7100000000000001,2.5,0.01,5,N,23879
0.7100000000000001,2.5,0.11,1,N,23880
0.7100000000000001,2.5,0.11,2,N,23881
0.7100000000000001,2.5,0.11,3,N,23882
0.7100000000000001,2.5,0.11,4,N,23883
0.7100000000000001,2.5,0.11,5,N,23884
0.7100000000000001,2.5,0.21,1,N,23885
0.7100000000000001,2.5,0.21,2,N,23886
0.7100000000000001,2.5,0.21,3,N,23887
0.7100000000000001,2.5,0.21,4,N,23888
0.7100000000000001,2.5,0.21,5,N,23889
0.7100000000000001,2.5,0.31000000000000005,1,N,23890
0.7100000000000001,2.5,0.31000000000000005,2,N,23891
0.7100000000000001,2.5,0.31000000000000005,3,N,23892
0.7100000000000001,2.5,0.31000000000000005,4,N,23893
0.7100000000000001,2.5,0.31000000000000005,5,N,23894
0.7100000000000001,2.5,0.41,1,N,23895
0.7100000000000001,2.5,0.41,2,N,23896
0.7100000000000001,2.5,0.41,3,N,23897
0.7100000000000001,2.5,0.41,4,N,23898
0.7100000000000001,2.5,0.41,5,N,23899
0.7100000000000001,2.5,0.51,1,N,23900
0.7100000000000001,2.5,0.51,2,N,23901
0.7100000000000001,2.5,0.51,3,N,23902
0.7100000000000001,2.5,0.51,4,N,23903
0.7100000000000001,2.5,0.51,5,N,23904
0.7100000000000001,2.5,0.6100000000000001,1,N,23905
0.7100000000000001,2.5,0.6100000000000001,2,N,23906
0.7100000000000001,2.5,0.6100000000000001,3,N,23907
0.7100000000000001,2.5,0.6100000000000001,4,N,23908
0.7100000000000001,2.5,0.6100000000000001,5,N,23909
0.7100000000000001,2.5,0.7100000000000001,1,N,23910
0.7100000000000001,2.5,0.7100000000000001,2,N,23911
0.7100000000000001,2.5,0.7100000000000001,3,N,23912
0.7100000000000001,2.5,0.7100000000000001,4,N,23913
0.7100000000000001,2.5,0.7100000000000001,5,N,23914
0.7100000000000001,2.5,0.81,1,N,23915
0.7100000000000001,2.5,0.81,2,N,23916
0.7100000000000001,2.5,0.81,3,N,23917
0.7100000000000001,2.5,0.81,4,N,23918
0.7100000000000001,2.5,0.81,5,N,23919
0.7100000000000001,2.5,0.91,1,N,23920
0.7100000000000001,2.5,0.91,2,N,23921
0.7100000000000001,2.5,0.91,3,N,23922
0.7100000000000001,2.5,0.91,4,N,23923
0.7100000000000001,2.5,0.91,5,N,23924
0.7100000000000001,2.5,1.01,1,N,23925
0.7100000000000001,2.5,1.01,2,N,23926
0.7100000000000001,2.5,1.01,3,N,23927
0.7100000000000001,2.5,1.01,4,N,23928
0.7100000000000001,2.5,1.01,5,N,23929
0.7100000000000001,2.5,1.11,1,N,23930
0.7100000000000001,2.5,1.11,2,N,23931
0.7100000000000001,2.5,1.11,3,N,23932
0.7100000000000001,2.5,1.11,4,N,23933
0.7100000000000001,2.5,1.11,5,N,23934
0.7100000000000001,2.5,1.3,1,N,23935
0.7100000000000001,2.5,1.3,2,N,23936
0.7100000000000001,2.5,1.3,3,N,23937
0.7100000000000001,2.5,1.3,4,N,23938
0.7100000000000001,2.5,1.3,5,N,23939
0.7100000000000001,2.5,1.6,1,N,23940
0.7100000000000001,2.5,1.6,2,N,23941
0.7100000000000001,2.5,1.6,3,N,23942
0.7100000000000001,2.5,1.6,4,N,23943
0.7100000000000001,2.5,1.6,5,N,23944
0.7100000000000001,2.5,1.9,1,N,23945
0.7100000000000001,2.5,1.9,2,N,23946
0.7100000000000001,2.5,1.9,3,N,23947
0.7100000000000001,2.5,1.9,4,N,23948
0.7100000000000001,2.5,1.9,5,N,23949
0.7100000000000001,2.5,2.2,1,N,23950
0.7100000000000001,2.5,2.2,2,N,23951
0.7100000000000001,2.5,2.2,3,N,23952
0.7100000000000001,2.5,2.2,4,N,23953
0.7100000000000001,2.5,2.2,5,N,23954
0.7100000000000001,2.5,2.5,1,N,23955
0.7100000000000001,2.5,2.5,2,N,23956
0.7100000000000001,2.5,2.5,3,N,23957
0.7100000000000001,2.5,2.5,4,N,23958
0.7100000000000001,2.5,2.5,5,N,23959
0.7100000000000001,2.5,2.8000000000000003,1,N,23960
0.7100000000000001,2.5,2.8000000000000003,2,N,23961
0.7100000000000001,2.5,2.8000000000000003,3,N,23962
0.7100000000000001,2.5,2.8000000000000003,4,N,23963
0.7100000000000001,2.5,2.8000000000000003,5,N,23964
0.7100000000000001,2.5,3.1000000000000005,1,N,23965
0.7100000000000001,2.5,3.1000000000000005,2,N,23966
0.7100000000000001,2.5,3.1000000000000005,3,N,23967
0.7100000000000001,2.5,3.1000000000000005,4,N,23968
0.7100000000000001,2.5,3.1000000000000005,5,N,23969
0.7100000000000001,2.5,3.4000000000000004,1,N,23970
0.7100000000000001,2.5,3.4000000000000004,2,N,23971
0.7100000000000001,2.5,3.4000000000000004,3,N,23972
0.7100000000000001,2.5,3.4000000000000004,4,N,23973
0.7100000000000001,2.5,3.4000000000000004,5,N,23974
0.7100000000000001,2.5,3.7,1,N,23975
0.7100000000000001,2.5,3.7,2,N,23976
0.7100000000000001,2.5,3.7,3,N,23977
0.7100000000000001,2.5,3.7,4,N,23978
0.7100000000000001,2.5,3.7,5,N,23979
0.7100000000000001,2.5,4.0,1,N,23980
0.7100000000000001,2.5,4.0,2,N,23981
0.7100000000000001,2.5,4.0,3,N,23982
0.7100000000000001,2.5,4.0,4,N,23983
0.7100000000000001,2.5,4.0,5,N,23984
0.7100000000000001,2.5,4.300000000000002,1,N,23985
0.7100000000000001,2.5,4.300000000000002,2,N,23986
0.7100000000000001,2.5,4.300000000000002,3,N,23987
0.7100000000000001,2.5,4.300000000000002,4,N,23988
0.7100000000000001,2.5,4.300000000000002,5,N,23989
0.7100000000000001,2.5,4.6000000000000005,1,N,23990
0.7100000000000001,2.5,4.6000000000000005,2,N,23991
0.7100000000000001,2.5,4.6000000000000005,3,N,23992
0.7100000000000001,2.5,4.6000000000000005,4,N,23993
0.7100000000000001,2.5,4.6000000000000005,5,N,23994
0.7100000000000001,2.5,4.9,1,N,23995
0.7100000000000001,2.5,4.9,2,N,23996
0.7100000000000001,2.5,4.9,3,N,23997
0.7100000000000001,2.5,4.9,4,N,23998
0.7100000000000001,2.5,4.9,5,N,23999
0.7100000000000001,2.8000000000000003,0.01,1,N,24000
0.7100000000000001,2.8000000000000003,0.01,2,N,24001
0.7100000000000001,2.8000000000000003,0.01,3,N,24002
0.7100000000000001,2.8000000000000003,0.01,4,N,24003
0.7100000000000001,2.8000000000000003,0.01,5,N,24004
0.7100000000000001,2.8000000000000003,0.11,1,N,24005
0.7100000000000001,2.8000000000000003,0.11,2,N,24006
0.7100000000000001,2.8000000000000003,0.11,3,N,24007
0.7100000000000001,2.8000000000000003,0.11,4,N,24008
0.7100000000000001,2.8000000000000003,0.11,5,N,24009
0.7100000000000001,2.8000000000000003,0.21,1,N,24010
0.7100000000000001,2.8000000000000003,0.21,2,N,24011
0.7100000000000001,2.8000000000000003,0.21,3,N,24012
0.7100000000000001,2.8000000000000003,0.21,4,N,24013
0.7100000000000001,2.8000000000000003,0.21,5,N,24014
0.7100000000000001,2.8000000000000003,0.31000000000000005,1,N,24015
0.7100000000000001,2.8000000000000003,0.31000000000000005,2,N,24016
0.7100000000000001,2.8000000000000003,0.31000000000000005,3,N,24017
0.7100000000000001,2.8000000000000003,0.31000000000000005,4,N,24018
0.7100000000000001,2.8000000000000003,0.31000000000000005,5,N,24019
0.7100000000000001,2.8000000000000003,0.41,1,N,24020
0.7100000000000001,2.8000000000000003,0.41,2,N,24021
0.7100000000000001,2.8000000000000003,0.41,3,N,24022
0.7100000000000001,2.8000000000000003,0.41,4,N,24023
0.7100000000000001,2.8000000000000003,0.41,5,N,24024
0.7100000000000001,2.8000000000000003,0.51,1,N,24025
0.7100000000000001,2.8000000000000003,0.51,2,N,24026
0.7100000000000001,2.8000000000000003,0.51,3,N,24027
0.7100000000000001,2.8000000000000003,0.51,4,N,24028
0.7100000000000001,2.8000000000000003,0.51,5,N,24029
0.7100000000000001,2.8000000000000003,0.6100000000000001,1,N,24030
0.7100000000000001,2.8000000000000003,0.6100000000000001,2,N,24031
0.7100000000000001,2.8000000000000003,0.6100000000000001,3,N,24032
0.7100000000000001,2.8000000000000003,0.6100000000000001,4,N,24033
0.7100000000000001,2.8000000000000003,0.6100000000000001,5,N,24034
0.7100000000000001,2.8000000000000003,0.7100000000000001,1,N,24035
0.7100000000000001,2.8000000000000003,0.7100000000000001,2,N,24036
0.7100000000000001,2.8000000000000003,0.7100000000000001,3,N,24037
0.7100000000000001,2.8000000000000003,0.7100000000000001,4,N,24038
0.7100000000000001,2.8000000000000003,0.7100000000000001,5,N,24039
0.7100000000000001,2.8000000000000003,0.81,1,N,24040
0.7100000000000001,2.8000000000000003,0.81,2,N,24041
0.7100000000000001,2.8000000000000003,0.81,3,N,24042
0.7100000000000001,2.8000000000000003,0.81,4,N,24043
0.7100000000000001,2.8000000000000003,0.81,5,N,24044
0.7100000000000001,2.8000000000000003,0.91,1,N,24045
0.7100000000000001,2.8000000000000003,0.91,2,N,24046
0.7100000000000001,2.8000000000000003,0.91,3,N,24047
0.7100000000000001,2.8000000000000003,0.91,4,N,24048
0.7100000000000001,2.8000000000000003,0.91,5,N,24049
0.7100000000000001,2.8000000000000003,1.01,1,N,24050
0.7100000000000001,2.8000000000000003,1.01,2,N,24051
0.7100000000000001,2.8000000000000003,1.01,3,N,24052
0.7100000000000001,2.8000000000000003,1.01,4,N,24053
0.7100000000000001,2.8000000000000003,1.01,5,N,24054
0.7100000000000001,2.8000000000000003,1.11,1,N,24055
0.7100000000000001,2.8000000000000003,1.11,2,N,24056
0.7100000000000001,2.8000000000000003,1.11,3,N,24057
0.7100000000000001,2.8000000000000003,1.11,4,N,24058
0.7100000000000001,2.8000000000000003,1.11,5,N,24059
0.7100000000000001,2.8000000000000003,1.3,1,N,24060
0.7100000000000001,2.8000000000000003,1.3,2,N,24061
0.7100000000000001,2.8000000000000003,1.3,3,N,24062
0.7100000000000001,2.8000000000000003,1.3,4,N,24063
0.7100000000000001,2.8000000000000003,1.3,5,N,24064
0.7100000000000001,2.8000000000000003,1.6,1,N,24065
0.7100000000000001,2.8000000000000003,1.6,2,N,24066
0.7100000000000001,2.8000000000000003,1.6,3,N,24067
0.7100000000000001,2.8000000000000003,1.6,4,N,24068
0.7100000000000001,2.8000000000000003,1.6,5,N,24069
0.7100000000000001,2.8000000000000003,1.9,1,N,24070
0.7100000000000001,2.8000000000000003,1.9,2,N,24071
0.7100000000000001,2.8000000000000003,1.9,3,N,24072
0.7100000000000001,2.8000000000000003,1.9,4,N,24073
0.7100000000000001,2.8000000000000003,1.9,5,N,24074
0.7100000000000001,2.8000000000000003,2.2,1,N,24075
0.7100000000000001,2.8000000000000003,2.2,2,N,24076
0.7100000000000001,2.8000000000000003,2.2,3,N,24077
0.7100000000000001,2.8000000000000003,2.2,4,N,24078
0.7100000000000001,2.8000000000000003,2.2,5,N,24079
0.7100000000000001,2.8000000000000003,2.5,1,N,24080
0.7100000000000001,2.8000000000000003,2.5,2,N,24081
0.7100000000000001,2.8000000000000003,2.5,3,N,24082
0.7100000000000001,2.8000000000000003,2.5,4,N,24083
0.7100000000000001,2.8000000000000003,2.5,5,N,24084
0.7100000000000001,2.8000000000000003,2.8000000000000003,1,N,24085
0.7100000000000001,2.8000000000000003,2.8000000000000003,2,N,24086
0.7100000000000001,2.8000000000000003,2.8000000000000003,3,N,24087
0.7100000000000001,2.8000000000000003,2.8000000000000003,4,N,24088
0.7100000000000001,2.8000000000000003,2.8000000000000003,5,N,24089
0.7100000000000001,2.8000000000000003,3.1000000000000005,1,N,24090
0.7100000000000001,2.8000000000000003,3.1000000000000005,2,N,24091
0.7100000000000001,2.8000000000000003,3.1000000000000005,3,N,24092
0.7100000000000001,2.8000000000000003,3.1000000000000005,4,N,24093
0.7100000000000001,2.8000000000000003,3.1000000000000005,5,N,24094
0.7100000000000001,2.8000000000000003,3.4000000000000004,1,N,24095
0.7100000000000001,2.8000000000000003,3.4000000000000004,2,N,24096
0.7100000000000001,2.8000000000000003,3.4000000000000004,3,N,24097
0.7100000000000001,2.8000000000000003,3.4000000000000004,4,N,24098
0.7100000000000001,2.8000000000000003,3.4000000000000004,5,N,24099
0.7100000000000001,2.8000000000000003,3.7,1,N,24100
0.7100000000000001,2.8000000000000003,3.7,2,N,24101
0.7100000000000001,2.8000000000000003,3.7,3,N,24102
0.7100000000000001,2.8000000000000003,3.7,4,N,24103
0.7100000000000001,2.8000000000000003,3.7,5,N,24104
0.7100000000000001,2.8000000000000003,4.0,1,N,24105
0.7100000000000001,2.8000000000000003,4.0,2,N,24106
0.7100000000000001,2.8000000000000003,4.0,3,N,24107
0.7100000000000001,2.8000000000000003,4.0,4,N,24108
0.7100000000000001,2.8000000000000003,4.0,5,N,24109
0.7100000000000001,2.8000000000000003,4.300000000000002,1,N,24110
0.7100000000000001,2.8000000000000003,4.300000000000002,2,N,24111
0.7100000000000001,2.8000000000000003,4.300000000000002,3,N,24112
0.7100000000000001,2.8000000000000003,4.300000000000002,4,N,24113
0.7100000000000001,2.8000000000000003,4.300000000000002,5,N,24114
0.7100000000000001,2.8000000000000003,4.6000000000000005,1,N,24115
0.7100000000000001,2.8000000000000003,4.6000000000000005,2,N,24116
0.7100000000000001,2.8000000000000003,4.6000000000000005,3,N,24117
0.7100000000000001,2.8000000000000003,4.6000000000000005,4,N,24118
0.7100000000000001,2.8000000000000003,4.6000000000000005,5,N,24119
0.7100000000000001,2.8000000000000003,4.9,1,N,24120
0.7100000000000001,2.8000000000000003,4.9,2,N,24121
0.7100000000000001,2.8000000000000003,4.9,3,N,24122
0.7100000000000001,2.8000000000000003,4.9,4,N,24123
0.7100000000000001,2.8000000000000003,4.9,5,N,24124
0.7100000000000001,3.1000000000000005,0.01,1,N,24125
0.7100000000000001,3.1000000000000005,0.01,2,N,24126
0.7100000000000001,3.1000000000000005,0.01,3,N,24127
0.7100000000000001,3.1000000000000005,0.01,4,N,24128
0.7100000000000001,3.1000000000000005,0.01,5,N,24129
0.7100000000000001,3.1000000000000005,0.11,1,N,24130
0.7100000000000001,3.1000000000000005,0.11,2,N,24131
0.7100000000000001,3.1000000000000005,0.11,3,N,24132
0.7100000000000001,3.1000000000000005,0.11,4,N,24133
0.7100000000000001,3.1000000000000005,0.11,5,N,24134
0.7100000000000001,3.1000000000000005,0.21,1,N,24135
0.7100000000000001,3.1000000000000005,0.21,2,N,24136
0.7100000000000001,3.1000000000000005,0.21,3,N,24137
0.7100000000000001,3.1000000000000005,0.21,4,N,24138
0.7100000000000001,3.1000000000000005,0.21,5,N,24139
0.7100000000000001,3.1000000000000005,0.31000000000000005,1,N,24140
0.7100000000000001,3.1000000000000005,0.31000000000000005,2,N,24141
0.7100000000000001,3.1000000000000005,0.31000000000000005,3,N,24142
0.7100000000000001,3.1000000000000005,0.31000000000000005,4,N,24143
0.7100000000000001,3.1000000000000005,0.31000000000000005,5,N,24144
0.7100000000000001,3.1000000000000005,0.41,1,N,24145
0.7100000000000001,3.1000000000000005,0.41,2,N,24146
0.7100000000000001,3.1000000000000005,0.41,3,N,24147
0.7100000000000001,3.1000000000000005,0.41,4,N,24148
0.7100000000000001,3.1000000000000005,0.41,5,N,24149
0.7100000000000001,3.1000000000000005,0.51,1,N,24150
0.7100000000000001,3.1000000000000005,0.51,2,N,24151
0.7100000000000001,3.1000000000000005,0.51,3,N,24152
0.7100000000000001,3.1000000000000005,0.51,4,N,24153
0.7100000000000001,3.1000000000000005,0.51,5,N,24154
0.7100000000000001,3.1000000000000005,0.6100000000000001,1,N,24155
0.7100000000000001,3.1000000000000005,0.6100000000000001,2,N,24156
0.7100000000000001,3.1000000000000005,0.6100000000000001,3,N,24157
0.7100000000000001,3.1000000000000005,0.6100000000000001,4,N,24158
0.7100000000000001,3.1000000000000005,0.6100000000000001,5,N,24159
0.7100000000000001,3.1000000000000005,0.7100000000000001,1,N,24160
0.7100000000000001,3.1000000000000005,0.7100000000000001,2,N,24161
0.7100000000000001,3.1000000000000005,0.7100000000000001,3,N,24162
0.7100000000000001,3.1000000000000005,0.7100000000000001,4,N,24163
0.7100000000000001,3.1000000000000005,0.7100000000000001,5,N,24164
0.7100000000000001,3.1000000000000005,0.81,1,N,24165
0.7100000000000001,3.1000000000000005,0.81,2,N,24166
0.7100000000000001,3.1000000000000005,0.81,3,N,24167
0.7100000000000001,3.1000000000000005,0.81,4,N,24168
0.7100000000000001,3.1000000000000005,0.81,5,N,24169
0.7100000000000001,3.1000000000000005,0.91,1,N,24170
0.7100000000000001,3.1000000000000005,0.91,2,N,24171
0.7100000000000001,3.1000000000000005,0.91,3,N,24172
0.7100000000000001,3.1000000000000005,0.91,4,N,24173
0.7100000000000001,3.1000000000000005,0.91,5,N,24174
0.7100000000000001,3.1000000000000005,1.01,1,N,24175
0.7100000000000001,3.1000000000000005,1.01,2,N,24176
0.7100000000000001,3.1000000000000005,1.01,3,N,24177
0.7100000000000001,3.1000000000000005,1.01,4,N,24178
0.7100000000000001,3.1000000000000005,1.01,5,N,24179
0.7100000000000001,3.1000000000000005,1.11,1,N,24180
0.7100000000000001,3.1000000000000005,1.11,2,N,24181
0.7100000000000001,3.1000000000000005,1.11,3,N,24182
0.7100000000000001,3.1000000000000005,1.11,4,N,24183
0.7100000000000001,3.1000000000000005,1.11,5,N,24184
0.7100000000000001,3.1000000000000005,1.3,1,N,24185
0.7100000000000001,3.1000000000000005,1.3,2,N,24186
0.7100000000000001,3.1000000000000005,1.3,3,N,24187
0.7100000000000001,3.1000000000000005,1.3,4,N,24188
0.7100000000000001,3.1000000000000005,1.3,5,N,24189
0.7100000000000001,3.1000000000000005,1.6,1,N,24190
0.7100000000000001,3.1000000000000005,1.6,2,N,24191
0.7100000000000001,3.1000000000000005,1.6,3,N,24192
0.7100000000000001,3.1000000000000005,1.6,4,N,24193
0.7100000000000001,3.1000000000000005,1.6,5,N,24194
0.7100000000000001,3.1000000000000005,1.9,1,N,24195
0.7100000000000001,3.1000000000000005,1.9,2,N,24196
0.7100000000000001,3.1000000000000005,1.9,3,N,24197
0.7100000000000001,3.1000000000000005,1.9,4,N,24198
0.7100000000000001,3.1000000000000005,1.9,5,N,24199
0.7100000000000001,3.1000000000000005,2.2,1,N,24200
0.7100000000000001,3.1000000000000005,2.2,2,N,24201
0.7100000000000001,3.1000000000000005,2.2,3,N,24202
0.7100000000000001,3.1000000000000005,2.2,4,N,24203
0.7100000000000001,3.1000000000000005,2.2,5,N,24204
0.7100000000000001,3.1000000000000005,2.5,1,N,24205
0.7100000000000001,3.1000000000000005,2.5,2,N,24206
0.7100000000000001,3.1000000000000005,2.5,3,N,24207
0.7100000000000001,3.1000000000000005,2.5,4,N,24208
0.7100000000000001,3.1000000000000005,2.5,5,N,24209
0.7100000000000001,3.1000000000000005,2.8000000000000003,1,N,24210
0.7100000000000001,3.1000000000000005,2.8000000000000003,2,N,24211
0.7100000000000001,3.1000000000000005,2.8000000000000003,3,N,24212
0.7100000000000001,3.1000000000000005,2.8000000000000003,4,N,24213
0.7100000000000001,3.1000000000000005,2.8000000000000003,5,N,24214
0.7100000000000001,3.1000000000000005,3.1000000000000005,1,N,24215
0.7100000000000001,3.1000000000000005,3.1000000000000005,2,N,24216
0.7100000000000001,3.1000000000000005,3.1000000000000005,3,N,24217
0.7100000000000001,3.1000000000000005,3.1000000000000005,4,N,24218
0.7100000000000001,3.1000000000000005,3.1000000000000005,5,N,24219
0.7100000000000001,3.1000000000000005,3.4000000000000004,1,N,24220
0.7100000000000001,3.1000000000000005,3.4000000000000004,2,N,24221
0.7100000000000001,3.1000000000000005,3.4000000000000004,3,N,24222
0.7100000000000001,3.1000000000000005,3.4000000000000004,4,N,24223
0.7100000000000001,3.1000000000000005,3.4000000000000004,5,N,24224
0.7100000000000001,3.1000000000000005,3.7,1,N,24225
0.7100000000000001,3.1000000000000005,3.7,2,N,24226
0.7100000000000001,3.1000000000000005,3.7,3,N,24227
0.7100000000000001,3.1000000000000005,3.7,4,N,24228
0.7100000000000001,3.1000000000000005,3.7,5,N,24229
0.7100000000000001,3.1000000000000005,4.0,1,N,24230
0.7100000000000001,3.1000000000000005,4.0,2,N,24231
0.7100000000000001,3.1000000000000005,4.0,3,N,24232
0.7100000000000001,3.1000000000000005,4.0,4,N,24233
0.7100000000000001,3.1000000000000005,4.0,5,N,24234
0.7100000000000001,3.1000000000000005,4.300000000000002,1,N,24235
0.7100000000000001,3.1000000000000005,4.300000000000002,2,N,24236
0.7100000000000001,3.1000000000000005,4.300000000000002,3,N,24237
0.7100000000000001,3.1000000000000005,4.300000000000002,4,N,24238
0.7100000000000001,3.1000000000000005,4.300000000000002,5,N,24239
0.7100000000000001,3.1000000000000005,4.6000000000000005,1,N,24240
0.7100000000000001,3.1000000000000005,4.6000000000000005,2,N,24241
0.7100000000000001,3.1000000000000005,4.6000000000000005,3,N,24242
0.7100000000000001,3.1000000000000005,4.6000000000000005,4,N,24243
0.7100000000000001,3.1000000000000005,4.6000000000000005,5,N,24244
0.7100000000000001,3.1000000000000005,4.9,1,N,24245
0.7100000000000001,3.1000000000000005,4.9,2,N,24246
0.7100000000000001,3.1000000000000005,4.9,3,N,24247
0.7100000000000001,3.1000000000000005,4.9,4,N,24248
0.7100000000000001,3.1000000000000005,4.9,5,N,24249
0.7100000000000001,3.4000000000000004,0.01,1,N,24250
0.7100000000000001,3.4000000000000004,0.01,2,N,24251
0.7100000000000001,3.4000000000000004,0.01,3,N,24252
0.7100000000000001,3.4000000000000004,0.01,4,N,24253
0.7100000000000001,3.4000000000000004,0.01,5,N,24254
0.7100000000000001,3.4000000000000004,0.11,1,N,24255
0.7100000000000001,3.4000000000000004,0.11,2,N,24256
0.7100000000000001,3.4000000000000004,0.11,3,N,24257
0.7100000000000001,3.4000000000000004,0.11,4,N,24258
0.7100000000000001,3.4000000000000004,0.11,5,N,24259
0.7100000000000001,3.4000000000000004,0.21,1,N,24260
0.7100000000000001,3.4000000000000004,0.21,2,N,24261
0.7100000000000001,3.4000000000000004,0.21,3,N,24262
0.7100000000000001,3.4000000000000004,0.21,4,N,24263
0.7100000000000001,3.4000000000000004,0.21,5,N,24264
0.7100000000000001,3.4000000000000004,0.31000000000000005,1,N,24265
0.7100000000000001,3.4000000000000004,0.31000000000000005,2,N,24266
0.7100000000000001,3.4000000000000004,0.31000000000000005,3,N,24267
0.7100000000000001,3.4000000000000004,0.31000000000000005,4,N,24268
0.7100000000000001,3.4000000000000004,0.31000000000000005,5,N,24269
0.7100000000000001,3.4000000000000004,0.41,1,N,24270
0.7100000000000001,3.4000000000000004,0.41,2,N,24271
0.7100000000000001,3.4000000000000004,0.41,3,N,24272
0.7100000000000001,3.4000000000000004,0.41,4,N,24273
0.7100000000000001,3.4000000000000004,0.41,5,N,24274
0.7100000000000001,3.4000000000000004,0.51,1,N,24275
0.7100000000000001,3.4000000000000004,0.51,2,N,24276
0.7100000000000001,3.4000000000000004,0.51,3,N,24277
0.7100000000000001,3.4000000000000004,0.51,4,N,24278
0.7100000000000001,3.4000000000000004,0.51,5,N,24279
0.7100000000000001,3.4000000000000004,0.6100000000000001,1,N,24280
0.7100000000000001,3.4000000000000004,0.6100000000000001,2,N,24281
0.7100000000000001,3.4000000000000004,0.6100000000000001,3,N,24282
0.7100000000000001,3.4000000000000004,0.6100000000000001,4,N,24283
0.7100000000000001,3.4000000000000004,0.6100000000000001,5,N,24284
0.7100000000000001,3.4000000000000004,0.7100000000000001,1,N,24285
0.7100000000000001,3.4000000000000004,0.7100000000000001,2,N,24286
0.7100000000000001,3.4000000000000004,0.7100000000000001,3,N,24287
0.7100000000000001,3.4000000000000004,0.7100000000000001,4,N,24288
0.7100000000000001,3.4000000000000004,0.7100000000000001,5,N,24289
0.7100000000000001,3.4000000000000004,0.81,1,N,24290
0.7100000000000001,3.4000000000000004,0.81,2,N,24291
0.7100000000000001,3.4000000000000004,0.81,3,N,24292
0.7100000000000001,3.4000000000000004,0.81,4,N,24293
0.7100000000000001,3.4000000000000004,0.81,5,N,24294
0.7100000000000001,3.4000000000000004,0.91,1,N,24295
0.7100000000000001,3.4000000000000004,0.91,2,N,24296
0.7100000000000001,3.4000000000000004,0.91,3,N,24297
0.7100000000000001,3.4000000000000004,0.91,4,N,24298
0.7100000000000001,3.4000000000000004,0.91,5,N,24299
0.7100000000000001,3.4000000000000004,1.01,1,N,24300
0.7100000000000001,3.4000000000000004,1.01,2,N,24301
0.7100000000000001,3.4000000000000004,1.01,3,N,24302
0.7100000000000001,3.4000000000000004,1.01,4,N,24303
0.7100000000000001,3.4000000000000004,1.01,5,N,24304
0.7100000000000001,3.4000000000000004,1.11,1,N,24305
0.7100000000000001,3.4000000000000004,1.11,2,N,24306
0.7100000000000001,3.4000000000000004,1.11,3,N,24307
0.7100000000000001,3.4000000000000004,1.11,4,N,24308
0.7100000000000001,3.4000000000000004,1.11,5,N,24309
0.7100000000000001,3.4000000000000004,1.3,1,N,24310
0.7100000000000001,3.4000000000000004,1.3,2,N,24311
0.7100000000000001,3.4000000000000004,1.3,3,N,24312
0.7100000000000001,3.4000000000000004,1.3,4,N,24313
0.7100000000000001,3.4000000000000004,1.3,5,N,24314
0.7100000000000001,3.4000000000000004,1.6,1,N,24315
0.7100000000000001,3.4000000000000004,1.6,2,N,24316
0.7100000000000001,3.4000000000000004,1.6,3,N,24317
0.7100000000000001,3.4000000000000004,1.6,4,N,24318
0.7100000000000001,3.4000000000000004,1.6,5,N,24319
0.7100000000000001,3.4000000000000004,1.9,1,N,24320
0.7100000000000001,3.4000000000000004,1.9,2,N,24321
0.7100000000000001,3.4000000000000004,1.9,3,N,24322
0.7100000000000001,3.4000000000000004,1.9,4,N,24323
0.7100000000000001,3.4000000000000004,1.9,5,N,24324
0.7100000000000001,3.4000000000000004,2.2,1,N,24325
0.7100000000000001,3.4000000000000004,2.2,2,N,24326
0.7100000000000001,3.4000000000000004,2.2,3,N,24327
0.7100000000000001,3.4000000000000004,2.2,4,N,24328
0.7100000000000001,3.4000000000000004,2.2,5,N,24329
0.7100000000000001,3.4000000000000004,2.5,1,N,24330
0.7100000000000001,3.4000000000000004,2.5,2,N,24331
0.7100000000000001,3.4000000000000004,2.5,3,N,24332
0.7100000000000001,3.4000000000000004,2.5,4,N,24333
0.7100000000000001,3.4000000000000004,2.5,5,N,24334
0.7100000000000001,3.4000000000000004,2.8000000000000003,1,N,24335
0.7100000000000001,3.4000000000000004,2.8000000000000003,2,N,24336
0.7100000000000001,3.4000000000000004,2.8000000000000003,3,N,24337
0.7100000000000001,3.4000000000000004,2.8000000000000003,4,N,24338
0.7100000000000001,3.4000000000000004,2.8000000000000003,5,N,24339
0.7100000000000001,3.4000000000000004,3.1000000000000005,1,N,24340
0.7100000000000001,3.4000000000000004,3.1000000000000005,2,N,24341
0.7100000000000001,3.4000000000000004,3.1000000000000005,3,N,24342
0.7100000000000001,3.4000000000000004,3.1000000000000005,4,N,24343
0.7100000000000001,3.4000000000000004,3.1000000000000005,5,N,24344
0.7100000000000001,3.4000000000000004,3.4000000000000004,1,N,24345
0.7100000000000001,3.4000000000000004,3.4000000000000004,2,N,24346
0.7100000000000001,3.4000000000000004,3.4000000000000004,3,N,24347
0.7100000000000001,3.4000000000000004,3.4000000000000004,4,N,24348
0.7100000000000001,3.4000000000000004,3.4000000000000004,5,N,24349
0.7100000000000001,3.4000000000000004,3.7,1,N,24350
0.7100000000000001,3.4000000000000004,3.7,2,N,24351
0.7100000000000001,3.4000000000000004,3.7,3,N,24352
0.7100000000000001,3.4000000000000004,3.7,4,N,24353
0.7100000000000001,3.4000000000000004,3.7,5,N,24354
0.7100000000000001,3.4000000000000004,4.0,1,N,24355
0.7100000000000001,3.4000000000000004,4.0,2,N,24356
0.7100000000000001,3.4000000000000004,4.0,3,N,24357
0.7100000000000001,3.4000000000000004,4.0,4,N,24358
0.7100000000000001,3.4000000000000004,4.0,5,N,24359
0.7100000000000001,3.4000000000000004,4.300000000000002,1,N,24360
0.7100000000000001,3.4000000000000004,4.300000000000002,2,N,24361
0.7100000000000001,3.4000000000000004,4.300000000000002,3,N,24362
0.7100000000000001,3.4000000000000004,4.300000000000002,4,N,24363
0.7100000000000001,3.4000000000000004,4.300000000000002,5,N,24364
0.7100000000000001,3.4000000000000004,4.6000000000000005,1,N,24365
0.7100000000000001,3.4000000000000004,4.6000000000000005,2,N,24366
0.7100000000000001,3.4000000000000004,4.6000000000000005,3,N,24367
0.7100000000000001,3.4000000000000004,4.6000000000000005,4,N,24368
0.7100000000000001,3.4000000000000004,4.6000000000000005,5,N,24369
0.7100000000000001,3.4000000000000004,4.9,1,N,24370
0.7100000000000001,3.4000000000000004,4.9,2,N,24371
0.7100000000000001,3.4000000000000004,4.9,3,N,24372
0.7100000000000001,3.4000000000000004,4.9,4,N,24373
0.7100000000000001,3.4000000000000004,4.9,5,N,24374
0.7100000000000001,3.7,0.01,1,N,24375
0.7100000000000001,3.7,0.01,2,N,24376
0.7100000000000001,3.7,0.01,3,N,24377
0.7100000000000001,3.7,0.01,4,N,24378
0.7100000000000001,3.7,0.01,5,N,24379
0.7100000000000001,3.7,0.11,1,N,24380
0.7100000000000001,3.7,0.11,2,N,24381
0.7100000000000001,3.7,0.11,3,N,24382
0.7100000000000001,3.7,0.11,4,N,24383
0.7100000000000001,3.7,0.11,5,N,24384
0.7100000000000001,3.7,0.21,1,N,24385
0.7100000000000001,3.7,0.21,2,N,24386
0.7100000000000001,3.7,0.21,3,N,24387
0.7100000000000001,3.7,0.21,4,N,24388
0.7100000000000001,3.7,0.21,5,N,24389
0.7100000000000001,3.7,0.31000000000000005,1,N,24390
0.7100000000000001,3.7,0.31000000000000005,2,N,24391
0.7100000000000001,3.7,0.31000000000000005,3,N,24392
0.7100000000000001,3.7,0.31000000000000005,4,N,24393
0.7100000000000001,3.7,0.31000000000000005,5,N,24394
0.7100000000000001,3.7,0.41,1,N,24395
0.7100000000000001,3.7,0.41,2,N,24396
0.7100000000000001,3.7,0.41,3,N,24397
0.7100000000000001,3.7,0.41,4,N,24398
0.7100000000000001,3.7,0.41,5,N,24399
0.7100000000000001,3.7,0.51,1,N,24400
0.7100000000000001,3.7,0.51,2,N,24401
0.7100000000000001,3.7,0.51,3,N,24402
0.7100000000000001,3.7,0.51,4,N,24403
0.7100000000000001,3.7,0.51,5,N,24404
0.7100000000000001,3.7,0.6100000000000001,1,N,24405
0.7100000000000001,3.7,0.6100000000000001,2,N,24406
0.7100000000000001,3.7,0.6100000000000001,3,N,24407
0.7100000000000001,3.7,0.6100000000000001,4,N,24408
0.7100000000000001,3.7,0.6100000000000001,5,N,24409
0.7100000000000001,3.7,0.7100000000000001,1,N,24410
0.7100000000000001,3.7,0.7100000000000001,2,N,24411
0.7100000000000001,3.7,0.7100000000000001,3,N,24412
0.7100000000000001,3.7,0.7100000000000001,4,N,24413
0.7100000000000001,3.7,0.7100000000000001,5,N,24414
0.7100000000000001,3.7,0.81,1,N,24415
0.7100000000000001,3.7,0.81,2,N,24416
0.7100000000000001,3.7,0.81,3,N,24417
0.7100000000000001,3.7,0.81,4,N,24418
0.7100000000000001,3.7,0.81,5,N,24419
0.7100000000000001,3.7,0.91,1,N,24420
0.7100000000000001,3.7,0.91,2,N,24421
0.7100000000000001,3.7,0.91,3,N,24422
0.7100000000000001,3.7,0.91,4,N,24423
0.7100000000000001,3.7,0.91,5,N,24424
0.7100000000000001,3.7,1.01,1,N,24425
0.7100000000000001,3.7,1.01,2,N,24426
0.7100000000000001,3.7,1.01,3,N,24427
0.7100000000000001,3.7,1.01,4,N,24428
0.7100000000000001,3.7,1.01,5,N,24429
0.7100000000000001,3.7,1.11,1,N,24430
0.7100000000000001,3.7,1.11,2,N,24431
0.7100000000000001,3.7,1.11,3,N,24432
0.7100000000000001,3.7,1.11,4,N,24433
0.7100000000000001,3.7,1.11,5,N,24434
0.7100000000000001,3.7,1.3,1,N,24435
0.7100000000000001,3.7,1.3,2,N,24436
0.7100000000000001,3.7,1.3,3,N,24437
0.7100000000000001,3.7,1.3,4,N,24438
0.7100000000000001,3.7,1.3,5,N,24439
0.7100000000000001,3.7,1.6,1,N,24440
0.7100000000000001,3.7,1.6,2,N,24441
0.7100000000000001,3.7,1.6,3,N,24442
0.7100000000000001,3.7,1.6,4,N,24443
0.7100000000000001,3.7,1.6,5,N,24444
0.7100000000000001,3.7,1.9,1,N,24445
0.7100000000000001,3.7,1.9,2,N,24446
0.7100000000000001,3.7,1.9,3,N,24447
0.7100000000000001,3.7,1.9,4,N,24448
0.7100000000000001,3.7,1.9,5,N,24449
0.7100000000000001,3.7,2.2,1,N,24450
0.7100000000000001,3.7,2.2,2,N,24451
0.7100000000000001,3.7,2.2,3,N,24452
0.7100000000000001,3.7,2.2,4,N,24453
0.7100000000000001,3.7,2.2,5,N,24454
0.7100000000000001,3.7,2.5,1,N,24455
0.7100000000000001,3.7,2.5,2,N,24456
0.7100000000000001,3.7,2.5,3,N,24457
0.7100000000000001,3.7,2.5,4,N,24458
0.7100000000000001,3.7,2.5,5,N,24459
0.7100000000000001,3.7,2.8000000000000003,1,N,24460
0.7100000000000001,3.7,2.8000000000000003,2,N,24461
0.7100000000000001,3.7,2.8000000000000003,3,N,24462
0.7100000000000001,3.7,2.8000000000000003,4,N,24463
0.7100000000000001,3.7,2.8000000000000003,5,N,24464
0.7100000000000001,3.7,3.1000000000000005,1,N,24465
0.7100000000000001,3.7,3.1000000000000005,2,N,24466
0.7100000000000001,3.7,3.1000000000000005,3,N,24467
0.7100000000000001,3.7,3.1000000000000005,4,N,24468
0.7100000000000001,3.7,3.1000000000000005,5,N,24469
0.7100000000000001,3.7,3.4000000000000004,1,N,24470
0.7100000000000001,3.7,3.4000000000000004,2,N,24471
0.7100000000000001,3.7,3.4000000000000004,3,N,24472
0.7100000000000001,3.7,3.4000000000000004,4,N,24473
0.7100000000000001,3.7,3.4000000000000004,5,N,24474
0.7100000000000001,3.7,3.7,1,N,24475
0.7100000000000001,3.7,3.7,2,N,24476
0.7100000000000001,3.7,3.7,3,N,24477
0.7100000000000001,3.7,3.7,4,N,24478
0.7100000000000001,3.7,3.7,5,N,24479
0.7100000000000001,3.7,4.0,1,N,24480
0.7100000000000001,3.7,4.0,2,N,24481
0.7100000000000001,3.7,4.0,3,N,24482
0.7100000000000001,3.7,4.0,4,N,24483
0.7100000000000001,3.7,4.0,5,N,24484
0.7100000000000001,3.7,4.300000000000002,1,N,24485
0.7100000000000001,3.7,4.300000000000002,2,N,24486
0.7100000000000001,3.7,4.300000000000002,3,N,24487
0.7100000000000001,3.7,4.300000000000002,4,N,24488
0.7100000000000001,3.7,4.300000000000002,5,N,24489
0.7100000000000001,3.7,4.6000000000000005,1,N,24490
0.7100000000000001,3.7,4.6000000000000005,2,N,24491
0.7100000000000001,3.7,4.6000000000000005,3,N,24492
0.7100000000000001,3.7,4.6000000000000005,4,N,24493
0.7100000000000001,3.7,4.6000000000000005,5,N,24494
0.7100000000000001,3.7,4.9,1,N,24495
0.7100000000000001,3.7,4.9,2,N,24496
0.7100000000000001,3.7,4.9,3,N,24497
0.7100000000000001,3.7,4.9,4,N,24498
0.7100000000000001,3.7,4.9,5,N,24499
0.7100000000000001,4.0,0.01,1,N,24500
0.7100000000000001,4.0,0.01,2,N,24501
0.7100000000000001,4.0,0.01,3,N,24502
0.7100000000000001,4.0,0.01,4,N,24503
0.7100000000000001,4.0,0.01,5,N,24504
0.7100000000000001,4.0,0.11,1,N,24505
0.7100000000000001,4.0,0.11,2,N,24506
0.7100000000000001,4.0,0.11,3,N,24507
0.7100000000000001,4.0,0.11,4,N,24508
0.7100000000000001,4.0,0.11,5,N,24509
0.7100000000000001,4.0,0.21,1,N,24510
0.7100000000000001,4.0,0.21,2,N,24511
0.7100000000000001,4.0,0.21,3,N,24512
0.7100000000000001,4.0,0.21,4,N,24513
0.7100000000000001,4.0,0.21,5,N,24514
0.7100000000000001,4.0,0.31000000000000005,1,N,24515
0.7100000000000001,4.0,0.31000000000000005,2,N,24516
0.7100000000000001,4.0,0.31000000000000005,3,N,24517
0.7100000000000001,4.0,0.31000000000000005,4,N,24518
0.7100000000000001,4.0,0.31000000000000005,5,N,24519
0.7100000000000001,4.0,0.41,1,N,24520
0.7100000000000001,4.0,0.41,2,N,24521
0.7100000000000001,4.0,0.41,3,N,24522
0.7100000000000001,4.0,0.41,4,N,24523
0.7100000000000001,4.0,0.41,5,N,24524
0.7100000000000001,4.0,0.51,1,N,24525
0.7100000000000001,4.0,0.51,2,N,24526
0.7100000000000001,4.0,0.51,3,N,24527
0.7100000000000001,4.0,0.51,4,N,24528
0.7100000000000001,4.0,0.51,5,N,24529
0.7100000000000001,4.0,0.6100000000000001,1,N,24530
0.7100000000000001,4.0,0.6100000000000001,2,N,24531
0.7100000000000001,4.0,0.6100000000000001,3,N,24532
0.7100000000000001,4.0,0.6100000000000001,4,N,24533
0.7100000000000001,4.0,0.6100000000000001,5,N,24534
0.7100000000000001,4.0,0.7100000000000001,1,N,24535
0.7100000000000001,4.0,0.7100000000000001,2,N,24536
0.7100000000000001,4.0,0.7100000000000001,3,N,24537
0.7100000000000001,4.0,0.7100000000000001,4,N,24538
0.7100000000000001,4.0,0.7100000000000001,5,N,24539
0.7100000000000001,4.0,0.81,1,N,24540
0.7100000000000001,4.0,0.81,2,N,24541
0.7100000000000001,4.0,0.81,3,N,24542
0.7100000000000001,4.0,0.81,4,N,24543
0.7100000000000001,4.0,0.81,5,N,24544
0.7100000000000001,4.0,0.91,1,N,24545
0.7100000000000001,4.0,0.91,2,N,24546
0.7100000000000001,4.0,0.91,3,N,24547
0.7100000000000001,4.0,0.91,4,N,24548
0.7100000000000001,4.0,0.91,5,N,24549
0.7100000000000001,4.0,1.01,1,N,24550
0.7100000000000001,4.0,1.01,2,N,24551
0.7100000000000001,4.0,1.01,3,N,24552
0.7100000000000001,4.0,1.01,4,N,24553
0.7100000000000001,4.0,1.01,5,N,24554
0.7100000000000001,4.0,1.11,1,N,24555
0.7100000000000001,4.0,1.11,2,N,24556
0.7100000000000001,4.0,1.11,3,N,24557
0.7100000000000001,4.0,1.11,4,N,24558
0.7100000000000001,4.0,1.11,5,N,24559
0.7100000000000001,4.0,1.3,1,N,24560
0.7100000000000001,4.0,1.3,2,N,24561
0.7100000000000001,4.0,1.3,3,N,24562
0.7100000000000001,4.0,1.3,4,N,24563
0.7100000000000001,4.0,1.3,5,N,24564
0.7100000000000001,4.0,1.6,1,N,24565
0.7100000000000001,4.0,1.6,2,N,24566
0.7100000000000001,4.0,1.6,3,N,24567
0.7100000000000001,4.0,1.6,4,N,24568
0.7100000000000001,4.0,1.6,5,N,24569
0.7100000000000001,4.0,1.9,1,N,24570
0.7100000000000001,4.0,1.9,2,N,24571
0.7100000000000001,4.0,1.9,3,N,24572
0.7100000000000001,4.0,1.9,4,N,24573
0.7100000000000001,4.0,1.9,5,N,24574
0.7100000000000001,4.0,2.2,1,N,24575
0.7100000000000001,4.0,2.2,2,N,24576
0.7100000000000001,4.0,2.2,3,N,24577
0.7100000000000001,4.0,2.2,4,N,24578
0.7100000000000001,4.0,2.2,5,N,24579
0.7100000000000001,4.0,2.5,1,N,24580
0.7100000000000001,4.0,2.5,2,N,24581
0.7100000000000001,4.0,2.5,3,N,24582
0.7100000000000001,4.0,2.5,4,N,24583
0.7100000000000001,4.0,2.5,5,N,24584
0.7100000000000001,4.0,2.8000000000000003,1,N,24585
0.7100000000000001,4.0,2.8000000000000003,2,N,24586
0.7100000000000001,4.0,2.8000000000000003,3,N,24587
0.7100000000000001,4.0,2.8000000000000003,4,N,24588
0.7100000000000001,4.0,2.8000000000000003,5,N,24589
0.7100000000000001,4.0,3.1000000000000005,1,N,24590
0.7100000000000001,4.0,3.1000000000000005,2,N,24591
0.7100000000000001,4.0,3.1000000000000005,3,N,24592
0.7100000000000001,4.0,3.1000000000000005,4,N,24593
0.7100000000000001,4.0,3.1000000000000005,5,N,24594
0.7100000000000001,4.0,3.4000000000000004,1,N,24595
0.7100000000000001,4.0,3.4000000000000004,2,N,24596
0.7100000000000001,4.0,3.4000000000000004,3,N,24597
0.7100000000000001,4.0,3.4000000000000004,4,N,24598
0.7100000000000001,4.0,3.4000000000000004,5,N,24599
0.7100000000000001,4.0,3.7,1,N,24600
0.7100000000000001,4.0,3.7,2,N,24601
0.7100000000000001,4.0,3.7,3,N,24602
0.7100000000000001,4.0,3.7,4,N,24603
0.7100000000000001,4.0,3.7,5,N,24604
0.7100000000000001,4.0,4.0,1,N,24605
0.7100000000000001,4.0,4.0,2,N,24606
0.7100000000000001,4.0,4.0,3,N,24607
0.7100000000000001,4.0,4.0,4,N,24608
0.7100000000000001,4.0,4.0,5,N,24609
0.7100000000000001,4.0,4.300000000000002,1,N,24610
0.7100000000000001,4.0,4.300000000000002,2,N,24611
0.7100000000000001,4.0,4.300000000000002,3,N,24612
0.7100000000000001,4.0,4.300000000000002,4,N,24613
0.7100000000000001,4.0,4.300000000000002,5,N,24614
0.7100000000000001,4.0,4.6000000000000005,1,N,24615
0.7100000000000001,4.0,4.6000000000000005,2,N,24616
0.7100000000000001,4.0,4.6000000000000005,3,N,24617
0.7100000000000001,4.0,4.6000000000000005,4,N,24618
0.7100000000000001,4.0,4.6000000000000005,5,N,24619
0.7100000000000001,4.0,4.9,1,N,24620
0.7100000000000001,4.0,4.9,2,N,24621
0.7100000000000001,4.0,4.9,3,N,24622
0.7100000000000001,4.0,4.9,4,N,24623
0.7100000000000001,4.0,4.9,5,N,24624
0.7100000000000001,4.300000000000002,0.01,1,N,24625
0.7100000000000001,4.300000000000002,0.01,2,N,24626
0.7100000000000001,4.300000000000002,0.01,3,N,24627
0.7100000000000001,4.300000000000002,0.01,4,N,24628
0.7100000000000001,4.300000000000002,0.01,5,N,24629
0.7100000000000001,4.300000000000002,0.11,1,N,24630
0.7100000000000001,4.300000000000002,0.11,2,N,24631
0.7100000000000001,4.300000000000002,0.11,3,N,24632
0.7100000000000001,4.300000000000002,0.11,4,N,24633
0.7100000000000001,4.300000000000002,0.11,5,N,24634
0.7100000000000001,4.300000000000002,0.21,1,N,24635
0.7100000000000001,4.300000000000002,0.21,2,N,24636
0.7100000000000001,4.300000000000002,0.21,3,N,24637
0.7100000000000001,4.300000000000002,0.21,4,N,24638
0.7100000000000001,4.300000000000002,0.21,5,N,24639
0.7100000000000001,4.300000000000002,0.31000000000000005,1,N,24640
0.7100000000000001,4.300000000000002,0.31000000000000005,2,N,24641
0.7100000000000001,4.300000000000002,0.31000000000000005,3,N,24642
0.7100000000000001,4.300000000000002,0.31000000000000005,4,N,24643
0.7100000000000001,4.300000000000002,0.31000000000000005,5,N,24644
0.7100000000000001,4.300000000000002,0.41,1,N,24645
0.7100000000000001,4.300000000000002,0.41,2,N,24646
0.7100000000000001,4.300000000000002,0.41,3,N,24647
0.7100000000000001,4.300000000000002,0.41,4,N,24648
0.7100000000000001,4.300000000000002,0.41,5,N,24649
0.7100000000000001,4.300000000000002,0.51,1,N,24650
0.7100000000000001,4.300000000000002,0.51,2,N,24651
0.7100000000000001,4.300000000000002,0.51,3,N,24652
0.7100000000000001,4.300000000000002,0.51,4,N,24653
0.7100000000000001,4.300000000000002,0.51,5,N,24654
0.7100000000000001,4.300000000000002,0.6100000000000001,1,N,24655
0.7100000000000001,4.300000000000002,0.6100000000000001,2,N,24656
0.7100000000000001,4.300000000000002,0.6100000000000001,3,N,24657
0.7100000000000001,4.300000000000002,0.6100000000000001,4,N,24658
0.7100000000000001,4.300000000000002,0.6100000000000001,5,N,24659
0.7100000000000001,4.300000000000002,0.7100000000000001,1,N,24660
0.7100000000000001,4.300000000000002,0.7100000000000001,2,N,24661
0.7100000000000001,4.300000000000002,0.7100000000000001,3,N,24662
0.7100000000000001,4.300000000000002,0.7100000000000001,4,N,24663
0.7100000000000001,4.300000000000002,0.7100000000000001,5,N,24664
0.7100000000000001,4.300000000000002,0.81,1,N,24665
0.7100000000000001,4.300000000000002,0.81,2,N,24666
0.7100000000000001,4.300000000000002,0.81,3,N,24667
0.7100000000000001,4.300000000000002,0.81,4,N,24668
0.7100000000000001,4.300000000000002,0.81,5,N,24669
0.7100000000000001,4.300000000000002,0.91,1,N,24670
0.7100000000000001,4.300000000000002,0.91,2,N,24671
0.7100000000000001,4.300000000000002,0.91,3,N,24672
0.7100000000000001,4.300000000000002,0.91,4,N,24673
0.7100000000000001,4.300000000000002,0.91,5,N,24674
0.7100000000000001,4.300000000000002,1.01,1,N,24675
0.7100000000000001,4.300000000000002,1.01,2,N,24676
0.7100000000000001,4.300000000000002,1.01,3,N,24677
0.7100000000000001,4.300000000000002,1.01,4,N,24678
0.7100000000000001,4.300000000000002,1.01,5,N,24679
0.7100000000000001,4.300000000000002,1.11,1,N,24680
0.7100000000000001,4.300000000000002,1.11,2,N,24681
0.7100000000000001,4.300000000000002,1.11,3,N,24682
0.7100000000000001,4.300000000000002,1.11,4,N,24683
0.7100000000000001,4.300000000000002,1.11,5,N,24684
0.7100000000000001,4.300000000000002,1.3,1,N,24685
0.7100000000000001,4.300000000000002,1.3,2,N,24686
0.7100000000000001,4.300000000000002,1.3,3,N,24687
0.7100000000000001,4.300000000000002,1.3,4,N,24688
0.7100000000000001,4.300000000000002,1.3,5,N,24689
0.7100000000000001,4.300000000000002,1.6,1,N,24690
0.7100000000000001,4.300000000000002,1.6,2,N,24691
0.7100000000000001,4.300000000000002,1.6,3,N,24692
0.7100000000000001,4.300000000000002,1.6,4,N,24693
0.7100000000000001,4.300000000000002,1.6,5,N,24694
0.7100000000000001,4.300000000000002,1.9,1,N,24695
0.7100000000000001,4.300000000000002,1.9,2,N,24696
0.7100000000000001,4.300000000000002,1.9,3,N,24697
0.7100000000000001,4.300000000000002,1.9,4,N,24698
0.7100000000000001,4.300000000000002,1.9,5,N,24699
0.7100000000000001,4.300000000000002,2.2,1,N,24700
0.7100000000000001,4.300000000000002,2.2,2,N,24701
0.7100000000000001,4.300000000000002,2.2,3,N,24702
0.7100000000000001,4.300000000000002,2.2,4,N,24703
0.7100000000000001,4.300000000000002,2.2,5,N,24704
0.7100000000000001,4.300000000000002,2.5,1,N,24705
0.7100000000000001,4.300000000000002,2.5,2,N,24706
0.7100000000000001,4.300000000000002,2.5,3,N,24707
0.7100000000000001,4.300000000000002,2.5,4,N,24708
0.7100000000000001,4.300000000000002,2.5,5,N,24709
0.7100000000000001,4.300000000000002,2.8000000000000003,1,N,24710
0.7100000000000001,4.300000000000002,2.8000000000000003,2,N,24711
0.7100000000000001,4.300000000000002,2.8000000000000003,3,N,24712
0.7100000000000001,4.300000000000002,2.8000000000000003,4,N,24713
0.7100000000000001,4.300000000000002,2.8000000000000003,5,N,24714
0.7100000000000001,4.300000000000002,3.1000000000000005,1,N,24715
0.7100000000000001,4.300000000000002,3.1000000000000005,2,N,24716
0.7100000000000001,4.300000000000002,3.1000000000000005,3,N,24717
0.7100000000000001,4.300000000000002,3.1000000000000005,4,N,24718
0.7100000000000001,4.300000000000002,3.1000000000000005,5,N,24719
0.7100000000000001,4.300000000000002,3.4000000000000004,1,N,24720
0.7100000000000001,4.300000000000002,3.4000000000000004,2,N,24721
0.7100000000000001,4.300000000000002,3.4000000000000004,3,N,24722
0.7100000000000001,4.300000000000002,3.4000000000000004,4,N,24723
0.7100000000000001,4.300000000000002,3.4000000000000004,5,N,24724
0.7100000000000001,4.300000000000002,3.7,1,N,24725
0.7100000000000001,4.300000000000002,3.7,2,N,24726
0.7100000000000001,4.300000000000002,3.7,3,N,24727
0.7100000000000001,4.300000000000002,3.7,4,N,24728
0.7100000000000001,4.300000000000002,3.7,5,N,24729
0.7100000000000001,4.300000000000002,4.0,1,N,24730
0.7100000000000001,4.300000000000002,4.0,2,N,24731
0.7100000000000001,4.300000000000002,4.0,3,N,24732
0.7100000000000001,4.300000000000002,4.0,4,N,24733
0.7100000000000001,4.300000000000002,4.0,5,N,24734
0.7100000000000001,4.300000000000002,4.300000000000002,1,N,24735
0.7100000000000001,4.300000000000002,4.300000000000002,2,N,24736
0.7100000000000001,4.300000000000002,4.300000000000002,3,N,24737
0.7100000000000001,4.300000000000002,4.300000000000002,4,N,24738
0.7100000000000001,4.300000000000002,4.300000000000002,5,N,24739
0.7100000000000001,4.300000000000002,4.6000000000000005,1,N,24740
0.7100000000000001,4.300000000000002,4.6000000000000005,2,N,24741
0.7100000000000001,4.300000000000002,4.6000000000000005,3,N,24742
0.7100000000000001,4.300000000000002,4.6000000000000005,4,N,24743
0.7100000000000001,4.300000000000002,4.6000000000000005,5,N,24744
0.7100000000000001,4.300000000000002,4.9,1,N,24745
0.7100000000000001,4.300000000000002,4.9,2,N,24746
0.7100000000000001,4.300000000000002,4.9,3,N,24747
0.7100000000000001,4.300000000000002,4.9,4,N,24748
0.7100000000000001,4.300000000000002,4.9,5,N,24749
0.7100000000000001,4.6000000000000005,0.01,1,N,24750
0.7100000000000001,4.6000000000000005,0.01,2,N,24751
0.7100000000000001,4.6000000000000005,0.01,3,N,24752
0.7100000000000001,4.6000000000000005,0.01,4,N,24753
0.7100000000000001,4.6000000000000005,0.01,5,N,24754
0.7100000000000001,4.6000000000000005,0.11,1,N,24755
0.7100000000000001,4.6000000000000005,0.11,2,N,24756
0.7100000000000001,4.6000000000000005,0.11,3,N,24757
0.7100000000000001,4.6000000000000005,0.11,4,N,24758
0.7100000000000001,4.6000000000000005,0.11,5,N,24759
0.7100000000000001,4.6000000000000005,0.21,1,N,24760
0.7100000000000001,4.6000000000000005,0.21,2,N,24761
0.7100000000000001,4.6000000000000005,0.21,3,N,24762
0.7100000000000001,4.6000000000000005,0.21,4,N,24763
0.7100000000000001,4.6000000000000005,0.21,5,N,24764
0.7100000000000001,4.6000000000000005,0.31000000000000005,1,N,24765
0.7100000000000001,4.6000000000000005,0.31000000000000005,2,N,24766
0.7100000000000001,4.6000000000000005,0.31000000000000005,3,N,24767
0.7100000000000001,4.6000000000000005,0.31000000000000005,4,N,24768
0.7100000000000001,4.6000000000000005,0.31000000000000005,5,N,24769
0.7100000000000001,4.6000000000000005,0.41,1,N,24770
0.7100000000000001,4.6000000000000005,0.41,2,N,24771
0.7100000000000001,4.6000000000000005,0.41,3,N,24772
0.7100000000000001,4.6000000000000005,0.41,4,N,24773
0.7100000000000001,4.6000000000000005,0.41,5,N,24774
0.7100000000000001,4.6000000000000005,0.51,1,N,24775
0.7100000000000001,4.6000000000000005,0.51,2,N,24776
0.7100000000000001,4.6000000000000005,0.51,3,N,24777
0.7100000000000001,4.6000000000000005,0.51,4,N,24778
0.7100000000000001,4.6000000000000005,0.51,5,N,24779
0.7100000000000001,4.6000000000000005,0.6100000000000001,1,N,24780
0.7100000000000001,4.6000000000000005,0.6100000000000001,2,N,24781
0.7100000000000001,4.6000000000000005,0.6100000000000001,3,N,24782
0.7100000000000001,4.6000000000000005,0.6100000000000001,4,N,24783
0.7100000000000001,4.6000000000000005,0.6100000000000001,5,N,24784
0.7100000000000001,4.6000000000000005,0.7100000000000001,1,N,24785
0.7100000000000001,4.6000000000000005,0.7100000000000001,2,N,24786
0.7100000000000001,4.6000000000000005,0.7100000000000001,3,N,24787
0.7100000000000001,4.6000000000000005,0.7100000000000001,4,N,24788
0.7100000000000001,4.6000000000000005,0.7100000000000001,5,N,24789
0.7100000000000001,4.6000000000000005,0.81,1,N,24790
0.7100000000000001,4.6000000000000005,0.81,2,N,24791
0.7100000000000001,4.6000000000000005,0.81,3,N,24792
0.7100000000000001,4.6000000000000005,0.81,4,N,24793
0.7100000000000001,4.6000000000000005,0.81,5,N,24794
0.7100000000000001,4.6000000000000005,0.91,1,N,24795
0.7100000000000001,4.6000000000000005,0.91,2,N,24796
0.7100000000000001,4.6000000000000005,0.91,3,N,24797
0.7100000000000001,4.6000000000000005,0.91,4,N,24798
0.7100000000000001,4.6000000000000005,0.91,5,N,24799
0.7100000000000001,4.6000000000000005,1.01,1,N,24800
0.7100000000000001,4.6000000000000005,1.01,2,N,24801
0.7100000000000001,4.6000000000000005,1.01,3,N,24802
0.7100000000000001,4.6000000000000005,1.01,4,N,24803
0.7100000000000001,4.6000000000000005,1.01,5,N,24804
0.7100000000000001,4.6000000000000005,1.11,1,N,24805
0.7100000000000001,4.6000000000000005,1.11,2,N,24806
0.7100000000000001,4.6000000000000005,1.11,3,N,24807
0.7100000000000001,4.6000000000000005,1.11,4,N,24808
0.7100000000000001,4.6000000000000005,1.11,5,N,24809
0.7100000000000001,4.6000000000000005,1.3,1,N,24810
0.7100000000000001,4.6000000000000005,1.3,2,N,24811
0.7100000000000001,4.6000000000000005,1.3,3,N,24812
0.7100000000000001,4.6000000000000005,1.3,4,N,24813
0.7100000000000001,4.6000000000000005,1.3,5,N,24814
0.7100000000000001,4.6000000000000005,1.6,1,N,24815
0.7100000000000001,4.6000000000000005,1.6,2,N,24816
0.7100000000000001,4.6000000000000005,1.6,3,N,24817
0.7100000000000001,4.6000000000000005,1.6,4,N,24818
0.7100000000000001,4.6000000000000005,1.6,5,N,24819
0.7100000000000001,4.6000000000000005,1.9,1,N,24820
0.7100000000000001,4.6000000000000005,1.9,2,N,24821
0.7100000000000001,4.6000000000000005,1.9,3,N,24822
0.7100000000000001,4.6000000000000005,1.9,4,N,24823
0.7100000000000001,4.6000000000000005,1.9,5,N,24824
0.7100000000000001,4.6000000000000005,2.2,1,N,24825
0.7100000000000001,4.6000000000000005,2.2,2,N,24826
0.7100000000000001,4.6000000000000005,2.2,3,N,24827
0.7100000000000001,4.6000000000000005,2.2,4,N,24828
0.7100000000000001,4.6000000000000005,2.2,5,N,24829
0.7100000000000001,4.6000000000000005,2.5,1,N,24830
0.7100000000000001,4.6000000000000005,2.5,2,N,24831
0.7100000000000001,4.6000000000000005,2.5,3,N,24832
0.7100000000000001,4.6000000000000005,2.5,4,N,24833
0.7100000000000001,4.6000000000000005,2.5,5,N,24834
0.7100000000000001,4.6000000000000005,2.8000000000000003,1,N,24835
0.7100000000000001,4.6000000000000005,2.8000000000000003,2,N,24836
0.7100000000000001,4.6000000000000005,2.8000000000000003,3,N,24837
0.7100000000000001,4.6000000000000005,2.8000000000000003,4,N,24838
0.7100000000000001,4.6000000000000005,2.8000000000000003,5,N,24839
0.7100000000000001,4.6000000000000005,3.1000000000000005,1,N,24840
0.7100000000000001,4.6000000000000005,3.1000000000000005,2,N,24841
0.7100000000000001,4.6000000000000005,3.1000000000000005,3,N,24842
0.7100000000000001,4.6000000000000005,3.1000000000000005,4,N,24843
0.7100000000000001,4.6000000000000005,3.1000000000000005,5,N,24844
0.7100000000000001,4.6000000000000005,3.4000000000000004,1,N,24845
0.7100000000000001,4.6000000000000005,3.4000000000000004,2,N,24846
0.7100000000000001,4.6000000000000005,3.4000000000000004,3,N,24847
0.7100000000000001,4.6000000000000005,3.4000000000000004,4,N,24848
0.7100000000000001,4.6000000000000005,3.4000000000000004,5,N,24849
0.7100000000000001,4.6000000000000005,3.7,1,N,24850
0.7100000000000001,4.6000000000000005,3.7,2,N,24851
0.7100000000000001,4.6000000000000005,3.7,3,N,24852
0.7100000000000001,4.6000000000000005,3.7,4,N,24853
0.7100000000000001,4.6000000000000005,3.7,5,N,24854
0.7100000000000001,4.6000000000000005,4.0,1,N,24855
0.7100000000000001,4.6000000000000005,4.0,2,N,24856
0.7100000000000001,4.6000000000000005,4.0,3,N,24857
0.7100000000000001,4.6000000000000005,4.0,4,N,24858
0.7100000000000001,4.6000000000000005,4.0,5,N,24859
0.7100000000000001,4.6000000000000005,4.300000000000002,1,N,24860
0.7100000000000001,4.6000000000000005,4.300000000000002,2,N,24861
0.7100000000000001,4.6000000000000005,4.300000000000002,3,N,24862
0.7100000000000001,4.6000000000000005,4.300000000000002,4,N,24863
0.7100000000000001,4.6000000000000005,4.300000000000002,5,N,24864
0.7100000000000001,4.6000000000000005,4.6000000000000005,1,N,24865
0.7100000000000001,4.6000000000000005,4.6000000000000005,2,N,24866
0.7100000000000001,4.6000000000000005,4.6000000000000005,3,N,24867
0.7100000000000001,4.6000000000000005,4.6000000000000005,4,N,24868
0.7100000000000001,4.6000000000000005,4.6000000000000005,5,N,24869
0.7100000000000001,4.6000000000000005,4.9,1,N,24870
0.7100000000000001,4.6000000000000005,4.9,2,N,24871
0.7100000000000001,4.6000000000000005,4.9,3,N,24872
0.7100000000000001,4.6000000000000005,4.9,4,N,24873
0.7100000000000001,4.6000000000000005,4.9,5,N,24874
0.7100000000000001,4.9,0.01,1,N,24875
0.7100000000000001,4.9,0.01,2,N,24876
0.7100000000000001,4.9,0.01,3,N,24877
0.7100000000000001,4.9,0.01,4,N,24878
0.7100000000000001,4.9,0.01,5,N,24879
0.7100000000000001,4.9,0.11,1,N,24880
0.7100000000000001,4.9,0.11,2,N,24881
0.7100000000000001,4.9,0.11,3,N,24882
0.7100000000000001,4.9,0.11,4,N,24883
0.7100000000000001,4.9,0.11,5,N,24884
0.7100000000000001,4.9,0.21,1,N,24885
0.7100000000000001,4.9,0.21,2,N,24886
0.7100000000000001,4.9,0.21,3,N,24887
0.7100000000000001,4.9,0.21,4,N,24888
0.7100000000000001,4.9,0.21,5,N,24889
0.7100000000000001,4.9,0.31000000000000005,1,N,24890
0.7100000000000001,4.9,0.31000000000000005,2,N,24891
0.7100000000000001,4.9,0.31000000000000005,3,N,24892
0.7100000000000001,4.9,0.31000000000000005,4,N,24893
0.7100000000000001,4.9,0.31000000000000005,5,N,24894
0.7100000000000001,4.9,0.41,1,N,24895
0.7100000000000001,4.9,0.41,2,N,24896
0.7100000000000001,4.9,0.41,3,N,24897
0.7100000000000001,4.9,0.41,4,N,24898
0.7100000000000001,4.9,0.41,5,N,24899
0.7100000000000001,4.9,0.51,1,N,24900
0.7100000000000001,4.9,0.51,2,N,24901
0.7100000000000001,4.9,0.51,3,N,24902
0.7100000000000001,4.9,0.51,4,N,24903
0.7100000000000001,4.9,0.51,5,N,24904
0.7100000000000001,4.9,0.6100000000000001,1,N,24905
0.7100000000000001,4.9,0.6100000000000001,2,N,24906
0.7100000000000001,4.9,0.6100000000000001,3,N,24907
0.7100000000000001,4.9,0.6100000000000001,4,N,24908
0.7100000000000001,4.9,0.6100000000000001,5,N,24909
0.7100000000000001,4.9,0.7100000000000001,1,N,24910
0.7100000000000001,4.9,0.7100000000000001,2,N,24911
0.7100000000000001,4.9,0.7100000000000001,3,N,24912
0.7100000000000001,4.9,0.7100000000000001,4,N,24913
0.7100000000000001,4.9,0.7100000000000001,5,N,24914
0.7100000000000001,4.9,0.81,1,N,24915
0.7100000000000001,4.9,0.81,2,N,24916
0.7100000000000001,4.9,0.81,3,N,24917
0.7100000000000001,4.9,0.81,4,N,24918
0.7100000000000001,4.9,0.81,5,N,24919
0.7100000000000001,4.9,0.91,1,N,24920
0.7100000000000001,4.9,0.91,2,N,24921
0.7100000000000001,4.9,0.91,3,N,24922
0.7100000000000001,4.9,0.91,4,N,24923
0.7100000000000001,4.9,0.91,5,N,24924
0.7100000000000001,4.9,1.01,1,N,24925
0.7100000000000001,4.9,1.01,2,N,24926
0.7100000000000001,4.9,1.01,3,N,24927
0.7100000000000001,4.9,1.01,4,N,24928
0.7100000000000001,4.9,1.01,5,N,24929
0.7100000000000001,4.9,1.11,1,N,24930
0.7100000000000001,4.9,1.11,2,N,24931
0.7100000000000001,4.9,1.11,3,N,24932
0.7100000000000001,4.9,1.11,4,N,24933
0.7100000000000001,4.9,1.11,5,N,24934
0.7100000000000001,4.9,1.3,1,N,24935
0.7100000000000001,4.9,1.3,2,N,24936
0.7100000000000001,4.9,1.3,3,N,24937
0.7100000000000001,4.9,1.3,4,N,24938
0.7100000000000001,4.9,1.3,5,N,24939
0.7100000000000001,4.9,1.6,1,N,24940
0.7100000000000001,4.9,1.6,2,N,24941
0.7100000000000001,4.9,1.6,3,N,24942
0.7100000000000001,4.9,1.6,4,N,24943
0.7100000000000001,4.9,1.6,5,N,24944
0.7100000000000001,4.9,1.9,1,N,24945
0.7100000000000001,4.9,1.9,2,N,24946
0.7100000000000001,4.9,1.9,3,N,24947
0.7100000000000001,4.9,1.9,4,N,24948
0.7100000000000001,4.9,1.9,5,N,24949
0.7100000000000001,4.9,2.2,1,N,24950
0.7100000000000001,4.9,2.2,2,N,24951
0.7100000000000001,4.9,2.2,3,N,24952
0.7100000000000001,4.9,2.2,4,N,24953
0.7100000000000001,4.9,2.2,5,N,24954
0.7100000000000001,4.9,2.5,1,N,24955
0.7100000000000001,4.9,2.5,2,N,24956
0.7100000000000001,4.9,2.5,3,N,24957
0.7100000000000001,4.9,2.5,4,N,24958
0.7100000000000001,4.9,2.5,5,N,24959
0.7100000000000001,4.9,2.8000000000000003,1,N,24960
0.7100000000000001,4.9,2.8000000000000003,2,N,24961
0.7100000000000001,4.9,2.8000000000000003,3,N,24962
0.7100000000000001,4.9,2.8000000000000003,4,N,24963
0.7100000000000001,4.9,2.8000000000000003,5,N,24964
0.7100000000000001,4.9,3.1000000000000005,1,N,24965
0.7100000000000001,4.9,3.1000000000000005,2,N,24966
0.7100000000000001,4.9,3.1000000000000005,3,N,24967
0.7100000000000001,4.9,3.1000000000000005,4,N,24968
0.7100000000000001,4.9,3.1000000000000005,5,N,24969
0.7100000000000001,4.9,3.4000000000000004,1,N,24970
0.7100000000000001,4.9,3.4000000000000004,2,N,24971
0.7100000000000001,4.9,3.4000000000000004,3,N,24972
0.7100000000000001,4.9,3.4000000000000004,4,N,24973
0.7100000000000001,4.9,3.4000000000000004,5,N,24974
0.7100000000000001,4.9,3.7,1,N,24975
0.7100000000000001,4.9,3.7,2,N,24976
0.7100000000000001,4.9,3.7,3,N,24977
0.7100000000000001,4.9,3.7,4,N,24978
0.7100000000000001,4.9,3.7,5,N,24979
0.7100000000000001,4.9,4.0,1,N,24980
0.7100000000000001,4.9,4.0,2,N,24981
0.7100000000000001,4.9,4.0,3,N,24982
0.7100000000000001,4.9,4.0,4,N,24983
0.7100000000000001,4.9,4.0,5,N,24984
0.7100000000000001,4.9,4.300000000000002,1,N,24985
0.7100000000000001,4.9,4.300000000000002,2,N,24986
0.7100000000000001,4.9,4.300000000000002,3,N,24987
0.7100000000000001,4.9,4.300000000000002,4,N,24988
0.7100000000000001,4.9,4.300000000000002,5,N,24989
0.7100000000000001,4.9,4.6000000000000005,1,N,24990
0.7100000000000001,4.9,4.6000000000000005,2,N,24991
0.7100000000000001,4.9,4.6000000000000005,3,N,24992
0.7100000000000001,4.9,4.6000000000000005,4,N,24993
0.7100000000000001,4.9,4.6000000000000005,5,N,24994
0.7100000000000001,4.9,4.9,1,N,24995
0.7100000000000001,4.9,4.9,2,N,24996
0.7100000000000001,4.9,4.9,3,N,24997
0.7100000000000001,4.9,4.9,4,N,24998
0.7100000000000001,4.9,4.9,5,N,24999
0.81,0.01,0.01,1,N,25000
0.81,0.01,0.01,2,N,25001
0.81,0.01,0.01,3,N,25002
0.81,0.01,0.01,4,N,25003
0.81,0.01,0.01,5,N,25004
0.81,0.01,0.11,1,N,25005
0.81,0.01,0.11,2,N,25006
0.81,0.01,0.11,3,N,25007
0.81,0.01,0.11,4,N,25008
0.81,0.01,0.11,5,N,25009
0.81,0.01,0.21,1,N,25010
0.81,0.01,0.21,2,N,25011
0.81,0.01,0.21,3,N,25012
0.81,0.01,0.21,4,N,25013
0.81,0.01,0.21,5,N,25014
0.81,0.01,0.31000000000000005,1,N,25015
0.81,0.01,0.31000000000000005,2,N,25016
0.81,0.01,0.31000000000000005,3,N,25017
0.81,0.01,0.31000000000000005,4,N,25018
0.81,0.01,0.31000000000000005,5,N,25019
0.81,0.01,0.41,1,N,25020
0.81,0.01,0.41,2,N,25021
0.81,0.01,0.41,3,N,25022
0.81,0.01,0.41,4,N,25023
0.81,0.01,0.41,5,N,25024
0.81,0.01,0.51,1,N,25025
0.81,0.01,0.51,2,N,25026
0.81,0.01,0.51,3,N,25027
0.81,0.01,0.51,4,N,25028
0.81,0.01,0.51,5,N,25029
0.81,0.01,0.6100000000000001,1,N,25030
0.81,0.01,0.6100000000000001,2,N,25031
0.81,0.01,0.6100000000000001,3,N,25032
0.81,0.01,0.6100000000000001,4,N,25033
0.81,0.01,0.6100000000000001,5,N,25034
0.81,0.01,0.7100000000000001,1,N,25035
0.81,0.01,0.7100000000000001,2,N,25036
0.81,0.01,0.7100000000000001,3,N,25037
0.81,0.01,0.7100000000000001,4,N,25038
0.81,0.01,0.7100000000000001,5,N,25039
0.81,0.01,0.81,1,N,25040
0.81,0.01,0.81,2,N,25041
0.81,0.01,0.81,3,N,25042
0.81,0.01,0.81,4,N,25043
0.81,0.01,0.81,5,N,25044
0.81,0.01,0.91,1,N,25045
0.81,0.01,0.91,2,N,25046
0.81,0.01,0.91,3,N,25047
0.81,0.01,0.91,4,N,25048
0.81,0.01,0.91,5,N,25049
0.81,0.01,1.01,1,N,25050
0.81,0.01,1.01,2,N,25051
0.81,0.01,1.01,3,N,25052
0.81,0.01,1.01,4,N,25053
0.81,0.01,1.01,5,N,25054
0.81,0.01,1.11,1,N,25055
0.81,0.01,1.11,2,N,25056
0.81,0.01,1.11,3,N,25057
0.81,0.01,1.11,4,N,25058
0.81,0.01,1.11,5,N,25059
0.81,0.01,1.3,1,N,25060
0.81,0.01,1.3,2,N,25061
0.81,0.01,1.3,3,N,25062
0.81,0.01,1.3,4,N,25063
0.81,0.01,1.3,5,N,25064
0.81,0.01,1.6,1,N,25065
0.81,0.01,1.6,2,N,25066
0.81,0.01,1.6,3,N,25067
0.81,0.01,1.6,4,N,25068
0.81,0.01,1.6,5,N,25069
0.81,0.01,1.9,1,N,25070
0.81,0.01,1.9,2,N,25071
0.81,0.01,1.9,3,N,25072
0.81,0.01,1.9,4,N,25073
0.81,0.01,1.9,5,N,25074
0.81,0.01,2.2,1,N,25075
0.81,0.01,2.2,2,N,25076
0.81,0.01,2.2,3,N,25077
0.81,0.01,2.2,4,N,25078
0.81,0.01,2.2,5,N,25079
0.81,0.01,2.5,1,N,25080
0.81,0.01,2.5,2,N,25081
0.81,0.01,2.5,3,N,25082
0.81,0.01,2.5,4,N,25083
0.81,0.01,2.5,5,N,25084
0.81,0.01,2.8000000000000003,1,N,25085
0.81,0.01,2.8000000000000003,2,N,25086
0.81,0.01,2.8000000000000003,3,N,25087
0.81,0.01,2.8000000000000003,4,N,25088
0.81,0.01,2.8000000000000003,5,N,25089
0.81,0.01,3.1000000000000005,1,N,25090
0.81,0.01,3.1000000000000005,2,N,25091
0.81,0.01,3.1000000000000005,3,N,25092
0.81,0.01,3.1000000000000005,4,N,25093
0.81,0.01,3.1000000000000005,5,N,25094
0.81,0.01,3.4000000000000004,1,N,25095
0.81,0.01,3.4000000000000004,2,N,25096
0.81,0.01,3.4000000000000004,3,N,25097
0.81,0.01,3.4000000000000004,4,N,25098
0.81,0.01,3.4000000000000004,5,N,25099
0.81,0.01,3.7,1,N,25100
0.81,0.01,3.7,2,N,25101
0.81,0.01,3.7,3,N,25102
0.81,0.01,3.7,4,N,25103
0.81,0.01,3.7,5,N,25104
0.81,0.01,4.0,1,N,25105
0.81,0.01,4.0,2,N,25106
0.81,0.01,4.0,3,N,25107
0.81,0.01,4.0,4,N,25108
0.81,0.01,4.0,5,N,25109
0.81,0.01,4.300000000000002,1,N,25110
0.81,0.01,4.300000000000002,2,N,25111
0.81,0.01,4.300000000000002,3,N,25112
0.81,0.01,4.300000000000002,4,N,25113
0.81,0.01,4.300000000000002,5,N,25114
0.81,0.01,4.6000000000000005,1,N,25115
0.81,0.01,4.6000000000000005,2,N,25116
0.81,0.01,4.6000000000000005,3,N,25117
0.81,0.01,4.6000000000000005,4,N,25118
0.81,0.01,4.6000000000000005,5,N,25119
0.81,0.01,4.9,1,N,25120
0.81,0.01,4.9,2,N,25121
0.81,0.01,4.9,3,N,25122
0.81,0.01,4.9,4,N,25123
0.81,0.01,4.9,5,N,25124
0.81,0.11,0.01,1,N,25125
0.81,0.11,0.01,2,N,25126
0.81,0.11,0.01,3,N,25127
0.81,0.11,0.01,4,N,25128
0.81,0.11,0.01,5,N,25129
0.81,0.11,0.11,1,N,25130
0.81,0.11,0.11,2,N,25131
0.81,0.11,0.11,3,N,25132
0.81,0.11,0.11,4,N,25133
0.81,0.11,0.11,5,N,25134
0.81,0.11,0.21,1,N,25135
0.81,0.11,0.21,2,N,25136
0.81,0.11,0.21,3,N,25137
0.81,0.11,0.21,4,N,25138
0.81,0.11,0.21,5,N,25139
0.81,0.11,0.31000000000000005,1,N,25140
0.81,0.11,0.31000000000000005,2,N,25141
0.81,0.11,0.31000000000000005,3,N,25142
0.81,0.11,0.31000000000000005,4,N,25143
0.81,0.11,0.31000000000000005,5,N,25144
0.81,0.11,0.41,1,N,25145
0.81,0.11,0.41,2,N,25146
0.81,0.11,0.41,3,N,25147
0.81,0.11,0.41,4,N,25148
0.81,0.11,0.41,5,N,25149
0.81,0.11,0.51,1,N,25150
0.81,0.11,0.51,2,N,25151
0.81,0.11,0.51,3,N,25152
0.81,0.11,0.51,4,N,25153
0.81,0.11,0.51,5,N,25154
0.81,0.11,0.6100000000000001,1,N,25155
0.81,0.11,0.6100000000000001,2,N,25156
0.81,0.11,0.6100000000000001,3,N,25157
0.81,0.11,0.6100000000000001,4,N,25158
0.81,0.11,0.6100000000000001,5,N,25159
0.81,0.11,0.7100000000000001,1,N,25160
0.81,0.11,0.7100000000000001,2,N,25161
0.81,0.11,0.7100000000000001,3,N,25162
0.81,0.11,0.7100000000000001,4,N,25163
0.81,0.11,0.7100000000000001,5,N,25164
0.81,0.11,0.81,1,N,25165
0.81,0.11,0.81,2,N,25166
0.81,0.11,0.81,3,N,25167
0.81,0.11,0.81,4,N,25168
0.81,0.11,0.81,5,N,25169
0.81,0.11,0.91,1,N,25170
0.81,0.11,0.91,2,N,25171
0.81,0.11,0.91,3,N,25172
0.81,0.11,0.91,4,N,25173
0.81,0.11,0.91,5,N,25174
0.81,0.11,1.01,1,N,25175
0.81,0.11,1.01,2,N,25176
0.81,0.11,1.01,3,N,25177
0.81,0.11,1.01,4,N,25178
0.81,0.11,1.01,5,N,25179
0.81,0.11,1.11,1,N,25180
0.81,0.11,1.11,2,N,25181
0.81,0.11,1.11,3,N,25182
0.81,0.11,1.11,4,N,25183
0.81,0.11,1.11,5,N,25184
0.81,0.11,1.3,1,N,25185
0.81,0.11,1.3,2,N,25186
0.81,0.11,1.3,3,N,25187
0.81,0.11,1.3,4,N,25188
0.81,0.11,1.3,5,N,25189
0.81,0.11,1.6,1,N,25190
0.81,0.11,1.6,2,N,25191
0.81,0.11,1.6,3,N,25192
0.81,0.11,1.6,4,N,25193
0.81,0.11,1.6,5,N,25194
0.81,0.11,1.9,1,N,25195
0.81,0.11,1.9,2,N,25196
0.81,0.11,1.9,3,N,25197
0.81,0.11,1.9,4,N,25198
0.81,0.11,1.9,5,N,25199
0.81,0.11,2.2,1,N,25200
0.81,0.11,2.2,2,N,25201
0.81,0.11,2.2,3,N,25202
0.81,0.11,2.2,4,N,25203
0.81,0.11,2.2,5,N,25204
0.81,0.11,2.5,1,N,25205
0.81,0.11,2.5,2,N,25206
0.81,0.11,2.5,3,N,25207
0.81,0.11,2.5,4,N,25208
0.81,0.11,2.5,5,N,25209
0.81,0.11,2.8000000000000003,1,N,25210
0.81,0.11,2.8000000000000003,2,N,25211
0.81,0.11,2.8000000000000003,3,N,25212
0.81,0.11,2.8000000000000003,4,N,25213
0.81,0.11,2.8000000000000003,5,N,25214
0.81,0.11,3.1000000000000005,1,N,25215
0.81,0.11,3.1000000000000005,2,N,25216
0.81,0.11,3.1000000000000005,3,N,25217
0.81,0.11,3.1000000000000005,4,N,25218
0.81,0.11,3.1000000000000005,5,N,25219
0.81,0.11,3.4000000000000004,1,N,25220
0.81,0.11,3.4000000000000004,2,N,25221
0.81,0.11,3.4000000000000004,3,N,25222
0.81,0.11,3.4000000000000004,4,N,25223
0.81,0.11,3.4000000000000004,5,N,25224
0.81,0.11,3.7,1,N,25225
0.81,0.11,3.7,2,N,25226
0.81,0.11,3.7,3,N,25227
0.81,0.11,3.7,4,N,25228
0.81,0.11,3.7,5,N,25229
0.81,0.11,4.0,1,N,25230
0.81,0.11,4.0,2,N,25231
0.81,0.11,4.0,3,N,25232
0.81,0.11,4.0,4,N,25233
0.81,0.11,4.0,5,N,25234
0.81,0.11,4.300000000000002,1,N,25235
0.81,0.11,4.300000000000002,2,N,25236
0.81,0.11,4.300000000000002,3,N,25237
0.81,0.11,4.300000000000002,4,N,25238
0.81,0.11,4.300000000000002,5,N,25239
0.81,0.11,4.6000000000000005,1,N,25240
0.81,0.11,4.6000000000000005,2,N,25241
0.81,0.11,4.6000000000000005,3,N,25242
0.81,0.11,4.6000000000000005,4,N,25243
0.81,0.11,4.6000000000000005,5,N,25244
0.81,0.11,4.9,1,N,25245
0.81,0.11,4.9,2,N,25246
0.81,0.11,4.9,3,N,25247
0.81,0.11,4.9,4,N,25248
0.81,0.11,4.9,5,N,25249
0.81,0.21,0.01,1,N,25250
0.81,0.21,0.01,2,N,25251
0.81,0.21,0.01,3,N,25252
0.81,0.21,0.01,4,N,25253
0.81,0.21,0.01,5,N,25254
0.81,0.21,0.11,1,N,25255
0.81,0.21,0.11,2,N,25256
0.81,0.21,0.11,3,N,25257
0.81,0.21,0.11,4,N,25258
0.81,0.21,0.11,5,N,25259
0.81,0.21,0.21,1,N,25260
0.81,0.21,0.21,2,N,25261
0.81,0.21,0.21,3,N,25262
0.81,0.21,0.21,4,N,25263
0.81,0.21,0.21,5,N,25264
0.81,0.21,0.31000000000000005,1,N,25265
0.81,0.21,0.31000000000000005,2,N,25266
0.81,0.21,0.31000000000000005,3,N,25267
0.81,0.21,0.31000000000000005,4,N,25268
0.81,0.21,0.31000000000000005,5,N,25269
0.81,0.21,0.41,1,N,25270
0.81,0.21,0.41,2,N,25271
0.81,0.21,0.41,3,N,25272
0.81,0.21,0.41,4,N,25273
0.81,0.21,0.41,5,N,25274
0.81,0.21,0.51,1,N,25275
0.81,0.21,0.51,2,N,25276
0.81,0.21,0.51,3,N,25277
0.81,0.21,0.51,4,N,25278
0.81,0.21,0.51,5,N,25279
0.81,0.21,0.6100000000000001,1,N,25280
0.81,0.21,0.6100000000000001,2,N,25281
0.81,0.21,0.6100000000000001,3,N,25282
0.81,0.21,0.6100000000000001,4,N,25283
0.81,0.21,0.6100000000000001,5,N,25284
0.81,0.21,0.7100000000000001,1,N,25285
0.81,0.21,0.7100000000000001,2,N,25286
0.81,0.21,0.7100000000000001,3,N,25287
0.81,0.21,0.7100000000000001,4,N,25288
0.81,0.21,0.7100000000000001,5,N,25289
0.81,0.21,0.81,1,N,25290
0.81,0.21,0.81,2,N,25291
0.81,0.21,0.81,3,N,25292
0.81,0.21,0.81,4,N,25293
0.81,0.21,0.81,5,N,25294
0.81,0.21,0.91,1,N,25295
0.81,0.21,0.91,2,N,25296
0.81,0.21,0.91,3,N,25297
0.81,0.21,0.91,4,N,25298
0.81,0.21,0.91,5,N,25299
0.81,0.21,1.01,1,N,25300
0.81,0.21,1.01,2,N,25301
0.81,0.21,1.01,3,N,25302
0.81,0.21,1.01,4,N,25303
0.81,0.21,1.01,5,N,25304
0.81,0.21,1.11,1,N,25305
0.81,0.21,1.11,2,N,25306
0.81,0.21,1.11,3,N,25307
0.81,0.21,1.11,4,N,25308
0.81,0.21,1.11,5,N,25309
0.81,0.21,1.3,1,N,25310
0.81,0.21,1.3,2,N,25311
0.81,0.21,1.3,3,N,25312
0.81,0.21,1.3,4,N,25313
0.81,0.21,1.3,5,N,25314
0.81,0.21,1.6,1,N,25315
0.81,0.21,1.6,2,N,25316
0.81,0.21,1.6,3,N,25317
0.81,0.21,1.6,4,N,25318
0.81,0.21,1.6,5,N,25319
0.81,0.21,1.9,1,N,25320
0.81,0.21,1.9,2,N,25321
0.81,0.21,1.9,3,N,25322
0.81,0.21,1.9,4,N,25323
0.81,0.21,1.9,5,N,25324
0.81,0.21,2.2,1,N,25325
0.81,0.21,2.2,2,N,25326
0.81,0.21,2.2,3,N,25327
0.81,0.21,2.2,4,N,25328
0.81,0.21,2.2,5,N,25329
0.81,0.21,2.5,1,N,25330
0.81,0.21,2.5,2,N,25331
0.81,0.21,2.5,3,N,25332
0.81,0.21,2.5,4,N,25333
0.81,0.21,2.5,5,N,25334
0.81,0.21,2.8000000000000003,1,N,25335
0.81,0.21,2.8000000000000003,2,N,25336
0.81,0.21,2.8000000000000003,3,N,25337
0.81,0.21,2.8000000000000003,4,N,25338
0.81,0.21,2.8000000000000003,5,N,25339
0.81,0.21,3.1000000000000005,1,N,25340
0.81,0.21,3.1000000000000005,2,N,25341
0.81,0.21,3.1000000000000005,3,N,25342
0.81,0.21,3.1000000000000005,4,N,25343
0.81,0.21,3.1000000000000005,5,N,25344
0.81,0.21,3.4000000000000004,1,N,25345
0.81,0.21,3.4000000000000004,2,N,25346
0.81,0.21,3.4000000000000004,3,N,25347
0.81,0.21,3.4000000000000004,4,N,25348
0.81,0.21,3.4000000000000004,5,N,25349
0.81,0.21,3.7,1,N,25350
0.81,0.21,3.7,2,N,25351
0.81,0.21,3.7,3,N,25352
0.81,0.21,3.7,4,N,25353
0.81,0.21,3.7,5,N,25354
0.81,0.21,4.0,1,N,25355
0.81,0.21,4.0,2,N,25356
0.81,0.21,4.0,3,N,25357
0.81,0.21,4.0,4,N,25358
0.81,0.21,4.0,5,N,25359
0.81,0.21,4.300000000000002,1,N,25360
0.81,0.21,4.300000000000002,2,N,25361
0.81,0.21,4.300000000000002,3,N,25362
0.81,0.21,4.300000000000002,4,N,25363
0.81,0.21,4.300000000000002,5,N,25364
0.81,0.21,4.6000000000000005,1,N,25365
0.81,0.21,4.6000000000000005,2,N,25366
0.81,0.21,4.6000000000000005,3,N,25367
0.81,0.21,4.6000000000000005,4,N,25368
0.81,0.21,4.6000000000000005,5,N,25369
0.81,0.21,4.9,1,N,25370
0.81,0.21,4.9,2,N,25371
0.81,0.21,4.9,3,N,25372
0.81,0.21,4.9,4,N,25373
0.81,0.21,4.9,5,N,25374
0.81,0.31000000000000005,0.01,1,N,25375
0.81,0.31000000000000005,0.01,2,N,25376
0.81,0.31000000000000005,0.01,3,N,25377
0.81,0.31000000000000005,0.01,4,N,25378
0.81,0.31000000000000005,0.01,5,N,25379
0.81,0.31000000000000005,0.11,1,N,25380
0.81,0.31000000000000005,0.11,2,N,25381
0.81,0.31000000000000005,0.11,3,N,25382
0.81,0.31000000000000005,0.11,4,N,25383
0.81,0.31000000000000005,0.11,5,N,25384
0.81,0.31000000000000005,0.21,1,N,25385
0.81,0.31000000000000005,0.21,2,N,25386
0.81,0.31000000000000005,0.21,3,N,25387
0.81,0.31000000000000005,0.21,4,N,25388
0.81,0.31000000000000005,0.21,5,N,25389
0.81,0.31000000000000005,0.31000000000000005,1,N,25390
0.81,0.31000000000000005,0.31000000000000005,2,N,25391
0.81,0.31000000000000005,0.31000000000000005,3,N,25392
0.81,0.31000000000000005,0.31000000000000005,4,N,25393
0.81,0.31000000000000005,0.31000000000000005,5,N,25394
0.81,0.31000000000000005,0.41,1,N,25395
0.81,0.31000000000000005,0.41,2,N,25396
0.81,0.31000000000000005,0.41,3,N,25397
0.81,0.31000000000000005,0.41,4,N,25398
0.81,0.31000000000000005,0.41,5,N,25399
0.81,0.31000000000000005,0.51,1,N,25400
0.81,0.31000000000000005,0.51,2,N,25401
0.81,0.31000000000000005,0.51,3,N,25402
0.81,0.31000000000000005,0.51,4,N,25403
0.81,0.31000000000000005,0.51,5,N,25404
0.81,0.31000000000000005,0.6100000000000001,1,N,25405
0.81,0.31000000000000005,0.6100000000000001,2,N,25406
0.81,0.31000000000000005,0.6100000000000001,3,N,25407
0.81,0.31000000000000005,0.6100000000000001,4,N,25408
0.81,0.31000000000000005,0.6100000000000001,5,N,25409
0.81,0.31000000000000005,0.7100000000000001,1,N,25410
0.81,0.31000000000000005,0.7100000000000001,2,N,25411
0.81,0.31000000000000005,0.7100000000000001,3,N,25412
0.81,0.31000000000000005,0.7100000000000001,4,N,25413
0.81,0.31000000000000005,0.7100000000000001,5,N,25414
0.81,0.31000000000000005,0.81,1,N,25415
0.81,0.31000000000000005,0.81,2,N,25416
0.81,0.31000000000000005,0.81,3,N,25417
0.81,0.31000000000000005,0.81,4,N,25418
0.81,0.31000000000000005,0.81,5,N,25419
0.81,0.31000000000000005,0.91,1,N,25420
0.81,0.31000000000000005,0.91,2,N,25421
0.81,0.31000000000000005,0.91,3,N,25422
0.81,0.31000000000000005,0.91,4,N,25423
0.81,0.31000000000000005,0.91,5,N,25424
0.81,0.31000000000000005,1.01,1,N,25425
0.81,0.31000000000000005,1.01,2,N,25426
0.81,0.31000000000000005,1.01,3,N,25427
0.81,0.31000000000000005,1.01,4,N,25428
0.81,0.31000000000000005,1.01,5,N,25429
0.81,0.31000000000000005,1.11,1,N,25430
0.81,0.31000000000000005,1.11,2,N,25431
0.81,0.31000000000000005,1.11,3,N,25432
0.81,0.31000000000000005,1.11,4,N,25433
0.81,0.31000000000000005,1.11,5,N,25434
0.81,0.31000000000000005,1.3,1,N,25435
0.81,0.31000000000000005,1.3,2,N,25436
0.81,0.31000000000000005,1.3,3,N,25437
0.81,0.31000000000000005,1.3,4,N,25438
0.81,0.31000000000000005,1.3,5,N,25439
0.81,0.31000000000000005,1.6,1,N,25440
0.81,0.31000000000000005,1.6,2,N,25441
0.81,0.31000000000000005,1.6,3,N,25442
0.81,0.31000000000000005,1.6,4,N,25443
0.81,0.31000000000000005,1.6,5,N,25444
0.81,0.31000000000000005,1.9,1,N,25445
0.81,0.31000000000000005,1.9,2,N,25446
0.81,0.31000000000000005,1.9,3,N,25447
0.81,0.31000000000000005,1.9,4,N,25448
0.81,0.31000000000000005,1.9,5,N,25449
0.81,0.31000000000000005,2.2,1,N,25450
0.81,0.31000000000000005,2.2,2,N,25451
0.81,0.31000000000000005,2.2,3,N,25452
0.81,0.31000000000000005,2.2,4,N,25453
0.81,0.31000000000000005,2.2,5,N,25454
0.81,0.31000000000000005,2.5,1,N,25455
0.81,0.31000000000000005,2.5,2,N,25456
0.81,0.31000000000000005,2.5,3,N,25457
0.81,0.31000000000000005,2.5,4,N,25458
0.81,0.31000000000000005,2.5,5,N,25459
0.81,0.31000000000000005,2.8000000000000003,1,N,25460
0.81,0.31000000000000005,2.8000000000000003,2,N,25461
0.81,0.31000000000000005,2.8000000000000003,3,N,25462
0.81,0.31000000000000005,2.8000000000000003,4,N,25463
0.81,0.31000000000000005,2.8000000000000003,5,N,25464
0.81,0.31000000000000005,3.1000000000000005,1,N,25465
0.81,0.31000000000000005,3.1000000000000005,2,N,25466
0.81,0.31000000000000005,3.1000000000000005,3,N,25467
0.81,0.31000000000000005,3.1000000000000005,4,N,25468
0.81,0.31000000000000005,3.1000000000000005,5,N,25469
0.81,0.31000000000000005,3.4000000000000004,1,N,25470
0.81,0.31000000000000005,3.4000000000000004,2,N,25471
0.81,0.31000000000000005,3.4000000000000004,3,N,25472
0.81,0.31000000000000005,3.4000000000000004,4,N,25473
0.81,0.31000000000000005,3.4000000000000004,5,N,25474
0.81,0.31000000000000005,3.7,1,N,25475
0.81,0.31000000000000005,3.7,2,N,25476
0.81,0.31000000000000005,3.7,3,N,25477
0.81,0.31000000000000005,3.7,4,N,25478
0.81,0.31000000000000005,3.7,5,N,25479
0.81,0.31000000000000005,4.0,1,N,25480
0.81,0.31000000000000005,4.0,2,N,25481
0.81,0.31000000000000005,4.0,3,N,25482
0.81,0.31000000000000005,4.0,4,N,25483
0.81,0.31000000000000005,4.0,5,N,25484
0.81,0.31000000000000005,4.300000000000002,1,N,25485
0.81,0.31000000000000005,4.300000000000002,2,N,25486
0.81,0.31000000000000005,4.300000000000002,3,N,25487
0.81,0.31000000000000005,4.300000000000002,4,N,25488
0.81,0.31000000000000005,4.300000000000002,5,N,25489
0.81,0.31000000000000005,4.6000000000000005,1,N,25490
0.81,0.31000000000000005,4.6000000000000005,2,N,25491
0.81,0.31000000000000005,4.6000000000000005,3,N,25492
0.81,0.31000000000000005,4.6000000000000005,4,N,25493
0.81,0.31000000000000005,4.6000000000000005,5,N,25494
0.81,0.31000000000000005,4.9,1,N,25495
0.81,0.31000000000000005,4.9,2,N,25496
0.81,0.31000000000000005,4.9,3,N,25497
0.81,0.31000000000000005,4.9,4,N,25498
0.81,0.31000000000000005,4.9,5,N,25499
0.81,0.41,0.01,1,N,25500
0.81,0.41,0.01,2,N,25501
0.81,0.41,0.01,3,N,25502
0.81,0.41,0.01,4,N,25503
0.81,0.41,0.01,5,N,25504
0.81,0.41,0.11,1,N,25505
0.81,0.41,0.11,2,N,25506
0.81,0.41,0.11,3,N,25507
0.81,0.41,0.11,4,N,25508
0.81,0.41,0.11,5,N,25509
0.81,0.41,0.21,1,N,25510
0.81,0.41,0.21,2,N,25511
0.81,0.41,0.21,3,N,25512
0.81,0.41,0.21,4,N,25513
0.81,0.41,0.21,5,N,25514
0.81,0.41,0.31000000000000005,1,N,25515
0.81,0.41,0.31000000000000005,2,N,25516
0.81,0.41,0.31000000000000005,3,N,25517
0.81,0.41,0.31000000000000005,4,N,25518
0.81,0.41,0.31000000000000005,5,N,25519
0.81,0.41,0.41,1,N,25520
0.81,0.41,0.41,2,N,25521
0.81,0.41,0.41,3,N,25522
0.81,0.41,0.41,4,N,25523
0.81,0.41,0.41,5,N,25524
0.81,0.41,0.51,1,N,25525
0.81,0.41,0.51,2,N,25526
0.81,0.41,0.51,3,N,25527
0.81,0.41,0.51,4,N,25528
0.81,0.41,0.51,5,N,25529
0.81,0.41,0.6100000000000001,1,N,25530
0.81,0.41,0.6100000000000001,2,N,25531
0.81,0.41,0.6100000000000001,3,N,25532
0.81,0.41,0.6100000000000001,4,N,25533
0.81,0.41,0.6100000000000001,5,N,25534
0.81,0.41,0.7100000000000001,1,N,25535
0.81,0.41,0.7100000000000001,2,N,25536
0.81,0.41,0.7100000000000001,3,N,25537
0.81,0.41,0.7100000000000001,4,N,25538
0.81,0.41,0.7100000000000001,5,N,25539
0.81,0.41,0.81,1,N,25540
0.81,0.41,0.81,2,N,25541
0.81,0.41,0.81,3,N,25542
0.81,0.41,0.81,4,N,25543
0.81,0.41,0.81,5,N,25544
0.81,0.41,0.91,1,N,25545
0.81,0.41,0.91,2,N,25546
0.81,0.41,0.91,3,N,25547
0.81,0.41,0.91,4,N,25548
0.81,0.41,0.91,5,N,25549
0.81,0.41,1.01,1,N,25550
0.81,0.41,1.01,2,N,25551
0.81,0.41,1.01,3,N,25552
0.81,0.41,1.01,4,N,25553
0.81,0.41,1.01,5,N,25554
0.81,0.41,1.11,1,N,25555
0.81,0.41,1.11,2,N,25556
0.81,0.41,1.11,3,N,25557
0.81,0.41,1.11,4,N,25558
0.81,0.41,1.11,5,N,25559
0.81,0.41,1.3,1,N,25560
0.81,0.41,1.3,2,N,25561
0.81,0.41,1.3,3,N,25562
0.81,0.41,1.3,4,N,25563
0.81,0.41,1.3,5,N,25564
0.81,0.41,1.6,1,N,25565
0.81,0.41,1.6,2,N,25566
0.81,0.41,1.6,3,N,25567
0.81,0.41,1.6,4,N,25568
0.81,0.41,1.6,5,N,25569
0.81,0.41,1.9,1,N,25570
0.81,0.41,1.9,2,N,25571
0.81,0.41,1.9,3,N,25572
0.81,0.41,1.9,4,N,25573
0.81,0.41,1.9,5,N,25574
0.81,0.41,2.2,1,N,25575
0.81,0.41,2.2,2,N,25576
0.81,0.41,2.2,3,N,25577
0.81,0.41,2.2,4,N,25578
0.81,0.41,2.2,5,N,25579
0.81,0.41,2.5,1,N,25580
0.81,0.41,2.5,2,N,25581
0.81,0.41,2.5,3,N,25582
0.81,0.41,2.5,4,N,25583
0.81,0.41,2.5,5,N,25584
0.81,0.41,2.8000000000000003,1,N,25585
0.81,0.41,2.8000000000000003,2,N,25586
0.81,0.41,2.8000000000000003,3,N,25587
0.81,0.41,2.8000000000000003,4,N,25588
0.81,0.41,2.8000000000000003,5,N,25589
0.81,0.41,3.1000000000000005,1,N,25590
0.81,0.41,3.1000000000000005,2,N,25591
0.81,0.41,3.1000000000000005,3,N,25592
0.81,0.41,3.1000000000000005,4,N,25593
0.81,0.41,3.1000000000000005,5,N,25594
0.81,0.41,3.4000000000000004,1,N,25595
0.81,0.41,3.4000000000000004,2,N,25596
0.81,0.41,3.4000000000000004,3,N,25597
0.81,0.41,3.4000000000000004,4,N,25598
0.81,0.41,3.4000000000000004,5,N,25599
0.81,0.41,3.7,1,N,25600
0.81,0.41,3.7,2,N,25601
0.81,0.41,3.7,3,N,25602
0.81,0.41,3.7,4,N,25603
0.81,0.41,3.7,5,N,25604
0.81,0.41,4.0,1,N,25605
0.81,0.41,4.0,2,N,25606
0.81,0.41,4.0,3,N,25607
0.81,0.41,4.0,4,N,25608
0.81,0.41,4.0,5,N,25609
0.81,0.41,4.300000000000002,1,N,25610
0.81,0.41,4.300000000000002,2,N,25611
0.81,0.41,4.300000000000002,3,N,25612
0.81,0.41,4.300000000000002,4,N,25613
0.81,0.41,4.300000000000002,5,N,25614
0.81,0.41,4.6000000000000005,1,N,25615
0.81,0.41,4.6000000000000005,2,N,25616
0.81,0.41,4.6000000000000005,3,N,25617
0.81,0.41,4.6000000000000005,4,N,25618
0.81,0.41,4.6000000000000005,5,N,25619
0.81,0.41,4.9,1,N,25620
0.81,0.41,4.9,2,N,25621
0.81,0.41,4.9,3,N,25622
0.81,0.41,4.9,4,N,25623
0.81,0.41,4.9,5,N,25624
0.81,0.51,0.01,1,N,25625
0.81,0.51,0.01,2,N,25626
0.81,0.51,0.01,3,N,25627
0.81,0.51,0.01,4,N,25628
0.81,0.51,0.01,5,N,25629
0.81,0.51,0.11,1,N,25630
0.81,0.51,0.11,2,N,25631
0.81,0.51,0.11,3,N,25632
0.81,0.51,0.11,4,N,25633
0.81,0.51,0.11,5,N,25634
0.81,0.51,0.21,1,N,25635
0.81,0.51,0.21,2,N,25636
0.81,0.51,0.21,3,N,25637
0.81,0.51,0.21,4,N,25638
0.81,0.51,0.21,5,N,25639
0.81,0.51,0.31000000000000005,1,N,25640
0.81,0.51,0.31000000000000005,2,N,25641
0.81,0.51,0.31000000000000005,3,N,25642
0.81,0.51,0.31000000000000005,4,N,25643
0.81,0.51,0.31000000000000005,5,N,25644
0.81,0.51,0.41,1,N,25645
0.81,0.51,0.41,2,N,25646
0.81,0.51,0.41,3,N,25647
0.81,0.51,0.41,4,N,25648
0.81,0.51,0.41,5,N,25649
0.81,0.51,0.51,1,N,25650
0.81,0.51,0.51,2,N,25651
0.81,0.51,0.51,3,N,25652
0.81,0.51,0.51,4,N,25653
0.81,0.51,0.51,5,N,25654
0.81,0.51,0.6100000000000001,1,N,25655
0.81,0.51,0.6100000000000001,2,N,25656
0.81,0.51,0.6100000000000001,3,N,25657
0.81,0.51,0.6100000000000001,4,N,25658
0.81,0.51,0.6100000000000001,5,N,25659
0.81,0.51,0.7100000000000001,1,N,25660
0.81,0.51,0.7100000000000001,2,N,25661
0.81,0.51,0.7100000000000001,3,N,25662
0.81,0.51,0.7100000000000001,4,N,25663
0.81,0.51,0.7100000000000001,5,N,25664
0.81,0.51,0.81,1,N,25665
0.81,0.51,0.81,2,N,25666
0.81,0.51,0.81,3,N,25667
0.81,0.51,0.81,4,N,25668
0.81,0.51,0.81,5,N,25669
0.81,0.51,0.91,1,N,25670
0.81,0.51,0.91,2,N,25671
0.81,0.51,0.91,3,N,25672
0.81,0.51,0.91,4,N,25673
0.81,0.51,0.91,5,N,25674
0.81,0.51,1.01,1,N,25675
0.81,0.51,1.01,2,N,25676
0.81,0.51,1.01,3,N,25677
0.81,0.51,1.01,4,N,25678
0.81,0.51,1.01,5,N,25679
0.81,0.51,1.11,1,N,25680
0.81,0.51,1.11,2,N,25681
0.81,0.51,1.11,3,N,25682
0.81,0.51,1.11,4,N,25683
0.81,0.51,1.11,5,N,25684
0.81,0.51,1.3,1,N,25685
0.81,0.51,1.3,2,N,25686
0.81,0.51,1.3,3,N,25687
0.81,0.51,1.3,4,N,25688
0.81,0.51,1.3,5,N,25689
0.81,0.51,1.6,1,N,25690
0.81,0.51,1.6,2,N,25691
0.81,0.51,1.6,3,N,25692
0.81,0.51,1.6,4,N,25693
0.81,0.51,1.6,5,N,25694
0.81,0.51,1.9,1,N,25695
0.81,0.51,1.9,2,N,25696
0.81,0.51,1.9,3,N,25697
0.81,0.51,1.9,4,N,25698
0.81,0.51,1.9,5,N,25699
0.81,0.51,2.2,1,N,25700
0.81,0.51,2.2,2,N,25701
0.81,0.51,2.2,3,N,25702
0.81,0.51,2.2,4,N,25703
0.81,0.51,2.2,5,N,25704
0.81,0.51,2.5,1,N,25705
0.81,0.51,2.5,2,N,25706
0.81,0.51,2.5,3,N,25707
0.81,0.51,2.5,4,N,25708
0.81,0.51,2.5,5,N,25709
0.81,0.51,2.8000000000000003,1,N,25710
0.81,0.51,2.8000000000000003,2,N,25711
0.81,0.51,2.8000000000000003,3,N,25712
0.81,0.51,2.8000000000000003,4,N,25713
0.81,0.51,2.8000000000000003,5,N,25714
0.81,0.51,3.1000000000000005,1,N,25715
0.81,0.51,3.1000000000000005,2,N,25716
0.81,0.51,3.1000000000000005,3,N,25717
0.81,0.51,3.1000000000000005,4,N,25718
0.81,0.51,3.1000000000000005,5,N,25719
0.81,0.51,3.4000000000000004,1,N,25720
0.81,0.51,3.4000000000000004,2,N,25721
0.81,0.51,3.4000000000000004,3,N,25722
0.81,0.51,3.4000000000000004,4,N,25723
0.81,0.51,3.4000000000000004,5,N,25724
0.81,0.51,3.7,1,N,25725
0.81,0.51,3.7,2,N,25726
0.81,0.51,3.7,3,N,25727
0.81,0.51,3.7,4,N,25728
0.81,0.51,3.7,5,N,25729
0.81,0.51,4.0,1,N,25730
0.81,0.51,4.0,2,N,25731
0.81,0.51,4.0,3,N,25732
0.81,0.51,4.0,4,N,25733
0.81,0.51,4.0,5,N,25734
0.81,0.51,4.300000000000002,1,N,25735
0.81,0.51,4.300000000000002,2,N,25736
0.81,0.51,4.300000000000002,3,N,25737
0.81,0.51,4.300000000000002,4,N,25738
0.81,0.51,4.300000000000002,5,N,25739
0.81,0.51,4.6000000000000005,1,N,25740
0.81,0.51,4.6000000000000005,2,N,25741
0.81,0.51,4.6000000000000005,3,N,25742
0.81,0.51,4.6000000000000005,4,N,25743
0.81,0.51,4.6000000000000005,5,N,25744
0.81,0.51,4.9,1,N,25745
0.81,0.51,4.9,2,N,25746
0.81,0.51,4.9,3,N,25747
0.81,0.51,4.9,4,N,25748
0.81,0.51,4.9,5,N,25749
0.81,0.6100000000000001,0.01,1,N,25750
0.81,0.6100000000000001,0.01,2,N,25751
0.81,0.6100000000000001,0.01,3,N,25752
0.81,0.6100000000000001,0.01,4,N,25753
0.81,0.6100000000000001,0.01,5,N,25754
0.81,0.6100000000000001,0.11,1,N,25755
0.81,0.6100000000000001,0.11,2,N,25756
0.81,0.6100000000000001,0.11,3,N,25757
0.81,0.6100000000000001,0.11,4,N,25758
0.81,0.6100000000000001,0.11,5,N,25759
0.81,0.6100000000000001,0.21,1,N,25760
0.81,0.6100000000000001,0.21,2,N,25761
0.81,0.6100000000000001,0.21,3,N,25762
0.81,0.6100000000000001,0.21,4,N,25763
0.81,0.6100000000000001,0.21,5,N,25764
0.81,0.6100000000000001,0.31000000000000005,1,N,25765
0.81,0.6100000000000001,0.31000000000000005,2,N,25766
0.81,0.6100000000000001,0.31000000000000005,3,N,25767
0.81,0.6100000000000001,0.31000000000000005,4,N,25768
0.81,0.6100000000000001,0.31000000000000005,5,N,25769
0.81,0.6100000000000001,0.41,1,N,25770
0.81,0.6100000000000001,0.41,2,N,25771
0.81,0.6100000000000001,0.41,3,N,25772
0.81,0.6100000000000001,0.41,4,N,25773
0.81,0.6100000000000001,0.41,5,N,25774
0.81,0.6100000000000001,0.51,1,N,25775
0.81,0.6100000000000001,0.51,2,N,25776
0.81,0.6100000000000001,0.51,3,N,25777
0.81,0.6100000000000001,0.51,4,N,25778
0.81,0.6100000000000001,0.51,5,N,25779
0.81,0.6100000000000001,0.6100000000000001,1,N,25780
0.81,0.6100000000000001,0.6100000000000001,2,N,25781
0.81,0.6100000000000001,0.6100000000000001,3,N,25782
0.81,0.6100000000000001,0.6100000000000001,4,N,25783
0.81,0.6100000000000001,0.6100000000000001,5,N,25784
0.81,0.6100000000000001,0.7100000000000001,1,N,25785
0.81,0.6100000000000001,0.7100000000000001,2,N,25786
0.81,0.6100000000000001,0.7100000000000001,3,N,25787
0.81,0.6100000000000001,0.7100000000000001,4,N,25788
0.81,0.6100000000000001,0.7100000000000001,5,N,25789
0.81,0.6100000000000001,0.81,1,N,25790
0.81,0.6100000000000001,0.81,2,N,25791
0.81,0.6100000000000001,0.81,3,N,25792
0.81,0.6100000000000001,0.81,4,N,25793
0.81,0.6100000000000001,0.81,5,N,25794
0.81,0.6100000000000001,0.91,1,N,25795
0.81,0.6100000000000001,0.91,2,N,25796
0.81,0.6100000000000001,0.91,3,N,25797
0.81,0.6100000000000001,0.91,4,N,25798
0.81,0.6100000000000001,0.91,5,N,25799
0.81,0.6100000000000001,1.01,1,N,25800
0.81,0.6100000000000001,1.01,2,N,25801
0.81,0.6100000000000001,1.01,3,N,25802
0.81,0.6100000000000001,1.01,4,N,25803
0.81,0.6100000000000001,1.01,5,N,25804
0.81,0.6100000000000001,1.11,1,N,25805
0.81,0.6100000000000001,1.11,2,N,25806
0.81,0.6100000000000001,1.11,3,N,25807
0.81,0.6100000000000001,1.11,4,N,25808
0.81,0.6100000000000001,1.11,5,N,25809
0.81,0.6100000000000001,1.3,1,N,25810
0.81,0.6100000000000001,1.3,2,N,25811
0.81,0.6100000000000001,1.3,3,N,25812
0.81,0.6100000000000001,1.3,4,N,25813
0.81,0.6100000000000001,1.3,5,N,25814
0.81,0.6100000000000001,1.6,1,N,25815
0.81,0.6100000000000001,1.6,2,N,25816
0.81,0.6100000000000001,1.6,3,N,25817
0.81,0.6100000000000001,1.6,4,N,25818
0.81,0.6100000000000001,1.6,5,N,25819
0.81,0.6100000000000001,1.9,1,N,25820
0.81,0.6100000000000001,1.9,2,N,25821
0.81,0.6100000000000001,1.9,3,N,25822
0.81,0.6100000000000001,1.9,4,N,25823
0.81,0.6100000000000001,1.9,5,N,25824
0.81,0.6100000000000001,2.2,1,N,25825
0.81,0.6100000000000001,2.2,2,N,25826
0.81,0.6100000000000001,2.2,3,N,25827
0.81,0.6100000000000001,2.2,4,N,25828
0.81,0.6100000000000001,2.2,5,N,25829
0.81,0.6100000000000001,2.5,1,N,25830
0.81,0.6100000000000001,2.5,2,N,25831
0.81,0.6100000000000001,2.5,3,N,25832
0.81,0.6100000000000001,2.5,4,N,25833
0.81,0.6100000000000001,2.5,5,N,25834
0.81,0.6100000000000001,2.8000000000000003,1,N,25835
0.81,0.6100000000000001,2.8000000000000003,2,N,25836
0.81,0.6100000000000001,2.8000000000000003,3,N,25837
0.81,0.6100000000000001,2.8000000000000003,4,N,25838
0.81,0.6100000000000001,2.8000000000000003,5,N,25839
0.81,0.6100000000000001,3.1000000000000005,1,N,25840
0.81,0.6100000000000001,3.1000000000000005,2,N,25841
0.81,0.6100000000000001,3.1000000000000005,3,N,25842
0.81,0.6100000000000001,3.1000000000000005,4,N,25843
0.81,0.6100000000000001,3.1000000000000005,5,N,25844
0.81,0.6100000000000001,3.4000000000000004,1,N,25845
0.81,0.6100000000000001,3.4000000000000004,2,N,25846
0.81,0.6100000000000001,3.4000000000000004,3,N,25847
0.81,0.6100000000000001,3.4000000000000004,4,N,25848
0.81,0.6100000000000001,3.4000000000000004,5,N,25849
0.81,0.6100000000000001,3.7,1,N,25850
0.81,0.6100000000000001,3.7,2,N,25851
0.81,0.6100000000000001,3.7,3,N,25852
0.81,0.6100000000000001,3.7,4,N,25853
0.81,0.6100000000000001,3.7,5,N,25854
0.81,0.6100000000000001,4.0,1,N,25855
0.81,0.6100000000000001,4.0,2,N,25856
0.81,0.6100000000000001,4.0,3,N,25857
0.81,0.6100000000000001,4.0,4,N,25858
0.81,0.6100000000000001,4.0,5,N,25859
0.81,0.6100000000000001,4.300000000000002,1,N,25860
0.81,0.6100000000000001,4.300000000000002,2,N,25861
0.81,0.6100000000000001,4.300000000000002,3,N,25862
0.81,0.6100000000000001,4.300000000000002,4,N,25863
0.81,0.6100000000000001,4.300000000000002,5,N,25864
0.81,0.6100000000000001,4.6000000000000005,1,N,25865
0.81,0.6100000000000001,4.6000000000000005,2,N,25866
0.81,0.6100000000000001,4.6000000000000005,3,N,25867
0.81,0.6100000000000001,4.6000000000000005,4,N,25868
0.81,0.6100000000000001,4.6000000000000005,5,N,25869
0.81,0.6100000000000001,4.9,1,N,25870
0.81,0.6100000000000001,4.9,2,N,25871
0.81,0.6100000000000001,4.9,3,N,25872
0.81,0.6100000000000001,4.9,4,N,25873
0.81,0.6100000000000001,4.9,5,N,25874
0.81,0.7100000000000001,0.01,1,N,25875
0.81,0.7100000000000001,0.01,2,N,25876
0.81,0.7100000000000001,0.01,3,N,25877
0.81,0.7100000000000001,0.01,4,N,25878
0.81,0.7100000000000001,0.01,5,N,25879
0.81,0.7100000000000001,0.11,1,N,25880
0.81,0.7100000000000001,0.11,2,N,25881
0.81,0.7100000000000001,0.11,3,N,25882
0.81,0.7100000000000001,0.11,4,N,25883
0.81,0.7100000000000001,0.11,5,N,25884
0.81,0.7100000000000001,0.21,1,N,25885
0.81,0.7100000000000001,0.21,2,N,25886
0.81,0.7100000000000001,0.21,3,N,25887
0.81,0.7100000000000001,0.21,4,N,25888
0.81,0.7100000000000001,0.21,5,N,25889
0.81,0.7100000000000001,0.31000000000000005,1,N,25890
0.81,0.7100000000000001,0.31000000000000005,2,N,25891
0.81,0.7100000000000001,0.31000000000000005,3,N,25892
0.81,0.7100000000000001,0.31000000000000005,4,N,25893
0.81,0.7100000000000001,0.31000000000000005,5,N,25894
0.81,0.7100000000000001,0.41,1,N,25895
0.81,0.7100000000000001,0.41,2,N,25896
0.81,0.7100000000000001,0.41,3,N,25897
0.81,0.7100000000000001,0.41,4,N,25898
0.81,0.7100000000000001,0.41,5,N,25899
0.81,0.7100000000000001,0.51,1,N,25900
0.81,0.7100000000000001,0.51,2,N,25901
0.81,0.7100000000000001,0.51,3,N,25902
0.81,0.7100000000000001,0.51,4,N,25903
0.81,0.7100000000000001,0.51,5,N,25904
0.81,0.7100000000000001,0.6100000000000001,1,N,25905
0.81,0.7100000000000001,0.6100000000000001,2,N,25906
0.81,0.7100000000000001,0.6100000000000001,3,N,25907
0.81,0.7100000000000001,0.6100000000000001,4,N,25908
0.81,0.7100000000000001,0.6100000000000001,5,N,25909
0.81,0.7100000000000001,0.7100000000000001,1,N,25910
0.81,0.7100000000000001,0.7100000000000001,2,N,25911
0.81,0.7100000000000001,0.7100000000000001,3,N,25912
0.81,0.7100000000000001,0.7100000000000001,4,N,25913
0.81,0.7100000000000001,0.7100000000000001,5,N,25914
0.81,0.7100000000000001,0.81,1,N,25915
0.81,0.7100000000000001,0.81,2,N,25916
0.81,0.7100000000000001,0.81,3,N,25917
0.81,0.7100000000000001,0.81,4,N,25918
0.81,0.7100000000000001,0.81,5,N,25919
0.81,0.7100000000000001,0.91,1,N,25920
0.81,0.7100000000000001,0.91,2,N,25921
0.81,0.7100000000000001,0.91,3,N,25922
0.81,0.7100000000000001,0.91,4,N,25923
0.81,0.7100000000000001,0.91,5,N,25924
0.81,0.7100000000000001,1.01,1,N,25925
0.81,0.7100000000000001,1.01,2,N,25926
0.81,0.7100000000000001,1.01,3,N,25927
0.81,0.7100000000000001,1.01,4,N,25928
0.81,0.7100000000000001,1.01,5,N,25929
0.81,0.7100000000000001,1.11,1,N,25930
0.81,0.7100000000000001,1.11,2,N,25931
0.81,0.7100000000000001,1.11,3,N,25932
0.81,0.7100000000000001,1.11,4,N,25933
0.81,0.7100000000000001,1.11,5,N,25934
0.81,0.7100000000000001,1.3,1,N,25935
0.81,0.7100000000000001,1.3,2,N,25936
0.81,0.7100000000000001,1.3,3,N,25937
0.81,0.7100000000000001,1.3,4,N,25938
0.81,0.7100000000000001,1.3,5,N,25939
0.81,0.7100000000000001,1.6,1,N,25940
0.81,0.7100000000000001,1.6,2,N,25941
0.81,0.7100000000000001,1.6,3,N,25942
0.81,0.7100000000000001,1.6,4,N,25943
0.81,0.7100000000000001,1.6,5,N,25944
0.81,0.7100000000000001,1.9,1,N,25945
0.81,0.7100000000000001,1.9,2,N,25946
0.81,0.7100000000000001,1.9,3,N,25947
0.81,0.7100000000000001,1.9,4,N,25948
0.81,0.7100000000000001,1.9,5,N,25949
0.81,0.7100000000000001,2.2,1,N,25950
0.81,0.7100000000000001,2.2,2,N,25951
0.81,0.7100000000000001,2.2,3,N,25952
0.81,0.7100000000000001,2.2,4,N,25953
0.81,0.7100000000000001,2.2,5,N,25954
0.81,0.7100000000000001,2.5,1,N,25955
0.81,0.7100000000000001,2.5,2,N,25956
0.81,0.7100000000000001,2.5,3,N,25957
0.81,0.7100000000000001,2.5,4,N,25958
0.81,0.7100000000000001,2.5,5,N,25959
0.81,0.7100000000000001,2.8000000000000003,1,N,25960
0.81,0.7100000000000001,2.8000000000000003,2,N,25961
0.81,0.7100000000000001,2.8000000000000003,3,N,25962
0.81,0.7100000000000001,2.8000000000000003,4,N,25963
0.81,0.7100000000000001,2.8000000000000003,5,N,25964
0.81,0.7100000000000001,3.1000000000000005,1,N,25965
0.81,0.7100000000000001,3.1000000000000005,2,N,25966
0.81,0.7100000000000001,3.1000000000000005,3,N,25967
0.81,0.7100000000000001,3.1000000000000005,4,N,25968
0.81,0.7100000000000001,3.1000000000000005,5,N,25969
0.81,0.7100000000000001,3.4000000000000004,1,N,25970
0.81,0.7100000000000001,3.4000000000000004,2,N,25971
0.81,0.7100000000000001,3.4000000000000004,3,N,25972
0.81,0.7100000000000001,3.4000000000000004,4,N,25973
0.81,0.7100000000000001,3.4000000000000004,5,N,25974
0.81,0.7100000000000001,3.7,1,N,25975
0.81,0.7100000000000001,3.7,2,N,25976
0.81,0.7100000000000001,3.7,3,N,25977
0.81,0.7100000000000001,3.7,4,N,25978
0.81,0.7100000000000001,3.7,5,N,25979
0.81,0.7100000000000001,4.0,1,N,25980
0.81,0.7100000000000001,4.0,2,N,25981
0.81,0.7100000000000001,4.0,3,N,25982
0.81,0.7100000000000001,4.0,4,N,25983
0.81,0.7100000000000001,4.0,5,N,25984
0.81,0.7100000000000001,4.300000000000002,1,N,25985
0.81,0.7100000000000001,4.300000000000002,2,N,25986
0.81,0.7100000000000001,4.300000000000002,3,N,25987
0.81,0.7100000000000001,4.300000000000002,4,N,25988
0.81,0.7100000000000001,4.300000000000002,5,N,25989
0.81,0.7100000000000001,4.6000000000000005,1,N,25990
0.81,0.7100000000000001,4.6000000000000005,2,N,25991
0.81,0.7100000000000001,4.6000000000000005,3,N,25992
0.81,0.7100000000000001,4.6000000000000005,4,N,25993
0.81,0.7100000000000001,4.6000000000000005,5,N,25994
0.81,0.7100000000000001,4.9,1,N,25995
0.81,0.7100000000000001,4.9,2,N,25996
0.81,0.7100000000000001,4.9,3,N,25997
0.81,0.7100000000000001,4.9,4,N,25998
0.81,0.7100000000000001,4.9,5,N,25999
0.81,0.81,0.01,1,N,26000
0.81,0.81,0.01,2,N,26001
0.81,0.81,0.01,3,N,26002
0.81,0.81,0.01,4,N,26003
0.81,0.81,0.01,5,N,26004
0.81,0.81,0.11,1,N,26005
0.81,0.81,0.11,2,N,26006
0.81,0.81,0.11,3,N,26007
0.81,0.81,0.11,4,N,26008
0.81,0.81,0.11,5,N,26009
0.81,0.81,0.21,1,N,26010
0.81,0.81,0.21,2,N,26011
0.81,0.81,0.21,3,N,26012
0.81,0.81,0.21,4,N,26013
0.81,0.81,0.21,5,N,26014
0.81,0.81,0.31000000000000005,1,N,26015
0.81,0.81,0.31000000000000005,2,N,26016
0.81,0.81,0.31000000000000005,3,N,26017
0.81,0.81,0.31000000000000005,4,N,26018
0.81,0.81,0.31000000000000005,5,N,26019
0.81,0.81,0.41,1,N,26020
0.81,0.81,0.41,2,N,26021
0.81,0.81,0.41,3,N,26022
0.81,0.81,0.41,4,N,26023
0.81,0.81,0.41,5,N,26024
0.81,0.81,0.51,1,N,26025
0.81,0.81,0.51,2,N,26026
0.81,0.81,0.51,3,N,26027
0.81,0.81,0.51,4,N,26028
0.81,0.81,0.51,5,N,26029
0.81,0.81,0.6100000000000001,1,N,26030
0.81,0.81,0.6100000000000001,2,N,26031
0.81,0.81,0.6100000000000001,3,N,26032
0.81,0.81,0.6100000000000001,4,N,26033
0.81,0.81,0.6100000000000001,5,N,26034
0.81,0.81,0.7100000000000001,1,N,26035
0.81,0.81,0.7100000000000001,2,N,26036
0.81,0.81,0.7100000000000001,3,N,26037
0.81,0.81,0.7100000000000001,4,N,26038
0.81,0.81,0.7100000000000001,5,N,26039
0.81,0.81,0.81,1,N,26040
0.81,0.81,0.81,2,N,26041
0.81,0.81,0.81,3,N,26042
0.81,0.81,0.81,4,N,26043
0.81,0.81,0.81,5,N,26044
0.81,0.81,0.91,1,N,26045
0.81,0.81,0.91,2,N,26046
0.81,0.81,0.91,3,N,26047
0.81,0.81,0.91,4,N,26048
0.81,0.81,0.91,5,N,26049
0.81,0.81,1.01,1,N,26050
0.81,0.81,1.01,2,N,26051
0.81,0.81,1.01,3,N,26052
0.81,0.81,1.01,4,N,26053
0.81,0.81,1.01,5,N,26054
0.81,0.81,1.11,1,N,26055
0.81,0.81,1.11,2,N,26056
0.81,0.81,1.11,3,N,26057
0.81,0.81,1.11,4,N,26058
0.81,0.81,1.11,5,N,26059
0.81,0.81,1.3,1,N,26060
0.81,0.81,1.3,2,N,26061
0.81,0.81,1.3,3,N,26062
0.81,0.81,1.3,4,N,26063
0.81,0.81,1.3,5,N,26064
0.81,0.81,1.6,1,N,26065
0.81,0.81,1.6,2,N,26066
0.81,0.81,1.6,3,N,26067
0.81,0.81,1.6,4,N,26068
0.81,0.81,1.6,5,N,26069
0.81,0.81,1.9,1,N,26070
0.81,0.81,1.9,2,N,26071
0.81,0.81,1.9,3,N,26072
0.81,0.81,1.9,4,N,26073
0.81,0.81,1.9,5,N,26074
0.81,0.81,2.2,1,N,26075
0.81,0.81,2.2,2,N,26076
0.81,0.81,2.2,3,N,26077
0.81,0.81,2.2,4,N,26078
0.81,0.81,2.2,5,N,26079
0.81,0.81,2.5,1,N,26080
0.81,0.81,2.5,2,N,26081
0.81,0.81,2.5,3,N,26082
0.81,0.81,2.5,4,N,26083
0.81,0.81,2.5,5,N,26084
0.81,0.81,2.8000000000000003,1,N,26085
0.81,0.81,2.8000000000000003,2,N,26086
0.81,0.81,2.8000000000000003,3,N,26087
0.81,0.81,2.8000000000000003,4,N,26088
0.81,0.81,2.8000000000000003,5,N,26089
0.81,0.81,3.1000000000000005,1,N,26090
0.81,0.81,3.1000000000000005,2,N,26091
0.81,0.81,3.1000000000000005,3,N,26092
0.81,0.81,3.1000000000000005,4,N,26093
0.81,0.81,3.1000000000000005,5,N,26094
0.81,0.81,3.4000000000000004,1,N,26095
0.81,0.81,3.4000000000000004,2,N,26096
0.81,0.81,3.4000000000000004,3,N,26097
0.81,0.81,3.4000000000000004,4,N,26098
0.81,0.81,3.4000000000000004,5,N,26099
0.81,0.81,3.7,1,N,26100
0.81,0.81,3.7,2,N,26101
0.81,0.81,3.7,3,N,26102
0.81,0.81,3.7,4,N,26103
0.81,0.81,3.7,5,N,26104
0.81,0.81,4.0,1,N,26105
0.81,0.81,4.0,2,N,26106
0.81,0.81,4.0,3,N,26107
0.81,0.81,4.0,4,N,26108
0.81,0.81,4.0,5,N,26109
0.81,0.81,4.300000000000002,1,N,26110
0.81,0.81,4.300000000000002,2,N,26111
0.81,0.81,4.300000000000002,3,N,26112
0.81,0.81,4.300000000000002,4,N,26113
0.81,0.81,4.300000000000002,5,N,26114
0.81,0.81,4.6000000000000005,1,N,26115
0.81,0.81,4.6000000000000005,2,N,26116
0.81,0.81,4.6000000000000005,3,N,26117
0.81,0.81,4.6000000000000005,4,N,26118
0.81,0.81,4.6000000000000005,5,N,26119
0.81,0.81,4.9,1,N,26120
0.81,0.81,4.9,2,N,26121
0.81,0.81,4.9,3,N,26122
0.81,0.81,4.9,4,N,26123
0.81,0.81,4.9,5,N,26124
0.81,0.91,0.01,1,N,26125
0.81,0.91,0.01,2,N,26126
0.81,0.91,0.01,3,N,26127
0.81,0.91,0.01,4,N,26128
0.81,0.91,0.01,5,N,26129
0.81,0.91,0.11,1,N,26130
0.81,0.91,0.11,2,N,26131
0.81,0.91,0.11,3,N,26132
0.81,0.91,0.11,4,N,26133
0.81,0.91,0.11,5,N,26134
0.81,0.91,0.21,1,N,26135
0.81,0.91,0.21,2,N,26136
0.81,0.91,0.21,3,N,26137
0.81,0.91,0.21,4,N,26138
0.81,0.91,0.21,5,N,26139
0.81,0.91,0.31000000000000005,1,N,26140
0.81,0.91,0.31000000000000005,2,N,26141
0.81,0.91,0.31000000000000005,3,N,26142
0.81,0.91,0.31000000000000005,4,N,26143
0.81,0.91,0.31000000000000005,5,N,26144
0.81,0.91,0.41,1,N,26145
0.81,0.91,0.41,2,N,26146
0.81,0.91,0.41,3,N,26147
0.81,0.91,0.41,4,N,26148
0.81,0.91,0.41,5,N,26149
0.81,0.91,0.51,1,N,26150
0.81,0.91,0.51,2,N,26151
0.81,0.91,0.51,3,N,26152
0.81,0.91,0.51,4,N,26153
0.81,0.91,0.51,5,N,26154
0.81,0.91,0.6100000000000001,1,N,26155
0.81,0.91,0.6100000000000001,2,N,26156
0.81,0.91,0.6100000000000001,3,N,26157
0.81,0.91,0.6100000000000001,4,N,26158
0.81,0.91,0.6100000000000001,5,N,26159
0.81,0.91,0.7100000000000001,1,N,26160
0.81,0.91,0.7100000000000001,2,N,26161
0.81,0.91,0.7100000000000001,3,N,26162
0.81,0.91,0.7100000000000001,4,N,26163
0.81,0.91,0.7100000000000001,5,N,26164
0.81,0.91,0.81,1,N,26165
0.81,0.91,0.81,2,N,26166
0.81,0.91,0.81,3,N,26167
0.81,0.91,0.81,4,N,26168
0.81,0.91,0.81,5,N,26169
0.81,0.91,0.91,1,N,26170
0.81,0.91,0.91,2,N,26171
0.81,0.91,0.91,3,N,26172
0.81,0.91,0.91,4,N,26173
0.81,0.91,0.91,5,N,26174
0.81,0.91,1.01,1,N,26175
0.81,0.91,1.01,2,N,26176
0.81,0.91,1.01,3,N,26177
0.81,0.91,1.01,4,N,26178
0.81,0.91,1.01,5,N,26179
0.81,0.91,1.11,1,N,26180
0.81,0.91,1.11,2,N,26181
0.81,0.91,1.11,3,N,26182
0.81,0.91,1.11,4,N,26183
0.81,0.91,1.11,5,N,26184
0.81,0.91,1.3,1,N,26185
0.81,0.91,1.3,2,N,26186
0.81,0.91,1.3,3,N,26187
0.81,0.91,1.3,4,N,26188
0.81,0.91,1.3,5,N,26189
0.81,0.91,1.6,1,N,26190
0.81,0.91,1.6,2,N,26191
0.81,0.91,1.6,3,N,26192
0.81,0.91,1.6,4,N,26193
0.81,0.91,1.6,5,N,26194
0.81,0.91,1.9,1,N,26195
0.81,0.91,1.9,2,N,26196
0.81,0.91,1.9,3,N,26197
0.81,0.91,1.9,4,N,26198
0.81,0.91,1.9,5,N,26199
0.81,0.91,2.2,1,N,26200
0.81,0.91,2.2,2,N,26201
0.81,0.91,2.2,3,N,26202
0.81,0.91,2.2,4,N,26203
0.81,0.91,2.2,5,N,26204
0.81,0.91,2.5,1,N,26205
0.81,0.91,2.5,2,N,26206
0.81,0.91,2.5,3,N,26207
0.81,0.91,2.5,4,N,26208
0.81,0.91,2.5,5,N,26209
0.81,0.91,2.8000000000000003,1,N,26210
0.81,0.91,2.8000000000000003,2,N,26211
0.81,0.91,2.8000000000000003,3,N,26212
0.81,0.91,2.8000000000000003,4,N,26213
0.81,0.91,2.8000000000000003,5,N,26214
0.81,0.91,3.1000000000000005,1,N,26215
0.81,0.91,3.1000000000000005,2,N,26216
0.81,0.91,3.1000000000000005,3,N,26217
0.81,0.91,3.1000000000000005,4,N,26218
0.81,0.91,3.1000000000000005,5,N,26219
0.81,0.91,3.4000000000000004,1,N,26220
0.81,0.91,3.4000000000000004,2,N,26221
0.81,0.91,3.4000000000000004,3,N,26222
0.81,0.91,3.4000000000000004,4,N,26223
0.81,0.91,3.4000000000000004,5,N,26224
0.81,0.91,3.7,1,N,26225
0.81,0.91,3.7,2,N,26226
0.81,0.91,3.7,3,N,26227
0.81,0.91,3.7,4,N,26228
0.81,0.91,3.7,5,N,26229
0.81,0.91,4.0,1,N,26230
0.81,0.91,4.0,2,N,26231
0.81,0.91,4.0,3,N,26232
0.81,0.91,4.0,4,N,26233
0.81,0.91,4.0,5,N,26234
0.81,0.91,4.300000000000002,1,N,26235
0.81,0.91,4.300000000000002,2,N,26236
0.81,0.91,4.300000000000002,3,N,26237
0.81,0.91,4.300000000000002,4,N,26238
0.81,0.91,4.300000000000002,5,N,26239
0.81,0.91,4.6000000000000005,1,N,26240
0.81,0.91,4.6000000000000005,2,N,26241
0.81,0.91,4.6000000000000005,3,N,26242
0.81,0.91,4.6000000000000005,4,N,26243
0.81,0.91,4.6000000000000005,5,N,26244
0.81,0.91,4.9,1,N,26245
0.81,0.91,4.9,2,N,26246
0.81,0.91,4.9,3,N,26247
0.81,0.91,4.9,4,N,26248
0.81,0.91,4.9,5,N,26249
0.81,1.01,0.01,1,N,26250
0.81,1.01,0.01,2,N,26251
0.81,1.01,0.01,3,N,26252
0.81,1.01,0.01,4,N,26253
0.81,1.01,0.01,5,N,26254
0.81,1.01,0.11,1,N,26255
0.81,1.01,0.11,2,N,26256
0.81,1.01,0.11,3,N,26257
0.81,1.01,0.11,4,N,26258
0.81,1.01,0.11,5,N,26259
0.81,1.01,0.21,1,N,26260
0.81,1.01,0.21,2,N,26261
0.81,1.01,0.21,3,N,26262
0.81,1.01,0.21,4,N,26263
0.81,1.01,0.21,5,N,26264
0.81,1.01,0.31000000000000005,1,N,26265
0.81,1.01,0.31000000000000005,2,N,26266
0.81,1.01,0.31000000000000005,3,N,26267
0.81,1.01,0.31000000000000005,4,N,26268
0.81,1.01,0.31000000000000005,5,N,26269
0.81,1.01,0.41,1,N,26270
0.81,1.01,0.41,2,N,26271
0.81,1.01,0.41,3,N,26272
0.81,1.01,0.41,4,N,26273
0.81,1.01,0.41,5,N,26274
0.81,1.01,0.51,1,N,26275
0.81,1.01,0.51,2,N,26276
0.81,1.01,0.51,3,N,26277
0.81,1.01,0.51,4,N,26278
0.81,1.01,0.51,5,N,26279
0.81,1.01,0.6100000000000001,1,N,26280
0.81,1.01,0.6100000000000001,2,N,26281
0.81,1.01,0.6100000000000001,3,N,26282
0.81,1.01,0.6100000000000001,4,N,26283
0.81,1.01,0.6100000000000001,5,N,26284
0.81,1.01,0.7100000000000001,1,N,26285
0.81,1.01,0.7100000000000001,2,N,26286
0.81,1.01,0.7100000000000001,3,N,26287
0.81,1.01,0.7100000000000001,4,N,26288
0.81,1.01,0.7100000000000001,5,N,26289
0.81,1.01,0.81,1,N,26290
0.81,1.01,0.81,2,N,26291
0.81,1.01,0.81,3,N,26292
0.81,1.01,0.81,4,N,26293
0.81,1.01,0.81,5,N,26294
0.81,1.01,0.91,1,N,26295
0.81,1.01,0.91,2,N,26296
0.81,1.01,0.91,3,N,26297
0.81,1.01,0.91,4,N,26298
0.81,1.01,0.91,5,N,26299
0.81,1.01,1.01,1,N,26300
0.81,1.01,1.01,2,N,26301
0.81,1.01,1.01,3,N,26302
0.81,1.01,1.01,4,N,26303
0.81,1.01,1.01,5,N,26304
0.81,1.01,1.11,1,N,26305
0.81,1.01,1.11,2,N,26306
0.81,1.01,1.11,3,N,26307
0.81,1.01,1.11,4,N,26308
0.81,1.01,1.11,5,N,26309
0.81,1.01,1.3,1,N,26310
0.81,1.01,1.3,2,N,26311
0.81,1.01,1.3,3,N,26312
0.81,1.01,1.3,4,N,26313
0.81,1.01,1.3,5,N,26314
0.81,1.01,1.6,1,N,26315
0.81,1.01,1.6,2,N,26316
0.81,1.01,1.6,3,N,26317
0.81,1.01,1.6,4,N,26318
0.81,1.01,1.6,5,N,26319
0.81,1.01,1.9,1,N,26320
0.81,1.01,1.9,2,N,26321
0.81,1.01,1.9,3,N,26322
0.81,1.01,1.9,4,N,26323
0.81,1.01,1.9,5,N,26324
0.81,1.01,2.2,1,N,26325
0.81,1.01,2.2,2,N,26326
0.81,1.01,2.2,3,N,26327
0.81,1.01,2.2,4,N,26328
0.81,1.01,2.2,5,N,26329
0.81,1.01,2.5,1,N,26330
0.81,1.01,2.5,2,N,26331
0.81,1.01,2.5,3,N,26332
0.81,1.01,2.5,4,N,26333
0.81,1.01,2.5,5,N,26334
0.81,1.01,2.8000000000000003,1,N,26335
0.81,1.01,2.8000000000000003,2,N,26336
0.81,1.01,2.8000000000000003,3,N,26337
0.81,1.01,2.8000000000000003,4,N,26338
0.81,1.01,2.8000000000000003,5,N,26339
0.81,1.01,3.1000000000000005,1,N,26340
0.81,1.01,3.1000000000000005,2,N,26341
0.81,1.01,3.1000000000000005,3,N,26342
0.81,1.01,3.1000000000000005,4,N,26343
0.81,1.01,3.1000000000000005,5,N,26344
0.81,1.01,3.4000000000000004,1,N,26345
0.81,1.01,3.4000000000000004,2,N,26346
0.81,1.01,3.4000000000000004,3,N,26347
0.81,1.01,3.4000000000000004,4,N,26348
0.81,1.01,3.4000000000000004,5,N,26349
0.81,1.01,3.7,1,N,26350
0.81,1.01,3.7,2,N,26351
0.81,1.01,3.7,3,N,26352
0.81,1.01,3.7,4,N,26353
0.81,1.01,3.7,5,N,26354
0.81,1.01,4.0,1,N,26355
0.81,1.01,4.0,2,N,26356
0.81,1.01,4.0,3,N,26357
0.81,1.01,4.0,4,N,26358
0.81,1.01,4.0,5,N,26359
0.81,1.01,4.300000000000002,1,N,26360
0.81,1.01,4.300000000000002,2,N,26361
0.81,1.01,4.300000000000002,3,N,26362
0.81,1.01,4.300000000000002,4,N,26363
0.81,1.01,4.300000000000002,5,N,26364
0.81,1.01,4.6000000000000005,1,N,26365
0.81,1.01,4.6000000000000005,2,N,26366
0.81,1.01,4.6000000000000005,3,N,26367
0.81,1.01,4.6000000000000005,4,N,26368
0.81,1.01,4.6000000000000005,5,N,26369
0.81,1.01,4.9,1,N,26370
0.81,1.01,4.9,2,N,26371
0.81,1.01,4.9,3,N,26372
0.81,1.01,4.9,4,N,26373
0.81,1.01,4.9,5,N,26374
0.81,1.11,0.01,1,N,26375
0.81,1.11,0.01,2,N,26376
0.81,1.11,0.01,3,N,26377
0.81,1.11,0.01,4,N,26378
0.81,1.11,0.01,5,N,26379
0.81,1.11,0.11,1,N,26380
0.81,1.11,0.11,2,N,26381
0.81,1.11,0.11,3,N,26382
0.81,1.11,0.11,4,N,26383
0.81,1.11,0.11,5,N,26384
0.81,1.11,0.21,1,N,26385
0.81,1.11,0.21,2,N,26386
0.81,1.11,0.21,3,N,26387
0.81,1.11,0.21,4,N,26388
0.81,1.11,0.21,5,N,26389
0.81,1.11,0.31000000000000005,1,N,26390
0.81,1.11,0.31000000000000005,2,N,26391
0.81,1.11,0.31000000000000005,3,N,26392
0.81,1.11,0.31000000000000005,4,N,26393
0.81,1.11,0.31000000000000005,5,N,26394
0.81,1.11,0.41,1,N,26395
0.81,1.11,0.41,2,N,26396
0.81,1.11,0.41,3,N,26397
0.81,1.11,0.41,4,N,26398
0.81,1.11,0.41,5,N,26399
0.81,1.11,0.51,1,N,26400
0.81,1.11,0.51,2,N,26401
0.81,1.11,0.51,3,N,26402
0.81,1.11,0.51,4,N,26403
0.81,1.11,0.51,5,N,26404
0.81,1.11,0.6100000000000001,1,N,26405
0.81,1.11,0.6100000000000001,2,N,26406
0.81,1.11,0.6100000000000001,3,N,26407
0.81,1.11,0.6100000000000001,4,N,26408
0.81,1.11,0.6100000000000001,5,N,26409
0.81,1.11,0.7100000000000001,1,N,26410
0.81,1.11,0.7100000000000001,2,N,26411
0.81,1.11,0.7100000000000001,3,N,26412
0.81,1.11,0.7100000000000001,4,N,26413
0.81,1.11,0.7100000000000001,5,N,26414
0.81,1.11,0.81,1,N,26415
0.81,1.11,0.81,2,N,26416
0.81,1.11,0.81,3,N,26417
0.81,1.11,0.81,4,N,26418
0.81,1.11,0.81,5,N,26419
0.81,1.11,0.91,1,N,26420
0.81,1.11,0.91,2,N,26421
0.81,1.11,0.91,3,N,26422
0.81,1.11,0.91,4,N,26423
0.81,1.11,0.91,5,N,26424
0.81,1.11,1.01,1,N,26425
0.81,1.11,1.01,2,N,26426
0.81,1.11,1.01,3,N,26427
0.81,1.11,1.01,4,N,26428
0.81,1.11,1.01,5,N,26429
0.81,1.11,1.11,1,N,26430
0.81,1.11,1.11,2,N,26431
0.81,1.11,1.11,3,N,26432
0.81,1.11,1.11,4,N,26433
0.81,1.11,1.11,5,N,26434
0.81,1.11,1.3,1,N,26435
0.81,1.11,1.3,2,N,26436
0.81,1.11,1.3,3,N,26437
0.81,1.11,1.3,4,N,26438
0.81,1.11,1.3,5,N,26439
0.81,1.11,1.6,1,N,26440
0.81,1.11,1.6,2,N,26441
0.81,1.11,1.6,3,N,26442
0.81,1.11,1.6,4,N,26443
0.81,1.11,1.6,5,N,26444
0.81,1.11,1.9,1,N,26445
0.81,1.11,1.9,2,N,26446
0.81,1.11,1.9,3,N,26447
0.81,1.11,1.9,4,N,26448
0.81,1.11,1.9,5,N,26449
0.81,1.11,2.2,1,N,26450
0.81,1.11,2.2,2,N,26451
0.81,1.11,2.2,3,N,26452
0.81,1.11,2.2,4,N,26453
0.81,1.11,2.2,5,N,26454
0.81,1.11,2.5,1,N,26455
0.81,1.11,2.5,2,N,26456
0.81,1.11,2.5,3,N,26457
0.81,1.11,2.5,4,N,26458
0.81,1.11,2.5,5,N,26459
0.81,1.11,2.8000000000000003,1,N,26460
0.81,1.11,2.8000000000000003,2,N,26461
0.81,1.11,2.8000000000000003,3,N,26462
0.81,1.11,2.8000000000000003,4,N,26463
0.81,1.11,2.8000000000000003,5,N,26464
0.81,1.11,3.1000000000000005,1,N,26465
0.81,1.11,3.1000000000000005,2,N,26466
0.81,1.11,3.1000000000000005,3,N,26467
0.81,1.11,3.1000000000000005,4,N,26468
0.81,1.11,3.1000000000000005,5,N,26469
0.81,1.11,3.4000000000000004,1,N,26470
0.81,1.11,3.4000000000000004,2,N,26471
0.81,1.11,3.4000000000000004,3,N,26472
0.81,1.11,3.4000000000000004,4,N,26473
0.81,1.11,3.4000000000000004,5,N,26474
0.81,1.11,3.7,1,N,26475
0.81,1.11,3.7,2,N,26476
0.81,1.11,3.7,3,N,26477
0.81,1.11,3.7,4,N,26478
0.81,1.11,3.7,5,N,26479
0.81,1.11,4.0,1,N,26480
0.81,1.11,4.0,2,N,26481
0.81,1.11,4.0,3,N,26482
0.81,1.11,4.0,4,N,26483
0.81,1.11,4.0,5,N,26484
0.81,1.11,4.300000000000002,1,N,26485
0.81,1.11,4.300000000000002,2,N,26486
0.81,1.11,4.300000000000002,3,N,26487
0.81,1.11,4.300000000000002,4,N,26488
0.81,1.11,4.300000000000002,5,N,26489
0.81,1.11,4.6000000000000005,1,N,26490
0.81,1.11,4.6000000000000005,2,N,26491
0.81,1.11,4.6000000000000005,3,N,26492
0.81,1.11,4.6000000000000005,4,N,26493
0.81,1.11,4.6000000000000005,5,N,26494
0.81,1.11,4.9,1,N,26495
0.81,1.11,4.9,2,N,26496
0.81,1.11,4.9,3,N,26497
0.81,1.11,4.9,4,N,26498
0.81,1.11,4.9,5,N,26499
0.81,1.3,0.01,1,N,26500
0.81,1.3,0.01,2,N,26501
0.81,1.3,0.01,3,N,26502
0.81,1.3,0.01,4,N,26503
0.81,1.3,0.01,5,N,26504
0.81,1.3,0.11,1,N,26505
0.81,1.3,0.11,2,N,26506
0.81,1.3,0.11,3,N,26507
0.81,1.3,0.11,4,N,26508
0.81,1.3,0.11,5,N,26509
0.81,1.3,0.21,1,N,26510
0.81,1.3,0.21,2,N,26511
0.81,1.3,0.21,3,N,26512
0.81,1.3,0.21,4,N,26513
0.81,1.3,0.21,5,N,26514
0.81,1.3,0.31000000000000005,1,N,26515
0.81,1.3,0.31000000000000005,2,N,26516
0.81,1.3,0.31000000000000005,3,N,26517
0.81,1.3,0.31000000000000005,4,N,26518
0.81,1.3,0.31000000000000005,5,N,26519
0.81,1.3,0.41,1,N,26520
0.81,1.3,0.41,2,N,26521
0.81,1.3,0.41,3,N,26522
0.81,1.3,0.41,4,N,26523
0.81,1.3,0.41,5,N,26524
0.81,1.3,0.51,1,N,26525
0.81,1.3,0.51,2,N,26526
0.81,1.3,0.51,3,N,26527
0.81,1.3,0.51,4,N,26528
0.81,1.3,0.51,5,N,26529
0.81,1.3,0.6100000000000001,1,N,26530
0.81,1.3,0.6100000000000001,2,N,26531
0.81,1.3,0.6100000000000001,3,N,26532
0.81,1.3,0.6100000000000001,4,N,26533
0.81,1.3,0.6100000000000001,5,N,26534
0.81,1.3,0.7100000000000001,1,N,26535
0.81,1.3,0.7100000000000001,2,N,26536
0.81,1.3,0.7100000000000001,3,N,26537
0.81,1.3,0.7100000000000001,4,N,26538
0.81,1.3,0.7100000000000001,5,N,26539
0.81,1.3,0.81,1,N,26540
0.81,1.3,0.81,2,N,26541
0.81,1.3,0.81,3,N,26542
0.81,1.3,0.81,4,N,26543
0.81,1.3,0.81,5,N,26544
0.81,1.3,0.91,1,N,26545
0.81,1.3,0.91,2,N,26546
0.81,1.3,0.91,3,N,26547
0.81,1.3,0.91,4,N,26548
0.81,1.3,0.91,5,N,26549
0.81,1.3,1.01,1,N,26550
0.81,1.3,1.01,2,N,26551
0.81,1.3,1.01,3,N,26552
0.81,1.3,1.01,4,N,26553
0.81,1.3,1.01,5,N,26554
0.81,1.3,1.11,1,N,26555
0.81,1.3,1.11,2,N,26556
0.81,1.3,1.11,3,N,26557
0.81,1.3,1.11,4,N,26558
0.81,1.3,1.11,5,N,26559
0.81,1.3,1.3,1,N,26560
0.81,1.3,1.3,2,N,26561
0.81,1.3,1.3,3,N,26562
0.81,1.3,1.3,4,N,26563
0.81,1.3,1.3,5,N,26564
0.81,1.3,1.6,1,N,26565
0.81,1.3,1.6,2,N,26566
0.81,1.3,1.6,3,N,26567
0.81,1.3,1.6,4,N,26568
0.81,1.3,1.6,5,N,26569
0.81,1.3,1.9,1,N,26570
0.81,1.3,1.9,2,N,26571
0.81,1.3,1.9,3,N,26572
0.81,1.3,1.9,4,N,26573
0.81,1.3,1.9,5,N,26574
0.81,1.3,2.2,1,N,26575
0.81,1.3,2.2,2,N,26576
0.81,1.3,2.2,3,N,26577
0.81,1.3,2.2,4,N,26578
0.81,1.3,2.2,5,N,26579
0.81,1.3,2.5,1,N,26580
0.81,1.3,2.5,2,N,26581
0.81,1.3,2.5,3,N,26582
0.81,1.3,2.5,4,N,26583
0.81,1.3,2.5,5,N,26584
0.81,1.3,2.8000000000000003,1,N,26585
0.81,1.3,2.8000000000000003,2,N,26586
0.81,1.3,2.8000000000000003,3,N,26587
0.81,1.3,2.8000000000000003,4,N,26588
0.81,1.3,2.8000000000000003,5,N,26589
0.81,1.3,3.1000000000000005,1,N,26590
0.81,1.3,3.1000000000000005,2,N,26591
0.81,1.3,3.1000000000000005,3,N,26592
0.81,1.3,3.1000000000000005,4,N,26593
0.81,1.3,3.1000000000000005,5,N,26594
0.81,1.3,3.4000000000000004,1,N,26595
0.81,1.3,3.4000000000000004,2,N,26596
0.81,1.3,3.4000000000000004,3,N,26597
0.81,1.3,3.4000000000000004,4,N,26598
0.81,1.3,3.4000000000000004,5,N,26599
0.81,1.3,3.7,1,N,26600
0.81,1.3,3.7,2,N,26601
0.81,1.3,3.7,3,N,26602
0.81,1.3,3.7,4,N,26603
0.81,1.3,3.7,5,N,26604
0.81,1.3,4.0,1,N,26605
0.81,1.3,4.0,2,N,26606
0.81,1.3,4.0,3,N,26607
0.81,1.3,4.0,4,N,26608
0.81,1.3,4.0,5,N,26609
0.81,1.3,4.300000000000002,1,N,26610
0.81,1.3,4.300000000000002,2,N,26611
0.81,1.3,4.300000000000002,3,N,26612
0.81,1.3,4.300000000000002,4,N,26613
0.81,1.3,4.300000000000002,5,N,26614
0.81,1.3,4.6000000000000005,1,N,26615
0.81,1.3,4.6000000000000005,2,N,26616
0.81,1.3,4.6000000000000005,3,N,26617
0.81,1.3,4.6000000000000005,4,N,26618
0.81,1.3,4.6000000000000005,5,N,26619
0.81,1.3,4.9,1,N,26620
0.81,1.3,4.9,2,N,26621
0.81,1.3,4.9,3,N,26622
0.81,1.3,4.9,4,N,26623
0.81,1.3,4.9,5,N,26624
0.81,1.6,0.01,1,N,26625
0.81,1.6,0.01,2,N,26626
0.81,1.6,0.01,3,N,26627
0.81,1.6,0.01,4,N,26628
0.81,1.6,0.01,5,N,26629
0.81,1.6,0.11,1,N,26630
0.81,1.6,0.11,2,N,26631
0.81,1.6,0.11,3,N,26632
0.81,1.6,0.11,4,N,26633
0.81,1.6,0.11,5,N,26634
0.81,1.6,0.21,1,N,26635
0.81,1.6,0.21,2,N,26636
0.81,1.6,0.21,3,N,26637
0.81,1.6,0.21,4,N,26638
0.81,1.6,0.21,5,N,26639
0.81,1.6,0.31000000000000005,1,N,26640
0.81,1.6,0.31000000000000005,2,N,26641
0.81,1.6,0.31000000000000005,3,N,26642
0.81,1.6,0.31000000000000005,4,N,26643
0.81,1.6,0.31000000000000005,5,N,26644
0.81,1.6,0.41,1,N,26645
0.81,1.6,0.41,2,N,26646
0.81,1.6,0.41,3,N,26647
0.81,1.6,0.41,4,N,26648
0.81,1.6,0.41,5,N,26649
0.81,1.6,0.51,1,N,26650
0.81,1.6,0.51,2,N,26651
0.81,1.6,0.51,3,N,26652
0.81,1.6,0.51,4,N,26653
0.81,1.6,0.51,5,N,26654
0.81,1.6,0.6100000000000001,1,N,26655
0.81,1.6,0.6100000000000001,2,N,26656
0.81,1.6,0.6100000000000001,3,N,26657
0.81,1.6,0.6100000000000001,4,N,26658
0.81,1.6,0.6100000000000001,5,N,26659
0.81,1.6,0.7100000000000001,1,N,26660
0.81,1.6,0.7100000000000001,2,N,26661
0.81,1.6,0.7100000000000001,3,N,26662
0.81,1.6,0.7100000000000001,4,N,26663
0.81,1.6,0.7100000000000001,5,N,26664
0.81,1.6,0.81,1,N,26665
0.81,1.6,0.81,2,N,26666
0.81,1.6,0.81,3,N,26667
0.81,1.6,0.81,4,N,26668
0.81,1.6,0.81,5,N,26669
0.81,1.6,0.91,1,N,26670
0.81,1.6,0.91,2,N,26671
0.81,1.6,0.91,3,N,26672
0.81,1.6,0.91,4,N,26673
0.81,1.6,0.91,5,N,26674
0.81,1.6,1.01,1,N,26675
0.81,1.6,1.01,2,N,26676
0.81,1.6,1.01,3,N,26677
0.81,1.6,1.01,4,N,26678
0.81,1.6,1.01,5,N,26679
0.81,1.6,1.11,1,N,26680
0.81,1.6,1.11,2,N,26681
0.81,1.6,1.11,3,N,26682
0.81,1.6,1.11,4,N,26683
0.81,1.6,1.11,5,N,26684
0.81,1.6,1.3,1,N,26685
0.81,1.6,1.3,2,N,26686
0.81,1.6,1.3,3,N,26687
0.81,1.6,1.3,4,N,26688
0.81,1.6,1.3,5,N,26689
0.81,1.6,1.6,1,N,26690
0.81,1.6,1.6,2,N,26691
0.81,1.6,1.6,3,N,26692
0.81,1.6,1.6,4,N,26693
0.81,1.6,1.6,5,N,26694
0.81,1.6,1.9,1,N,26695
0.81,1.6,1.9,2,N,26696
0.81,1.6,1.9,3,N,26697
0.81,1.6,1.9,4,N,26698
0.81,1.6,1.9,5,N,26699
0.81,1.6,2.2,1,N,26700
0.81,1.6,2.2,2,N,26701
0.81,1.6,2.2,3,N,26702
0.81,1.6,2.2,4,N,26703
0.81,1.6,2.2,5,N,26704
0.81,1.6,2.5,1,N,26705
0.81,1.6,2.5,2,N,26706
0.81,1.6,2.5,3,N,26707
0.81,1.6,2.5,4,N,26708
0.81,1.6,2.5,5,N,26709
0.81,1.6,2.8000000000000003,1,N,26710
0.81,1.6,2.8000000000000003,2,N,26711
0.81,1.6,2.8000000000000003,3,N,26712
0.81,1.6,2.8000000000000003,4,N,26713
0.81,1.6,2.8000000000000003,5,N,26714
0.81,1.6,3.1000000000000005,1,N,26715
0.81,1.6,3.1000000000000005,2,N,26716
0.81,1.6,3.1000000000000005,3,N,26717
0.81,1.6,3.1000000000000005,4,N,26718
0.81,1.6,3.1000000000000005,5,N,26719
0.81,1.6,3.4000000000000004,1,N,26720
0.81,1.6,3.4000000000000004,2,N,26721
0.81,1.6,3.4000000000000004,3,N,26722
0.81,1.6,3.4000000000000004,4,N,26723
0.81,1.6,3.4000000000000004,5,N,26724
0.81,1.6,3.7,1,N,26725
0.81,1.6,3.7,2,N,26726
0.81,1.6,3.7,3,N,26727
0.81,1.6,3.7,4,N,26728
0.81,1.6,3.7,5,N,26729
0.81,1.6,4.0,1,N,26730
0.81,1.6,4.0,2,N,26731
0.81,1.6,4.0,3,N,26732
0.81,1.6,4.0,4,N,26733
0.81,1.6,4.0,5,N,26734
0.81,1.6,4.300000000000002,1,N,26735
0.81,1.6,4.300000000000002,2,N,26736
0.81,1.6,4.300000000000002,3,N,26737
0.81,1.6,4.300000000000002,4,N,26738
0.81,1.6,4.300000000000002,5,N,26739
0.81,1.6,4.6000000000000005,1,N,26740
0.81,1.6,4.6000000000000005,2,N,26741
0.81,1.6,4.6000000000000005,3,N,26742
0.81,1.6,4.6000000000000005,4,N,26743
0.81,1.6,4.6000000000000005,5,N,26744
0.81,1.6,4.9,1,N,26745
0.81,1.6,4.9,2,N,26746
0.81,1.6,4.9,3,N,26747
0.81,1.6,4.9,4,N,26748
0.81,1.6,4.9,5,N,26749
0.81,1.9,0.01,1,N,26750
0.81,1.9,0.01,2,N,26751
0.81,1.9,0.01,3,N,26752
0.81,1.9,0.01,4,N,26753
0.81,1.9,0.01,5,N,26754
0.81,1.9,0.11,1,N,26755
0.81,1.9,0.11,2,N,26756
0.81,1.9,0.11,3,N,26757
0.81,1.9,0.11,4,N,26758
0.81,1.9,0.11,5,N,26759
0.81,1.9,0.21,1,N,26760
0.81,1.9,0.21,2,N,26761
0.81,1.9,0.21,3,N,26762
0.81,1.9,0.21,4,N,26763
0.81,1.9,0.21,5,N,26764
0.81,1.9,0.31000000000000005,1,N,26765
0.81,1.9,0.31000000000000005,2,N,26766
0.81,1.9,0.31000000000000005,3,N,26767
0.81,1.9,0.31000000000000005,4,N,26768
0.81,1.9,0.31000000000000005,5,N,26769
0.81,1.9,0.41,1,N,26770
0.81,1.9,0.41,2,N,26771
0.81,1.9,0.41,3,N,26772
0.81,1.9,0.41,4,N,26773
0.81,1.9,0.41,5,N,26774
0.81,1.9,0.51,1,N,26775
0.81,1.9,0.51,2,N,26776
0.81,1.9,0.51,3,N,26777
0.81,1.9,0.51,4,N,26778
0.81,1.9,0.51,5,N,26779
0.81,1.9,0.6100000000000001,1,N,26780
0.81,1.9,0.6100000000000001,2,N,26781
0.81,1.9,0.6100000000000001,3,N,26782
0.81,1.9,0.6100000000000001,4,N,26783
0.81,1.9,0.6100000000000001,5,N,26784
0.81,1.9,0.7100000000000001,1,N,26785
0.81,1.9,0.7100000000000001,2,N,26786
0.81,1.9,0.7100000000000001,3,N,26787
0.81,1.9,0.7100000000000001,4,N,26788
0.81,1.9,0.7100000000000001,5,N,26789
0.81,1.9,0.81,1,N,26790
0.81,1.9,0.81,2,N,26791
0.81,1.9,0.81,3,N,26792
0.81,1.9,0.81,4,N,26793
0.81,1.9,0.81,5,N,26794
0.81,1.9,0.91,1,N,26795
0.81,1.9,0.91,2,N,26796
0.81,1.9,0.91,3,N,26797
0.81,1.9,0.91,4,N,26798
0.81,1.9,0.91,5,N,26799
0.81,1.9,1.01,1,N,26800
0.81,1.9,1.01,2,N,26801
0.81,1.9,1.01,3,N,26802
0.81,1.9,1.01,4,N,26803
0.81,1.9,1.01,5,N,26804
0.81,1.9,1.11,1,N,26805
0.81,1.9,1.11,2,N,26806
0.81,1.9,1.11,3,N,26807
0.81,1.9,1.11,4,N,26808
0.81,1.9,1.11,5,N,26809
0.81,1.9,1.3,1,N,26810
0.81,1.9,1.3,2,N,26811
0.81,1.9,1.3,3,N,26812
0.81,1.9,1.3,4,N,26813
0.81,1.9,1.3,5,N,26814
0.81,1.9,1.6,1,N,26815
0.81,1.9,1.6,2,N,26816
0.81,1.9,1.6,3,N,26817
0.81,1.9,1.6,4,N,26818
0.81,1.9,1.6,5,N,26819
0.81,1.9,1.9,1,N,26820
0.81,1.9,1.9,2,N,26821
0.81,1.9,1.9,3,N,26822
0.81,1.9,1.9,4,N,26823
0.81,1.9,1.9,5,N,26824
0.81,1.9,2.2,1,N,26825
0.81,1.9,2.2,2,N,26826
0.81,1.9,2.2,3,N,26827
0.81,1.9,2.2,4,N,26828
0.81,1.9,2.2,5,N,26829
0.81,1.9,2.5,1,N,26830
0.81,1.9,2.5,2,N,26831
0.81,1.9,2.5,3,N,26832
0.81,1.9,2.5,4,N,26833
0.81,1.9,2.5,5,N,26834
0.81,1.9,2.8000000000000003,1,N,26835
0.81,1.9,2.8000000000000003,2,N,26836
0.81,1.9,2.8000000000000003,3,N,26837
0.81,1.9,2.8000000000000003,4,N,26838
0.81,1.9,2.8000000000000003,5,N,26839
0.81,1.9,3.1000000000000005,1,N,26840
0.81,1.9,3.1000000000000005,2,N,26841
0.81,1.9,3.1000000000000005,3,N,26842
0.81,1.9,3.1000000000000005,4,N,26843
0.81,1.9,3.1000000000000005,5,N,26844
0.81,1.9,3.4000000000000004,1,N,26845
0.81,1.9,3.4000000000000004,2,N,26846
0.81,1.9,3.4000000000000004,3,N,26847
0.81,1.9,3.4000000000000004,4,N,26848
0.81,1.9,3.4000000000000004,5,N,26849
0.81,1.9,3.7,1,N,26850
0.81,1.9,3.7,2,N,26851
0.81,1.9,3.7,3,N,26852
0.81,1.9,3.7,4,N,26853
0.81,1.9,3.7,5,N,26854
0.81,1.9,4.0,1,N,26855
0.81,1.9,4.0,2,N,26856
0.81,1.9,4.0,3,N,26857
0.81,1.9,4.0,4,N,26858
0.81,1.9,4.0,5,N,26859
0.81,1.9,4.300000000000002,1,N,26860
0.81,1.9,4.300000000000002,2,N,26861
0.81,1.9,4.300000000000002,3,N,26862
0.81,1.9,4.300000000000002,4,N,26863
0.81,1.9,4.300000000000002,5,N,26864
0.81,1.9,4.6000000000000005,1,N,26865
0.81,1.9,4.6000000000000005,2,N,26866
0.81,1.9,4.6000000000000005,3,N,26867
0.81,1.9,4.6000000000000005,4,N,26868
0.81,1.9,4.6000000000000005,5,N,26869
0.81,1.9,4.9,1,N,26870
0.81,1.9,4.9,2,N,26871
0.81,1.9,4.9,3,N,26872
0.81,1.9,4.9,4,N,26873
0.81,1.9,4.9,5,N,26874
0.81,2.2,0.01,1,N,26875
0.81,2.2,0.01,2,N,26876
0.81,2.2,0.01,3,N,26877
0.81,2.2,0.01,4,N,26878
0.81,2.2,0.01,5,N,26879
0.81,2.2,0.11,1,N,26880
0.81,2.2,0.11,2,N,26881
0.81,2.2,0.11,3,N,26882
0.81,2.2,0.11,4,N,26883
0.81,2.2,0.11,5,N,26884
0.81,2.2,0.21,1,N,26885
0.81,2.2,0.21,2,N,26886
0.81,2.2,0.21,3,N,26887
0.81,2.2,0.21,4,N,26888
0.81,2.2,0.21,5,N,26889
0.81,2.2,0.31000000000000005,1,N,26890
0.81,2.2,0.31000000000000005,2,N,26891
0.81,2.2,0.31000000000000005,3,N,26892
0.81,2.2,0.31000000000000005,4,N,26893
0.81,2.2,0.31000000000000005,5,N,26894
0.81,2.2,0.41,1,N,26895
0.81,2.2,0.41,2,N,26896
0.81,2.2,0.41,3,N,26897
0.81,2.2,0.41,4,N,26898
0.81,2.2,0.41,5,N,26899
0.81,2.2,0.51,1,N,26900
0.81,2.2,0.51,2,N,26901
0.81,2.2,0.51,3,N,26902
0.81,2.2,0.51,4,N,26903
0.81,2.2,0.51,5,N,26904
0.81,2.2,0.6100000000000001,1,N,26905
0.81,2.2,0.6100000000000001,2,N,26906
0.81,2.2,0.6100000000000001,3,N,26907
0.81,2.2,0.6100000000000001,4,N,26908
0.81,2.2,0.6100000000000001,5,N,26909
0.81,2.2,0.7100000000000001,1,N,26910
0.81,2.2,0.7100000000000001,2,N,26911
0.81,2.2,0.7100000000000001,3,N,26912
0.81,2.2,0.7100000000000001,4,N,26913
0.81,2.2,0.7100000000000001,5,N,26914
0.81,2.2,0.81,1,N,26915
0.81,2.2,0.81,2,N,26916
0.81,2.2,0.81,3,N,26917
0.81,2.2,0.81,4,N,26918
0.81,2.2,0.81,5,N,26919
0.81,2.2,0.91,1,N,26920
0.81,2.2,0.91,2,N,26921
0.81,2.2,0.91,3,N,26922
0.81,2.2,0.91,4,N,26923
0.81,2.2,0.91,5,N,26924
0.81,2.2,1.01,1,N,26925
0.81,2.2,1.01,2,N,26926
0.81,2.2,1.01,3,N,26927
0.81,2.2,1.01,4,N,26928
0.81,2.2,1.01,5,N,26929
0.81,2.2,1.11,1,N,26930
0.81,2.2,1.11,2,N,26931
0.81,2.2,1.11,3,N,26932
0.81,2.2,1.11,4,N,26933
0.81,2.2,1.11,5,N,26934
0.81,2.2,1.3,1,N,26935
0.81,2.2,1.3,2,N,26936
0.81,2.2,1.3,3,N,26937
0.81,2.2,1.3,4,N,26938
0.81,2.2,1.3,5,N,26939
0.81,2.2,1.6,1,N,26940
0.81,2.2,1.6,2,N,26941
0.81,2.2,1.6,3,N,26942
0.81,2.2,1.6,4,N,26943
0.81,2.2,1.6,5,N,26944
0.81,2.2,1.9,1,N,26945
0.81,2.2,1.9,2,N,26946
0.81,2.2,1.9,3,N,26947
0.81,2.2,1.9,4,N,26948
0.81,2.2,1.9,5,N,26949
0.81,2.2,2.2,1,N,26950
0.81,2.2,2.2,2,N,26951
0.81,2.2,2.2,3,N,26952
0.81,2.2,2.2,4,N,26953
0.81,2.2,2.2,5,N,26954
0.81,2.2,2.5,1,N,26955
0.81,2.2,2.5,2,N,26956
0.81,2.2,2.5,3,N,26957
0.81,2.2,2.5,4,N,26958
0.81,2.2,2.5,5,N,26959
0.81,2.2,2.8000000000000003,1,N,26960
0.81,2.2,2.8000000000000003,2,N,26961
0.81,2.2,2.8000000000000003,3,N,26962
0.81,2.2,2.8000000000000003,4,N,26963
0.81,2.2,2.8000000000000003,5,N,26964
0.81,2.2,3.1000000000000005,1,N,26965
0.81,2.2,3.1000000000000005,2,N,26966
0.81,2.2,3.1000000000000005,3,N,26967
0.81,2.2,3.1000000000000005,4,N,26968
0.81,2.2,3.1000000000000005,5,N,26969
0.81,2.2,3.4000000000000004,1,N,26970
0.81,2.2,3.4000000000000004,2,N,26971
0.81,2.2,3.4000000000000004,3,N,26972
0.81,2.2,3.4000000000000004,4,N,26973
0.81,2.2,3.4000000000000004,5,N,26974
0.81,2.2,3.7,1,N,26975
0.81,2.2,3.7,2,N,26976
0.81,2.2,3.7,3,N,26977
0.81,2.2,3.7,4,N,26978
0.81,2.2,3.7,5,N,26979
0.81,2.2,4.0,1,N,26980
0.81,2.2,4.0,2,N,26981
0.81,2.2,4.0,3,N,26982
0.81,2.2,4.0,4,N,26983
0.81,2.2,4.0,5,N,26984
0.81,2.2,4.300000000000002,1,N,26985
0.81,2.2,4.300000000000002,2,N,26986
0.81,2.2,4.300000000000002,3,N,26987
0.81,2.2,4.300000000000002,4,N,26988
0.81,2.2,4.300000000000002,5,N,26989
0.81,2.2,4.6000000000000005,1,N,26990
0.81,2.2,4.6000000000000005,2,N,26991
0.81,2.2,4.6000000000000005,3,N,26992
0.81,2.2,4.6000000000000005,4,N,26993
0.81,2.2,4.6000000000000005,5,N,26994
0.81,2.2,4.9,1,N,26995
0.81,2.2,4.9,2,N,26996
0.81,2.2,4.9,3,N,26997
0.81,2.2,4.9,4,N,26998
0.81,2.2,4.9,5,N,26999
0.81,2.5,0.01,1,N,27000
0.81,2.5,0.01,2,N,27001
0.81,2.5,0.01,3,N,27002
0.81,2.5,0.01,4,N,27003
0.81,2.5,0.01,5,N,27004
0.81,2.5,0.11,1,N,27005
0.81,2.5,0.11,2,N,27006
0.81,2.5,0.11,3,N,27007
0.81,2.5,0.11,4,N,27008
0.81,2.5,0.11,5,N,27009
0.81,2.5,0.21,1,N,27010
0.81,2.5,0.21,2,N,27011
0.81,2.5,0.21,3,N,27012
0.81,2.5,0.21,4,N,27013
0.81,2.5,0.21,5,N,27014
0.81,2.5,0.31000000000000005,1,N,27015
0.81,2.5,0.31000000000000005,2,N,27016
0.81,2.5,0.31000000000000005,3,N,27017
0.81,2.5,0.31000000000000005,4,N,27018
0.81,2.5,0.31000000000000005,5,N,27019
0.81,2.5,0.41,1,N,27020
0.81,2.5,0.41,2,N,27021
0.81,2.5,0.41,3,N,27022
0.81,2.5,0.41,4,N,27023
0.81,2.5,0.41,5,N,27024
0.81,2.5,0.51,1,N,27025
0.81,2.5,0.51,2,N,27026
0.81,2.5,0.51,3,N,27027
0.81,2.5,0.51,4,N,27028
0.81,2.5,0.51,5,N,27029
0.81,2.5,0.6100000000000001,1,N,27030
0.81,2.5,0.6100000000000001,2,N,27031
0.81,2.5,0.6100000000000001,3,N,27032
0.81,2.5,0.6100000000000001,4,N,27033
0.81,2.5,0.6100000000000001,5,N,27034
0.81,2.5,0.7100000000000001,1,N,27035
0.81,2.5,0.7100000000000001,2,N,27036
0.81,2.5,0.7100000000000001,3,N,27037
0.81,2.5,0.7100000000000001,4,N,27038
0.81,2.5,0.7100000000000001,5,N,27039
0.81,2.5,0.81,1,N,27040
0.81,2.5,0.81,2,N,27041
0.81,2.5,0.81,3,N,27042
0.81,2.5,0.81,4,N,27043
0.81,2.5,0.81,5,N,27044
0.81,2.5,0.91,1,N,27045
0.81,2.5,0.91,2,N,27046
0.81,2.5,0.91,3,N,27047
0.81,2.5,0.91,4,N,27048
0.81,2.5,0.91,5,N,27049
0.81,2.5,1.01,1,N,27050
0.81,2.5,1.01,2,N,27051
0.81,2.5,1.01,3,N,27052
0.81,2.5,1.01,4,N,27053
0.81,2.5,1.01,5,N,27054
0.81,2.5,1.11,1,N,27055
0.81,2.5,1.11,2,N,27056
0.81,2.5,1.11,3,N,27057
0.81,2.5,1.11,4,N,27058
0.81,2.5,1.11,5,N,27059
0.81,2.5,1.3,1,N,27060
0.81,2.5,1.3,2,N,27061
0.81,2.5,1.3,3,N,27062
0.81,2.5,1.3,4,N,27063
0.81,2.5,1.3,5,N,27064
0.81,2.5,1.6,1,N,27065
0.81,2.5,1.6,2,N,27066
0.81,2.5,1.6,3,N,27067
0.81,2.5,1.6,4,N,27068
0.81,2.5,1.6,5,N,27069
0.81,2.5,1.9,1,N,27070
0.81,2.5,1.9,2,N,27071
0.81,2.5,1.9,3,N,27072
0.81,2.5,1.9,4,N,27073
0.81,2.5,1.9,5,N,27074
0.81,2.5,2.2,1,N,27075
0.81,2.5,2.2,2,N,27076
0.81,2.5,2.2,3,N,27077
0.81,2.5,2.2,4,N,27078
0.81,2.5,2.2,5,N,27079
0.81,2.5,2.5,1,N,27080
0.81,2.5,2.5,2,N,27081
0.81,2.5,2.5,3,N,27082
0.81,2.5,2.5,4,N,27083
0.81,2.5,2.5,5,N,27084
0.81,2.5,2.8000000000000003,1,N,27085
0.81,2.5,2.8000000000000003,2,N,27086
0.81,2.5,2.8000000000000003,3,N,27087
0.81,2.5,2.8000000000000003,4,N,27088
0.81,2.5,2.8000000000000003,5,N,27089
0.81,2.5,3.1000000000000005,1,N,27090
0.81,2.5,3.1000000000000005,2,N,27091
0.81,2.5,3.1000000000000005,3,N,27092
0.81,2.5,3.1000000000000005,4,N,27093
0.81,2.5,3.1000000000000005,5,N,27094
0.81,2.5,3.4000000000000004,1,N,27095
0.81,2.5,3.4000000000000004,2,N,27096
0.81,2.5,3.4000000000000004,3,N,27097
0.81,2.5,3.4000000000000004,4,N,27098
0.81,2.5,3.4000000000000004,5,N,27099
0.81,2.5,3.7,1,N,27100
0.81,2.5,3.7,2,N,27101
0.81,2.5,3.7,3,N,27102
0.81,2.5,3.7,4,N,27103
0.81,2.5,3.7,5,N,27104
0.81,2.5,4.0,1,N,27105
0.81,2.5,4.0,2,N,27106
0.81,2.5,4.0,3,N,27107
0.81,2.5,4.0,4,N,27108
0.81,2.5,4.0,5,N,27109
0.81,2.5,4.300000000000002,1,N,27110
0.81,2.5,4.300000000000002,2,N,27111
0.81,2.5,4.300000000000002,3,N,27112
0.81,2.5,4.300000000000002,4,N,27113
0.81,2.5,4.300000000000002,5,N,27114
0.81,2.5,4.6000000000000005,1,N,27115
0.81,2.5,4.6000000000000005,2,N,27116
0.81,2.5,4.6000000000000005,3,N,27117
0.81,2.5,4.6000000000000005,4,N,27118
0.81,2.5,4.6000000000000005,5,N,27119
0.81,2.5,4.9,1,N,27120
0.81,2.5,4.9,2,N,27121
0.81,2.5,4.9,3,N,27122
0.81,2.5,4.9,4,N,27123
0.81,2.5,4.9,5,N,27124
0.81,2.8000000000000003,0.01,1,N,27125
0.81,2.8000000000000003,0.01,2,N,27126
0.81,2.8000000000000003,0.01,3,N,27127
0.81,2.8000000000000003,0.01,4,N,27128
0.81,2.8000000000000003,0.01,5,N,27129
0.81,2.8000000000000003,0.11,1,N,27130
0.81,2.8000000000000003,0.11,2,N,27131
0.81,2.8000000000000003,0.11,3,N,27132
0.81,2.8000000000000003,0.11,4,N,27133
0.81,2.8000000000000003,0.11,5,N,27134
0.81,2.8000000000000003,0.21,1,N,27135
0.81,2.8000000000000003,0.21,2,N,27136
0.81,2.8000000000000003,0.21,3,N,27137
0.81,2.8000000000000003,0.21,4,N,27138
0.81,2.8000000000000003,0.21,5,N,27139
0.81,2.8000000000000003,0.31000000000000005,1,N,27140
0.81,2.8000000000000003,0.31000000000000005,2,N,27141
0.81,2.8000000000000003,0.31000000000000005,3,N,27142
0.81,2.8000000000000003,0.31000000000000005,4,N,27143
0.81,2.8000000000000003,0.31000000000000005,5,N,27144
0.81,2.8000000000000003,0.41,1,N,27145
0.81,2.8000000000000003,0.41,2,N,27146
0.81,2.8000000000000003,0.41,3,N,27147
0.81,2.8000000000000003,0.41,4,N,27148
0.81,2.8000000000000003,0.41,5,N,27149
0.81,2.8000000000000003,0.51,1,N,27150
0.81,2.8000000000000003,0.51,2,N,27151
0.81,2.8000000000000003,0.51,3,N,27152
0.81,2.8000000000000003,0.51,4,N,27153
0.81,2.8000000000000003,0.51,5,N,27154
0.81,2.8000000000000003,0.6100000000000001,1,N,27155
0.81,2.8000000000000003,0.6100000000000001,2,N,27156
0.81,2.8000000000000003,0.6100000000000001,3,N,27157
0.81,2.8000000000000003,0.6100000000000001,4,N,27158
0.81,2.8000000000000003,0.6100000000000001,5,N,27159
0.81,2.8000000000000003,0.7100000000000001,1,N,27160
0.81,2.8000000000000003,0.7100000000000001,2,N,27161
0.81,2.8000000000000003,0.7100000000000001,3,N,27162
0.81,2.8000000000000003,0.7100000000000001,4,N,27163
0.81,2.8000000000000003,0.7100000000000001,5,N,27164
0.81,2.8000000000000003,0.81,1,N,27165
0.81,2.8000000000000003,0.81,2,N,27166
0.81,2.8000000000000003,0.81,3,N,27167
0.81,2.8000000000000003,0.81,4,N,27168
0.81,2.8000000000000003,0.81,5,N,27169
0.81,2.8000000000000003,0.91,1,N,27170
0.81,2.8000000000000003,0.91,2,N,27171
0.81,2.8000000000000003,0.91,3,N,27172
0.81,2.8000000000000003,0.91,4,N,27173
0.81,2.8000000000000003,0.91,5,N,27174
0.81,2.8000000000000003,1.01,1,N,27175
0.81,2.8000000000000003,1.01,2,N,27176
0.81,2.8000000000000003,1.01,3,N,27177
0.81,2.8000000000000003,1.01,4,N,27178
0.81,2.8000000000000003,1.01,5,N,27179
0.81,2.8000000000000003,1.11,1,N,27180
0.81,2.8000000000000003,1.11,2,N,27181
0.81,2.8000000000000003,1.11,3,N,27182
0.81,2.8000000000000003,1.11,4,N,27183
0.81,2.8000000000000003,1.11,5,N,27184
0.81,2.8000000000000003,1.3,1,N,27185
0.81,2.8000000000000003,1.3,2,N,27186
0.81,2.8000000000000003,1.3,3,N,27187
0.81,2.8000000000000003,1.3,4,N,27188
0.81,2.8000000000000003,1.3,5,N,27189
0.81,2.8000000000000003,1.6,1,N,27190
0.81,2.8000000000000003,1.6,2,N,27191
0.81,2.8000000000000003,1.6,3,N,27192
0.81,2.8000000000000003,1.6,4,N,27193
0.81,2.8000000000000003,1.6,5,N,27194
0.81,2.8000000000000003,1.9,1,N,27195
0.81,2.8000000000000003,1.9,2,N,27196
0.81,2.8000000000000003,1.9,3,N,27197
0.81,2.8000000000000003,1.9,4,N,27198
0.81,2.8000000000000003,1.9,5,N,27199
0.81,2.8000000000000003,2.2,1,N,27200
0.81,2.8000000000000003,2.2,2,N,27201
0.81,2.8000000000000003,2.2,3,N,27202
0.81,2.8000000000000003,2.2,4,N,27203
0.81,2.8000000000000003,2.2,5,N,27204
0.81,2.8000000000000003,2.5,1,N,27205
0.81,2.8000000000000003,2.5,2,N,27206
0.81,2.8000000000000003,2.5,3,N,27207
0.81,2.8000000000000003,2.5,4,N,27208
0.81,2.8000000000000003,2.5,5,N,27209
0.81,2.8000000000000003,2.8000000000000003,1,N,27210
0.81,2.8000000000000003,2.8000000000000003,2,N,27211
0.81,2.8000000000000003,2.8000000000000003,3,N,27212
0.81,2.8000000000000003,2.8000000000000003,4,N,27213
0.81,2.8000000000000003,2.8000000000000003,5,N,27214
0.81,2.8000000000000003,3.1000000000000005,1,N,27215
0.81,2.8000000000000003,3.1000000000000005,2,N,27216
0.81,2.8000000000000003,3.1000000000000005,3,N,27217
0.81,2.8000000000000003,3.1000000000000005,4,N,27218
0.81,2.8000000000000003,3.1000000000000005,5,N,27219
0.81,2.8000000000000003,3.4000000000000004,1,N,27220
0.81,2.8000000000000003,3.4000000000000004,2,N,27221
0.81,2.8000000000000003,3.4000000000000004,3,N,27222
0.81,2.8000000000000003,3.4000000000000004,4,N,27223
0.81,2.8000000000000003,3.4000000000000004,5,N,27224
0.81,2.8000000000000003,3.7,1,N,27225
0.81,2.8000000000000003,3.7,2,N,27226
0.81,2.8000000000000003,3.7,3,N,27227
0.81,2.8000000000000003,3.7,4,N,27228
0.81,2.8000000000000003,3.7,5,N,27229
0.81,2.8000000000000003,4.0,1,N,27230
0.81,2.8000000000000003,4.0,2,N,27231
0.81,2.8000000000000003,4.0,3,N,27232
0.81,2.8000000000000003,4.0,4,N,27233
0.81,2.8000000000000003,4.0,5,N,27234
0.81,2.8000000000000003,4.300000000000002,1,N,27235
0.81,2.8000000000000003,4.300000000000002,2,N,27236
0.81,2.8000000000000003,4.300000000000002,3,N,27237
0.81,2.8000000000000003,4.300000000000002,4,N,27238
0.81,2.8000000000000003,4.300000000000002,5,N,27239
0.81,2.8000000000000003,4.6000000000000005,1,N,27240
0.81,2.8000000000000003,4.6000000000000005,2,N,27241
0.81,2.8000000000000003,4.6000000000000005,3,N,27242
0.81,2.8000000000000003,4.6000000000000005,4,N,27243
0.81,2.8000000000000003,4.6000000000000005,5,N,27244
0.81,2.8000000000000003,4.9,1,N,27245
0.81,2.8000000000000003,4.9,2,N,27246
0.81,2.8000000000000003,4.9,3,N,27247
0.81,2.8000000000000003,4.9,4,N,27248
0.81,2.8000000000000003,4.9,5,N,27249
0.81,3.1000000000000005,0.01,1,N,27250
0.81,3.1000000000000005,0.01,2,N,27251
0.81,3.1000000000000005,0.01,3,N,27252
0.81,3.1000000000000005,0.01,4,N,27253
0.81,3.1000000000000005,0.01,5,N,27254
0.81,3.1000000000000005,0.11,1,N,27255
0.81,3.1000000000000005,0.11,2,N,27256
0.81,3.1000000000000005,0.11,3,N,27257
0.81,3.1000000000000005,0.11,4,N,27258
0.81,3.1000000000000005,0.11,5,N,27259
0.81,3.1000000000000005,0.21,1,N,27260
0.81,3.1000000000000005,0.21,2,N,27261
0.81,3.1000000000000005,0.21,3,N,27262
0.81,3.1000000000000005,0.21,4,N,27263
0.81,3.1000000000000005,0.21,5,N,27264
0.81,3.1000000000000005,0.31000000000000005,1,N,27265
0.81,3.1000000000000005,0.31000000000000005,2,N,27266
0.81,3.1000000000000005,0.31000000000000005,3,N,27267
0.81,3.1000000000000005,0.31000000000000005,4,N,27268
0.81,3.1000000000000005,0.31000000000000005,5,N,27269
0.81,3.1000000000000005,0.41,1,N,27270
0.81,3.1000000000000005,0.41,2,N,27271
0.81,3.1000000000000005,0.41,3,N,27272
0.81,3.1000000000000005,0.41,4,N,27273
0.81,3.1000000000000005,0.41,5,N,27274
0.81,3.1000000000000005,0.51,1,N,27275
0.81,3.1000000000000005,0.51,2,N,27276
0.81,3.1000000000000005,0.51,3,N,27277
0.81,3.1000000000000005,0.51,4,N,27278
0.81,3.1000000000000005,0.51,5,N,27279
0.81,3.1000000000000005,0.6100000000000001,1,N,27280
0.81,3.1000000000000005,0.6100000000000001,2,N,27281
0.81,3.1000000000000005,0.6100000000000001,3,N,27282
0.81,3.1000000000000005,0.6100000000000001,4,N,27283
0.81,3.1000000000000005,0.6100000000000001,5,N,27284
0.81,3.1000000000000005,0.7100000000000001,1,N,27285
0.81,3.1000000000000005,0.7100000000000001,2,N,27286
0.81,3.1000000000000005,0.7100000000000001,3,N,27287
0.81,3.1000000000000005,0.7100000000000001,4,N,27288
0.81,3.1000000000000005,0.7100000000000001,5,N,27289
0.81,3.1000000000000005,0.81,1,N,27290
0.81,3.1000000000000005,0.81,2,N,27291
0.81,3.1000000000000005,0.81,3,N,27292
0.81,3.1000000000000005,0.81,4,N,27293
0.81,3.1000000000000005,0.81,5,N,27294
0.81,3.1000000000000005,0.91,1,N,27295
0.81,3.1000000000000005,0.91,2,N,27296
0.81,3.1000000000000005,0.91,3,N,27297
0.81,3.1000000000000005,0.91,4,N,27298
0.81,3.1000000000000005,0.91,5,N,27299
0.81,3.1000000000000005,1.01,1,N,27300
0.81,3.1000000000000005,1.01,2,N,27301
0.81,3.1000000000000005,1.01,3,N,27302
0.81,3.1000000000000005,1.01,4,N,27303
0.81,3.1000000000000005,1.01,5,N,27304
0.81,3.1000000000000005,1.11,1,N,27305
0.81,3.1000000000000005,1.11,2,N,27306
0.81,3.1000000000000005,1.11,3,N,27307
0.81,3.1000000000000005,1.11,4,N,27308
0.81,3.1000000000000005,1.11,5,N,27309
0.81,3.1000000000000005,1.3,1,N,27310
0.81,3.1000000000000005,1.3,2,N,27311
0.81,3.1000000000000005,1.3,3,N,27312
0.81,3.1000000000000005,1.3,4,N,27313
0.81,3.1000000000000005,1.3,5,N,27314
0.81,3.1000000000000005,1.6,1,N,27315
0.81,3.1000000000000005,1.6,2,N,27316
0.81,3.1000000000000005,1.6,3,N,27317
0.81,3.1000000000000005,1.6,4,N,27318
0.81,3.1000000000000005,1.6,5,N,27319
0.81,3.1000000000000005,1.9,1,N,27320
0.81,3.1000000000000005,1.9,2,N,27321
0.81,3.1000000000000005,1.9,3,N,27322
0.81,3.1000000000000005,1.9,4,N,27323
0.81,3.1000000000000005,1.9,5,N,27324
0.81,3.1000000000000005,2.2,1,N,27325
0.81,3.1000000000000005,2.2,2,N,27326
0.81,3.1000000000000005,2.2,3,N,27327
0.81,3.1000000000000005,2.2,4,N,27328
0.81,3.1000000000000005,2.2,5,N,27329
0.81,3.1000000000000005,2.5,1,N,27330
0.81,3.1000000000000005,2.5,2,N,27331
0.81,3.1000000000000005,2.5,3,N,27332
0.81,3.1000000000000005,2.5,4,N,27333
0.81,3.1000000000000005,2.5,5,N,27334
0.81,3.1000000000000005,2.8000000000000003,1,N,27335
0.81,3.1000000000000005,2.8000000000000003,2,N,27336
0.81,3.1000000000000005,2.8000000000000003,3,N,27337
0.81,3.1000000000000005,2.8000000000000003,4,N,27338
0.81,3.1000000000000005,2.8000000000000003,5,N,27339
0.81,3.1000000000000005,3.1000000000000005,1,N,27340
0.81,3.1000000000000005,3.1000000000000005,2,N,27341
0.81,3.1000000000000005,3.1000000000000005,3,N,27342
0.81,3.1000000000000005,3.1000000000000005,4,N,27343
0.81,3.1000000000000005,3.1000000000000005,5,N,27344
0.81,3.1000000000000005,3.4000000000000004,1,N,27345
0.81,3.1000000000000005,3.4000000000000004,2,N,27346
0.81,3.1000000000000005,3.4000000000000004,3,N,27347
0.81,3.1000000000000005,3.4000000000000004,4,N,27348
0.81,3.1000000000000005,3.4000000000000004,5,N,27349
0.81,3.1000000000000005,3.7,1,N,27350
0.81,3.1000000000000005,3.7,2,N,27351
0.81,3.1000000000000005,3.7,3,N,27352
0.81,3.1000000000000005,3.7,4,N,27353
0.81,3.1000000000000005,3.7,5,N,27354
0.81,3.1000000000000005,4.0,1,N,27355
0.81,3.1000000000000005,4.0,2,N,27356
0.81,3.1000000000000005,4.0,3,N,27357
0.81,3.1000000000000005,4.0,4,N,27358
0.81,3.1000000000000005,4.0,5,N,27359
0.81,3.1000000000000005,4.300000000000002,1,N,27360
0.81,3.1000000000000005,4.300000000000002,2,N,27361
0.81,3.1000000000000005,4.300000000000002,3,N,27362
0.81,3.1000000000000005,4.300000000000002,4,N,27363
0.81,3.1000000000000005,4.300000000000002,5,N,27364
0.81,3.1000000000000005,4.6000000000000005,1,N,27365
0.81,3.1000000000000005,4.6000000000000005,2,N,27366
0.81,3.1000000000000005,4.6000000000000005,3,N,27367
0.81,3.1000000000000005,4.6000000000000005,4,N,27368
0.81,3.1000000000000005,4.6000000000000005,5,N,27369
0.81,3.1000000000000005,4.9,1,N,27370
0.81,3.1000000000000005,4.9,2,N,27371
0.81,3.1000000000000005,4.9,3,N,27372
0.81,3.1000000000000005,4.9,4,N,27373
0.81,3.1000000000000005,4.9,5,N,27374
0.81,3.4000000000000004,0.01,1,N,27375
0.81,3.4000000000000004,0.01,2,N,27376
0.81,3.4000000000000004,0.01,3,N,27377
0.81,3.4000000000000004,0.01,4,N,27378
0.81,3.4000000000000004,0.01,5,N,27379
0.81,3.4000000000000004,0.11,1,N,27380
0.81,3.4000000000000004,0.11,2,N,27381
0.81,3.4000000000000004,0.11,3,N,27382
0.81,3.4000000000000004,0.11,4,N,27383
0.81,3.4000000000000004,0.11,5,N,27384
0.81,3.4000000000000004,0.21,1,N,27385
0.81,3.4000000000000004,0.21,2,N,27386
0.81,3.4000000000000004,0.21,3,N,27387
0.81,3.4000000000000004,0.21,4,N,27388
0.81,3.4000000000000004,0.21,5,N,27389
0.81,3.4000000000000004,0.31000000000000005,1,N,27390
0.81,3.4000000000000004,0.31000000000000005,2,N,27391
0.81,3.4000000000000004,0.31000000000000005,3,N,27392
0.81,3.4000000000000004,0.31000000000000005,4,N,27393
0.81,3.4000000000000004,0.31000000000000005,5,N,27394
0.81,3.4000000000000004,0.41,1,N,27395
0.81,3.4000000000000004,0.41,2,N,27396
0.81,3.4000000000000004,0.41,3,N,27397
0.81,3.4000000000000004,0.41,4,N,27398
0.81,3.4000000000000004,0.41,5,N,27399
0.81,3.4000000000000004,0.51,1,N,27400
0.81,3.4000000000000004,0.51,2,N,27401
0.81,3.4000000000000004,0.51,3,N,27402
0.81,3.4000000000000004,0.51,4,N,27403
0.81,3.4000000000000004,0.51,5,N,27404
0.81,3.4000000000000004,0.6100000000000001,1,N,27405
0.81,3.4000000000000004,0.6100000000000001,2,N,27406
0.81,3.4000000000000004,0.6100000000000001,3,N,27407
0.81,3.4000000000000004,0.6100000000000001,4,N,27408
0.81,3.4000000000000004,0.6100000000000001,5,N,27409
0.81,3.4000000000000004,0.7100000000000001,1,N,27410
0.81,3.4000000000000004,0.7100000000000001,2,N,27411
0.81,3.4000000000000004,0.7100000000000001,3,N,27412
0.81,3.4000000000000004,0.7100000000000001,4,N,27413
0.81,3.4000000000000004,0.7100000000000001,5,N,27414
0.81,3.4000000000000004,0.81,1,N,27415
0.81,3.4000000000000004,0.81,2,N,27416
0.81,3.4000000000000004,0.81,3,N,27417
0.81,3.4000000000000004,0.81,4,N,27418
0.81,3.4000000000000004,0.81,5,N,27419
0.81,3.4000000000000004,0.91,1,N,27420
0.81,3.4000000000000004,0.91,2,N,27421
0.81,3.4000000000000004,0.91,3,N,27422
0.81,3.4000000000000004,0.91,4,N,27423
0.81,3.4000000000000004,0.91,5,N,27424
0.81,3.4000000000000004,1.01,1,N,27425
0.81,3.4000000000000004,1.01,2,N,27426
0.81,3.4000000000000004,1.01,3,N,27427
0.81,3.4000000000000004,1.01,4,N,27428
0.81,3.4000000000000004,1.01,5,N,27429
0.81,3.4000000000000004,1.11,1,N,27430
0.81,3.4000000000000004,1.11,2,N,27431
0.81,3.4000000000000004,1.11,3,N,27432
0.81,3.4000000000000004,1.11,4,N,27433
0.81,3.4000000000000004,1.11,5,N,27434
0.81,3.4000000000000004,1.3,1,N,27435
0.81,3.4000000000000004,1.3,2,N,27436
0.81,3.4000000000000004,1.3,3,N,27437
0.81,3.4000000000000004,1.3,4,N,27438
0.81,3.4000000000000004,1.3,5,N,27439
0.81,3.4000000000000004,1.6,1,N,27440
0.81,3.4000000000000004,1.6,2,N,27441
0.81,3.4000000000000004,1.6,3,N,27442
0.81,3.4000000000000004,1.6,4,N,27443
0.81,3.4000000000000004,1.6,5,N,27444
0.81,3.4000000000000004,1.9,1,N,27445
0.81,3.4000000000000004,1.9,2,N,27446
0.81,3.4000000000000004,1.9,3,N,27447
0.81,3.4000000000000004,1.9,4,N,27448
0.81,3.4000000000000004,1.9,5,N,27449
0.81,3.4000000000000004,2.2,1,N,27450
0.81,3.4000000000000004,2.2,2,N,27451
0.81,3.4000000000000004,2.2,3,N,27452
0.81,3.4000000000000004,2.2,4,N,27453
0.81,3.4000000000000004,2.2,5,N,27454
0.81,3.4000000000000004,2.5,1,N,27455
0.81,3.4000000000000004,2.5,2,N,27456
0.81,3.4000000000000004,2.5,3,N,27457
0.81,3.4000000000000004,2.5,4,N,27458
0.81,3.4000000000000004,2.5,5,N,27459
0.81,3.4000000000000004,2.8000000000000003,1,N,27460
0.81,3.4000000000000004,2.8000000000000003,2,N,27461
0.81,3.4000000000000004,2.8000000000000003,3,N,27462
0.81,3.4000000000000004,2.8000000000000003,4,N,27463
0.81,3.4000000000000004,2.8000000000000003,5,N,27464
0.81,3.4000000000000004,3.1000000000000005,1,N,27465
0.81,3.4000000000000004,3.1000000000000005,2,N,27466
0.81,3.4000000000000004,3.1000000000000005,3,N,27467
0.81,3.4000000000000004,3.1000000000000005,4,N,27468
0.81,3.4000000000000004,3.1000000000000005,5,N,27469
0.81,3.4000000000000004,3.4000000000000004,1,N,27470
0.81,3.4000000000000004,3.4000000000000004,2,N,27471
0.81,3.4000000000000004,3.4000000000000004,3,N,27472
0.81,3.4000000000000004,3.4000000000000004,4,N,27473
0.81,3.4000000000000004,3.4000000000000004,5,N,27474
0.81,3.4000000000000004,3.7,1,N,27475
0.81,3.4000000000000004,3.7,2,N,27476
0.81,3.4000000000000004,3.7,3,N,27477
0.81,3.4000000000000004,3.7,4,N,27478
0.81,3.4000000000000004,3.7,5,N,27479
0.81,3.4000000000000004,4.0,1,N,27480
0.81,3.4000000000000004,4.0,2,N,27481
0.81,3.4000000000000004,4.0,3,N,27482
0.81,3.4000000000000004,4.0,4,N,27483
0.81,3.4000000000000004,4.0,5,N,27484
0.81,3.4000000000000004,4.300000000000002,1,N,27485
0.81,3.4000000000000004,4.300000000000002,2,N,27486
0.81,3.4000000000000004,4.300000000000002,3,N,27487
0.81,3.4000000000000004,4.300000000000002,4,N,27488
0.81,3.4000000000000004,4.300000000000002,5,N,27489
0.81,3.4000000000000004,4.6000000000000005,1,N,27490
0.81,3.4000000000000004,4.6000000000000005,2,N,27491
0.81,3.4000000000000004,4.6000000000000005,3,N,27492
0.81,3.4000000000000004,4.6000000000000005,4,N,27493
0.81,3.4000000000000004,4.6000000000000005,5,N,27494
0.81,3.4000000000000004,4.9,1,N,27495
0.81,3.4000000000000004,4.9,2,N,27496
0.81,3.4000000000000004,4.9,3,N,27497
0.81,3.4000000000000004,4.9,4,N,27498
0.81,3.4000000000000004,4.9,5,N,27499
0.81,3.7,0.01,1,N,27500
0.81,3.7,0.01,2,N,27501
0.81,3.7,0.01,3,N,27502
0.81,3.7,0.01,4,N,27503
0.81,3.7,0.01,5,N,27504
0.81,3.7,0.11,1,N,27505
0.81,3.7,0.11,2,N,27506
0.81,3.7,0.11,3,N,27507
0.81,3.7,0.11,4,N,27508
0.81,3.7,0.11,5,N,27509
0.81,3.7,0.21,1,N,27510
0.81,3.7,0.21,2,N,27511
0.81,3.7,0.21,3,N,27512
0.81,3.7,0.21,4,N,27513
0.81,3.7,0.21,5,N,27514
0.81,3.7,0.31000000000000005,1,N,27515
0.81,3.7,0.31000000000000005,2,N,27516
0.81,3.7,0.31000000000000005,3,N,27517
0.81,3.7,0.31000000000000005,4,N,27518
0.81,3.7,0.31000000000000005,5,N,27519
0.81,3.7,0.41,1,N,27520
0.81,3.7,0.41,2,N,27521
0.81,3.7,0.41,3,N,27522
0.81,3.7,0.41,4,N,27523
0.81,3.7,0.41,5,N,27524
0.81,3.7,0.51,1,N,27525
0.81,3.7,0.51,2,N,27526
0.81,3.7,0.51,3,N,27527
0.81,3.7,0.51,4,N,27528
0.81,3.7,0.51,5,N,27529
0.81,3.7,0.6100000000000001,1,N,27530
0.81,3.7,0.6100000000000001,2,N,27531
0.81,3.7,0.6100000000000001,3,N,27532
0.81,3.7,0.6100000000000001,4,N,27533
0.81,3.7,0.6100000000000001,5,N,27534
0.81,3.7,0.7100000000000001,1,N,27535
0.81,3.7,0.7100000000000001,2,N,27536
0.81,3.7,0.7100000000000001,3,N,27537
0.81,3.7,0.7100000000000001,4,N,27538
0.81,3.7,0.7100000000000001,5,N,27539
0.81,3.7,0.81,1,N,27540
0.81,3.7,0.81,2,N,27541
0.81,3.7,0.81,3,N,27542
0.81,3.7,0.81,4,N,27543
0.81,3.7,0.81,5,N,27544
0.81,3.7,0.91,1,N,27545
0.81,3.7,0.91,2,N,27546
0.81,3.7,0.91,3,N,27547
0.81,3.7,0.91,4,N,27548
0.81,3.7,0.91,5,N,27549
0.81,3.7,1.01,1,N,27550
0.81,3.7,1.01,2,N,27551
0.81,3.7,1.01,3,N,27552
0.81,3.7,1.01,4,N,27553
0.81,3.7,1.01,5,N,27554
0.81,3.7,1.11,1,N,27555
0.81,3.7,1.11,2,N,27556
0.81,3.7,1.11,3,N,27557
0.81,3.7,1.11,4,N,27558
0.81,3.7,1.11,5,N,27559
0.81,3.7,1.3,1,N,27560
0.81,3.7,1.3,2,N,27561
0.81,3.7,1.3,3,N,27562
0.81,3.7,1.3,4,N,27563
0.81,3.7,1.3,5,N,27564
0.81,3.7,1.6,1,N,27565
0.81,3.7,1.6,2,N,27566
0.81,3.7,1.6,3,N,27567
0.81,3.7,1.6,4,N,27568
0.81,3.7,1.6,5,N,27569
0.81,3.7,1.9,1,N,27570
0.81,3.7,1.9,2,N,27571
0.81,3.7,1.9,3,N,27572
0.81,3.7,1.9,4,N,27573
0.81,3.7,1.9,5,N,27574
0.81,3.7,2.2,1,N,27575
0.81,3.7,2.2,2,N,27576
0.81,3.7,2.2,3,N,27577
0.81,3.7,2.2,4,N,27578
0.81,3.7,2.2,5,N,27579
0.81,3.7,2.5,1,N,27580
0.81,3.7,2.5,2,N,27581
0.81,3.7,2.5,3,N,27582
0.81,3.7,2.5,4,N,27583
0.81,3.7,2.5,5,N,27584
0.81,3.7,2.8000000000000003,1,N,27585
0.81,3.7,2.8000000000000003,2,N,27586
0.81,3.7,2.8000000000000003,3,N,27587
0.81,3.7,2.8000000000000003,4,N,27588
0.81,3.7,2.8000000000000003,5,N,27589
0.81,3.7,3.1000000000000005,1,N,27590
0.81,3.7,3.1000000000000005,2,N,27591
0.81,3.7,3.1000000000000005,3,N,27592
0.81,3.7,3.1000000000000005,4,N,27593
0.81,3.7,3.1000000000000005,5,N,27594
0.81,3.7,3.4000000000000004,1,N,27595
0.81,3.7,3.4000000000000004,2,N,27596
0.81,3.7,3.4000000000000004,3,N,27597
0.81,3.7,3.4000000000000004,4,N,27598
0.81,3.7,3.4000000000000004,5,N,27599
0.81,3.7,3.7,1,N,27600
0.81,3.7,3.7,2,N,27601
0.81,3.7,3.7,3,N,27602
0.81,3.7,3.7,4,N,27603
0.81,3.7,3.7,5,N,27604
0.81,3.7,4.0,1,N,27605
0.81,3.7,4.0,2,N,27606
0.81,3.7,4.0,3,N,27607
0.81,3.7,4.0,4,N,27608
0.81,3.7,4.0,5,N,27609
0.81,3.7,4.300000000000002,1,N,27610
0.81,3.7,4.300000000000002,2,N,27611
0.81,3.7,4.300000000000002,3,N,27612
0.81,3.7,4.300000000000002,4,N,27613
0.81,3.7,4.300000000000002,5,N,27614
0.81,3.7,4.6000000000000005,1,N,27615
0.81,3.7,4.6000000000000005,2,N,27616
0.81,3.7,4.6000000000000005,3,N,27617
0.81,3.7,4.6000000000000005,4,N,27618
0.81,3.7,4.6000000000000005,5,N,27619
0.81,3.7,4.9,1,N,27620
0.81,3.7,4.9,2,N,27621
0.81,3.7,4.9,3,N,27622
0.81,3.7,4.9,4,N,27623
0.81,3.7,4.9,5,N,27624
0.81,4.0,0.01,1,N,27625
0.81,4.0,0.01,2,N,27626
0.81,4.0,0.01,3,N,27627
0.81,4.0,0.01,4,N,27628
0.81,4.0,0.01,5,N,27629
0.81,4.0,0.11,1,N,27630
0.81,4.0,0.11,2,N,27631
0.81,4.0,0.11,3,N,27632
0.81,4.0,0.11,4,N,27633
0.81,4.0,0.11,5,N,27634
0.81,4.0,0.21,1,N,27635
0.81,4.0,0.21,2,N,27636
0.81,4.0,0.21,3,N,27637
0.81,4.0,0.21,4,N,27638
0.81,4.0,0.21,5,N,27639
0.81,4.0,0.31000000000000005,1,N,27640
0.81,4.0,0.31000000000000005,2,N,27641
0.81,4.0,0.31000000000000005,3,N,27642
0.81,4.0,0.31000000000000005,4,N,27643
0.81,4.0,0.31000000000000005,5,N,27644
0.81,4.0,0.41,1,N,27645
0.81,4.0,0.41,2,N,27646
0.81,4.0,0.41,3,N,27647
0.81,4.0,0.41,4,N,27648
0.81,4.0,0.41,5,N,27649
0.81,4.0,0.51,1,N,27650
0.81,4.0,0.51,2,N,27651
0.81,4.0,0.51,3,N,27652
0.81,4.0,0.51,4,N,27653
0.81,4.0,0.51,5,N,27654
0.81,4.0,0.6100000000000001,1,N,27655
0.81,4.0,0.6100000000000001,2,N,27656
0.81,4.0,0.6100000000000001,3,N,27657
0.81,4.0,0.6100000000000001,4,N,27658
0.81,4.0,0.6100000000000001,5,N,27659
0.81,4.0,0.7100000000000001,1,N,27660
0.81,4.0,0.7100000000000001,2,N,27661
0.81,4.0,0.7100000000000001,3,N,27662
0.81,4.0,0.7100000000000001,4,N,27663
0.81,4.0,0.7100000000000001,5,N,27664
0.81,4.0,0.81,1,N,27665
0.81,4.0,0.81,2,N,27666
0.81,4.0,0.81,3,N,27667
0.81,4.0,0.81,4,N,27668
0.81,4.0,0.81,5,N,27669
0.81,4.0,0.91,1,N,27670
0.81,4.0,0.91,2,N,27671
0.81,4.0,0.91,3,N,27672
0.81,4.0,0.91,4,N,27673
0.81,4.0,0.91,5,N,27674
0.81,4.0,1.01,1,N,27675
0.81,4.0,1.01,2,N,27676
0.81,4.0,1.01,3,N,27677
0.81,4.0,1.01,4,N,27678
0.81,4.0,1.01,5,N,27679
0.81,4.0,1.11,1,N,27680
0.81,4.0,1.11,2,N,27681
0.81,4.0,1.11,3,N,27682
0.81,4.0,1.11,4,N,27683
0.81,4.0,1.11,5,N,27684
0.81,4.0,1.3,1,N,27685
0.81,4.0,1.3,2,N,27686
0.81,4.0,1.3,3,N,27687
0.81,4.0,1.3,4,N,27688
0.81,4.0,1.3,5,N,27689
0.81,4.0,1.6,1,N,27690
0.81,4.0,1.6,2,N,27691
0.81,4.0,1.6,3,N,27692
0.81,4.0,1.6,4,N,27693
0.81,4.0,1.6,5,N,27694
0.81,4.0,1.9,1,N,27695
0.81,4.0,1.9,2,N,27696
0.81,4.0,1.9,3,N,27697
0.81,4.0,1.9,4,N,27698
0.81,4.0,1.9,5,N,27699
0.81,4.0,2.2,1,N,27700
0.81,4.0,2.2,2,N,27701
0.81,4.0,2.2,3,N,27702
0.81,4.0,2.2,4,N,27703
0.81,4.0,2.2,5,N,27704
0.81,4.0,2.5,1,N,27705
0.81,4.0,2.5,2,N,27706
0.81,4.0,2.5,3,N,27707
0.81,4.0,2.5,4,N,27708
0.81,4.0,2.5,5,N,27709
0.81,4.0,2.8000000000000003,1,N,27710
0.81,4.0,2.8000000000000003,2,N,27711
0.81,4.0,2.8000000000000003,3,N,27712
0.81,4.0,2.8000000000000003,4,N,27713
0.81,4.0,2.8000000000000003,5,N,27714
0.81,4.0,3.1000000000000005,1,N,27715
0.81,4.0,3.1000000000000005,2,N,27716
0.81,4.0,3.1000000000000005,3,N,27717
0.81,4.0,3.1000000000000005,4,N,27718
0.81,4.0,3.1000000000000005,5,N,27719
0.81,4.0,3.4000000000000004,1,N,27720
0.81,4.0,3.4000000000000004,2,N,27721
0.81,4.0,3.4000000000000004,3,N,27722
0.81,4.0,3.4000000000000004,4,N,27723
0.81,4.0,3.4000000000000004,5,N,27724
0.81,4.0,3.7,1,N,27725
0.81,4.0,3.7,2,N,27726
0.81,4.0,3.7,3,N,27727
0.81,4.0,3.7,4,N,27728
0.81,4.0,3.7,5,N,27729
0.81,4.0,4.0,1,N,27730
0.81,4.0,4.0,2,N,27731
0.81,4.0,4.0,3,N,27732
0.81,4.0,4.0,4,N,27733
0.81,4.0,4.0,5,N,27734
0.81,4.0,4.300000000000002,1,N,27735
0.81,4.0,4.300000000000002,2,N,27736
0.81,4.0,4.300000000000002,3,N,27737
0.81,4.0,4.300000000000002,4,N,27738
0.81,4.0,4.300000000000002,5,N,27739
0.81,4.0,4.6000000000000005,1,N,27740
0.81,4.0,4.6000000000000005,2,N,27741
0.81,4.0,4.6000000000000005,3,N,27742
0.81,4.0,4.6000000000000005,4,N,27743
0.81,4.0,4.6000000000000005,5,N,27744
0.81,4.0,4.9,1,N,27745
0.81,4.0,4.9,2,N,27746
0.81,4.0,4.9,3,N,27747
0.81,4.0,4.9,4,N,27748
0.81,4.0,4.9,5,N,27749
0.81,4.300000000000002,0.01,1,N,27750
0.81,4.300000000000002,0.01,2,N,27751
0.81,4.300000000000002,0.01,3,N,27752
0.81,4.300000000000002,0.01,4,N,27753
0.81,4.300000000000002,0.01,5,N,27754
0.81,4.300000000000002,0.11,1,N,27755
0.81,4.300000000000002,0.11,2,N,27756
0.81,4.300000000000002,0.11,3,N,27757
0.81,4.300000000000002,0.11,4,N,27758
0.81,4.300000000000002,0.11,5,N,27759
0.81,4.300000000000002,0.21,1,N,27760
0.81,4.300000000000002,0.21,2,N,27761
0.81,4.300000000000002,0.21,3,N,27762
0.81,4.300000000000002,0.21,4,N,27763
0.81,4.300000000000002,0.21,5,N,27764
0.81,4.300000000000002,0.31000000000000005,1,N,27765
0.81,4.300000000000002,0.31000000000000005,2,N,27766
0.81,4.300000000000002,0.31000000000000005,3,N,27767
0.81,4.300000000000002,0.31000000000000005,4,N,27768
0.81,4.300000000000002,0.31000000000000005,5,N,27769
0.81,4.300000000000002,0.41,1,N,27770
0.81,4.300000000000002,0.41,2,N,27771
0.81,4.300000000000002,0.41,3,N,27772
0.81,4.300000000000002,0.41,4,N,27773
0.81,4.300000000000002,0.41,5,N,27774
0.81,4.300000000000002,0.51,1,N,27775
0.81,4.300000000000002,0.51,2,N,27776
0.81,4.300000000000002,0.51,3,N,27777
0.81,4.300000000000002,0.51,4,N,27778
0.81,4.300000000000002,0.51,5,N,27779
0.81,4.300000000000002,0.6100000000000001,1,N,27780
0.81,4.300000000000002,0.6100000000000001,2,N,27781
0.81,4.300000000000002,0.6100000000000001,3,N,27782
0.81,4.300000000000002,0.6100000000000001,4,N,27783
0.81,4.300000000000002,0.6100000000000001,5,N,27784
0.81,4.300000000000002,0.7100000000000001,1,N,27785
0.81,4.300000000000002,0.7100000000000001,2,N,27786
0.81,4.300000000000002,0.7100000000000001,3,N,27787
0.81,4.300000000000002,0.7100000000000001,4,N,27788
0.81,4.300000000000002,0.7100000000000001,5,N,27789
0.81,4.300000000000002,0.81,1,N,27790
0.81,4.300000000000002,0.81,2,N,27791
0.81,4.300000000000002,0.81,3,N,27792
0.81,4.300000000000002,0.81,4,N,27793
0.81,4.300000000000002,0.81,5,N,27794
0.81,4.300000000000002,0.91,1,N,27795
0.81,4.300000000000002,0.91,2,N,27796
0.81,4.300000000000002,0.91,3,N,27797
0.81,4.300000000000002,0.91,4,N,27798
0.81,4.300000000000002,0.91,5,N,27799
0.81,4.300000000000002,1.01,1,N,27800
0.81,4.300000000000002,1.01,2,N,27801
0.81,4.300000000000002,1.01,3,N,27802
0.81,4.300000000000002,1.01,4,N,27803
0.81,4.300000000000002,1.01,5,N,27804
0.81,4.300000000000002,1.11,1,N,27805
0.81,4.300000000000002,1.11,2,N,27806
0.81,4.300000000000002,1.11,3,N,27807
0.81,4.300000000000002,1.11,4,N,27808
0.81,4.300000000000002,1.11,5,N,27809
0.81,4.300000000000002,1.3,1,N,27810
0.81,4.300000000000002,1.3,2,N,27811
0.81,4.300000000000002,1.3,3,N,27812
0.81,4.300000000000002,1.3,4,N,27813
0.81,4.300000000000002,1.3,5,N,27814
0.81,4.300000000000002,1.6,1,N,27815
0.81,4.300000000000002,1.6,2,N,27816
0.81,4.300000000000002,1.6,3,N,27817
0.81,4.300000000000002,1.6,4,N,27818
0.81,4.300000000000002,1.6,5,N,27819
0.81,4.300000000000002,1.9,1,N,27820
0.81,4.300000000000002,1.9,2,N,27821
0.81,4.300000000000002,1.9,3,N,27822
0.81,4.300000000000002,1.9,4,N,27823
0.81,4.300000000000002,1.9,5,N,27824
0.81,4.300000000000002,2.2,1,N,27825
0.81,4.300000000000002,2.2,2,N,27826
0.81,4.300000000000002,2.2,3,N,27827
0.81,4.300000000000002,2.2,4,N,27828
0.81,4.300000000000002,2.2,5,N,27829
0.81,4.300000000000002,2.5,1,N,27830
0.81,4.300000000000002,2.5,2,N,27831
0.81,4.300000000000002,2.5,3,N,27832
0.81,4.300000000000002,2.5,4,N,27833
0.81,4.300000000000002,2.5,5,N,27834
0.81,4.300000000000002,2.8000000000000003,1,N,27835
0.81,4.300000000000002,2.8000000000000003,2,N,27836
0.81,4.300000000000002,2.8000000000000003,3,N,27837
0.81,4.300000000000002,2.8000000000000003,4,N,27838
0.81,4.300000000000002,2.8000000000000003,5,N,27839
0.81,4.300000000000002,3.1000000000000005,1,N,27840
0.81,4.300000000000002,3.1000000000000005,2,N,27841
0.81,4.300000000000002,3.1000000000000005,3,N,27842
0.81,4.300000000000002,3.1000000000000005,4,N,27843
0.81,4.300000000000002,3.1000000000000005,5,N,27844
0.81,4.300000000000002,3.4000000000000004,1,N,27845
0.81,4.300000000000002,3.4000000000000004,2,N,27846
0.81,4.300000000000002,3.4000000000000004,3,N,27847
0.81,4.300000000000002,3.4000000000000004,4,N,27848
0.81,4.300000000000002,3.4000000000000004,5,N,27849
0.81,4.300000000000002,3.7,1,N,27850
0.81,4.300000000000002,3.7,2,N,27851
0.81,4.300000000000002,3.7,3,N,27852
0.81,4.300000000000002,3.7,4,N,27853
0.81,4.300000000000002,3.7,5,N,27854
0.81,4.300000000000002,4.0,1,N,27855
0.81,4.300000000000002,4.0,2,N,27856
0.81,4.300000000000002,4.0,3,N,27857
0.81,4.300000000000002,4.0,4,N,27858
0.81,4.300000000000002,4.0,5,N,27859
0.81,4.300000000000002,4.300000000000002,1,N,27860
0.81,4.300000000000002,4.300000000000002,2,N,27861
0.81,4.300000000000002,4.300000000000002,3,N,27862
0.81,4.300000000000002,4.300000000000002,4,N,27863
0.81,4.300000000000002,4.300000000000002,5,N,27864
0.81,4.300000000000002,4.6000000000000005,1,N,27865
0.81,4.300000000000002,4.6000000000000005,2,N,27866
0.81,4.300000000000002,4.6000000000000005,3,N,27867
0.81,4.300000000000002,4.6000000000000005,4,N,27868
0.81,4.300000000000002,4.6000000000000005,5,N,27869
0.81,4.300000000000002,4.9,1,N,27870
0.81,4.300000000000002,4.9,2,N,27871
0.81,4.300000000000002,4.9,3,N,27872
0.81,4.300000000000002,4.9,4,N,27873
0.81,4.300000000000002,4.9,5,N,27874
0.81,4.6000000000000005,0.01,1,N,27875
0.81,4.6000000000000005,0.01,2,N,27876
0.81,4.6000000000000005,0.01,3,N,27877
0.81,4.6000000000000005,0.01,4,N,27878
0.81,4.6000000000000005,0.01,5,N,27879
0.81,4.6000000000000005,0.11,1,N,27880
0.81,4.6000000000000005,0.11,2,N,27881
0.81,4.6000000000000005,0.11,3,N,27882
0.81,4.6000000000000005,0.11,4,N,27883
0.81,4.6000000000000005,0.11,5,N,27884
0.81,4.6000000000000005,0.21,1,N,27885
0.81,4.6000000000000005,0.21,2,N,27886
0.81,4.6000000000000005,0.21,3,N,27887
0.81,4.6000000000000005,0.21,4,N,27888
0.81,4.6000000000000005,0.21,5,N,27889
0.81,4.6000000000000005,0.31000000000000005,1,N,27890
0.81,4.6000000000000005,0.31000000000000005,2,N,27891
0.81,4.6000000000000005,0.31000000000000005,3,N,27892
0.81,4.6000000000000005,0.31000000000000005,4,N,27893
0.81,4.6000000000000005,0.31000000000000005,5,N,27894
0.81,4.6000000000000005,0.41,1,N,27895
0.81,4.6000000000000005,0.41,2,N,27896
0.81,4.6000000000000005,0.41,3,N,27897
0.81,4.6000000000000005,0.41,4,N,27898
0.81,4.6000000000000005,0.41,5,N,27899
0.81,4.6000000000000005,0.51,1,N,27900
0.81,4.6000000000000005,0.51,2,N,27901
0.81,4.6000000000000005,0.51,3,N,27902
0.81,4.6000000000000005,0.51,4,N,27903
0.81,4.6000000000000005,0.51,5,N,27904
0.81,4.6000000000000005,0.6100000000000001,1,N,27905
0.81,4.6000000000000005,0.6100000000000001,2,N,27906
0.81,4.6000000000000005,0.6100000000000001,3,N,27907
0.81,4.6000000000000005,0.6100000000000001,4,N,27908
0.81,4.6000000000000005,0.6100000000000001,5,N,27909
0.81,4.6000000000000005,0.7100000000000001,1,N,27910
0.81,4.6000000000000005,0.7100000000000001,2,N,27911
0.81,4.6000000000000005,0.7100000000000001,3,N,27912
0.81,4.6000000000000005,0.7100000000000001,4,N,27913
0.81,4.6000000000000005,0.7100000000000001,5,N,27914
0.81,4.6000000000000005,0.81,1,N,27915
0.81,4.6000000000000005,0.81,2,N,27916
0.81,4.6000000000000005,0.81,3,N,27917
0.81,4.6000000000000005,0.81,4,N,27918
0.81,4.6000000000000005,0.81,5,N,27919
0.81,4.6000000000000005,0.91,1,N,27920
0.81,4.6000000000000005,0.91,2,N,27921
0.81,4.6000000000000005,0.91,3,N,27922
0.81,4.6000000000000005,0.91,4,N,27923
0.81,4.6000000000000005,0.91,5,N,27924
0.81,4.6000000000000005,1.01,1,N,27925
0.81,4.6000000000000005,1.01,2,N,27926
0.81,4.6000000000000005,1.01,3,N,27927
0.81,4.6000000000000005,1.01,4,N,27928
0.81,4.6000000000000005,1.01,5,N,27929
0.81,4.6000000000000005,1.11,1,N,27930
0.81,4.6000000000000005,1.11,2,N,27931
0.81,4.6000000000000005,1.11,3,N,27932
0.81,4.6000000000000005,1.11,4,N,27933
0.81,4.6000000000000005,1.11,5,N,27934
0.81,4.6000000000000005,1.3,1,N,27935
0.81,4.6000000000000005,1.3,2,N,27936
0.81,4.6000000000000005,1.3,3,N,27937
0.81,4.6000000000000005,1.3,4,N,27938
0.81,4.6000000000000005,1.3,5,N,27939
0.81,4.6000000000000005,1.6,1,N,27940
0.81,4.6000000000000005,1.6,2,N,27941
0.81,4.6000000000000005,1.6,3,N,27942
0.81,4.6000000000000005,1.6,4,N,27943
0.81,4.6000000000000005,1.6,5,N,27944
0.81,4.6000000000000005,1.9,1,N,27945
0.81,4.6000000000000005,1.9,2,N,27946
0.81,4.6000000000000005,1.9,3,N,27947
0.81,4.6000000000000005,1.9,4,N,27948
0.81,4.6000000000000005,1.9,5,N,27949
0.81,4.6000000000000005,2.2,1,N,27950
0.81,4.6000000000000005,2.2,2,N,27951
0.81,4.6000000000000005,2.2,3,N,27952
0.81,4.6000000000000005,2.2,4,N,27953
0.81,4.6000000000000005,2.2,5,N,27954
0.81,4.6000000000000005,2.5,1,N,27955
0.81,4.6000000000000005,2.5,2,N,27956
0.81,4.6000000000000005,2.5,3,N,27957
0.81,4.6000000000000005,2.5,4,N,27958
0.81,4.6000000000000005,2.5,5,N,27959
0.81,4.6000000000000005,2.8000000000000003,1,N,27960
0.81,4.6000000000000005,2.8000000000000003,2,N,27961
0.81,4.6000000000000005,2.8000000000000003,3,N,27962
0.81,4.6000000000000005,2.8000000000000003,4,N,27963
0.81,4.6000000000000005,2.8000000000000003,5,N,27964
0.81,4.6000000000000005,3.1000000000000005,1,N,27965
0.81,4.6000000000000005,3.1000000000000005,2,N,27966
0.81,4.6000000000000005,3.1000000000000005,3,N,27967
0.81,4.6000000000000005,3.1000000000000005,4,N,27968
0.81,4.6000000000000005,3.1000000000000005,5,N,27969
0.81,4.6000000000000005,3.4000000000000004,1,N,27970
0.81,4.6000000000000005,3.4000000000000004,2,N,27971
0.81,4.6000000000000005,3.4000000000000004,3,N,27972
0.81,4.6000000000000005,3.4000000000000004,4,N,27973
0.81,4.6000000000000005,3.4000000000000004,5,N,27974
0.81,4.6000000000000005,3.7,1,N,27975
0.81,4.6000000000000005,3.7,2,N,27976
0.81,4.6000000000000005,3.7,3,N,27977
0.81,4.6000000000000005,3.7,4,N,27978
0.81,4.6000000000000005,3.7,5,N,27979
0.81,4.6000000000000005,4.0,1,N,27980
0.81,4.6000000000000005,4.0,2,N,27981
0.81,4.6000000000000005,4.0,3,N,27982
0.81,4.6000000000000005,4.0,4,N,27983
0.81,4.6000000000000005,4.0,5,N,27984
0.81,4.6000000000000005,4.300000000000002,1,N,27985
0.81,4.6000000000000005,4.300000000000002,2,N,27986
0.81,4.6000000000000005,4.300000000000002,3,N,27987
0.81,4.6000000000000005,4.300000000000002,4,N,27988
0.81,4.6000000000000005,4.300000000000002,5,N,27989
0.81,4.6000000000000005,4.6000000000000005,1,N,27990
0.81,4.6000000000000005,4.6000000000000005,2,N,27991
0.81,4.6000000000000005,4.6000000000000005,3,N,27992
0.81,4.6000000000000005,4.6000000000000005,4,N,27993
0.81,4.6000000000000005,4.6000000000000005,5,N,27994
0.81,4.6000000000000005,4.9,1,N,27995
0.81,4.6000000000000005,4.9,2,N,27996
0.81,4.6000000000000005,4.9,3,N,27997
0.81,4.6000000000000005,4.9,4,N,27998
0.81,4.6000000000000005,4.9,5,N,27999
0.81,4.9,0.01,1,N,28000
0.81,4.9,0.01,2,N,28001
0.81,4.9,0.01,3,N,28002
0.81,4.9,0.01,4,N,28003
0.81,4.9,0.01,5,N,28004
0.81,4.9,0.11,1,N,28005
0.81,4.9,0.11,2,N,28006
0.81,4.9,0.11,3,N,28007
0.81,4.9,0.11,4,N,28008
0.81,4.9,0.11,5,N,28009
0.81,4.9,0.21,1,N,28010
0.81,4.9,0.21,2,N,28011
0.81,4.9,0.21,3,N,28012
0.81,4.9,0.21,4,N,28013
0.81,4.9,0.21,5,N,28014
0.81,4.9,0.31000000000000005,1,N,28015
0.81,4.9,0.31000000000000005,2,N,28016
0.81,4.9,0.31000000000000005,3,N,28017
0.81,4.9,0.31000000000000005,4,N,28018
0.81,4.9,0.31000000000000005,5,N,28019
0.81,4.9,0.41,1,N,28020
0.81,4.9,0.41,2,N,28021
0.81,4.9,0.41,3,N,28022
0.81,4.9,0.41,4,N,28023
0.81,4.9,0.41,5,N,28024
0.81,4.9,0.51,1,N,28025
0.81,4.9,0.51,2,N,28026
0.81,4.9,0.51,3,N,28027
0.81,4.9,0.51,4,N,28028
0.81,4.9,0.51,5,N,28029
0.81,4.9,0.6100000000000001,1,N,28030
0.81,4.9,0.6100000000000001,2,N,28031
0.81,4.9,0.6100000000000001,3,N,28032
0.81,4.9,0.6100000000000001,4,N,28033
0.81,4.9,0.6100000000000001,5,N,28034
0.81,4.9,0.7100000000000001,1,N,28035
0.81,4.9,0.7100000000000001,2,N,28036
0.81,4.9,0.7100000000000001,3,N,28037
0.81,4.9,0.7100000000000001,4,N,28038
0.81,4.9,0.7100000000000001,5,N,28039
0.81,4.9,0.81,1,N,28040
0.81,4.9,0.81,2,N,28041
0.81,4.9,0.81,3,N,28042
0.81,4.9,0.81,4,N,28043
0.81,4.9,0.81,5,N,28044
0.81,4.9,0.91,1,N,28045
0.81,4.9,0.91,2,N,28046
0.81,4.9,0.91,3,N,28047
0.81,4.9,0.91,4,N,28048
0.81,4.9,0.91,5,N,28049
0.81,4.9,1.01,1,N,28050
0.81,4.9,1.01,2,N,28051
0.81,4.9,1.01,3,N,28052
0.81,4.9,1.01,4,N,28053
0.81,4.9,1.01,5,N,28054
0.81,4.9,1.11,1,N,28055
0.81,4.9,1.11,2,N,28056
0.81,4.9,1.11,3,N,28057
0.81,4.9,1.11,4,N,28058
0.81,4.9,1.11,5,N,28059
0.81,4.9,1.3,1,N,28060
0.81,4.9,1.3,2,N,28061
0.81,4.9,1.3,3,N,28062
0.81,4.9,1.3,4,N,28063
0.81,4.9,1.3,5,N,28064
0.81,4.9,1.6,1,N,28065
0.81,4.9,1.6,2,N,28066
0.81,4.9,1.6,3,N,28067
0.81,4.9,1.6,4,N,28068
0.81,4.9,1.6,5,N,28069
0.81,4.9,1.9,1,N,28070
0.81,4.9,1.9,2,N,28071
0.81,4.9,1.9,3,N,28072
0.81,4.9,1.9,4,N,28073
0.81,4.9,1.9,5,N,28074
0.81,4.9,2.2,1,N,28075
0.81,4.9,2.2,2,N,28076
0.81,4.9,2.2,3,N,28077
0.81,4.9,2.2,4,N,28078
0.81,4.9,2.2,5,N,28079
0.81,4.9,2.5,1,N,28080
0.81,4.9,2.5,2,N,28081
0.81,4.9,2.5,3,N,28082
0.81,4.9,2.5,4,N,28083
0.81,4.9,2.5,5,N,28084
0.81,4.9,2.8000000000000003,1,N,28085
0.81,4.9,2.8000000000000003,2,N,28086
0.81,4.9,2.8000000000000003,3,N,28087
0.81,4.9,2.8000000000000003,4,N,28088
0.81,4.9,2.8000000000000003,5,N,28089
0.81,4.9,3.1000000000000005,1,N,28090
0.81,4.9,3.1000000000000005,2,N,28091
0.81,4.9,3.1000000000000005,3,N,28092
0.81,4.9,3.1000000000000005,4,N,28093
0.81,4.9,3.1000000000000005,5,N,28094
0.81,4.9,3.4000000000000004,1,N,28095
0.81,4.9,3.4000000000000004,2,N,28096
0.81,4.9,3.4000000000000004,3,N,28097
0.81,4.9,3.4000000000000004,4,N,28098
0.81,4.9,3.4000000000000004,5,N,28099
0.81,4.9,3.7,1,N,28100
0.81,4.9,3.7,2,N,28101
0.81,4.9,3.7,3,N,28102
0.81,4.9,3.7,4,N,28103
0.81,4.9,3.7,5,N,28104
0.81,4.9,4.0,1,N,28105
0.81,4.9,4.0,2,N,28106
0.81,4.9,4.0,3,N,28107
0.81,4.9,4.0,4,N,28108
0.81,4.9,4.0,5,N,28109
0.81,4.9,4.300000000000002,1,N,28110
0.81,4.9,4.300000000000002,2,N,28111
0.81,4.9,4.300000000000002,3,N,28112
0.81,4.9,4.300000000000002,4,N,28113
0.81,4.9,4.300000000000002,5,N,28114
0.81,4.9,4.6000000000000005,1,N,28115
0.81,4.9,4.6000000000000005,2,N,28116
0.81,4.9,4.6000000000000005,3,N,28117
0.81,4.9,4.6000000000000005,4,N,28118
0.81,4.9,4.6000000000000005,5,N,28119
0.81,4.9,4.9,1,N,28120
0.81,4.9,4.9,2,N,28121
0.81,4.9,4.9,3,N,28122
0.81,4.9,4.9,4,N,28123
0.81,4.9,4.9,5,N,28124
0.91,0.01,0.01,1,N,28125
0.91,0.01,0.01,2,N,28126
0.91,0.01,0.01,3,N,28127
0.91,0.01,0.01,4,N,28128
0.91,0.01,0.01,5,N,28129
0.91,0.01,0.11,1,N,28130
0.91,0.01,0.11,2,N,28131
0.91,0.01,0.11,3,N,28132
0.91,0.01,0.11,4,N,28133
0.91,0.01,0.11,5,N,28134
0.91,0.01,0.21,1,N,28135
0.91,0.01,0.21,2,N,28136
0.91,0.01,0.21,3,N,28137
0.91,0.01,0.21,4,N,28138
0.91,0.01,0.21,5,N,28139
0.91,0.01,0.31000000000000005,1,N,28140
0.91,0.01,0.31000000000000005,2,N,28141
0.91,0.01,0.31000000000000005,3,N,28142
0.91,0.01,0.31000000000000005,4,N,28143
0.91,0.01,0.31000000000000005,5,N,28144
0.91,0.01,0.41,1,N,28145
0.91,0.01,0.41,2,N,28146
0.91,0.01,0.41,3,N,28147
0.91,0.01,0.41,4,N,28148
0.91,0.01,0.41,5,N,28149
0.91,0.01,0.51,1,N,28150
0.91,0.01,0.51,2,N,28151
0.91,0.01,0.51,3,N,28152
0.91,0.01,0.51,4,N,28153
0.91,0.01,0.51,5,N,28154
0.91,0.01,0.6100000000000001,1,N,28155
0.91,0.01,0.6100000000000001,2,N,28156
0.91,0.01,0.6100000000000001,3,N,28157
0.91,0.01,0.6100000000000001,4,N,28158
0.91,0.01,0.6100000000000001,5,N,28159
0.91,0.01,0.7100000000000001,1,N,28160
0.91,0.01,0.7100000000000001,2,N,28161
0.91,0.01,0.7100000000000001,3,N,28162
0.91,0.01,0.7100000000000001,4,N,28163
0.91,0.01,0.7100000000000001,5,N,28164
0.91,0.01,0.81,1,N,28165
0.91,0.01,0.81,2,N,28166
0.91,0.01,0.81,3,N,28167
0.91,0.01,0.81,4,N,28168
0.91,0.01,0.81,5,N,28169
0.91,0.01,0.91,1,N,28170
0.91,0.01,0.91,2,N,28171
0.91,0.01,0.91,3,N,28172
0.91,0.01,0.91,4,N,28173
0.91,0.01,0.91,5,N,28174
0.91,0.01,1.01,1,N,28175
0.91,0.01,1.01,2,N,28176
0.91,0.01,1.01,3,N,28177
0.91,0.01,1.01,4,N,28178
0.91,0.01,1.01,5,N,28179
0.91,0.01,1.11,1,N,28180
0.91,0.01,1.11,2,N,28181
0.91,0.01,1.11,3,N,28182
0.91,0.01,1.11,4,N,28183
0.91,0.01,1.11,5,N,28184
0.91,0.01,1.3,1,N,28185
0.91,0.01,1.3,2,N,28186
0.91,0.01,1.3,3,N,28187
0.91,0.01,1.3,4,N,28188
0.91,0.01,1.3,5,N,28189
0.91,0.01,1.6,1,N,28190
0.91,0.01,1.6,2,N,28191
0.91,0.01,1.6,3,N,28192
0.91,0.01,1.6,4,N,28193
0.91,0.01,1.6,5,N,28194
0.91,0.01,1.9,1,N,28195
0.91,0.01,1.9,2,N,28196
0.91,0.01,1.9,3,N,28197
0.91,0.01,1.9,4,N,28198
0.91,0.01,1.9,5,N,28199
0.91,0.01,2.2,1,N,28200
0.91,0.01,2.2,2,N,28201
0.91,0.01,2.2,3,N,28202
0.91,0.01,2.2,4,N,28203
0.91,0.01,2.2,5,N,28204
0.91,0.01,2.5,1,N,28205
0.91,0.01,2.5,2,N,28206
0.91,0.01,2.5,3,N,28207
0.91,0.01,2.5,4,N,28208
0.91,0.01,2.5,5,N,28209
0.91,0.01,2.8000000000000003,1,N,28210
0.91,0.01,2.8000000000000003,2,N,28211
0.91,0.01,2.8000000000000003,3,N,28212
0.91,0.01,2.8000000000000003,4,N,28213
0.91,0.01,2.8000000000000003,5,N,28214
0.91,0.01,3.1000000000000005,1,N,28215
0.91,0.01,3.1000000000000005,2,N,28216
0.91,0.01,3.1000000000000005,3,N,28217
0.91,0.01,3.1000000000000005,4,N,28218
0.91,0.01,3.1000000000000005,5,N,28219
0.91,0.01,3.4000000000000004,1,N,28220
0.91,0.01,3.4000000000000004,2,N,28221
0.91,0.01,3.4000000000000004,3,N,28222
0.91,0.01,3.4000000000000004,4,N,28223
0.91,0.01,3.4000000000000004,5,N,28224
0.91,0.01,3.7,1,N,28225
0.91,0.01,3.7,2,N,28226
0.91,0.01,3.7,3,N,28227
0.91,0.01,3.7,4,N,28228
0.91,0.01,3.7,5,N,28229
0.91,0.01,4.0,1,N,28230
0.91,0.01,4.0,2,N,28231
0.91,0.01,4.0,3,N,28232
0.91,0.01,4.0,4,N,28233
0.91,0.01,4.0,5,N,28234
0.91,0.01,4.300000000000002,1,N,28235
0.91,0.01,4.300000000000002,2,N,28236
0.91,0.01,4.300000000000002,3,N,28237
0.91,0.01,4.300000000000002,4,N,28238
0.91,0.01,4.300000000000002,5,N,28239
0.91,0.01,4.6000000000000005,1,N,28240
0.91,0.01,4.6000000000000005,2,N,28241
0.91,0.01,4.6000000000000005,3,N,28242
0.91,0.01,4.6000000000000005,4,N,28243
0.91,0.01,4.6000000000000005,5,N,28244
0.91,0.01,4.9,1,N,28245
0.91,0.01,4.9,2,N,28246
0.91,0.01,4.9,3,N,28247
0.91,0.01,4.9,4,N,28248
0.91,0.01,4.9,5,N,28249
0.91,0.11,0.01,1,N,28250
0.91,0.11,0.01,2,N,28251
0.91,0.11,0.01,3,N,28252
0.91,0.11,0.01,4,N,28253
0.91,0.11,0.01,5,N,28254
0.91,0.11,0.11,1,N,28255
0.91,0.11,0.11,2,N,28256
0.91,0.11,0.11,3,N,28257
0.91,0.11,0.11,4,N,28258
0.91,0.11,0.11,5,N,28259
0.91,0.11,0.21,1,N,28260
0.91,0.11,0.21,2,N,28261
0.91,0.11,0.21,3,N,28262
0.91,0.11,0.21,4,N,28263
0.91,0.11,0.21,5,N,28264
0.91,0.11,0.31000000000000005,1,N,28265
0.91,0.11,0.31000000000000005,2,N,28266
0.91,0.11,0.31000000000000005,3,N,28267
0.91,0.11,0.31000000000000005,4,N,28268
0.91,0.11,0.31000000000000005,5,N,28269
0.91,0.11,0.41,1,N,28270
0.91,0.11,0.41,2,N,28271
0.91,0.11,0.41,3,N,28272
0.91,0.11,0.41,4,N,28273
0.91,0.11,0.41,5,N,28274
0.91,0.11,0.51,1,N,28275
0.91,0.11,0.51,2,N,28276
0.91,0.11,0.51,3,N,28277
0.91,0.11,0.51,4,N,28278
0.91,0.11,0.51,5,N,28279
0.91,0.11,0.6100000000000001,1,N,28280
0.91,0.11,0.6100000000000001,2,N,28281
0.91,0.11,0.6100000000000001,3,N,28282
0.91,0.11,0.6100000000000001,4,N,28283
0.91,0.11,0.6100000000000001,5,N,28284
0.91,0.11,0.7100000000000001,1,N,28285
0.91,0.11,0.7100000000000001,2,N,28286
0.91,0.11,0.7100000000000001,3,N,28287
0.91,0.11,0.7100000000000001,4,N,28288
0.91,0.11,0.7100000000000001,5,N,28289
0.91,0.11,0.81,1,N,28290
0.91,0.11,0.81,2,N,28291
0.91,0.11,0.81,3,N,28292
0.91,0.11,0.81,4,N,28293
0.91,0.11,0.81,5,N,28294
0.91,0.11,0.91,1,N,28295
0.91,0.11,0.91,2,N,28296
0.91,0.11,0.91,3,N,28297
0.91,0.11,0.91,4,N,28298
0.91,0.11,0.91,5,N,28299
0.91,0.11,1.01,1,N,28300
0.91,0.11,1.01,2,N,28301
0.91,0.11,1.01,3,N,28302
0.91,0.11,1.01,4,N,28303
0.91,0.11,1.01,5,N,28304
0.91,0.11,1.11,1,N,28305
0.91,0.11,1.11,2,N,28306
0.91,0.11,1.11,3,N,28307
0.91,0.11,1.11,4,N,28308
0.91,0.11,1.11,5,N,28309
0.91,0.11,1.3,1,N,28310
0.91,0.11,1.3,2,N,28311
0.91,0.11,1.3,3,N,28312
0.91,0.11,1.3,4,N,28313
0.91,0.11,1.3,5,N,28314
0.91,0.11,1.6,1,N,28315
0.91,0.11,1.6,2,N,28316
0.91,0.11,1.6,3,N,28317
0.91,0.11,1.6,4,N,28318
0.91,0.11,1.6,5,N,28319
0.91,0.11,1.9,1,N,28320
0.91,0.11,1.9,2,N,28321
0.91,0.11,1.9,3,N,28322
0.91,0.11,1.9,4,N,28323
0.91,0.11,1.9,5,N,28324
0.91,0.11,2.2,1,N,28325
0.91,0.11,2.2,2,N,28326
0.91,0.11,2.2,3,N,28327
0.91,0.11,2.2,4,N,28328
0.91,0.11,2.2,5,N,28329
0.91,0.11,2.5,1,N,28330
0.91,0.11,2.5,2,N,28331
0.91,0.11,2.5,3,N,28332
0.91,0.11,2.5,4,N,28333
0.91,0.11,2.5,5,N,28334
0.91,0.11,2.8000000000000003,1,N,28335
0.91,0.11,2.8000000000000003,2,N,28336
0.91,0.11,2.8000000000000003,3,N,28337
0.91,0.11,2.8000000000000003,4,N,28338
0.91,0.11,2.8000000000000003,5,N,28339
0.91,0.11,3.1000000000000005,1,N,28340
0.91,0.11,3.1000000000000005,2,N,28341
0.91,0.11,3.1000000000000005,3,N,28342
0.91,0.11,3.1000000000000005,4,N,28343
0.91,0.11,3.1000000000000005,5,N,28344
0.91,0.11,3.4000000000000004,1,N,28345
0.91,0.11,3.4000000000000004,2,N,28346
0.91,0.11,3.4000000000000004,3,N,28347
0.91,0.11,3.4000000000000004,4,N,28348
0.91,0.11,3.4000000000000004,5,N,28349
0.91,0.11,3.7,1,N,28350
0.91,0.11,3.7,2,N,28351
0.91,0.11,3.7,3,N,28352
0.91,0.11,3.7,4,N,28353
0.91,0.11,3.7,5,N,28354
0.91,0.11,4.0,1,N,28355
0.91,0.11,4.0,2,N,28356
0.91,0.11,4.0,3,N,28357
0.91,0.11,4.0,4,N,28358
0.91,0.11,4.0,5,N,28359
0.91,0.11,4.300000000000002,1,N,28360
0.91,0.11,4.300000000000002,2,N,28361
0.91,0.11,4.300000000000002,3,N,28362
0.91,0.11,4.300000000000002,4,N,28363
0.91,0.11,4.300000000000002,5,N,28364
0.91,0.11,4.6000000000000005,1,N,28365
0.91,0.11,4.6000000000000005,2,N,28366
0.91,0.11,4.6000000000000005,3,N,28367
0.91,0.11,4.6000000000000005,4,N,28368
0.91,0.11,4.6000000000000005,5,N,28369
0.91,0.11,4.9,1,N,28370
0.91,0.11,4.9,2,N,28371
0.91,0.11,4.9,3,N,28372
0.91,0.11,4.9,4,N,28373
0.91,0.11,4.9,5,N,28374
0.91,0.21,0.01,1,N,28375
0.91,0.21,0.01,2,N,28376
0.91,0.21,0.01,3,N,28377
0.91,0.21,0.01,4,N,28378
0.91,0.21,0.01,5,N,28379
0.91,0.21,0.11,1,N,28380
0.91,0.21,0.11,2,N,28381
0.91,0.21,0.11,3,N,28382
0.91,0.21,0.11,4,N,28383
0.91,0.21,0.11,5,N,28384
0.91,0.21,0.21,1,N,28385
0.91,0.21,0.21,2,N,28386
0.91,0.21,0.21,3,N,28387
0.91,0.21,0.21,4,N,28388
0.91,0.21,0.21,5,N,28389
0.91,0.21,0.31000000000000005,1,N,28390
0.91,0.21,0.31000000000000005,2,N,28391
0.91,0.21,0.31000000000000005,3,N,28392
0.91,0.21,0.31000000000000005,4,N,28393
0.91,0.21,0.31000000000000005,5,N,28394
0.91,0.21,0.41,1,N,28395
0.91,0.21,0.41,2,N,28396
0.91,0.21,0.41,3,N,28397
0.91,0.21,0.41,4,N,28398
0.91,0.21,0.41,5,N,28399
0.91,0.21,0.51,1,N,28400
0.91,0.21,0.51,2,N,28401
0.91,0.21,0.51,3,N,28402
0.91,0.21,0.51,4,N,28403
0.91,0.21,0.51,5,N,28404
0.91,0.21,0.6100000000000001,1,N,28405
0.91,0.21,0.6100000000000001,2,N,28406
0.91,0.21,0.6100000000000001,3,N,28407
0.91,0.21,0.6100000000000001,4,N,28408
0.91,0.21,0.6100000000000001,5,N,28409
0.91,0.21,0.7100000000000001,1,N,28410
0.91,0.21,0.7100000000000001,2,N,28411
0.91,0.21,0.7100000000000001,3,N,28412
0.91,0.21,0.7100000000000001,4,N,28413
0.91,0.21,0.7100000000000001,5,N,28414
0.91,0.21,0.81,1,N,28415
0.91,0.21,0.81,2,N,28416
0.91,0.21,0.81,3,N,28417
0.91,0.21,0.81,4,N,28418
0.91,0.21,0.81,5,N,28419
0.91,0.21,0.91,1,N,28420
0.91,0.21,0.91,2,N,28421
0.91,0.21,0.91,3,N,28422
0.91,0.21,0.91,4,N,28423
0.91,0.21,0.91,5,N,28424
0.91,0.21,1.01,1,N,28425
0.91,0.21,1.01,2,N,28426
0.91,0.21,1.01,3,N,28427
0.91,0.21,1.01,4,N,28428
0.91,0.21,1.01,5,N,28429
0.91,0.21,1.11,1,N,28430
0.91,0.21,1.11,2,N,28431
0.91,0.21,1.11,3,N,28432
0.91,0.21,1.11,4,N,28433
0.91,0.21,1.11,5,N,28434
0.91,0.21,1.3,1,N,28435
0.91,0.21,1.3,2,N,28436
0.91,0.21,1.3,3,N,28437
0.91,0.21,1.3,4,N,28438
0.91,0.21,1.3,5,N,28439
0.91,0.21,1.6,1,N,28440
0.91,0.21,1.6,2,N,28441
0.91,0.21,1.6,3,N,28442
0.91,0.21,1.6,4,N,28443
0.91,0.21,1.6,5,N,28444
0.91,0.21,1.9,1,N,28445
0.91,0.21,1.9,2,N,28446
0.91,0.21,1.9,3,N,28447
0.91,0.21,1.9,4,N,28448
0.91,0.21,1.9,5,N,28449
0.91,0.21,2.2,1,N,28450
0.91,0.21,2.2,2,N,28451
0.91,0.21,2.2,3,N,28452
0.91,0.21,2.2,4,N,28453
0.91,0.21,2.2,5,N,28454
0.91,0.21,2.5,1,N,28455
0.91,0.21,2.5,2,N,28456
0.91,0.21,2.5,3,N,28457
0.91,0.21,2.5,4,N,28458
0.91,0.21,2.5,5,N,28459
0.91,0.21,2.8000000000000003,1,N,28460
0.91,0.21,2.8000000000000003,2,N,28461
0.91,0.21,2.8000000000000003,3,N,28462
0.91,0.21,2.8000000000000003,4,N,28463
0.91,0.21,2.8000000000000003,5,N,28464
0.91,0.21,3.1000000000000005,1,N,28465
0.91,0.21,3.1000000000000005,2,N,28466
0.91,0.21,3.1000000000000005,3,N,28467
0.91,0.21,3.1000000000000005,4,N,28468
0.91,0.21,3.1000000000000005,5,N,28469
0.91,0.21,3.4000000000000004,1,N,28470
0.91,0.21,3.4000000000000004,2,N,28471
0.91,0.21,3.4000000000000004,3,N,28472
0.91,0.21,3.4000000000000004,4,N,28473
0.91,0.21,3.4000000000000004,5,N,28474
0.91,0.21,3.7,1,N,28475
0.91,0.21,3.7,2,N,28476
0.91,0.21,3.7,3,N,28477
0.91,0.21,3.7,4,N,28478
0.91,0.21,3.7,5,N,28479
0.91,0.21,4.0,1,N,28480
0.91,0.21,4.0,2,N,28481
0.91,0.21,4.0,3,N,28482
0.91,0.21,4.0,4,N,28483
0.91,0.21,4.0,5,N,28484
0.91,0.21,4.300000000000002,1,N,28485
0.91,0.21,4.300000000000002,2,N,28486
0.91,0.21,4.300000000000002,3,N,28487
0.91,0.21,4.300000000000002,4,N,28488
0.91,0.21,4.300000000000002,5,N,28489
0.91,0.21,4.6000000000000005,1,N,28490
0.91,0.21,4.6000000000000005,2,N,28491
0.91,0.21,4.6000000000000005,3,N,28492
0.91,0.21,4.6000000000000005,4,N,28493
0.91,0.21,4.6000000000000005,5,N,28494
0.91,0.21,4.9,1,N,28495
0.91,0.21,4.9,2,N,28496
0.91,0.21,4.9,3,N,28497
0.91,0.21,4.9,4,N,28498
0.91,0.21,4.9,5,N,28499
0.91,0.31000000000000005,0.01,1,N,28500
0.91,0.31000000000000005,0.01,2,N,28501
0.91,0.31000000000000005,0.01,3,N,28502
0.91,0.31000000000000005,0.01,4,N,28503
0.91,0.31000000000000005,0.01,5,N,28504
0.91,0.31000000000000005,0.11,1,N,28505
0.91,0.31000000000000005,0.11,2,N,28506
0.91,0.31000000000000005,0.11,3,N,28507
0.91,0.31000000000000005,0.11,4,N,28508
0.91,0.31000000000000005,0.11,5,N,28509
0.91,0.31000000000000005,0.21,1,N,28510
0.91,0.31000000000000005,0.21,2,N,28511
0.91,0.31000000000000005,0.21,3,N,28512
0.91,0.31000000000000005,0.21,4,N,28513
0.91,0.31000000000000005,0.21,5,N,28514
0.91,0.31000000000000005,0.31000000000000005,1,N,28515
0.91,0.31000000000000005,0.31000000000000005,2,N,28516
0.91,0.31000000000000005,0.31000000000000005,3,N,28517
0.91,0.31000000000000005,0.31000000000000005,4,N,28518
0.91,0.31000000000000005,0.31000000000000005,5,N,28519
0.91,0.31000000000000005,0.41,1,N,28520
0.91,0.31000000000000005,0.41,2,N,28521
0.91,0.31000000000000005,0.41,3,N,28522
0.91,0.31000000000000005,0.41,4,N,28523
0.91,0.31000000000000005,0.41,5,N,28524
0.91,0.31000000000000005,0.51,1,N,28525
0.91,0.31000000000000005,0.51,2,N,28526
0.91,0.31000000000000005,0.51,3,N,28527
0.91,0.31000000000000005,0.51,4,N,28528
0.91,0.31000000000000005,0.51,5,N,28529
0.91,0.31000000000000005,0.6100000000000001,1,N,28530
0.91,0.31000000000000005,0.6100000000000001,2,N,28531
0.91,0.31000000000000005,0.6100000000000001,3,N,28532
0.91,0.31000000000000005,0.6100000000000001,4,N,28533
0.91,0.31000000000000005,0.6100000000000001,5,N,28534
0.91,0.31000000000000005,0.7100000000000001,1,N,28535
0.91,0.31000000000000005,0.7100000000000001,2,N,28536
0.91,0.31000000000000005,0.7100000000000001,3,N,28537
0.91,0.31000000000000005,0.7100000000000001,4,N,28538
0.91,0.31000000000000005,0.7100000000000001,5,N,28539
0.91,0.31000000000000005,0.81,1,N,28540
0.91,0.31000000000000005,0.81,2,N,28541
0.91,0.31000000000000005,0.81,3,N,28542
0.91,0.31000000000000005,0.81,4,N,28543
0.91,0.31000000000000005,0.81,5,N,28544
0.91,0.31000000000000005,0.91,1,N,28545
0.91,0.31000000000000005,0.91,2,N,28546
0.91,0.31000000000000005,0.91,3,N,28547
0.91,0.31000000000000005,0.91,4,N,28548
0.91,0.31000000000000005,0.91,5,N,28549
0.91,0.31000000000000005,1.01,1,N,28550
0.91,0.31000000000000005,1.01,2,N,28551
0.91,0.31000000000000005,1.01,3,N,28552
0.91,0.31000000000000005,1.01,4,N,28553
0.91,0.31000000000000005,1.01,5,N,28554
0.91,0.31000000000000005,1.11,1,N,28555
0.91,0.31000000000000005,1.11,2,N,28556
0.91,0.31000000000000005,1.11,3,N,28557
0.91,0.31000000000000005,1.11,4,N,28558
0.91,0.31000000000000005,1.11,5,N,28559
0.91,0.31000000000000005,1.3,1,N,28560
0.91,0.31000000000000005,1.3,2,N,28561
0.91,0.31000000000000005,1.3,3,N,28562
0.91,0.31000000000000005,1.3,4,N,28563
0.91,0.31000000000000005,1.3,5,N,28564
0.91,0.31000000000000005,1.6,1,N,28565
0.91,0.31000000000000005,1.6,2,N,28566
0.91,0.31000000000000005,1.6,3,N,28567
0.91,0.31000000000000005,1.6,4,N,28568
0.91,0.31000000000000005,1.6,5,N,28569
0.91,0.31000000000000005,1.9,1,N,28570
0.91,0.31000000000000005,1.9,2,N,28571
0.91,0.31000000000000005,1.9,3,N,28572
0.91,0.31000000000000005,1.9,4,N,28573
0.91,0.31000000000000005,1.9,5,N,28574
0.91,0.31000000000000005,2.2,1,N,28575
0.91,0.31000000000000005,2.2,2,N,28576
0.91,0.31000000000000005,2.2,3,N,28577
0.91,0.31000000000000005,2.2,4,N,28578
0.91,0.31000000000000005,2.2,5,N,28579
0.91,0.31000000000000005,2.5,1,N,28580
0.91,0.31000000000000005,2.5,2,N,28581
0.91,0.31000000000000005,2.5,3,N,28582
0.91,0.31000000000000005,2.5,4,N,28583
0.91,0.31000000000000005,2.5,5,N,28584
0.91,0.31000000000000005,2.8000000000000003,1,N,28585
0.91,0.31000000000000005,2.8000000000000003,2,N,28586
0.91,0.31000000000000005,2.8000000000000003,3,N,28587
0.91,0.31000000000000005,2.8000000000000003,4,N,28588
0.91,0.31000000000000005,2.8000000000000003,5,N,28589
0.91,0.31000000000000005,3.1000000000000005,1,N,28590
0.91,0.31000000000000005,3.1000000000000005,2,N,28591
0.91,0.31000000000000005,3.1000000000000005,3,N,28592
0.91,0.31000000000000005,3.1000000000000005,4,N,28593
0.91,0.31000000000000005,3.1000000000000005,5,N,28594
0.91,0.31000000000000005,3.4000000000000004,1,N,28595
0.91,0.31000000000000005,3.4000000000000004,2,N,28596
0.91,0.31000000000000005,3.4000000000000004,3,N,28597
0.91,0.31000000000000005,3.4000000000000004,4,N,28598
0.91,0.31000000000000005,3.4000000000000004,5,N,28599
0.91,0.31000000000000005,3.7,1,N,28600
0.91,0.31000000000000005,3.7,2,N,28601
0.91,0.31000000000000005,3.7,3,N,28602
0.91,0.31000000000000005,3.7,4,N,28603
0.91,0.31000000000000005,3.7,5,N,28604
0.91,0.31000000000000005,4.0,1,N,28605
0.91,0.31000000000000005,4.0,2,N,28606
0.91,0.31000000000000005,4.0,3,N,28607
0.91,0.31000000000000005,4.0,4,N,28608
0.91,0.31000000000000005,4.0,5,N,28609
0.91,0.31000000000000005,4.300000000000002,1,N,28610
0.91,0.31000000000000005,4.300000000000002,2,N,28611
0.91,0.31000000000000005,4.300000000000002,3,N,28612
0.91,0.31000000000000005,4.300000000000002,4,N,28613
0.91,0.31000000000000005,4.300000000000002,5,N,28614
0.91,0.31000000000000005,4.6000000000000005,1,N,28615
0.91,0.31000000000000005,4.6000000000000005,2,N,28616
0.91,0.31000000000000005,4.6000000000000005,3,N,28617
0.91,0.31000000000000005,4.6000000000000005,4,N,28618
0.91,0.31000000000000005,4.6000000000000005,5,N,28619
0.91,0.31000000000000005,4.9,1,N,28620
0.91,0.31000000000000005,4.9,2,N,28621
0.91,0.31000000000000005,4.9,3,N,28622
0.91,0.31000000000000005,4.9,4,N,28623
0.91,0.31000000000000005,4.9,5,N,28624
0.91,0.41,0.01,1,N,28625
0.91,0.41,0.01,2,N,28626
0.91,0.41,0.01,3,N,28627
0.91,0.41,0.01,4,N,28628
0.91,0.41,0.01,5,N,28629
0.91,0.41,0.11,1,N,28630
0.91,0.41,0.11,2,N,28631
0.91,0.41,0.11,3,N,28632
0.91,0.41,0.11,4,N,28633
0.91,0.41,0.11,5,N,28634
0.91,0.41,0.21,1,N,28635
0.91,0.41,0.21,2,N,28636
0.91,0.41,0.21,3,N,28637
0.91,0.41,0.21,4,N,28638
0.91,0.41,0.21,5,N,28639
0.91,0.41,0.31000000000000005,1,N,28640
0.91,0.41,0.31000000000000005,2,N,28641
0.91,0.41,0.31000000000000005,3,N,28642
0.91,0.41,0.31000000000000005,4,N,28643
0.91,0.41,0.31000000000000005,5,N,28644
0.91,0.41,0.41,1,N,28645
0.91,0.41,0.41,2,N,28646
0.91,0.41,0.41,3,N,28647
0.91,0.41,0.41,4,N,28648
0.91,0.41,0.41,5,N,28649
0.91,0.41,0.51,1,N,28650
0.91,0.41,0.51,2,N,28651
0.91,0.41,0.51,3,N,28652
0.91,0.41,0.51,4,N,28653
0.91,0.41,0.51,5,N,28654
0.91,0.41,0.6100000000000001,1,N,28655
0.91,0.41,0.6100000000000001,2,N,28656
0.91,0.41,0.6100000000000001,3,N,28657
0.91,0.41,0.6100000000000001,4,N,28658
0.91,0.41,0.6100000000000001,5,N,28659
0.91,0.41,0.7100000000000001,1,N,28660
0.91,0.41,0.7100000000000001,2,N,28661
0.91,0.41,0.7100000000000001,3,N,28662
0.91,0.41,0.7100000000000001,4,N,28663
0.91,0.41,0.7100000000000001,5,N,28664
0.91,0.41,0.81,1,N,28665
0.91,0.41,0.81,2,N,28666
0.91,0.41,0.81,3,N,28667
0.91,0.41,0.81,4,N,28668
0.91,0.41,0.81,5,N,28669
0.91,0.41,0.91,1,N,28670
0.91,0.41,0.91,2,N,28671
0.91,0.41,0.91,3,N,28672
0.91,0.41,0.91,4,N,28673
0.91,0.41,0.91,5,N,28674
0.91,0.41,1.01,1,N,28675
0.91,0.41,1.01,2,N,28676
0.91,0.41,1.01,3,N,28677
0.91,0.41,1.01,4,N,28678
0.91,0.41,1.01,5,N,28679
0.91,0.41,1.11,1,N,28680
0.91,0.41,1.11,2,N,28681
0.91,0.41,1.11,3,N,28682
0.91,0.41,1.11,4,N,28683
0.91,0.41,1.11,5,N,28684
0.91,0.41,1.3,1,N,28685
0.91,0.41,1.3,2,N,28686
0.91,0.41,1.3,3,N,28687
0.91,0.41,1.3,4,N,28688
0.91,0.41,1.3,5,N,28689
0.91,0.41,1.6,1,N,28690
0.91,0.41,1.6,2,N,28691
0.91,0.41,1.6,3,N,28692
0.91,0.41,1.6,4,N,28693
0.91,0.41,1.6,5,N,28694
0.91,0.41,1.9,1,N,28695
0.91,0.41,1.9,2,N,28696
0.91,0.41,1.9,3,N,28697
0.91,0.41,1.9,4,N,28698
0.91,0.41,1.9,5,N,28699
0.91,0.41,2.2,1,N,28700
0.91,0.41,2.2,2,N,28701
0.91,0.41,2.2,3,N,28702
0.91,0.41,2.2,4,N,28703
0.91,0.41,2.2,5,N,28704
0.91,0.41,2.5,1,N,28705
0.91,0.41,2.5,2,N,28706
0.91,0.41,2.5,3,N,28707
0.91,0.41,2.5,4,N,28708
0.91,0.41,2.5,5,N,28709
0.91,0.41,2.8000000000000003,1,N,28710
0.91,0.41,2.8000000000000003,2,N,28711
0.91,0.41,2.8000000000000003,3,N,28712
0.91,0.41,2.8000000000000003,4,N,28713
0.91,0.41,2.8000000000000003,5,N,28714
0.91,0.41,3.1000000000000005,1,N,28715
0.91,0.41,3.1000000000000005,2,N,28716
0.91,0.41,3.1000000000000005,3,N,28717
0.91,0.41,3.1000000000000005,4,N,28718
0.91,0.41,3.1000000000000005,5,N,28719
0.91,0.41,3.4000000000000004,1,N,28720
0.91,0.41,3.4000000000000004,2,N,28721
0.91,0.41,3.4000000000000004,3,N,28722
0.91,0.41,3.4000000000000004,4,N,28723
0.91,0.41,3.4000000000000004,5,N,28724
0.91,0.41,3.7,1,N,28725
0.91,0.41,3.7,2,N,28726
0.91,0.41,3.7,3,N,28727
0.91,0.41,3.7,4,N,28728
0.91,0.41,3.7,5,N,28729
0.91,0.41,4.0,1,N,28730
0.91,0.41,4.0,2,N,28731
0.91,0.41,4.0,3,N,28732
0.91,0.41,4.0,4,N,28733
0.91,0.41,4.0,5,N,28734
0.91,0.41,4.300000000000002,1,N,28735
0.91,0.41,4.300000000000002,2,N,28736
0.91,0.41,4.300000000000002,3,N,28737
0.91,0.41,4.300000000000002,4,N,28738
0.91,0.41,4.300000000000002,5,N,28739
0.91,0.41,4.6000000000000005,1,N,28740
0.91,0.41,4.6000000000000005,2,N,28741
0.91,0.41,4.6000000000000005,3,N,28742
0.91,0.41,4.6000000000000005,4,N,28743
0.91,0.41,4.6000000000000005,5,N,28744
0.91,0.41,4.9,1,N,28745
0.91,0.41,4.9,2,N,28746
0.91,0.41,4.9,3,N,28747
0.91,0.41,4.9,4,N,28748
0.91,0.41,4.9,5,N,28749
0.91,0.51,0.01,1,N,28750
0.91,0.51,0.01,2,N,28751
0.91,0.51,0.01,3,N,28752
0.91,0.51,0.01,4,N,28753
0.91,0.51,0.01,5,N,28754
0.91,0.51,0.11,1,N,28755
0.91,0.51,0.11,2,N,28756
0.91,0.51,0.11,3,N,28757
0.91,0.51,0.11,4,N,28758
0.91,0.51,0.11,5,N,28759
0.91,0.51,0.21,1,N,28760
0.91,0.51,0.21,2,N,28761
0.91,0.51,0.21,3,N,28762
0.91,0.51,0.21,4,N,28763
0.91,0.51,0.21,5,N,28764
0.91,0.51,0.31000000000000005,1,N,28765
0.91,0.51,0.31000000000000005,2,N,28766
0.91,0.51,0.31000000000000005,3,N,28767
0.91,0.51,0.31000000000000005,4,N,28768
0.91,0.51,0.31000000000000005,5,N,28769
0.91,0.51,0.41,1,N,28770
0.91,0.51,0.41,2,N,28771
0.91,0.51,0.41,3,N,28772
0.91,0.51,0.41,4,N,28773
0.91,0.51,0.41,5,N,28774
0.91,0.51,0.51,1,N,28775
0.91,0.51,0.51,2,N,28776
0.91,0.51,0.51,3,N,28777
0.91,0.51,0.51,4,N,28778
0.91,0.51,0.51,5,N,28779
0.91,0.51,0.6100000000000001,1,N,28780
0.91,0.51,0.6100000000000001,2,N,28781
0.91,0.51,0.6100000000000001,3,N,28782
0.91,0.51,0.6100000000000001,4,N,28783
0.91,0.51,0.6100000000000001,5,N,28784
0.91,0.51,0.7100000000000001,1,N,28785
0.91,0.51,0.7100000000000001,2,N,28786
0.91,0.51,0.7100000000000001,3,N,28787
0.91,0.51,0.7100000000000001,4,N,28788
0.91,0.51,0.7100000000000001,5,N,28789
0.91,0.51,0.81,1,N,28790
0.91,0.51,0.81,2,N,28791
0.91,0.51,0.81,3,N,28792
0.91,0.51,0.81,4,N,28793
0.91,0.51,0.81,5,N,28794
0.91,0.51,0.91,1,N,28795
0.91,0.51,0.91,2,N,28796
0.91,0.51,0.91,3,N,28797
0.91,0.51,0.91,4,N,28798
0.91,0.51,0.91,5,N,28799
0.91,0.51,1.01,1,N,28800
0.91,0.51,1.01,2,N,28801
0.91,0.51,1.01,3,N,28802
0.91,0.51,1.01,4,N,28803
0.91,0.51,1.01,5,N,28804
0.91,0.51,1.11,1,N,28805
0.91,0.51,1.11,2,N,28806
0.91,0.51,1.11,3,N,28807
0.91,0.51,1.11,4,N,28808
0.91,0.51,1.11,5,N,28809
0.91,0.51,1.3,1,N,28810
0.91,0.51,1.3,2,N,28811
0.91,0.51,1.3,3,N,28812
0.91,0.51,1.3,4,N,28813
0.91,0.51,1.3,5,N,28814
0.91,0.51,1.6,1,N,28815
0.91,0.51,1.6,2,N,28816
0.91,0.51,1.6,3,N,28817
0.91,0.51,1.6,4,N,28818
0.91,0.51,1.6,5,N,28819
0.91,0.51,1.9,1,N,28820
0.91,0.51,1.9,2,N,28821
0.91,0.51,1.9,3,N,28822
0.91,0.51,1.9,4,N,28823
0.91,0.51,1.9,5,N,28824
0.91,0.51,2.2,1,N,28825
0.91,0.51,2.2,2,N,28826
0.91,0.51,2.2,3,N,28827
0.91,0.51,2.2,4,N,28828
0.91,0.51,2.2,5,N,28829
0.91,0.51,2.5,1,N,28830
0.91,0.51,2.5,2,N,28831
0.91,0.51,2.5,3,N,28832
0.91,0.51,2.5,4,N,28833
0.91,0.51,2.5,5,N,28834
0.91,0.51,2.8000000000000003,1,N,28835
0.91,0.51,2.8000000000000003,2,N,28836
0.91,0.51,2.8000000000000003,3,N,28837
0.91,0.51,2.8000000000000003,4,N,28838
0.91,0.51,2.8000000000000003,5,N,28839
0.91,0.51,3.1000000000000005,1,N,28840
0.91,0.51,3.1000000000000005,2,N,28841
0.91,0.51,3.1000000000000005,3,N,28842
0.91,0.51,3.1000000000000005,4,N,28843
0.91,0.51,3.1000000000000005,5,N,28844
0.91,0.51,3.4000000000000004,1,N,28845
0.91,0.51,3.4000000000000004,2,N,28846
0.91,0.51,3.4000000000000004,3,N,28847
0.91,0.51,3.4000000000000004,4,N,28848
0.91,0.51,3.4000000000000004,5,N,28849
0.91,0.51,3.7,1,N,28850
0.91,0.51,3.7,2,N,28851
0.91,0.51,3.7,3,N,28852
0.91,0.51,3.7,4,N,28853
0.91,0.51,3.7,5,N,28854
0.91,0.51,4.0,1,N,28855
0.91,0.51,4.0,2,N,28856
0.91,0.51,4.0,3,N,28857
0.91,0.51,4.0,4,N,28858
0.91,0.51,4.0,5,N,28859
0.91,0.51,4.300000000000002,1,N,28860
0.91,0.51,4.300000000000002,2,N,28861
0.91,0.51,4.300000000000002,3,N,28862
0.91,0.51,4.300000000000002,4,N,28863
0.91,0.51,4.300000000000002,5,N,28864
0.91,0.51,4.6000000000000005,1,N,28865
0.91,0.51,4.6000000000000005,2,N,28866
0.91,0.51,4.6000000000000005,3,N,28867
0.91,0.51,4.6000000000000005,4,N,28868
0.91,0.51,4.6000000000000005,5,N,28869
0.91,0.51,4.9,1,N,28870
0.91,0.51,4.9,2,N,28871
0.91,0.51,4.9,3,N,28872
0.91,0.51,4.9,4,N,28873
0.91,0.51,4.9,5,N,28874
0.91,0.6100000000000001,0.01,1,N,28875
0.91,0.6100000000000001,0.01,2,N,28876
0.91,0.6100000000000001,0.01,3,N,28877
0.91,0.6100000000000001,0.01,4,N,28878
0.91,0.6100000000000001,0.01,5,N,28879
0.91,0.6100000000000001,0.11,1,N,28880
0.91,0.6100000000000001,0.11,2,N,28881
0.91,0.6100000000000001,0.11,3,N,28882
0.91,0.6100000000000001,0.11,4,N,28883
0.91,0.6100000000000001,0.11,5,N,28884
0.91,0.6100000000000001,0.21,1,N,28885
0.91,0.6100000000000001,0.21,2,N,28886
0.91,0.6100000000000001,0.21,3,N,28887
0.91,0.6100000000000001,0.21,4,N,28888
0.91,0.6100000000000001,0.21,5,N,28889
0.91,0.6100000000000001,0.31000000000000005,1,N,28890
0.91,0.6100000000000001,0.31000000000000005,2,N,28891
0.91,0.6100000000000001,0.31000000000000005,3,N,28892
0.91,0.6100000000000001,0.31000000000000005,4,N,28893
0.91,0.6100000000000001,0.31000000000000005,5,N,28894
0.91,0.6100000000000001,0.41,1,N,28895
0.91,0.6100000000000001,0.41,2,N,28896
0.91,0.6100000000000001,0.41,3,N,28897
0.91,0.6100000000000001,0.41,4,N,28898
0.91,0.6100000000000001,0.41,5,N,28899
0.91,0.6100000000000001,0.51,1,N,28900
0.91,0.6100000000000001,0.51,2,N,28901
0.91,0.6100000000000001,0.51,3,N,28902
0.91,0.6100000000000001,0.51,4,N,28903
0.91,0.6100000000000001,0.51,5,N,28904
0.91,0.6100000000000001,0.6100000000000001,1,N,28905
0.91,0.6100000000000001,0.6100000000000001,2,N,28906
0.91,0.6100000000000001,0.6100000000000001,3,N,28907
0.91,0.6100000000000001,0.6100000000000001,4,N,28908
0.91,0.6100000000000001,0.6100000000000001,5,N,28909
0.91,0.6100000000000001,0.7100000000000001,1,N,28910
0.91,0.6100000000000001,0.7100000000000001,2,N,28911
0.91,0.6100000000000001,0.7100000000000001,3,N,28912
0.91,0.6100000000000001,0.7100000000000001,4,N,28913
0.91,0.6100000000000001,0.7100000000000001,5,N,28914
0.91,0.6100000000000001,0.81,1,N,28915
0.91,0.6100000000000001,0.81,2,N,28916
0.91,0.6100000000000001,0.81,3,N,28917
0.91,0.6100000000000001,0.81,4,N,28918
0.91,0.6100000000000001,0.81,5,N,28919
0.91,0.6100000000000001,0.91,1,N,28920
0.91,0.6100000000000001,0.91,2,N,28921
0.91,0.6100000000000001,0.91,3,N,28922
0.91,0.6100000000000001,0.91,4,N,28923
0.91,0.6100000000000001,0.91,5,N,28924
0.91,0.6100000000000001,1.01,1,N,28925
0.91,0.6100000000000001,1.01,2,N,28926
0.91,0.6100000000000001,1.01,3,N,28927
0.91,0.6100000000000001,1.01,4,N,28928
0.91,0.6100000000000001,1.01,5,N,28929
0.91,0.6100000000000001,1.11,1,N,28930
0.91,0.6100000000000001,1.11,2,N,28931
0.91,0.6100000000000001,1.11,3,N,28932
0.91,0.6100000000000001,1.11,4,N,28933
0.91,0.6100000000000001,1.11,5,N,28934
0.91,0.6100000000000001,1.3,1,N,28935
0.91,0.6100000000000001,1.3,2,N,28936
0.91,0.6100000000000001,1.3,3,N,28937
0.91,0.6100000000000001,1.3,4,N,28938
0.91,0.6100000000000001,1.3,5,N,28939
0.91,0.6100000000000001,1.6,1,N,28940
0.91,0.6100000000000001,1.6,2,N,28941
0.91,0.6100000000000001,1.6,3,N,28942
0.91,0.6100000000000001,1.6,4,N,28943
0.91,0.6100000000000001,1.6,5,N,28944
0.91,0.6100000000000001,1.9,1,N,28945
0.91,0.6100000000000001,1.9,2,N,28946
0.91,0.6100000000000001,1.9,3,N,28947
0.91,0.6100000000000001,1.9,4,N,28948
0.91,0.6100000000000001,1.9,5,N,28949
0.91,0.6100000000000001,2.2,1,N,28950
0.91,0.6100000000000001,2.2,2,N,28951
0.91,0.6100000000000001,2.2,3,N,28952
0.91,0.6100000000000001,2.2,4,N,28953
0.91,0.6100000000000001,2.2,5,N,28954
0.91,0.6100000000000001,2.5,1,N,28955
0.91,0.6100000000000001,2.5,2,N,28956
0.91,0.6100000000000001,2.5,3,N,28957
0.91,0.6100000000000001,2.5,4,N,28958
0.91,0.6100000000000001,2.5,5,N,28959
0.91,0.6100000000000001,2.8000000000000003,1,N,28960
0.91,0.6100000000000001,2.8000000000000003,2,N,28961
0.91,0.6100000000000001,2.8000000000000003,3,N,28962
0.91,0.6100000000000001,2.8000000000000003,4,N,28963
0.91,0.6100000000000001,2.8000000000000003,5,N,28964
0.91,0.6100000000000001,3.1000000000000005,1,N,28965
0.91,0.6100000000000001,3.1000000000000005,2,N,28966
0.91,0.6100000000000001,3.1000000000000005,3,N,28967
0.91,0.6100000000000001,3.1000000000000005,4,N,28968
0.91,0.6100000000000001,3.1000000000000005,5,N,28969
0.91,0.6100000000000001,3.4000000000000004,1,N,28970
0.91,0.6100000000000001,3.4000000000000004,2,N,28971
0.91,0.6100000000000001,3.4000000000000004,3,N,28972
0.91,0.6100000000000001,3.4000000000000004,4,N,28973
0.91,0.6100000000000001,3.4000000000000004,5,N,28974
0.91,0.6100000000000001,3.7,1,N,28975
0.91,0.6100000000000001,3.7,2,N,28976
0.91,0.6100000000000001,3.7,3,N,28977
0.91,0.6100000000000001,3.7,4,N,28978
0.91,0.6100000000000001,3.7,5,N,28979
0.91,0.6100000000000001,4.0,1,N,28980
0.91,0.6100000000000001,4.0,2,N,28981
0.91,0.6100000000000001,4.0,3,N,28982
0.91,0.6100000000000001,4.0,4,N,28983
0.91,0.6100000000000001,4.0,5,N,28984
0.91,0.6100000000000001,4.300000000000002,1,N,28985
0.91,0.6100000000000001,4.300000000000002,2,N,28986
0.91,0.6100000000000001,4.300000000000002,3,N,28987
0.91,0.6100000000000001,4.300000000000002,4,N,28988
0.91,0.6100000000000001,4.300000000000002,5,N,28989
0.91,0.6100000000000001,4.6000000000000005,1,N,28990
0.91,0.6100000000000001,4.6000000000000005,2,N,28991
0.91,0.6100000000000001,4.6000000000000005,3,N,28992
0.91,0.6100000000000001,4.6000000000000005,4,N,28993
0.91,0.6100000000000001,4.6000000000000005,5,N,28994
0.91,0.6100000000000001,4.9,1,N,28995
0.91,0.6100000000000001,4.9,2,N,28996
0.91,0.6100000000000001,4.9,3,N,28997
0.91,0.6100000000000001,4.9,4,N,28998
0.91,0.6100000000000001,4.9,5,N,28999
0.91,0.7100000000000001,0.01,1,N,29000
0.91,0.7100000000000001,0.01,2,N,29001
0.91,0.7100000000000001,0.01,3,N,29002
0.91,0.7100000000000001,0.01,4,N,29003
0.91,0.7100000000000001,0.01,5,N,29004
0.91,0.7100000000000001,0.11,1,N,29005
0.91,0.7100000000000001,0.11,2,N,29006
0.91,0.7100000000000001,0.11,3,N,29007
0.91,0.7100000000000001,0.11,4,N,29008
0.91,0.7100000000000001,0.11,5,N,29009
0.91,0.7100000000000001,0.21,1,N,29010
0.91,0.7100000000000001,0.21,2,N,29011
0.91,0.7100000000000001,0.21,3,N,29012
0.91,0.7100000000000001,0.21,4,N,29013
0.91,0.7100000000000001,0.21,5,N,29014
0.91,0.7100000000000001,0.31000000000000005,1,N,29015
0.91,0.7100000000000001,0.31000000000000005,2,N,29016
0.91,0.7100000000000001,0.31000000000000005,3,N,29017
0.91,0.7100000000000001,0.31000000000000005,4,N,29018
0.91,0.7100000000000001,0.31000000000000005,5,N,29019
0.91,0.7100000000000001,0.41,1,N,29020
0.91,0.7100000000000001,0.41,2,N,29021
0.91,0.7100000000000001,0.41,3,N,29022
0.91,0.7100000000000001,0.41,4,N,29023
0.91,0.7100000000000001,0.41,5,N,29024
0.91,0.7100000000000001,0.51,1,N,29025
0.91,0.7100000000000001,0.51,2,N,29026
0.91,0.7100000000000001,0.51,3,N,29027
0.91,0.7100000000000001,0.51,4,N,29028
0.91,0.7100000000000001,0.51,5,N,29029
0.91,0.7100000000000001,0.6100000000000001,1,N,29030
0.91,0.7100000000000001,0.6100000000000001,2,N,29031
0.91,0.7100000000000001,0.6100000000000001,3,N,29032
0.91,0.7100000000000001,0.6100000000000001,4,N,29033
0.91,0.7100000000000001,0.6100000000000001,5,N,29034
0.91,0.7100000000000001,0.7100000000000001,1,N,29035
0.91,0.7100000000000001,0.7100000000000001,2,N,29036
0.91,0.7100000000000001,0.7100000000000001,3,N,29037
0.91,0.7100000000000001,0.7100000000000001,4,N,29038
0.91,0.7100000000000001,0.7100000000000001,5,N,29039
0.91,0.7100000000000001,0.81,1,N,29040
0.91,0.7100000000000001,0.81,2,N,29041
0.91,0.7100000000000001,0.81,3,N,29042
0.91,0.7100000000000001,0.81,4,N,29043
0.91,0.7100000000000001,0.81,5,N,29044
0.91,0.7100000000000001,0.91,1,N,29045
0.91,0.7100000000000001,0.91,2,N,29046
0.91,0.7100000000000001,0.91,3,N,29047
0.91,0.7100000000000001,0.91,4,N,29048
0.91,0.7100000000000001,0.91,5,N,29049
0.91,0.7100000000000001,1.01,1,N,29050
0.91,0.7100000000000001,1.01,2,N,29051
0.91,0.7100000000000001,1.01,3,N,29052
0.91,0.7100000000000001,1.01,4,N,29053
0.91,0.7100000000000001,1.01,5,N,29054
0.91,0.7100000000000001,1.11,1,N,29055
0.91,0.7100000000000001,1.11,2,N,29056
0.91,0.7100000000000001,1.11,3,N,29057
0.91,0.7100000000000001,1.11,4,N,29058
0.91,0.7100000000000001,1.11,5,N,29059
0.91,0.7100000000000001,1.3,1,N,29060
0.91,0.7100000000000001,1.3,2,N,29061
0.91,0.7100000000000001,1.3,3,N,29062
0.91,0.7100000000000001,1.3,4,N,29063
0.91,0.7100000000000001,1.3,5,N,29064
0.91,0.7100000000000001,1.6,1,N,29065
0.91,0.7100000000000001,1.6,2,N,29066
0.91,0.7100000000000001,1.6,3,N,29067
0.91,0.7100000000000001,1.6,4,N,29068
0.91,0.7100000000000001,1.6,5,N,29069
0.91,0.7100000000000001,1.9,1,N,29070
0.91,0.7100000000000001,1.9,2,N,29071
0.91,0.7100000000000001,1.9,3,N,29072
0.91,0.7100000000000001,1.9,4,N,29073
0.91,0.7100000000000001,1.9,5,N,29074
0.91,0.7100000000000001,2.2,1,N,29075
0.91,0.7100000000000001,2.2,2,N,29076
0.91,0.7100000000000001,2.2,3,N,29077
0.91,0.7100000000000001,2.2,4,N,29078
0.91,0.7100000000000001,2.2,5,N,29079
0.91,0.7100000000000001,2.5,1,N,29080
0.91,0.7100000000000001,2.5,2,N,29081
0.91,0.7100000000000001,2.5,3,N,29082
0.91,0.7100000000000001,2.5,4,N,29083
0.91,0.7100000000000001,2.5,5,N,29084
0.91,0.7100000000000001,2.8000000000000003,1,N,29085
0.91,0.7100000000000001,2.8000000000000003,2,N,29086
0.91,0.7100000000000001,2.8000000000000003,3,N,29087
0.91,0.7100000000000001,2.8000000000000003,4,N,29088
0.91,0.7100000000000001,2.8000000000000003,5,N,29089
0.91,0.7100000000000001,3.1000000000000005,1,N,29090
0.91,0.7100000000000001,3.1000000000000005,2,N,29091
0.91,0.7100000000000001,3.1000000000000005,3,N,29092
0.91,0.7100000000000001,3.1000000000000005,4,N,29093
0.91,0.7100000000000001,3.1000000000000005,5,N,29094
0.91,0.7100000000000001,3.4000000000000004,1,N,29095
0.91,0.7100000000000001,3.4000000000000004,2,N,29096
0.91,0.7100000000000001,3.4000000000000004,3,N,29097
0.91,0.7100000000000001,3.4000000000000004,4,N,29098
0.91,0.7100000000000001,3.4000000000000004,5,N,29099
0.91,0.7100000000000001,3.7,1,N,29100
0.91,0.7100000000000001,3.7,2,N,29101
0.91,0.7100000000000001,3.7,3,N,29102
0.91,0.7100000000000001,3.7,4,N,29103
0.91,0.7100000000000001,3.7,5,N,29104
0.91,0.7100000000000001,4.0,1,N,29105
0.91,0.7100000000000001,4.0,2,N,29106
0.91,0.7100000000000001,4.0,3,N,29107
0.91,0.7100000000000001,4.0,4,N,29108
0.91,0.7100000000000001,4.0,5,N,29109
0.91,0.7100000000000001,4.300000000000002,1,N,29110
0.91,0.7100000000000001,4.300000000000002,2,N,29111
0.91,0.7100000000000001,4.300000000000002,3,N,29112
0.91,0.7100000000000001,4.300000000000002,4,N,29113
0.91,0.7100000000000001,4.300000000000002,5,N,29114
0.91,0.7100000000000001,4.6000000000000005,1,N,29115
0.91,0.7100000000000001,4.6000000000000005,2,N,29116
0.91,0.7100000000000001,4.6000000000000005,3,N,29117
0.91,0.7100000000000001,4.6000000000000005,4,N,29118
0.91,0.7100000000000001,4.6000000000000005,5,N,29119
0.91,0.7100000000000001,4.9,1,N,29120
0.91,0.7100000000000001,4.9,2,N,29121
0.91,0.7100000000000001,4.9,3,N,29122
0.91,0.7100000000000001,4.9,4,N,29123
0.91,0.7100000000000001,4.9,5,N,29124
0.91,0.81,0.01,1,N,29125
0.91,0.81,0.01,2,N,29126
0.91,0.81,0.01,3,N,29127
0.91,0.81,0.01,4,N,29128
0.91,0.81,0.01,5,N,29129
0.91,0.81,0.11,1,N,29130
0.91,0.81,0.11,2,N,29131
0.91,0.81,0.11,3,N,29132
0.91,0.81,0.11,4,N,29133
0.91,0.81,0.11,5,N,29134
0.91,0.81,0.21,1,N,29135
0.91,0.81,0.21,2,N,29136
0.91,0.81,0.21,3,N,29137
0.91,0.81,0.21,4,N,29138
0.91,0.81,0.21,5,N,29139
0.91,0.81,0.31000000000000005,1,N,29140
0.91,0.81,0.31000000000000005,2,N,29141
0.91,0.81,0.31000000000000005,3,N,29142
0.91,0.81,0.31000000000000005,4,N,29143
0.91,0.81,0.31000000000000005,5,N,29144
0.91,0.81,0.41,1,N,29145
0.91,0.81,0.41,2,N,29146
0.91,0.81,0.41,3,N,29147
0.91,0.81,0.41,4,N,29148
0.91,0.81,0.41,5,N,29149
0.91,0.81,0.51,1,N,29150
0.91,0.81,0.51,2,N,29151
0.91,0.81,0.51,3,N,29152
0.91,0.81,0.51,4,N,29153
0.91,0.81,0.51,5,N,29154
0.91,0.81,0.6100000000000001,1,N,29155
0.91,0.81,0.6100000000000001,2,N,29156
0.91,0.81,0.6100000000000001,3,N,29157
0.91,0.81,0.6100000000000001,4,N,29158
0.91,0.81,0.6100000000000001,5,N,29159
0.91,0.81,0.7100000000000001,1,N,29160
0.91,0.81,0.7100000000000001,2,N,29161
0.91,0.81,0.7100000000000001,3,N,29162
0.91,0.81,0.7100000000000001,4,N,29163
0.91,0.81,0.7100000000000001,5,N,29164
0.91,0.81,0.81,1,N,29165
0.91,0.81,0.81,2,N,29166
0.91,0.81,0.81,3,N,29167
0.91,0.81,0.81,4,N,29168
0.91,0.81,0.81,5,N,29169
0.91,0.81,0.91,1,N,29170
0.91,0.81,0.91,2,N,29171
0.91,0.81,0.91,3,N,29172
0.91,0.81,0.91,4,N,29173
0.91,0.81,0.91,5,N,29174
0.91,0.81,1.01,1,N,29175
0.91,0.81,1.01,2,N,29176
0.91,0.81,1.01,3,N,29177
0.91,0.81,1.01,4,N,29178
0.91,0.81,1.01,5,N,29179
0.91,0.81,1.11,1,N,29180
0.91,0.81,1.11,2,N,29181
0.91,0.81,1.11,3,N,29182
0.91,0.81,1.11,4,N,29183
0.91,0.81,1.11,5,N,29184
0.91,0.81,1.3,1,N,29185
0.91,0.81,1.3,2,N,29186
0.91,0.81,1.3,3,N,29187
0.91,0.81,1.3,4,N,29188
0.91,0.81,1.3,5,N,29189
0.91,0.81,1.6,1,N,29190
0.91,0.81,1.6,2,N,29191
0.91,0.81,1.6,3,N,29192
0.91,0.81,1.6,4,N,29193
0.91,0.81,1.6,5,N,29194
0.91,0.81,1.9,1,N,29195
0.91,0.81,1.9,2,N,29196
0.91,0.81,1.9,3,N,29197
0.91,0.81,1.9,4,N,29198
0.91,0.81,1.9,5,N,29199
0.91,0.81,2.2,1,N,29200
0.91,0.81,2.2,2,N,29201
0.91,0.81,2.2,3,N,29202
0.91,0.81,2.2,4,N,29203
0.91,0.81,2.2,5,N,29204
0.91,0.81,2.5,1,N,29205
0.91,0.81,2.5,2,N,29206
0.91,0.81,2.5,3,N,29207
0.91,0.81,2.5,4,N,29208
0.91,0.81,2.5,5,N,29209
0.91,0.81,2.8000000000000003,1,N,29210
0.91,0.81,2.8000000000000003,2,N,29211
0.91,0.81,2.8000000000000003,3,N,29212
0.91,0.81,2.8000000000000003,4,N,29213
0.91,0.81,2.8000000000000003,5,N,29214
0.91,0.81,3.1000000000000005,1,N,29215
0.91,0.81,3.1000000000000005,2,N,29216
0.91,0.81,3.1000000000000005,3,N,29217
0.91,0.81,3.1000000000000005,4,N,29218
0.91,0.81,3.1000000000000005,5,Y,29219
0.91,0.81,3.4000000000000004,1,N,29220
0.91,0.81,3.4000000000000004,2,N,29221
0.91,0.81,3.4000000000000004,3,N,29222
0.91,0.81,3.4000000000000004,4,N,29223
0.91,0.81,3.4000000000000004,5,N,29224
0.91,0.81,3.7,1,N,29225
0.91,0.81,3.7,2,N,29226
0.91,0.81,3.7,3,N,29227
0.91,0.81,3.7,4,N,29228
0.91,0.81,3.7,5,N,29229
0.91,0.81,4.0,1,N,29230
0.91,0.81,4.0,2,N,29231
0.91,0.81,4.0,3,N,29232
0.91,0.81,4.0,4,N,29233
0.91,0.81,4.0,5,N,29234
0.91,0.81,4.300000000000002,1,N,29235
0.91,0.81,4.300000000000002,2,N,29236
0.91,0.81,4.300000000000002,3,N,29237
0.91,0.81,4.300000000000002,4,N,29238
0.91,0.81,4.300000000000002,5,N,29239
0.91,0.81,4.6000000000000005,1,N,29240
0.91,0.81,4.6000000000000005,2,N,29241
0.91,0.81,4.6000000000000005,3,N,29242
0.91,0.81,4.6000000000000005,4,N,29243
0.91,0.81,4.6000000000000005,5,N,29244
0.91,0.81,4.9,1,N,29245
0.91,0.81,4.9,2,N,29246
0.91,0.81,4.9,3,N,29247
0.91,0.81,4.9,4,N,29248
0.91,0.81,4.9,5,N,29249
0.91,0.91,0.01,1,N,29250
0.91,0.91,0.01,2,N,29251
0.91,0.91,0.01,3,N,29252
0.91,0.91,0.01,4,N,29253
0.91,0.91,0.01,5,N,29254
0.91,0.91,0.11,1,N,29255
0.91,0.91,0.11,2,N,29256
0.91,0.91,0.11,3,N,29257
0.91,0.91,0.11,4,N,29258
0.91,0.91,0.11,5,N,29259
0.91,0.91,0.21,1,N,29260
0.91,0.91,0.21,2,N,29261
0.91,0.91,0.21,3,N,29262
0.91,0.91,0.21,4,N,29263
0.91,0.91,0.21,5,N,29264
0.91,0.91,0.31000000000000005,1,N,29265
0.91,0.91,0.31000000000000005,2,N,29266
0.91,0.91,0.31000000000000005,3,N,29267
0.91,0.91,0.31000000000000005,4,N,29268
0.91,0.91,0.31000000000000005,5,N,29269
0.91,0.91,0.41,1,N,29270
0.91,0.91,0.41,2,N,29271
0.91,0.91,0.41,3,N,29272
0.91,0.91,0.41,4,N,29273
0.91,0.91,0.41,5,N,29274
0.91,0.91,0.51,1,N,29275
0.91,0.91,0.51,2,N,29276
0.91,0.91,0.51,3,N,29277
0.91,0.91,0.51,4,N,29278
0.91,0.91,0.51,5,N,29279
0.91,0.91,0.6100000000000001,1,N,29280
0.91,0.91,0.6100000000000001,2,N,29281
0.91,0.91,0.6100000000000001,3,N,29282
0.91,0.91,0.6100000000000001,4,N,29283
0.91,0.91,0.6100000000000001,5,N,29284
0.91,0.91,0.7100000000000001,1,N,29285
0.91,0.91,0.7100000000000001,2,N,29286
0.91,0.91,0.7100000000000001,3,N,29287
0.91,0.91,0.7100000000000001,4,N,29288
0.91,0.91,0.7100000000000001,5,N,29289
0.91,0.91,0.81,1,N,29290
0.91,0.91,0.81,2,N,29291
0.91,0.91,0.81,3,N,29292
0.91,0.91,0.81,4,N,29293
0.91,0.91,0.81,5,N,29294
0.91,0.91,0.91,1,N,29295
0.91,0.91,0.91,2,N,29296
0.91,0.91,0.91,3,N,29297
0.91,0.91,0.91,4,N,29298
0.91,0.91,0.91,5,N,29299
0.91,0.91,1.01,1,N,29300
0.91,0.91,1.01,2,N,29301
0.91,0.91,1.01,3,N,29302
0.91,0.91,1.01,4,N,29303
0.91,0.91,1.01,5,N,29304
0.91,0.91,1.11,1,N,29305
0.91,0.91,1.11,2,N,29306
0.91,0.91,1.11,3,N,29307
0.91,0.91,1.11,4,N,29308
0.91,0.91,1.11,5,N,29309
0.91,0.91,1.3,1,N,29310
0.91,0.91,1.3,2,N,29311
0.91,0.91,1.3,3,N,29312
0.91,0.91,1.3,4,N,29313
0.91,0.91,1.3,5,N,29314
0.91,0.91,1.6,1,N,29315
0.91,0.91,1.6,2,N,29316
0.91,0.91,1.6,3,N,29317
0.91,0.91,1.6,4,N,29318
0.91,0.91,1.6,5,N,29319
0.91,0.91,1.9,1,N,29320
0.91,0.91,1.9,2,N,29321
0.91,0.91,1.9,3,N,29322
0.91,0.91,1.9,4,N,29323
0.91,0.91,1.9,5,N,29324
0.91,0.91,2.2,1,N,29325
0.91,0.91,2.2,2,N,29326
0.91,0.91,2.2,3,N,29327
0.91,0.91,2.2,4,N,29328
0.91,0.91,2.2,5,N,29329
0.91,0.91,2.5,1,N,29330
0.91,0.91,2.5,2,N,29331
0.91,0.91,2.5,3,N,29332
0.91,0.91,2.5,4,N,29333
0.91,0.91,2.5,5,N,29334
0.91,0.91,2.8000000000000003,1,N,29335
0.91,0.91,2.8000000000000003,2,N,29336
0.91,0.91,2.8000000000000003,3,N,29337
0.91,0.91,2.8000000000000003,4,N,29338
0.91,0.91,2.8000000000000003,5,N,29339
0.91,0.91,3.1000000000000005,1,N,29340
0.91,0.91,3.1000000000000005,2,N,29341
0.91,0.91,3.1000000000000005,3,N,29342
0.91,0.91,3.1000000000000005,4,N,29343
0.91,0.91,3.1000000000000005,5,N,29344
0.91,0.91,3.4000000000000004,1,N,29345
0.91,0.91,3.4000000000000004,2,N,29346
0.91,0.91,3.4000000000000004,3,N,29347
0.91,0.91,3.4000000000000004,4,N,29348
0.91,0.91,3.4000000000000004,5,N,29349
0.91,0.91,3.7,1,N,29350
0.91,0.91,3.7,2,N,29351
0.91,0.91,3.7,3,N,29352
0.91,0.91,3.7,4,N,29353
0.91,0.91,3.7,5,N,29354
0.91,0.91,4.0,1,N,29355
0.91,0.91,4.0,2,N,29356
0.91,0.91,4.0,3,N,29357
0.91,0.91,4.0,4,N,29358
0.91,0.91,4.0,5,N,29359
0.91,0.91,4.300000000000002,1,N,29360
0.91,0.91,4.300000000000002,2,N,29361
0.91,0.91,4.300000000000002,3,N,29362
0.91,0.91,4.300000000000002,4,N,29363
0.91,0.91,4.300000000000002,5,N,29364
0.91,0.91,4.6000000000000005,1,N,29365
0.91,0.91,4.6000000000000005,2,N,29366
0.91,0.91,4.6000000000000005,3,N,29367
0.91,0.91,4.6000000000000005,4,N,29368
0.91,0.91,4.6000000000000005,5,N,29369
0.91,0.91,4.9,1,N,29370
0.91,0.91,4.9,2,N,29371
0.91,0.91,4.9,3,N,29372
0.91,0.91,4.9,4,N,29373
0.91,0.91,4.9,5,N,29374
0.91,1.01,0.01,1,N,29375
0.91,1.01,0.01,2,N,29376
0.91,1.01,0.01,3,N,29377
0.91,1.01,0.01,4,N,29378
0.91,1.01,0.01,5,N,29379
0.91,1.01,0.11,1,N,29380
0.91,1.01,0.11,2,N,29381
0.91,1.01,0.11,3,N,29382
0.91,1.01,0.11,4,N,29383
0.91,1.01,0.11,5,N,29384
0.91,1.01,0.21,1,N,29385
0.91,1.01,0.21,2,N,29386
0.91,1.01,0.21,3,N,29387
0.91,1.01,0.21,4,N,29388
0.91,1.01,0.21,5,N,29389
0.91,1.01,0.31000000000000005,1,N,29390
0.91,1.01,0.31000000000000005,2,N,29391
0.91,1.01,0.31000000000000005,3,N,29392
0.91,1.01,0.31000000000000005,4,N,29393
0.91,1.01,0.31000000000000005,5,N,29394
0.91,1.01,0.41,1,N,29395
0.91,1.01,0.41,2,N,29396
0.91,1.01,0.41,3,N,29397
0.91,1.01,0.41,4,N,29398
0.91,1.01,0.41,5,N,29399
0.91,1.01,0.51,1,N,29400
0.91,1.01,0.51,2,N,29401
0.91,1.01,0.51,3,N,29402
0.91,1.01,0.51,4,N,29403
0.91,1.01,0.51,5,N,29404
0.91,1.01,0.6100000000000001,1,N,29405
0.91,1.01,0.6100000000000001,2,N,29406
0.91,1.01,0.6100000000000001,3,N,29407
0.91,1.01,0.6100000000000001,4,N,29408
0.91,1.01,0.6100000000000001,5,N,29409
0.91,1.01,0.7100000000000001,1,N,29410
0.91,1.01,0.7100000000000001,2,N,29411
0.91,1.01,0.7100000000000001,3,N,29412
0.91,1.01,0.7100000000000001,4,N,29413
0.91,1.01,0.7100000000000001,5,N,29414
0.91,1.01,0.81,1,N,29415
0.91,1.01,0.81,2,N,29416
0.91,1.01,0.81,3,N,29417
0.91,1.01,0.81,4,N,29418
0.91,1.01,0.81,5,N,29419
0.91,1.01,0.91,1,N,29420
0.91,1.01,0.91,2,N,29421
0.91,1.01,0.91,3,N,29422
0.91,1.01,0.91,4,N,29423
0.91,1.01,0.91,5,N,29424
0.91,1.01,1.01,1,N,29425
0.91,1.01,1.01,2,N,29426
0.91,1.01,1.01,3,N,29427
0.91,1.01,1.01,4,N,29428
0.91,1.01,1.01,5,N,29429
0.91,1.01,1.11,1,N,29430
0.91,1.01,1.11,2,N,29431
0.91,1.01,1.11,3,N,29432
0.91,1.01,1.11,4,N,29433
0.91,1.01,1.11,5,N,29434
0.91,1.01,1.3,1,N,29435
0.91,1.01,1.3,2,N,29436
0.91,1.01,1.3,3,N,29437
0.91,1.01,1.3,4,N,29438
0.91,1.01,1.3,5,N,29439
0.91,1.01,1.6,1,N,29440
0.91,1.01,1.6,2,N,29441
0.91,1.01,1.6,3,N,29442
0.91,1.01,1.6,4,N,29443
0.91,1.01,1.6,5,N,29444
0.91,1.01,1.9,1,N,29445
0.91,1.01,1.9,2,N,29446
0.91,1.01,1.9,3,N,29447
0.91,1.01,1.9,4,N,29448
0.91,1.01,1.9,5,N,29449
0.91,1.01,2.2,1,N,29450
0.91,1.01,2.2,2,N,29451
0.91,1.01,2.2,3,N,29452
0.91,1.01,2.2,4,N,29453
0.91,1.01,2.2,5,N,29454
0.91,1.01,2.5,1,N,29455
0.91,1.01,2.5,2,N,29456
0.91,1.01,2.5,3,N,29457
0.91,1.01,2.5,4,N,29458
0.91,1.01,2.5,5,N,29459
0.91,1.01,2.8000000000000003,1,N,29460
0.91,1.01,2.8000000000000003,2,N,29461
0.91,1.01,2.8000000000000003,3,N,29462
0.91,1.01,2.8000000000000003,4,N,29463
0.91,1.01,2.8000000000000003,5,N,29464
0.91,1.01,3.1000000000000005,1,N,29465
0.91,1.01,3.1000000000000005,2,N,29466
0.91,1.01,3.1000000000000005,3,N,29467
0.91,1.01,3.1000000000000005,4,N,29468
0.91,1.01,3.1000000000000005,5,N,29469
0.91,1.01,3.4000000000000004,1,N,29470
0.91,1.01,3.4000000000000004,2,N,29471
0.91,1.01,3.4000000000000004,3,N,29472
0.91,1.01,3.4000000000000004,4,N,29473
0.91,1.01,3.4000000000000004,5,N,29474
0.91,1.01,3.7,1,N,29475
0.91,1.01,3.7,2,N,29476
0.91,1.01,3.7,3,N,29477
0.91,1.01,3.7,4,N,29478
0.91,1.01,3.7,5,N,29479
0.91,1.01,4.0,1,N,29480
0.91,1.01,4.0,2,N,29481
0.91,1.01,4.0,3,N,29482
0.91,1.01,4.0,4,N,29483
0.91,1.01,4.0,5,N,29484
0.91,1.01,4.300000000000002,1,N,29485
0.91,1.01,4.300000000000002,2,N,29486
0.91,1.01,4.300000000000002,3,N,29487
0.91,1.01,4.300000000000002,4,N,29488
0.91,1.01,4.300000000000002,5,N,29489
0.91,1.01,4.6000000000000005,1,N,29490
0.91,1.01,4.6000000000000005,2,N,29491
0.91,1.01,4.6000000000000005,3,N,29492
0.91,1.01,4.6000000000000005,4,N,29493
0.91,1.01,4.6000000000000005,5,N,29494
0.91,1.01,4.9,1,N,29495
0.91,1.01,4.9,2,N,29496
0.91,1.01,4.9,3,N,29497
0.91,1.01,4.9,4,N,29498
0.91,1.01,4.9,5,N,29499
0.91,1.11,0.01,1,N,29500
0.91,1.11,0.01,2,N,29501
0.91,1.11,0.01,3,N,29502
0.91,1.11,0.01,4,N,29503
0.91,1.11,0.01,5,N,29504
0.91,1.11,0.11,1,N,29505
0.91,1.11,0.11,2,N,29506
0.91,1.11,0.11,3,N,29507
0.91,1.11,0.11,4,N,29508
0.91,1.11,0.11,5,N,29509
0.91,1.11,0.21,1,N,29510
0.91,1.11,0.21,2,N,29511
0.91,1.11,0.21,3,N,29512
0.91,1.11,0.21,4,N,29513
0.91,1.11,0.21,5,N,29514
0.91,1.11,0.31000000000000005,1,N,29515
0.91,1.11,0.31000000000000005,2,N,29516
0.91,1.11,0.31000000000000005,3,N,29517
0.91,1.11,0.31000000000000005,4,N,29518
0.91,1.11,0.31000000000000005,5,N,29519
0.91,1.11,0.41,1,N,29520
0.91,1.11,0.41,2,N,29521
0.91,1.11,0.41,3,N,29522
0.91,1.11,0.41,4,N,29523
0.91,1.11,0.41,5,N,29524
0.91,1.11,0.51,1,N,29525
0.91,1.11,0.51,2,N,29526
0.91,1.11,0.51,3,N,29527
0.91,1.11,0.51,4,N,29528
0.91,1.11,0.51,5,N,29529
0.91,1.11,0.6100000000000001,1,N,29530
0.91,1.11,0.6100000000000001,2,N,29531
0.91,1.11,0.6100000000000001,3,N,29532
0.91,1.11,0.6100000000000001,4,N,29533
0.91,1.11,0.6100000000000001,5,N,29534
0.91,1.11,0.7100000000000001,1,N,29535
0.91,1.11,0.7100000000000001,2,N,29536
0.91,1.11,0.7100000000000001,3,N,29537
0.91,1.11,0.7100000000000001,4,N,29538
0.91,1.11,0.7100000000000001,5,N,29539
0.91,1.11,0.81,1,N,29540
0.91,1.11,0.81,2,N,29541
0.91,1.11,0.81,3,N,29542
0.91,1.11,0.81,4,N,29543
0.91,1.11,0.81,5,N,29544
0.91,1.11,0.91,1,N,29545
0.91,1.11,0.91,2,N,29546
0.91,1.11,0.91,3,N,29547
0.91,1.11,0.91,4,N,29548
0.91,1.11,0.91,5,N,29549
0.91,1.11,1.01,1,N,29550
0.91,1.11,1.01,2,N,29551
0.91,1.11,1.01,3,N,29552
0.91,1.11,1.01,4,N,29553
0.91,1.11,1.01,5,N,29554
0.91,1.11,1.11,1,N,29555
0.91,1.11,1.11,2,N,29556
0.91,1.11,1.11,3,N,29557
0.91,1.11,1.11,4,N,29558
0.91,1.11,1.11,5,N,29559
0.91,1.11,1.3,1,N,29560
0.91,1.11,1.3,2,N,29561
0.91,1.11,1.3,3,N,29562
0.91,1.11,1.3,4,N,29563
0.91,1.11,1.3,5,N,29564
0.91,1.11,1.6,1,N,29565
0.91,1.11,1.6,2,N,29566
0.91,1.11,1.6,3,N,29567
0.91,1.11,1.6,4,N,29568
0.91,1.11,1.6,5,N,29569
0.91,1.11,1.9,1,N,29570
0.91,1.11,1.9,2,N,29571
0.91,1.11,1.9,3,N,29572
0.91,1.11,1.9,4,N,29573
0.91,1.11,1.9,5,N,29574
0.91,1.11,2.2,1,N,29575
0.91,1.11,2.2,2,N,29576
0.91,1.11,2.2,3,N,29577
0.91,1.11,2.2,4,N,29578
0.91,1.11,2.2,5,N,29579
0.91,1.11,2.5,1,N,29580
0.91,1.11,2.5,2,N,29581
0.91,1.11,2.5,3,N,29582
0.91,1.11,2.5,4,N,29583
0.91,1.11,2.5,5,N,29584
0.91,1.11,2.8000000000000003,1,N,29585
0.91,1.11,2.8000000000000003,2,N,29586
0.91,1.11,2.8000000000000003,3,N,29587
0.91,1.11,2.8000000000000003,4,N,29588
0.91,1.11,2.8000000000000003,5,N,29589
0.91,1.11,3.1000000000000005,1,N,29590
0.91,1.11,3.1000000000000005,2,N,29591
0.91,1.11,3.1000000000000005,3,N,29592
0.91,1.11,3.1000000000000005,4,N,29593
0.91,1.11,3.1000000000000005,5,N,29594
0.91,1.11,3.4000000000000004,1,N,29595
0.91,1.11,3.4000000000000004,2,N,29596
0.91,1.11,3.4000000000000004,3,N,29597
0.91,1.11,3.4000000000000004,4,N,29598
0.91,1.11,3.4000000000000004,5,N,29599
0.91,1.11,3.7,1,N,29600
0.91,1.11,3.7,2,N,29601
0.91,1.11,3.7,3,N,29602
0.91,1.11,3.7,4,N,29603
0.91,1.11,3.7,5,N,29604
0.91,1.11,4.0,1,N,29605
0.91,1.11,4.0,2,N,29606
0.91,1.11,4.0,3,N,29607
0.91,1.11,4.0,4,N,29608
0.91,1.11,4.0,5,N,29609
0.91,1.11,4.300000000000002,1,N,29610
0.91,1.11,4.300000000000002,2,N,29611
0.91,1.11,4.300000000000002,3,N,29612
0.91,1.11,4.300000000000002,4,N,29613
0.91,1.11,4.300000000000002,5,N,29614
0.91,1.11,4.6000000000000005,1,N,29615
0.91,1.11,4.6000000000000005,2,N,29616
0.91,1.11,4.6000000000000005,3,N,29617
0.91,1.11,4.6000000000000005,4,N,29618
0.91,1.11,4.6000000000000005,5,N,29619
0.91,1.11,4.9,1,N,29620
0.91,1.11,4.9,2,N,29621
0.91,1.11,4.9,3,N,29622
0.91,1.11,4.9,4,N,29623
0.91,1.11,4.9,5,N,29624
0.91,1.3,0.01,1,N,29625
0.91,1.3,0.01,2,N,29626
0.91,1.3,0.01,3,N,29627
0.91,1.3,0.01,4,N,29628
0.91,1.3,0.01,5,N,29629
0.91,1.3,0.11,1,N,29630
0.91,1.3,0.11,2,N,29631
0.91,1.3,0.11,3,N,29632
0.91,1.3,0.11,4,N,29633
0.91,1.3,0.11,5,N,29634
0.91,1.3,0.21,1,N,29635
0.91,1.3,0.21,2,N,29636
0.91,1.3,0.21,3,N,29637
0.91,1.3,0.21,4,N,29638
0.91,1.3,0.21,5,N,29639
0.91,1.3,0.31000000000000005,1,N,29640
0.91,1.3,0.31000000000000005,2,N,29641
0.91,1.3,0.31000000000000005,3,N,29642
0.91,1.3,0.31000000000000005,4,N,29643
0.91,1.3,0.31000000000000005,5,N,29644
0.91,1.3,0.41,1,N,29645
0.91,1.3,0.41,2,N,29646
0.91,1.3,0.41,3,N,29647
0.91,1.3,0.41,4,N,29648
0.91,1.3,0.41,5,N,29649
0.91,1.3,0.51,1,N,29650
0.91,1.3,0.51,2,N,29651
0.91,1.3,0.51,3,N,29652
0.91,1.3,0.51,4,N,29653
0.91,1.3,0.51,5,N,29654
0.91,1.3,0.6100000000000001,1,N,29655
0.91,1.3,0.6100000000000001,2,N,29656
0.91,1.3,0.6100000000000001,3,N,29657
0.91,1.3,0.6100000000000001,4,N,29658
0.91,1.3,0.6100000000000001,5,N,29659
0.91,1.3,0.7100000000000001,1,N,29660
0.91,1.3,0.7100000000000001,2,N,29661
0.91,1.3,0.7100000000000001,3,N,29662
0.91,1.3,0.7100000000000001,4,N,29663
0.91,1.3,0.7100000000000001,5,N,29664
0.91,1.3,0.81,1,N,29665
0.91,1.3,0.81,2,N,29666
0.91,1.3,0.81,3,N,29667
0.91,1.3,0.81,4,N,29668
0.91,1.3,0.81,5,N,29669
0.91,1.3,0.91,1,N,29670
0.91,1.3,0.91,2,N,29671
0.91,1.3,0.91,3,N,29672
0.91,1.3,0.91,4,N,29673
0.91,1.3,0.91,5,N,29674
0.91,1.3,1.01,1,N,29675
0.91,1.3,1.01,2,N,29676
0.91,1.3,1.01,3,N,29677
0.91,1.3,1.01,4,N,29678
0.91,1.3,1.01,5,N,29679
0.91,1.3,1.11,1,N,29680
0.91,1.3,1.11,2,N,29681
0.91,1.3,1.11,3,N,29682
0.91,1.3,1.11,4,N,29683
0.91,1.3,1.11,5,N,29684
0.91,1.3,1.3,1,N,29685
0.91,1.3,1.3,2,N,29686
0.91,1.3,1.3,3,N,29687
0.91,1.3,1.3,4,N,29688
0.91,1.3,1.3,5,N,29689
0.91,1.3,1.6,1,N,29690
0.91,1.3,1.6,2,N,29691
0.91,1.3,1.6,3,N,29692
0.91,1.3,1.6,4,N,29693
0.91,1.3,1.6,5,N,29694
0.91,1.3,1.9,1,N,29695
0.91,1.3,1.9,2,N,29696
0.91,1.3,1.9,3,N,29697
0.91,1.3,1.9,4,N,29698
0.91,1.3,1.9,5,N,29699
0.91,1.3,2.2,1,N,29700
0.91,1.3,2.2,2,N,29701
0.91,1.3,2.2,3,N,29702
0.91,1.3,2.2,4,N,29703
0.91,1.3,2.2,5,N,29704
0.91,1.3,2.5,1,N,29705
0.91,1.3,2.5,2,N,29706
0.91,1.3,2.5,3,N,29707
0.91,1.3,2.5,4,N,29708
0.91,1.3,2.5,5,N,29709
0.91,1.3,2.8000000000000003,1,N,29710
0.91,1.3,2.8000000000000003,2,N,29711
0.91,1.3,2.8000000000000003,3,N,29712
0.91,1.3,2.8000000000000003,4,N,29713
0.91,1.3,2.8000000000000003,5,N,29714
0.91,1.3,3.1000000000000005,1,N,29715
0.91,1.3,3.1000000000000005,2,N,29716
0.91,1.3,3.1000000000000005,3,N,29717
0.91,1.3,3.1000000000000005,4,N,29718
0.91,1.3,3.1000000000000005,5,N,29719
0.91,1.3,3.4000000000000004,1,N,29720
0.91,1.3,3.4000000000000004,2,N,29721
0.91,1.3,3.4000000000000004,3,N,29722
0.91,1.3,3.4000000000000004,4,N,29723
0.91,1.3,3.4000000000000004,5,N,29724
0.91,1.3,3.7,1,N,29725
0.91,1.3,3.7,2,N,29726
0.91,1.3,3.7,3,N,29727
0.91,1.3,3.7,4,N,29728
0.91,1.3,3.7,5,N,29729
0.91,1.3,4.0,1,N,29730
0.91,1.3,4.0,2,N,29731
0.91,1.3,4.0,3,N,29732
0.91,1.3,4.0,4,N,29733
0.91,1.3,4.0,5,N,29734
0.91,1.3,4.300000000000002,1,N,29735
0.91,1.3,4.300000000000002,2,N,29736
0.91,1.3,4.300000000000002,3,N,29737
0.91,1.3,4.300000000000002,4,N,29738
0.91,1.3,4.300000000000002,5,N,29739
0.91,1.3,4.6000000000000005,1,N,29740
0.91,1.3,4.6000000000000005,2,N,29741
0.91,1.3,4.6000000000000005,3,N,29742
0.91,1.3,4.6000000000000005,4,N,29743
0.91,1.3,4.6000000000000005,5,N,29744
0.91,1.3,4.9,1,N,29745
0.91,1.3,4.9,2,N,29746
0.91,1.3,4.9,3,N,29747
0.91,1.3,4.9,4,N,29748
0.91,1.3,4.9,5,N,29749
0.91,1.6,0.01,1,N,29750
0.91,1.6,0.01,2,N,29751
0.91,1.6,0.01,3,N,29752
0.91,1.6,0.01,4,N,29753
0.91,1.6,0.01,5,N,29754
0.91,1.6,0.11,1,N,29755
0.91,1.6,0.11,2,N,29756
0.91,1.6,0.11,3,N,29757
0.91,1.6,0.11,4,N,29758
0.91,1.6,0.11,5,N,29759
0.91,1.6,0.21,1,N,29760
0.91,1.6,0.21,2,N,29761
0.91,1.6,0.21,3,N,29762
0.91,1.6,0.21,4,N,29763
0.91,1.6,0.21,5,N,29764
0.91,1.6,0.31000000000000005,1,N,29765
0.91,1.6,0.31000000000000005,2,N,29766
0.91,1.6,0.31000000000000005,3,N,29767
0.91,1.6,0.31000000000000005,4,N,29768
0.91,1.6,0.31000000000000005,5,N,29769
0.91,1.6,0.41,1,N,29770
0.91,1.6,0.41,2,N,29771
0.91,1.6,0.41,3,N,29772
0.91,1.6,0.41,4,N,29773
0.91,1.6,0.41,5,N,29774
0.91,1.6,0.51,1,N,29775
0.91,1.6,0.51,2,N,29776
0.91,1.6,0.51,3,N,29777
0.91,1.6,0.51,4,N,29778
0.91,1.6,0.51,5,N,29779
0.91,1.6,0.6100000000000001,1,N,29780
0.91,1.6,0.6100000000000001,2,N,29781
0.91,1.6,0.6100000000000001,3,N,29782
0.91,1.6,0.6100000000000001,4,N,29783
0.91,1.6,0.6100000000000001,5,N,29784
0.91,1.6,0.7100000000000001,1,N,29785
0.91,1.6,0.7100000000000001,2,N,29786
0.91,1.6,0.7100000000000001,3,N,29787
0.91,1.6,0.7100000000000001,4,N,29788
0.91,1.6,0.7100000000000001,5,N,29789
0.91,1.6,0.81,1,N,29790
0.91,1.6,0.81,2,N,29791
0.91,1.6,0.81,3,N,29792
0.91,1.6,0.81,4,N,29793
0.91,1.6,0.81,5,N,29794
0.91,1.6,0.91,1,N,29795
0.91,1.6,0.91,2,N,29796
0.91,1.6,0.91,3,N,29797
0.91,1.6,0.91,4,N,29798
0.91,1.6,0.91,5,N,29799
0.91,1.6,1.01,1,N,29800
0.91,1.6,1.01,2,N,29801
0.91,1.6,1.01,3,N,29802
0.91,1.6,1.01,4,N,29803
0.91,1.6,1.01,5,N,29804
0.91,1.6,1.11,1,N,29805
0.91,1.6,1.11,2,N,29806
0.91,1.6,1.11,3,N,29807
0.91,1.6,1.11,4,N,29808
0.91,1.6,1.11,5,N,29809
0.91,1.6,1.3,1,N,29810
0.91,1.6,1.3,2,N,29811
0.91,1.6,1.3,3,N,29812
0.91,1.6,1.3,4,N,29813
0.91,1.6,1.3,5,N,29814
0.91,1.6,1.6,1,N,29815
0.91,1.6,1.6,2,N,29816
0.91,1.6,1.6,3,N,29817
0.91,1.6,1.6,4,N,29818
0.91,1.6,1.6,5,N,29819
0.91,1.6,1.9,1,N,29820
0.91,1.6,1.9,2,N,29821
0.91,1.6,1.9,3,N,29822
0.91,1.6,1.9,4,N,29823
0.91,1.6,1.9,5,N,29824
0.91,1.6,2.2,1,N,29825
0.91,1.6,2.2,2,N,29826
0.91,1.6,2.2,3,N,29827
0.91,1.6,2.2,4,N,29828
0.91,1.6,2.2,5,N,29829
0.91,1.6,2.5,1,N,29830
0.91,1.6,2.5,2,N,29831
0.91,1.6,2.5,3,N,29832
0.91,1.6,2.5,4,N,29833
0.91,1.6,2.5,5,N,29834
0.91,1.6,2.8000000000000003,1,N,29835
0.91,1.6,2.8000000000000003,2,N,29836
0.91,1.6,2.8000000000000003,3,N,29837
0.91,1.6,2.8000000000000003,4,N,29838
0.91,1.6,2.8000000000000003,5,N,29839
0.91,1.6,3.1000000000000005,1,N,29840
0.91,1.6,3.1000000000000005,2,N,29841
0.91,1.6,3.1000000000000005,3,N,29842
0.91,1.6,3.1000000000000005,4,N,29843
0.91,1.6,3.1000000000000005,5,N,29844
0.91,1.6,3.4000000000000004,1,N,29845
0.91,1.6,3.4000000000000004,2,N,29846
0.91,1.6,3.4000000000000004,3,N,29847
0.91,1.6,3.4000000000000004,4,N,29848
0.91,1.6,3.4000000000000004,5,N,29849
0.91,1.6,3.7,1,N,29850
0.91,1.6,3.7,2,N,29851
0.91,1.6,3.7,3,N,29852
0.91,1.6,3.7,4,N,29853
0.91,1.6,3.7,5,N,29854
0.91,1.6,4.0,1,N,29855
0.91,1.6,4.0,2,N,29856
0.91,1.6,4.0,3,N,29857
0.91,1.6,4.0,4,N,29858
0.91,1.6,4.0,5,N,29859
0.91,1.6,4.300000000000002,1,N,29860
0.91,1.6,4.300000000000002,2,N,29861
0.91,1.6,4.300000000000002,3,N,29862
0.91,1.6,4.300000000000002,4,N,29863
0.91,1.6,4.300000000000002,5,N,29864
0.91,1.6,4.6000000000000005,1,N,29865
0.91,1.6,4.6000000000000005,2,N,29866
0.91,1.6,4.6000000000000005,3,N,29867
0.91,1.6,4.6000000000000005,4,N,29868
0.91,1.6,4.6000000000000005,5,N,29869
0.91,1.6,4.9,1,N,29870
0.91,1.6,4.9,2,N,29871
0.91,1.6,4.9,3,N,29872
0.91,1.6,4.9,4,N,29873
0.91,1.6,4.9,5,N,29874
0.91,1.9,0.01,1,N,29875
0.91,1.9,0.01,2,N,29876
0.91,1.9,0.01,3,N,29877
0.91,1.9,0.01,4,N,29878
0.91,1.9,0.01,5,N,29879
0.91,1.9,0.11,1,N,29880
0.91,1.9,0.11,2,N,29881
0.91,1.9,0.11,3,N,29882
0.91,1.9,0.11,4,N,29883
0.91,1.9,0.11,5,N,29884
0.91,1.9,0.21,1,N,29885
0.91,1.9,0.21,2,N,29886
0.91,1.9,0.21,3,N,29887
0.91,1.9,0.21,4,N,29888
0.91,1.9,0.21,5,N,29889
0.91,1.9,0.31000000000000005,1,N,29890
0.91,1.9,0.31000000000000005,2,N,29891
0.91,1.9,0.31000000000000005,3,N,29892
0.91,1.9,0.31000000000000005,4,N,29893
0.91,1.9,0.31000000000000005,5,N,29894
0.91,1.9,0.41,1,N,29895
0.91,1.9,0.41,2,N,29896
0.91,1.9,0.41,3,N,29897
0.91,1.9,0.41,4,N,29898
0.91,1.9,0.41,5,N,29899
0.91,1.9,0.51,1,N,29900
0.91,1.9,0.51,2,N,29901
0.91,1.9,0.51,3,N,29902
0.91,1.9,0.51,4,N,29903
0.91,1.9,0.51,5,N,29904
0.91,1.9,0.6100000000000001,1,N,29905
0.91,1.9,0.6100000000000001,2,N,29906
0.91,1.9,0.6100000000000001,3,N,29907
0.91,1.9,0.6100000000000001,4,N,29908
0.91,1.9,0.6100000000000001,5,N,29909
0.91,1.9,0.7100000000000001,1,N,29910
0.91,1.9,0.7100000000000001,2,N,29911
0.91,1.9,0.7100000000000001,3,N,29912
0.91,1.9,0.7100000000000001,4,N,29913
0.91,1.9,0.7100000000000001,5,N,29914
0.91,1.9,0.81,1,N,29915
0.91,1.9,0.81,2,N,29916
0.91,1.9,0.81,3,N,29917
0.91,1.9,0.81,4,N,29918
0.91,1.9,0.81,5,N,29919
0.91,1.9,0.91,1,N,29920
0.91,1.9,0.91,2,N,29921
0.91,1.9,0.91,3,N,29922
0.91,1.9,0.91,4,N,29923
0.91,1.9,0.91,5,N,29924
0.91,1.9,1.01,1,N,29925
0.91,1.9,1.01,2,N,29926
0.91,1.9,1.01,3,N,29927
0.91,1.9,1.01,4,N,29928
0.91,1.9,1.01,5,N,29929
0.91,1.9,1.11,1,N,29930
0.91,1.9,1.11,2,N,29931
0.91,1.9,1.11,3,N,29932
0.91,1.9,1.11,4,N,29933
0.91,1.9,1.11,5,N,29934
0.91,1.9,1.3,1,N,29935
0.91,1.9,1.3,2,N,29936
0.91,1.9,1.3,3,N,29937
0.91,1.9,1.3,4,N,29938
0.91,1.9,1.3,5,N,29939
0.91,1.9,1.6,1,N,29940
0.91,1.9,1.6,2,N,29941
0.91,1.9,1.6,3,N,29942
0.91,1.9,1.6,4,N,29943
0.91,1.9,1.6,5,N,29944
0.91,1.9,1.9,1,N,29945
0.91,1.9,1.9,2,N,29946
0.91,1.9,1.9,3,N,29947
0.91,1.9,1.9,4,N,29948
0.91,1.9,1.9,5,N,29949
0.91,1.9,2.2,1,N,29950
0.91,1.9,2.2,2,N,29951
0.91,1.9,2.2,3,N,29952
0.91,1.9,2.2,4,N,29953
0.91,1.9,2.2,5,N,29954
0.91,1.9,2.5,1,N,29955
0.91,1.9,2.5,2,N,29956
0.91,1.9,2.5,3,N,29957
0.91,1.9,2.5,4,N,29958
0.91,1.9,2.5,5,N,29959
0.91,1.9,2.8000000000000003,1,N,29960
0.91,1.9,2.8000000000000003,2,N,29961
0.91,1.9,2.8000000000000003,3,N,29962
0.91,1.9,2.8000000000000003,4,N,29963
0.91,1.9,2.8000000000000003,5,N,29964
0.91,1.9,3.1000000000000005,1,N,29965
0.91,1.9,3.1000000000000005,2,N,29966
0.91,1.9,3.1000000000000005,3,N,29967
0.91,1.9,3.1000000000000005,4,N,29968
0.91,1.9,3.1000000000000005,5,N,29969
0.91,1.9,3.4000000000000004,1,N,29970
0.91,1.9,3.4000000000000004,2,N,29971
0.91,1.9,3.4000000000000004,3,N,29972
0.91,1.9,3.4000000000000004,4,N,29973
0.91,1.9,3.4000000000000004,5,N,29974
0.91,1.9,3.7,1,N,29975
0.91,1.9,3.7,2,N,29976
0.91,1.9,3.7,3,N,29977
0.91,1.9,3.7,4,N,29978
0.91,1.9,3.7,5,N,29979
0.91,1.9,4.0,1,N,29980
0.91,1.9,4.0,2,N,29981
0.91,1.9,4.0,3,N,29982
0.91,1.9,4.0,4,N,29983
0.91,1.9,4.0,5,N,29984
0.91,1.9,4.300000000000002,1,N,29985
0.91,1.9,4.300000000000002,2,N,29986
0.91,1.9,4.300000000000002,3,N,29987
0.91,1.9,4.300000000000002,4,N,29988
0.91,1.9,4.300000000000002,5,N,29989
0.91,1.9,4.6000000000000005,1,N,29990
0.91,1.9,4.6000000000000005,2,N,29991
0.91,1.9,4.6000000000000005,3,N,29992
0.91,1.9,4.6000000000000005,4,N,29993
0.91,1.9,4.6000000000000005,5,N,29994
0.91,1.9,4.9,1,N,29995
0.91,1.9,4.9,2,N,29996
0.91,1.9,4.9,3,N,29997
0.91,1.9,4.9,4,N,29998
0.91,1.9,4.9,5,N,29999
0.91,2.2,0.01,1,N,30000
0.91,2.2,0.01,2,N,30001
0.91,2.2,0.01,3,N,30002
0.91,2.2,0.01,4,N,30003
0.91,2.2,0.01,5,N,30004
0.91,2.2,0.11,1,N,30005
0.91,2.2,0.11,2,N,30006
0.91,2.2,0.11,3,N,30007
0.91,2.2,0.11,4,N,30008
0.91,2.2,0.11,5,N,30009
0.91,2.2,0.21,1,N,30010
0.91,2.2,0.21,2,N,30011
0.91,2.2,0.21,3,N,30012
0.91,2.2,0.21,4,N,30013
0.91,2.2,0.21,5,N,30014
0.91,2.2,0.31000000000000005,1,N,30015
0.91,2.2,0.31000000000000005,2,N,30016
0.91,2.2,0.31000000000000005,3,N,30017
0.91,2.2,0.31000000000000005,4,N,30018
0.91,2.2,0.31000000000000005,5,N,30019
0.91,2.2,0.41,1,N,30020
0.91,2.2,0.41,2,N,30021
0.91,2.2,0.41,3,N,30022
0.91,2.2,0.41,4,N,30023
0.91,2.2,0.41,5,N,30024
0.91,2.2,0.51,1,N,30025
0.91,2.2,0.51,2,N,30026
0.91,2.2,0.51,3,N,30027
0.91,2.2,0.51,4,N,30028
0.91,2.2,0.51,5,N,30029
0.91,2.2,0.6100000000000001,1,N,30030
0.91,2.2,0.6100000000000001,2,N,30031
0.91,2.2,0.6100000000000001,3,N,30032
0.91,2.2,0.6100000000000001,4,N,30033
0.91,2.2,0.6100000000000001,5,N,30034
0.91,2.2,0.7100000000000001,1,N,30035
0.91,2.2,0.7100000000000001,2,N,30036
0.91,2.2,0.7100000000000001,3,N,30037
0.91,2.2,0.7100000000000001,4,N,30038
0.91,2.2,0.7100000000000001,5,N,30039
0.91,2.2,0.81,1,N,30040
0.91,2.2,0.81,2,N,30041
0.91,2.2,0.81,3,N,30042
0.91,2.2,0.81,4,N,30043
0.91,2.2,0.81,5,N,30044
0.91,2.2,0.91,1,N,30045
0.91,2.2,0.91,2,N,30046
0.91,2.2,0.91,3,N,30047
0.91,2.2,0.91,4,N,30048
0.91,2.2,0.91,5,N,30049
0.91,2.2,1.01,1,N,30050
0.91,2.2,1.01,2,N,30051
0.91,2.2,1.01,3,N,30052
0.91,2.2,1.01,4,N,30053
0.91,2.2,1.01,5,N,30054
0.91,2.2,1.11,1,N,30055
0.91,2.2,1.11,2,N,30056
0.91,2.2,1.11,3,N,30057
0.91,2.2,1.11,4,N,30058
0.91,2.2,1.11,5,N,30059
0.91,2.2,1.3,1,N,30060
0.91,2.2,1.3,2,N,30061
0.91,2.2,1.3,3,N,30062
0.91,2.2,1.3,4,N,30063
0.91,2.2,1.3,5,N,30064
0.91,2.2,1.6,1,N,30065
0.91,2.2,1.6,2,N,30066
0.91,2.2,1.6,3,N,30067
0.91,2.2,1.6,4,N,30068
0.91,2.2,1.6,5,N,30069
0.91,2.2,1.9,1,N,30070
0.91,2.2,1.9,2,N,30071
0.91,2.2,1.9,3,N,30072
0.91,2.2,1.9,4,N,30073
0.91,2.2,1.9,5,N,30074
0.91,2.2,2.2,1,N,30075
0.91,2.2,2.2,2,N,30076
0.91,2.2,2.2,3,N,30077
0.91,2.2,2.2,4,N,30078
0.91,2.2,2.2,5,N,30079
0.91,2.2,2.5,1,N,30080
0.91,2.2,2.5,2,N,30081
0.91,2.2,2.5,3,N,30082
0.91,2.2,2.5,4,N,30083
0.91,2.2,2.5,5,N,30084
0.91,2.2,2.8000000000000003,1,N,30085
0.91,2.2,2.8000000000000003,2,N,30086
0.91,2.2,2.8000000000000003,3,N,30087
0.91,2.2,2.8000000000000003,4,N,30088
0.91,2.2,2.8000000000000003,5,N,30089
0.91,2.2,3.1000000000000005,1,N,30090
0.91,2.2,3.1000000000000005,2,N,30091
0.91,2.2,3.1000000000000005,3,N,30092
0.91,2.2,3.1000000000000005,4,N,30093
0.91,2.2,3.1000000000000005,5,N,30094
0.91,2.2,3.4000000000000004,1,N,30095
0.91,2.2,3.4000000000000004,2,N,30096
0.91,2.2,3.4000000000000004,3,N,30097
0.91,2.2,3.4000000000000004,4,N,30098
0.91,2.2,3.4000000000000004,5,N,30099
0.91,2.2,3.7,1,N,30100
0.91,2.2,3.7,2,N,30101
0.91,2.2,3.7,3,N,30102
0.91,2.2,3.7,4,N,30103
0.91,2.2,3.7,5,N,30104
0.91,2.2,4.0,1,N,30105
0.91,2.2,4.0,2,N,30106
0.91,2.2,4.0,3,N,30107
0.91,2.2,4.0,4,N,30108
0.91,2.2,4.0,5,N,30109
0.91,2.2,4.300000000000002,1,N,30110
0.91,2.2,4.300000000000002,2,N,30111
0.91,2.2,4.300000000000002,3,N,30112
0.91,2.2,4.300000000000002,4,N,30113
0.91,2.2,4.300000000000002,5,N,30114
0.91,2.2,4.6000000000000005,1,N,30115
0.91,2.2,4.6000000000000005,2,N,30116
0.91,2.2,4.6000000000000005,3,N,30117
0.91,2.2,4.6000000000000005,4,N,30118
0.91,2.2,4.6000000000000005,5,N,30119
0.91,2.2,4.9,1,N,30120
0.91,2.2,4.9,2,N,30121
0.91,2.2,4.9,3,N,30122
0.91,2.2,4.9,4,N,30123
0.91,2.2,4.9,5,N,30124
0.91,2.5,0.01,1,N,30125
0.91,2.5,0.01,2,N,30126
0.91,2.5,0.01,3,N,30127
0.91,2.5,0.01,4,N,30128
0.91,2.5,0.01,5,N,30129
0.91,2.5,0.11,1,N,30130
0.91,2.5,0.11,2,N,30131
0.91,2.5,0.11,3,N,30132
0.91,2.5,0.11,4,N,30133
0.91,2.5,0.11,5,N,30134
0.91,2.5,0.21,1,N,30135
0.91,2.5,0.21,2,N,30136
0.91,2.5,0.21,3,N,30137
0.91,2.5,0.21,4,N,30138
0.91,2.5,0.21,5,N,30139
0.91,2.5,0.31000000000000005,1,N,30140
0.91,2.5,0.31000000000000005,2,N,30141
0.91,2.5,0.31000000000000005,3,N,30142
0.91,2.5,0.31000000000000005,4,N,30143
0.91,2.5,0.31000000000000005,5,N,30144
0.91,2.5,0.41,1,N,30145
0.91,2.5,0.41,2,N,30146
0.91,2.5,0.41,3,N,30147
0.91,2.5,0.41,4,N,30148
0.91,2.5,0.41,5,N,30149
0.91,2.5,0.51,1,N,30150
0.91,2.5,0.51,2,N,30151
0.91,2.5,0.51,3,N,30152
0.91,2.5,0.51,4,N,30153
0.91,2.5,0.51,5,N,30154
0.91,2.5,0.6100000000000001,1,N,30155
0.91,2.5,0.6100000000000001,2,N,30156
0.91,2.5,0.6100000000000001,3,N,30157
0.91,2.5,0.6100000000000001,4,N,30158
0.91,2.5,0.6100000000000001,5,N,30159
0.91,2.5,0.7100000000000001,1,N,30160
0.91,2.5,0.7100000000000001,2,N,30161
0.91,2.5,0.7100000000000001,3,N,30162
0.91,2.5,0.7100000000000001,4,N,30163
0.91,2.5,0.7100000000000001,5,N,30164
0.91,2.5,0.81,1,N,30165
0.91,2.5,0.81,2,N,30166
0.91,2.5,0.81,3,N,30167
0.91,2.5,0.81,4,N,30168
0.91,2.5,0.81,5,N,30169
0.91,2.5,0.91,1,N,30170
0.91,2.5,0.91,2,N,30171
0.91,2.5,0.91,3,N,30172
0.91,2.5,0.91,4,N,30173
0.91,2.5,0.91,5,N,30174
0.91,2.5,1.01,1,N,30175
0.91,2.5,1.01,2,N,30176
0.91,2.5,1.01,3,N,30177
0.91,2.5,1.01,4,N,30178
0.91,2.5,1.01,5,N,30179
0.91,2.5,1.11,1,N,30180
0.91,2.5,1.11,2,N,30181
0.91,2.5,1.11,3,N,30182
0.91,2.5,1.11,4,N,30183
0.91,2.5,1.11,5,N,30184
0.91,2.5,1.3,1,N,30185
0.91,2.5,1.3,2,N,30186
0.91,2.5,1.3,3,N,30187
0.91,2.5,1.3,4,N,30188
0.91,2.5,1.3,5,N,30189
0.91,2.5,1.6,1,N,30190
0.91,2.5,1.6,2,N,30191
0.91,2.5,1.6,3,N,30192
0.91,2.5,1.6,4,N,30193
0.91,2.5,1.6,5,N,30194
0.91,2.5,1.9,1,N,30195
0.91,2.5,1.9,2,N,30196
0.91,2.5,1.9,3,N,30197
0.91,2.5,1.9,4,N,30198
0.91,2.5,1.9,5,N,30199
0.91,2.5,2.2,1,N,30200
0.91,2.5,2.2,2,N,30201
0.91,2.5,2.2,3,N,30202
0.91,2.5,2.2,4,N,30203
0.91,2.5,2.2,5,N,30204
0.91,2.5,2.5,1,N,30205
0.91,2.5,2.5,2,N,30206
0.91,2.5,2.5,3,N,30207
0.91,2.5,2.5,4,N,30208
0.91,2.5,2.5,5,N,30209
0.91,2.5,2.8000000000000003,1,N,30210
0.91,2.5,2.8000000000000003,2,N,30211
0.91,2.5,2.8000000000000003,3,N,30212
0.91,2.5,2.8000000000000003,4,N,30213
0.91,2.5,2.8000000000000003,5,N,30214
0.91,2.5,3.1000000000000005,1,N,30215
0.91,2.5,3.1000000000000005,2,N,30216
0.91,2.5,3.1000000000000005,3,N,30217
0.91,2.5,3.1000000000000005,4,N,30218
0.91,2.5,3.1000000000000005,5,N,30219
0.91,2.5,3.4000000000000004,1,N,30220
0.91,2.5,3.4000000000000004,2,N,30221
0.91,2.5,3.4000000000000004,3,N,30222
0.91,2.5,3.4000000000000004,4,N,30223
0.91,2.5,3.4000000000000004,5,N,30224
0.91,2.5,3.7,1,N,30225
0.91,2.5,3.7,2,N,30226
0.91,2.5,3.7,3,N,30227
0.91,2.5,3.7,4,N,30228
0.91,2.5,3.7,5,N,30229
0.91,2.5,4.0,1,N,30230
0.91,2.5,4.0,2,N,30231
0.91,2.5,4.0,3,N,30232
0.91,2.5,4.0,4,N,30233
0.91,2.5,4.0,5,N,30234
0.91,2.5,4.300000000000002,1,N,30235
0.91,2.5,4.300000000000002,2,N,30236
0.91,2.5,4.300000000000002,3,N,30237
0.91,2.5,4.300000000000002,4,N,30238
0.91,2.5,4.300000000000002,5,N,30239
0.91,2.5,4.6000000000000005,1,N,30240
0.91,2.5,4.6000000000000005,2,N,30241
0.91,2.5,4.6000000000000005,3,N,30242
0.91,2.5,4.6000000000000005,4,N,30243
0.91,2.5,4.6000000000000005,5,N,30244
0.91,2.5,4.9,1,N,30245
0.91,2.5,4.9,2,N,30246
0.91,2.5,4.9,3,N,30247
0.91,2.5,4.9,4,N,30248
0.91,2.5,4.9,5,N,30249
0.91,2.8000000000000003,0.01,1,N,30250
0.91,2.8000000000000003,0.01,2,N,30251
0.91,2.8000000000000003,0.01,3,N,30252
0.91,2.8000000000000003,0.01,4,N,30253
0.91,2.8000000000000003,0.01,5,N,30254
0.91,2.8000000000000003,0.11,1,N,30255
0.91,2.8000000000000003,0.11,2,N,30256
0.91,2.8000000000000003,0.11,3,N,30257
0.91,2.8000000000000003,0.11,4,N,30258
0.91,2.8000000000000003,0.11,5,N,30259
0.91,2.8000000000000003,0.21,1,N,30260
0.91,2.8000000000000003,0.21,2,N,30261
0.91,2.8000000000000003,0.21,3,N,30262
0.91,2.8000000000000003,0.21,4,N,30263
0.91,2.8000000000000003,0.21,5,N,30264
0.91,2.8000000000000003,0.31000000000000005,1,N,30265
0.91,2.8000000000000003,0.31000000000000005,2,N,30266
0.91,2.8000000000000003,0.31000000000000005,3,N,30267
0.91,2.8000000000000003,0.31000000000000005,4,N,30268
0.91,2.8000000000000003,0.31000000000000005,5,N,30269
0.91,2.8000000000000003,0.41,1,N,30270
0.91,2.8000000000000003,0.41,2,N,30271
0.91,2.8000000000000003,0.41,3,N,30272
0.91,2.8000000000000003,0.41,4,N,30273
0.91,2.8000000000000003,0.41,5,N,30274
0.91,2.8000000000000003,0.51,1,N,30275
0.91,2.8000000000000003,0.51,2,N,30276
0.91,2.8000000000000003,0.51,3,N,30277
0.91,2.8000000000000003,0.51,4,N,30278
0.91,2.8000000000000003,0.51,5,N,30279
0.91,2.8000000000000003,0.6100000000000001,1,N,30280
0.91,2.8000000000000003,0.6100000000000001,2,N,30281
0.91,2.8000000000000003,0.6100000000000001,3,N,30282
0.91,2.8000000000000003,0.6100000000000001,4,N,30283
0.91,2.8000000000000003,0.6100000000000001,5,N,30284
0.91,2.8000000000000003,0.7100000000000001,1,N,30285
0.91,2.8000000000000003,0.7100000000000001,2,N,30286
0.91,2.8000000000000003,0.7100000000000001,3,N,30287
0.91,2.8000000000000003,0.7100000000000001,4,N,30288
0.91,2.8000000000000003,0.7100000000000001,5,N,30289
0.91,2.8000000000000003,0.81,1,N,30290
0.91,2.8000000000000003,0.81,2,N,30291
0.91,2.8000000000000003,0.81,3,N,30292
0.91,2.8000000000000003,0.81,4,N,30293
0.91,2.8000000000000003,0.81,5,N,30294
0.91,2.8000000000000003,0.91,1,N,30295
0.91,2.8000000000000003,0.91,2,N,30296
0.91,2.8000000000000003,0.91,3,N,30297
0.91,2.8000000000000003,0.91,4,N,30298
0.91,2.8000000000000003,0.91,5,N,30299
0.91,2.8000000000000003,1.01,1,N,30300
0.91,2.8000000000000003,1.01,2,N,30301
0.91,2.8000000000000003,1.01,3,N,30302
0.91,2.8000000000000003,1.01,4,N,30303
0.91,2.8000000000000003,1.01,5,N,30304
0.91,2.8000000000000003,1.11,1,N,30305
0.91,2.8000000000000003,1.11,2,N,30306
0.91,2.8000000000000003,1.11,3,N,30307
0.91,2.8000000000000003,1.11,4,N,30308
0.91,2.8000000000000003,1.11,5,N,30309
0.91,2.8000000000000003,1.3,1,N,30310
0.91,2.8000000000000003,1.3,2,N,30311
0.91,2.8000000000000003,1.3,3,N,30312
0.91,2.8000000000000003,1.3,4,N,30313
0.91,2.8000000000000003,1.3,5,N,30314
0.91,2.8000000000000003,1.6,1,N,30315
0.91,2.8000000000000003,1.6,2,N,30316
0.91,2.8000000000000003,1.6,3,N,30317
0.91,2.8000000000000003,1.6,4,N,30318
0.91,2.8000000000000003,1.6,5,N,30319
0.91,2.8000000000000003,1.9,1,N,30320
0.91,2.8000000000000003,1.9,2,N,30321
0.91,2.8000000000000003,1.9,3,N,30322
0.91,2.8000000000000003,1.9,4,N,30323
0.91,2.8000000000000003,1.9,5,N,30324
0.91,2.8000000000000003,2.2,1,N,30325
0.91,2.8000000000000003,2.2,2,N,30326
0.91,2.8000000000000003,2.2,3,N,30327
0.91,2.8000000000000003,2.2,4,N,30328
0.91,2.8000000000000003,2.2,5,N,30329
0.91,2.8000000000000003,2.5,1,N,30330
0.91,2.8000000000000003,2.5,2,N,30331
0.91,2.8000000000000003,2.5,3,N,30332
0.91,2.8000000000000003,2.5,4,N,30333
0.91,2.8000000000000003,2.5,5,N,30334
0.91,2.8000000000000003,2.8000000000000003,1,N,30335
0.91,2.8000000000000003,2.8000000000000003,2,N,30336
0.91,2.8000000000000003,2.8000000000000003,3,N,30337
0.91,2.8000000000000003,2.8000000000000003,4,N,30338
0.91,2.8000000000000003,2.8000000000000003,5,N,30339
0.91,2.8000000000000003,3.1000000000000005,1,N,30340
0.91,2.8000000000000003,3.1000000000000005,2,N,30341
0.91,2.8000000000000003,3.1000000000000005,3,N,30342
0.91,2.8000000000000003,3.1000000000000005,4,N,30343
0.91,2.8000000000000003,3.1000000000000005,5,N,30344
0.91,2.8000000000000003,3.4000000000000004,1,N,30345
0.91,2.8000000000000003,3.4000000000000004,2,N,30346
0.91,2.8000000000000003,3.4000000000000004,3,N,30347
0.91,2.8000000000000003,3.4000000000000004,4,N,30348
0.91,2.8000000000000003,3.4000000000000004,5,N,30349
0.91,2.8000000000000003,3.7,1,N,30350
0.91,2.8000000000000003,3.7,2,N,30351
0.91,2.8000000000000003,3.7,3,N,30352
0.91,2.8000000000000003,3.7,4,N,30353
0.91,2.8000000000000003,3.7,5,N,30354
0.91,2.8000000000000003,4.0,1,N,30355
0.91,2.8000000000000003,4.0,2,N,30356
0.91,2.8000000000000003,4.0,3,N,30357
0.91,2.8000000000000003,4.0,4,N,30358
0.91,2.8000000000000003,4.0,5,N,30359
0.91,2.8000000000000003,4.300000000000002,1,N,30360
0.91,2.8000000000000003,4.300000000000002,2,N,30361
0.91,2.8000000000000003,4.300000000000002,3,N,30362
0.91,2.8000000000000003,4.300000000000002,4,N,30363
0.91,2.8000000000000003,4.300000000000002,5,N,30364
0.91,2.8000000000000003,4.6000000000000005,1,N,30365
0.91,2.8000000000000003,4.6000000000000005,2,N,30366
0.91,2.8000000000000003,4.6000000000000005,3,N,30367
0.91,2.8000000000000003,4.6000000000000005,4,N,30368
0.91,2.8000000000000003,4.6000000000000005,5,N,30369
0.91,2.8000000000000003,4.9,1,N,30370
0.91,2.8000000000000003,4.9,2,N,30371
0.91,2.8000000000000003,4.9,3,N,30372
0.91,2.8000000000000003,4.9,4,N,30373
0.91,2.8000000000000003,4.9,5,N,30374
0.91,3.1000000000000005,0.01,1,N,30375
0.91,3.1000000000000005,0.01,2,N,30376
0.91,3.1000000000000005,0.01,3,N,30377
0.91,3.1000000000000005,0.01,4,N,30378
0.91,3.1000000000000005,0.01,5,N,30379
0.91,3.1000000000000005,0.11,1,N,30380
0.91,3.1000000000000005,0.11,2,N,30381
0.91,3.1000000000000005,0.11,3,N,30382
0.91,3.1000000000000005,0.11,4,N,30383
0.91,3.1000000000000005,0.11,5,N,30384
0.91,3.1000000000000005,0.21,1,N,30385
0.91,3.1000000000000005,0.21,2,N,30386
0.91,3.1000000000000005,0.21,3,N,30387
0.91,3.1000000000000005,0.21,4,N,30388
0.91,3.1000000000000005,0.21,5,N,30389
0.91,3.1000000000000005,0.31000000000000005,1,N,30390
0.91,3.1000000000000005,0.31000000000000005,2,N,30391
0.91,3.1000000000000005,0.31000000000000005,3,N,30392
0.91,3.1000000000000005,0.31000000000000005,4,N,30393
0.91,3.1000000000000005,0.31000000000000005,5,N,30394
0.91,3.1000000000000005,0.41,1,N,30395
0.91,3.1000000000000005,0.41,2,N,30396
0.91,3.1000000000000005,0.41,3,N,30397
0.91,3.1000000000000005,0.41,4,N,30398
0.91,3.1000000000000005,0.41,5,N,30399
0.91,3.1000000000000005,0.51,1,N,30400
0.91,3.1000000000000005,0.51,2,N,30401
0.91,3.1000000000000005,0.51,3,N,30402
0.91,3.1000000000000005,0.51,4,N,30403
0.91,3.1000000000000005,0.51,5,N,30404
0.91,3.1000000000000005,0.6100000000000001,1,N,30405
0.91,3.1000000000000005,0.6100000000000001,2,N,30406
0.91,3.1000000000000005,0.6100000000000001,3,N,30407
0.91,3.1000000000000005,0.6100000000000001,4,N,30408
0.91,3.1000000000000005,0.6100000000000001,5,N,30409
0.91,3.1000000000000005,0.7100000000000001,1,N,30410
0.91,3.1000000000000005,0.7100000000000001,2,N,30411
0.91,3.1000000000000005,0.7100000000000001,3,N,30412
0.91,3.1000000000000005,0.7100000000000001,4,N,30413
0.91,3.1000000000000005,0.7100000000000001,5,N,30414
0.91,3.1000000000000005,0.81,1,N,30415
0.91,3.1000000000000005,0.81,2,N,30416
0.91,3.1000000000000005,0.81,3,N,30417
0.91,3.1000000000000005,0.81,4,N,30418
0.91,3.1000000000000005,0.81,5,N,30419
0.91,3.1000000000000005,0.91,1,N,30420
0.91,3.1000000000000005,0.91,2,N,30421
0.91,3.1000000000000005,0.91,3,N,30422
0.91,3.1000000000000005,0.91,4,N,30423
0.91,3.1000000000000005,0.91,5,N,30424
0.91,3.1000000000000005,1.01,1,N,30425
0.91,3.1000000000000005,1.01,2,N,30426
0.91,3.1000000000000005,1.01,3,N,30427
0.91,3.1000000000000005,1.01,4,N,30428
0.91,3.1000000000000005,1.01,5,N,30429
0.91,3.1000000000000005,1.11,1,N,30430
0.91,3.1000000000000005,1.11,2,N,30431
0.91,3.1000000000000005,1.11,3,N,30432
0.91,3.1000000000000005,1.11,4,N,30433
0.91,3.1000000000000005,1.11,5,N,30434
0.91,3.1000000000000005,1.3,1,N,30435
0.91,3.1000000000000005,1.3,2,N,30436
0.91,3.1000000000000005,1.3,3,N,30437
0.91,3.1000000000000005,1.3,4,N,30438
0.91,3.1000000000000005,1.3,5,N,30439
0.91,3.1000000000000005,1.6,1,N,30440
0.91,3.1000000000000005,1.6,2,N,30441
0.91,3.1000000000000005,1.6,3,N,30442
0.91,3.1000000000000005,1.6,4,N,30443
0.91,3.1000000000000005,1.6,5,N,30444
0.91,3.1000000000000005,1.9,1,N,30445
0.91,3.1000000000000005,1.9,2,N,30446
0.91,3.1000000000000005,1.9,3,N,30447
0.91,3.1000000000000005,1.9,4,N,30448
0.91,3.1000000000000005,1.9,5,N,30449
0.91,3.1000000000000005,2.2,1,N,30450
0.91,3.1000000000000005,2.2,2,N,30451
0.91,3.1000000000000005,2.2,3,N,30452
0.91,3.1000000000000005,2.2,4,N,30453
0.91,3.1000000000000005,2.2,5,N,30454
0.91,3.1000000000000005,2.5,1,N,30455
0.91,3.1000000000000005,2.5,2,N,30456
0.91,3.1000000000000005,2.5,3,N,30457
0.91,3.1000000000000005,2.5,4,N,30458
0.91,3.1000000000000005,2.5,5,N,30459
0.91,3.1000000000000005,2.8000000000000003,1,N,30460
0.91,3.1000000000000005,2.8000000000000003,2,N,30461
0.91,3.1000000000000005,2.8000000000000003,3,N,30462
0.91,3.1000000000000005,2.8000000000000003,4,N,30463
0.91,3.1000000000000005,2.8000000000000003,5,N,30464
0.91,3.1000000000000005,3.1000000000000005,1,N,30465
0.91,3.1000000000000005,3.1000000000000005,2,N,30466
0.91,3.1000000000000005,3.1000000000000005,3,N,30467
0.91,3.1000000000000005,3.1000000000000005,4,N,30468
0.91,3.1000000000000005,3.1000000000000005,5,N,30469
0.91,3.1000000000000005,3.4000000000000004,1,N,30470
0.91,3.1000000000000005,3.4000000000000004,2,N,30471
0.91,3.1000000000000005,3.4000000000000004,3,N,30472
0.91,3.1000000000000005,3.4000000000000004,4,N,30473
0.91,3.1000000000000005,3.4000000000000004,5,N,30474
0.91,3.1000000000000005,3.7,1,N,30475
0.91,3.1000000000000005,3.7,2,N,30476
0.91,3.1000000000000005,3.7,3,N,30477
0.91,3.1000000000000005,3.7,4,N,30478
0.91,3.1000000000000005,3.7,5,N,30479
0.91,3.1000000000000005,4.0,1,N,30480
0.91,3.1000000000000005,4.0,2,N,30481
0.91,3.1000000000000005,4.0,3,N,30482
0.91,3.1000000000000005,4.0,4,N,30483
0.91,3.1000000000000005,4.0,5,N,30484
0.91,3.1000000000000005,4.300000000000002,1,N,30485
0.91,3.1000000000000005,4.300000000000002,2,N,30486
0.91,3.1000000000000005,4.300000000000002,3,N,30487
0.91,3.1000000000000005,4.300000000000002,4,N,30488
0.91,3.1000000000000005,4.300000000000002,5,N,30489
0.91,3.1000000000000005,4.6000000000000005,1,N,30490
0.91,3.1000000000000005,4.6000000000000005,2,N,30491
0.91,3.1000000000000005,4.6000000000000005,3,N,30492
0.91,3.1000000000000005,4.6000000000000005,4,N,30493
0.91,3.1000000000000005,4.6000000000000005,5,N,30494
0.91,3.1000000000000005,4.9,1,N,30495
0.91,3.1000000000000005,4.9,2,N,30496
0.91,3.1000000000000005,4.9,3,N,30497
0.91,3.1000000000000005,4.9,4,N,30498
0.91,3.1000000000000005,4.9,5,N,30499
0.91,3.4000000000000004,0.01,1,N,30500
0.91,3.4000000000000004,0.01,2,N,30501
0.91,3.4000000000000004,0.01,3,N,30502
0.91,3.4000000000000004,0.01,4,N,30503
0.91,3.4000000000000004,0.01,5,N,30504
0.91,3.4000000000000004,0.11,1,N,30505
0.91,3.4000000000000004,0.11,2,N,30506
0.91,3.4000000000000004,0.11,3,N,30507
0.91,3.4000000000000004,0.11,4,N,30508
0.91,3.4000000000000004,0.11,5,N,30509
0.91,3.4000000000000004,0.21,1,N,30510
0.91,3.4000000000000004,0.21,2,N,30511
0.91,3.4000000000000004,0.21,3,N,30512
0.91,3.4000000000000004,0.21,4,N,30513
0.91,3.4000000000000004,0.21,5,N,30514
0.91,3.4000000000000004,0.31000000000000005,1,N,30515
0.91,3.4000000000000004,0.31000000000000005,2,N,30516
0.91,3.4000000000000004,0.31000000000000005,3,N,30517
0.91,3.4000000000000004,0.31000000000000005,4,N,30518
0.91,3.4000000000000004,0.31000000000000005,5,N,30519
0.91,3.4000000000000004,0.41,1,N,30520
0.91,3.4000000000000004,0.41,2,N,30521
0.91,3.4000000000000004,0.41,3,N,30522
0.91,3.4000000000000004,0.41,4,N,30523
0.91,3.4000000000000004,0.41,5,N,30524
0.91,3.4000000000000004,0.51,1,N,30525
0.91,3.4000000000000004,0.51,2,N,30526
0.91,3.4000000000000004,0.51,3,N,30527
0.91,3.4000000000000004,0.51,4,N,30528
0.91,3.4000000000000004,0.51,5,N,30529
0.91,3.4000000000000004,0.6100000000000001,1,N,30530
0.91,3.4000000000000004,0.6100000000000001,2,N,30531
0.91,3.4000000000000004,0.6100000000000001,3,N,30532
0.91,3.4000000000000004,0.6100000000000001,4,N,30533
0.91,3.4000000000000004,0.6100000000000001,5,N,30534
0.91,3.4000000000000004,0.7100000000000001,1,N,30535
0.91,3.4000000000000004,0.7100000000000001,2,N,30536
0.91,3.4000000000000004,0.7100000000000001,3,N,30537
0.91,3.4000000000000004,0.7100000000000001,4,N,30538
0.91,3.4000000000000004,0.7100000000000001,5,N,30539
0.91,3.4000000000000004,0.81,1,N,30540
0.91,3.4000000000000004,0.81,2,N,30541
0.91,3.4000000000000004,0.81,3,N,30542
0.91,3.4000000000000004,0.81,4,N,30543
0.91,3.4000000000000004,0.81,5,N,30544
0.91,3.4000000000000004,0.91,1,N,30545
0.91,3.4000000000000004,0.91,2,N,30546
0.91,3.4000000000000004,0.91,3,N,30547
0.91,3.4000000000000004,0.91,4,N,30548
0.91,3.4000000000000004,0.91,5,N,30549
0.91,3.4000000000000004,1.01,1,N,30550
0.91,3.4000000000000004,1.01,2,N,30551
0.91,3.4000000000000004,1.01,3,N,30552
0.91,3.4000000000000004,1.01,4,N,30553
0.91,3.4000000000000004,1.01,5,N,30554
0.91,3.4000000000000004,1.11,1,N,30555
0.91,3.4000000000000004,1.11,2,N,30556
0.91,3.4000000000000004,1.11,3,N,30557
0.91,3.4000000000000004,1.11,4,N,30558
0.91,3.4000000000000004,1.11,5,N,30559
0.91,3.4000000000000004,1.3,1,N,30560
0.91,3.4000000000000004,1.3,2,N,30561
0.91,3.4000000000000004,1.3,3,N,30562
0.91,3.4000000000000004,1.3,4,N,30563
0.91,3.4000000000000004,1.3,5,N,30564
0.91,3.4000000000000004,1.6,1,N,30565
0.91,3.4000000000000004,1.6,2,N,30566
0.91,3.4000000000000004,1.6,3,N,30567
0.91,3.4000000000000004,1.6,4,N,30568
0.91,3.4000000000000004,1.6,5,N,30569
0.91,3.4000000000000004,1.9,1,N,30570
0.91,3.4000000000000004,1.9,2,N,30571
0.91,3.4000000000000004,1.9,3,N,30572
0.91,3.4000000000000004,1.9,4,N,30573
0.91,3.4000000000000004,1.9,5,N,30574
0.91,3.4000000000000004,2.2,1,N,30575
0.91,3.4000000000000004,2.2,2,N,30576
0.91,3.4000000000000004,2.2,3,N,30577
0.91,3.4000000000000004,2.2,4,N,30578
0.91,3.4000000000000004,2.2,5,N,30579
0.91,3.4000000000000004,2.5,1,N,30580
0.91,3.4000000000000004,2.5,2,N,30581
0.91,3.4000000000000004,2.5,3,N,30582
0.91,3.4000000000000004,2.5,4,N,30583
0.91,3.4000000000000004,2.5,5,N,30584
0.91,3.4000000000000004,2.8000000000000003,1,N,30585
0.91,3.4000000000000004,2.8000000000000003,2,N,30586
0.91,3.4000000000000004,2.8000000000000003,3,N,30587
0.91,3.4000000000000004,2.8000000000000003,4,N,30588
0.91,3.4000000000000004,2.8000000000000003,5,N,30589
0.91,3.4000000000000004,3.1000000000000005,1,N,30590
0.91,3.4000000000000004,3.1000000000000005,2,N,30591
0.91,3.4000000000000004,3.1000000000000005,3,N,30592
0.91,3.4000000000000004,3.1000000000000005,4,N,30593
0.91,3.4000000000000004,3.1000000000000005,5,N,30594
0.91,3.4000000000000004,3.4000000000000004,1,N,30595
0.91,3.4000000000000004,3.4000000000000004,2,N,30596
0.91,3.4000000000000004,3.4000000000000004,3,N,30597
0.91,3.4000000000000004,3.4000000000000004,4,N,30598
0.91,3.4000000000000004,3.4000000000000004,5,N,30599
0.91,3.4000000000000004,3.7,1,N,30600
0.91,3.4000000000000004,3.7,2,N,30601
0.91,3.4000000000000004,3.7,3,N,30602
0.91,3.4000000000000004,3.7,4,N,30603
0.91,3.4000000000000004,3.7,5,N,30604
0.91,3.4000000000000004,4.0,1,N,30605
0.91,3.4000000000000004,4.0,2,N,30606
0.91,3.4000000000000004,4.0,3,N,30607
0.91,3.4000000000000004,4.0,4,N,30608
0.91,3.4000000000000004,4.0,5,N,30609
0.91,3.4000000000000004,4.300000000000002,1,N,30610
0.91,3.4000000000000004,4.300000000000002,2,N,30611
0.91,3.4000000000000004,4.300000000000002,3,N,30612
0.91,3.4000000000000004,4.300000000000002,4,N,30613
0.91,3.4000000000000004,4.300000000000002,5,N,30614
0.91,3.4000000000000004,4.6000000000000005,1,N,30615
0.91,3.4000000000000004,4.6000000000000005,2,N,30616
0.91,3.4000000000000004,4.6000000000000005,3,N,30617
0.91,3.4000000000000004,4.6000000000000005,4,N,30618
0.91,3.4000000000000004,4.6000000000000005,5,N,30619
0.91,3.4000000000000004,4.9,1,N,30620
0.91,3.4000000000000004,4.9,2,N,30621
0.91,3.4000000000000004,4.9,3,N,30622
0.91,3.4000000000000004,4.9,4,N,30623
0.91,3.4000000000000004,4.9,5,N,30624
0.91,3.7,0.01,1,N,30625
0.91,3.7,0.01,2,N,30626
0.91,3.7,0.01,3,N,30627
0.91,3.7,0.01,4,N,30628
0.91,3.7,0.01,5,N,30629
0.91,3.7,0.11,1,N,30630
0.91,3.7,0.11,2,N,30631
0.91,3.7,0.11,3,N,30632
0.91,3.7,0.11,4,N,30633
0.91,3.7,0.11,5,N,30634
0.91,3.7,0.21,1,N,30635
0.91,3.7,0.21,2,N,30636
0.91,3.7,0.21,3,N,30637
0.91,3.7,0.21,4,N,30638
0.91,3.7,0.21,5,N,30639
0.91,3.7,0.31000000000000005,1,N,30640
0.91,3.7,0.31000000000000005,2,N,30641
0.91,3.7,0.31000000000000005,3,N,30642
0.91,3.7,0.31000000000000005,4,N,30643
0.91,3.7,0.31000000000000005,5,N,30644
0.91,3.7,0.41,1,N,30645
0.91,3.7,0.41,2,N,30646
0.91,3.7,0.41,3,N,30647
0.91,3.7,0.41,4,N,30648
0.91,3.7,0.41,5,N,30649
0.91,3.7,0.51,1,N,30650
0.91,3.7,0.51,2,N,30651
0.91,3.7,0.51,3,N,30652
0.91,3.7,0.51,4,N,30653
0.91,3.7,0.51,5,N,30654
0.91,3.7,0.6100000000000001,1,N,30655
0.91,3.7,0.6100000000000001,2,N,30656
0.91,3.7,0.6100000000000001,3,N,30657
0.91,3.7,0.6100000000000001,4,N,30658
0.91,3.7,0.6100000000000001,5,N,30659
0.91,3.7,0.7100000000000001,1,N,30660
0.91,3.7,0.7100000000000001,2,N,30661
0.91,3.7,0.7100000000000001,3,N,30662
0.91,3.7,0.7100000000000001,4,N,30663
0.91,3.7,0.7100000000000001,5,Y,30664
0.91,3.7,0.81,1,N,30665
0.91,3.7,0.81,2,N,30666
0.91,3.7,0.81,3,N,30667
0.91,3.7,0.81,4,N,30668
0.91,3.7,0.81,5,N,30669
0.91,3.7,0.91,1,N,30670
0.91,3.7,0.91,2,N,30671
0.91,3.7,0.91,3,N,30672
0.91,3.7,0.91,4,N,30673
0.91,3.7,0.91,5,N,30674
0.91,3.7,1.01,1,N,30675
0.91,3.7,1.01,2,N,30676
0.91,3.7,1.01,3,N,30677
0.91,3.7,1.01,4,N,30678
0.91,3.7,1.01,5,N,30679
0.91,3.7,1.11,1,N,30680
0.91,3.7,1.11,2,N,30681
0.91,3.7,1.11,3,N,30682
0.91,3.7,1.11,4,N,30683
0.91,3.7,1.11,5,N,30684
0.91,3.7,1.3,1,N,30685
0.91,3.7,1.3,2,N,30686
0.91,3.7,1.3,3,N,30687
0.91,3.7,1.3,4,N,30688
0.91,3.7,1.3,5,N,30689
0.91,3.7,1.6,1,N,30690
0.91,3.7,1.6,2,N,30691
0.91,3.7,1.6,3,N,30692
0.91,3.7,1.6,4,N,30693
0.91,3.7,1.6,5,N,30694
0.91,3.7,1.9,1,N,30695
0.91,3.7,1.9,2,N,30696
0.91,3.7,1.9,3,N,30697
0.91,3.7,1.9,4,N,30698
0.91,3.7,1.9,5,N,30699
0.91,3.7,2.2,1,N,30700
0.91,3.7,2.2,2,N,30701
0.91,3.7,2.2,3,N,30702
0.91,3.7,2.2,4,N,30703
0.91,3.7,2.2,5,N,30704
0.91,3.7,2.5,1,N,30705
0.91,3.7,2.5,2,N,30706
0.91,3.7,2.5,3,N,30707
0.91,3.7,2.5,4,N,30708
0.91,3.7,2.5,5,N,30709
0.91,3.7,2.8000000000000003,1,N,30710
0.91,3.7,2.8000000000000003,2,N,30711
0.91,3.7,2.8000000000000003,3,N,30712
0.91,3.7,2.8000000000000003,4,N,30713
0.91,3.7,2.8000000000000003,5,N,30714
0.91,3.7,3.1000000000000005,1,N,30715
0.91,3.7,3.1000000000000005,2,N,30716
0.91,3.7,3.1000000000000005,3,N,30717
0.91,3.7,3.1000000000000005,4,N,30718
0.91,3.7,3.1000000000000005,5,N,30719
0.91,3.7,3.4000000000000004,1,N,30720
0.91,3.7,3.4000000000000004,2,N,30721
0.91,3.7,3.4000000000000004,3,N,30722
0.91,3.7,3.4000000000000004,4,N,30723
0.91,3.7,3.4000000000000004,5,N,30724
0.91,3.7,3.7,1,N,30725
0.91,3.7,3.7,2,N,30726
0.91,3.7,3.7,3,N,30727
0.91,3.7,3.7,4,N,30728
0.91,3.7,3.7,5,N,30729
0.91,3.7,4.0,1,N,30730
0.91,3.7,4.0,2,N,30731
0.91,3.7,4.0,3,N,30732
0.91,3.7,4.0,4,N,30733
0.91,3.7,4.0,5,N,30734
0.91,3.7,4.300000000000002,1,N,30735
0.91,3.7,4.300000000000002,2,N,30736
0.91,3.7,4.300000000000002,3,N,30737
0.91,3.7,4.300000000000002,4,N,30738
0.91,3.7,4.300000000000002,5,N,30739
0.91,3.7,4.6000000000000005,1,N,30740
0.91,3.7,4.6000000000000005,2,N,30741
0.91,3.7,4.6000000000000005,3,N,30742
0.91,3.7,4.6000000000000005,4,N,30743
0.91,3.7,4.6000000000000005,5,N,30744
0.91,3.7,4.9,1,N,30745
0.91,3.7,4.9,2,N,30746
0.91,3.7,4.9,3,N,30747
0.91,3.7,4.9,4,N,30748
0.91,3.7,4.9,5,N,30749
0.91,4.0,0.01,1,N,30750
0.91,4.0,0.01,2,N,30751
0.91,4.0,0.01,3,N,30752
0.91,4.0,0.01,4,N,30753
0.91,4.0,0.01,5,N,30754
0.91,4.0,0.11,1,N,30755
0.91,4.0,0.11,2,N,30756
0.91,4.0,0.11,3,N,30757
0.91,4.0,0.11,4,N,30758
0.91,4.0,0.11,5,N,30759
0.91,4.0,0.21,1,N,30760
0.91,4.0,0.21,2,N,30761
0.91,4.0,0.21,3,N,30762
0.91,4.0,0.21,4,N,30763
0.91,4.0,0.21,5,N,30764
0.91,4.0,0.31000000000000005,1,N,30765
0.91,4.0,0.31000000000000005,2,N,30766
0.91,4.0,0.31000000000000005,3,N,30767
0.91,4.0,0.31000000000000005,4,N,30768
0.91,4.0,0.31000000000000005,5,N,30769
0.91,4.0,0.41,1,N,30770
0.91,4.0,0.41,2,N,30771
0.91,4.0,0.41,3,N,30772
0.91,4.0,0.41,4,N,30773
0.91,4.0,0.41,5,N,30774
0.91,4.0,0.51,1,N,30775
0.91,4.0,0.51,2,N,30776
0.91,4.0,0.51,3,N,30777
0.91,4.0,0.51,4,N,30778
0.91,4.0,0.51,5,N,30779
0.91,4.0,0.6100000000000001,1,N,30780
0.91,4.0,0.6100000000000001,2,N,30781
0.91,4.0,0.6100000000000001,3,N,30782
0.91,4.0,0.6100000000000001,4,N,30783
0.91,4.0,0.6100000000000001,5,N,30784
0.91,4.0,0.7100000000000001,1,N,30785
0.91,4.0,0.7100000000000001,2,N,30786
0.91,4.0,0.7100000000000001,3,N,30787
0.91,4.0,0.7100000000000001,4,N,30788
0.91,4.0,0.7100000000000001,5,N,30789
0.91,4.0,0.81,1,N,30790
0.91,4.0,0.81,2,N,30791
0.91,4.0,0.81,3,N,30792
0.91,4.0,0.81,4,N,30793
0.91,4.0,0.81,5,N,30794
0.91,4.0,0.91,1,N,30795
0.91,4.0,0.91,2,N,30796
0.91,4.0,0.91,3,N,30797
0.91,4.0,0.91,4,N,30798
0.91,4.0,0.91,5,N,30799
0.91,4.0,1.01,1,N,30800
0.91,4.0,1.01,2,N,30801
0.91,4.0,1.01,3,N,30802
0.91,4.0,1.01,4,N,30803
0.91,4.0,1.01,5,N,30804
0.91,4.0,1.11,1,N,30805
0.91,4.0,1.11,2,N,30806
0.91,4.0,1.11,3,N,30807
0.91,4.0,1.11,4,N,30808
0.91,4.0,1.11,5,N,30809
0.91,4.0,1.3,1,N,30810
0.91,4.0,1.3,2,N,30811
0.91,4.0,1.3,3,N,30812
0.91,4.0,1.3,4,N,30813
0.91,4.0,1.3,5,N,30814
0.91,4.0,1.6,1,N,30815
0.91,4.0,1.6,2,N,30816
0.91,4.0,1.6,3,N,30817
0.91,4.0,1.6,4,N,30818
0.91,4.0,1.6,5,N,30819
0.91,4.0,1.9,1,N,30820
0.91,4.0,1.9,2,N,30821
0.91,4.0,1.9,3,N,30822
0.91,4.0,1.9,4,N,30823
0.91,4.0,1.9,5,N,30824
0.91,4.0,2.2,1,N,30825
0.91,4.0,2.2,2,N,30826
0.91,4.0,2.2,3,N,30827
0.91,4.0,2.2,4,N,30828
0.91,4.0,2.2,5,N,30829
0.91,4.0,2.5,1,N,30830
0.91,4.0,2.5,2,N,30831
0.91,4.0,2.5,3,N,30832
0.91,4.0,2.5,4,N,30833
0.91,4.0,2.5,5,N,30834
0.91,4.0,2.8000000000000003,1,N,30835
0.91,4.0,2.8000000000000003,2,N,30836
0.91,4.0,2.8000000000000003,3,N,30837
0.91,4.0,2.8000000000000003,4,N,30838
0.91,4.0,2.8000000000000003,5,N,30839
0.91,4.0,3.1000000000000005,1,N,30840
0.91,4.0,3.1000000000000005,2,N,30841
0.91,4.0,3.1000000000000005,3,N,30842
0.91,4.0,3.1000000000000005,4,N,30843
0.91,4.0,3.1000000000000005,5,N,30844
0.91,4.0,3.4000000000000004,1,N,30845
0.91,4.0,3.4000000000000004,2,N,30846
0.91,4.0,3.4000000000000004,3,N,30847
0.91,4.0,3.4000000000000004,4,N,30848
0.91,4.0,3.4000000000000004,5,N,30849
0.91,4.0,3.7,1,N,30850
0.91,4.0,3.7,2,N,30851
0.91,4.0,3.7,3,N,30852
0.91,4.0,3.7,4,N,30853
0.91,4.0,3.7,5,N,30854
0.91,4.0,4.0,1,N,30855
0.91,4.0,4.0,2,N,30856
0.91,4.0,4.0,3,N,30857
0.91,4.0,4.0,4,N,30858
0.91,4.0,4.0,5,N,30859
0.91,4.0,4.300000000000002,1,N,30860
0.91,4.0,4.300000000000002,2,N,30861
0.91,4.0,4.300000000000002,3,N,30862
0.91,4.0,4.300000000000002,4,N,30863
0.91,4.0,4.300000000000002,5,N,30864
0.91,4.0,4.6000000000000005,1,N,30865
0.91,4.0,4.6000000000000005,2,N,30866
0.91,4.0,4.6000000000000005,3,N,30867
0.91,4.0,4.6000000000000005,4,N,30868
0.91,4.0,4.6000000000000005,5,N,30869
0.91,4.0,4.9,1,N,30870
0.91,4.0,4.9,2,N,30871
0.91,4.0,4.9,3,N,30872
0.91,4.0,4.9,4,N,30873
0.91,4.0,4.9,5,N,30874
0.91,4.300000000000002,0.01,1,N,30875
0.91,4.300000000000002,0.01,2,N,30876
0.91,4.300000000000002,0.01,3,N,30877
0.91,4.300000000000002,0.01,4,N,30878
0.91,4.300000000000002,0.01,5,N,30879
0.91,4.300000000000002,0.11,1,N,30880
0.91,4.300000000000002,0.11,2,N,30881
0.91,4.300000000000002,0.11,3,N,30882
0.91,4.300000000000002,0.11,4,N,30883
0.91,4.300000000000002,0.11,5,N,30884
0.91,4.300000000000002,0.21,1,N,30885
0.91,4.300000000000002,0.21,2,N,30886
0.91,4.300000000000002,0.21,3,N,30887
0.91,4.300000000000002,0.21,4,N,30888
0.91,4.300000000000002,0.21,5,N,30889
0.91,4.300000000000002,0.31000000000000005,1,N,30890
0.91,4.300000000000002,0.31000000000000005,2,N,30891
0.91,4.300000000000002,0.31000000000000005,3,N,30892
0.91,4.300000000000002,0.31000000000000005,4,N,30893
0.91,4.300000000000002,0.31000000000000005,5,N,30894
0.91,4.300000000000002,0.41,1,N,30895
0.91,4.300000000000002,0.41,2,N,30896
0.91,4.300000000000002,0.41,3,N,30897
0.91,4.300000000000002,0.41,4,N,30898
0.91,4.300000000000002,0.41,5,N,30899
0.91,4.300000000000002,0.51,1,N,30900
0.91,4.300000000000002,0.51,2,N,30901
0.91,4.300000000000002,0.51,3,N,30902
0.91,4.300000000000002,0.51,4,N,30903
0.91,4.300000000000002,0.51,5,N,30904
0.91,4.300000000000002,0.6100000000000001,1,N,30905
0.91,4.300000000000002,0.6100000000000001,2,N,30906
0.91,4.300000000000002,0.6100000000000001,3,N,30907
0.91,4.300000000000002,0.6100000000000001,4,N,30908
0.91,4.300000000000002,0.6100000000000001,5,N,30909
0.91,4.300000000000002,0.7100000000000001,1,N,30910
0.91,4.300000000000002,0.7100000000000001,2,N,30911
0.91,4.300000000000002,0.7100000000000001,3,N,30912
0.91,4.300000000000002,0.7100000000000001,4,N,30913
0.91,4.300000000000002,0.7100000000000001,5,N,30914
0.91,4.300000000000002,0.81,1,N,30915
0.91,4.300000000000002,0.81,2,N,30916
0.91,4.300000000000002,0.81,3,N,30917
0.91,4.300000000000002,0.81,4,N,30918
0.91,4.300000000000002,0.81,5,N,30919
0.91,4.300000000000002,0.91,1,N,30920
0.91,4.300000000000002,0.91,2,N,30921
0.91,4.300000000000002,0.91,3,N,30922
0.91,4.300000000000002,0.91,4,N,30923
0.91,4.300000000000002,0.91,5,N,30924
0.91,4.300000000000002,1.01,1,N,30925
0.91,4.300000000000002,1.01,2,N,30926
0.91,4.300000000000002,1.01,3,N,30927
0.91,4.300000000000002,1.01,4,N,30928
0.91,4.300000000000002,1.01,5,N,30929
0.91,4.300000000000002,1.11,1,N,30930
0.91,4.300000000000002,1.11,2,N,30931
0.91,4.300000000000002,1.11,3,N,30932
0.91,4.300000000000002,1.11,4,N,30933
0.91,4.300000000000002,1.11,5,N,30934
0.91,4.300000000000002,1.3,1,N,30935
0.91,4.300000000000002,1.3,2,N,30936
0.91,4.300000000000002,1.3,3,N,30937
0.91,4.300000000000002,1.3,4,N,30938
0.91,4.300000000000002,1.3,5,N,30939
0.91,4.300000000000002,1.6,1,N,30940
0.91,4.300000000000002,1.6,2,N,30941
0.91,4.300000000000002,1.6,3,N,30942
0.91,4.300000000000002,1.6,4,N,30943
0.91,4.300000000000002,1.6,5,N,30944
0.91,4.300000000000002,1.9,1,N,30945
0.91,4.300000000000002,1.9,2,N,30946
0.91,4.300000000000002,1.9,3,N,30947
0.91,4.300000000000002,1.9,4,N,30948
0.91,4.300000000000002,1.9,5,N,30949
0.91,4.300000000000002,2.2,1,N,30950
0.91,4.300000000000002,2.2,2,N,30951
0.91,4.300000000000002,2.2,3,N,30952
0.91,4.300000000000002,2.2,4,N,30953
0.91,4.300000000000002,2.2,5,N,30954
0.91,4.300000000000002,2.5,1,N,30955
0.91,4.300000000000002,2.5,2,N,30956
0.91,4.300000000000002,2.5,3,N,30957
0.91,4.300000000000002,2.5,4,N,30958
0.91,4.300000000000002,2.5,5,N,30959
0.91,4.300000000000002,2.8000000000000003,1,N,30960
0.91,4.300000000000002,2.8000000000000003,2,N,30961
0.91,4.300000000000002,2.8000000000000003,3,N,30962
0.91,4.300000000000002,2.8000000000000003,4,N,30963
0.91,4.300000000000002,2.8000000000000003,5,N,30964
0.91,4.300000000000002,3.1000000000000005,1,N,30965
0.91,4.300000000000002,3.1000000000000005,2,N,30966
0.91,4.300000000000002,3.1000000000000005,3,N,30967
0.91,4.300000000000002,3.1000000000000005,4,N,30968
0.91,4.300000000000002,3.1000000000000005,5,N,30969
0.91,4.300000000000002,3.4000000000000004,1,N,30970
0.91,4.300000000000002,3.4000000000000004,2,N,30971
0.91,4.300000000000002,3.4000000000000004,3,N,30972
0.91,4.300000000000002,3.4000000000000004,4,N,30973
0.91,4.300000000000002,3.4000000000000004,5,N,30974
0.91,4.300000000000002,3.7,1,N,30975
0.91,4.300000000000002,3.7,2,N,30976
0.91,4.300000000000002,3.7,3,N,30977
0.91,4.300000000000002,3.7,4,N,30978
0.91,4.300000000000002,3.7,5,N,30979
0.91,4.300000000000002,4.0,1,N,30980
0.91,4.300000000000002,4.0,2,N,30981
0.91,4.300000000000002,4.0,3,N,30982
0.91,4.300000000000002,4.0,4,N,30983
0.91,4.300000000000002,4.0,5,N,30984
0.91,4.300000000000002,4.300000000000002,1,N,30985
0.91,4.300000000000002,4.300000000000002,2,N,30986
0.91,4.300000000000002,4.300000000000002,3,N,30987
0.91,4.300000000000002,4.300000000000002,4,N,30988
0.91,4.300000000000002,4.300000000000002,5,N,30989
0.91,4.300000000000002,4.6000000000000005,1,N,30990
0.91,4.300000000000002,4.6000000000000005,2,N,30991
0.91,4.300000000000002,4.6000000000000005,3,N,30992
0.91,4.300000000000002,4.6000000000000005,4,N,30993
0.91,4.300000000000002,4.6000000000000005,5,N,30994
0.91,4.300000000000002,4.9,1,N,30995
0.91,4.300000000000002,4.9,2,N,30996
0.91,4.300000000000002,4.9,3,N,30997
0.91,4.300000000000002,4.9,4,N,30998
0.91,4.300000000000002,4.9,5,N,30999
0.91,4.6000000000000005,0.01,1,N,31000
0.91,4.6000000000000005,0.01,2,N,31001
0.91,4.6000000000000005,0.01,3,N,31002
0.91,4.6000000000000005,0.01,4,N,31003
0.91,4.6000000000000005,0.01,5,N,31004
0.91,4.6000000000000005,0.11,1,N,31005
0.91,4.6000000000000005,0.11,2,N,31006
0.91,4.6000000000000005,0.11,3,N,31007
0.91,4.6000000000000005,0.11,4,N,31008
0.91,4.6000000000000005,0.11,5,N,31009
0.91,4.6000000000000005,0.21,1,N,31010
0.91,4.6000000000000005,0.21,2,N,31011
0.91,4.6000000000000005,0.21,3,N,31012
0.91,4.6000000000000005,0.21,4,N,31013
0.91,4.6000000000000005,0.21,5,N,31014
0.91,4.6000000000000005,0.31000000000000005,1,N,31015
0.91,4.6000000000000005,0.31000000000000005,2,N,31016
0.91,4.6000000000000005,0.31000000000000005,3,N,31017
0.91,4.6000000000000005,0.31000000000000005,4,N,31018
0.91,4.6000000000000005,0.31000000000000005,5,N,31019
0.91,4.6000000000000005,0.41,1,N,31020
0.91,4.6000000000000005,0.41,2,N,31021
0.91,4.6000000000000005,0.41,3,N,31022
0.91,4.6000000000000005,0.41,4,N,31023
0.91,4.6000000000000005,0.41,5,N,31024
0.91,4.6000000000000005,0.51,1,N,31025
0.91,4.6000000000000005,0.51,2,N,31026
0.91,4.6000000000000005,0.51,3,N,31027
0.91,4.6000000000000005,0.51,4,N,31028
0.91,4.6000000000000005,0.51,5,N,31029
0.91,4.6000000000000005,0.6100000000000001,1,N,31030
0.91,4.6000000000000005,0.6100000000000001,2,N,31031
0.91,4.6000000000000005,0.6100000000000001,3,N,31032
0.91,4.6000000000000005,0.6100000000000001,4,N,31033
0.91,4.6000000000000005,0.6100000000000001,5,N,31034
0.91,4.6000000000000005,0.7100000000000001,1,N,31035
0.91,4.6000000000000005,0.7100000000000001,2,N,31036
0.91,4.6000000000000005,0.7100000000000001,3,N,31037
0.91,4.6000000000000005,0.7100000000000001,4,N,31038
0.91,4.6000000000000005,0.7100000000000001,5,N,31039
0.91,4.6000000000000005,0.81,1,N,31040
0.91,4.6000000000000005,0.81,2,N,31041
0.91,4.6000000000000005,0.81,3,N,31042
0.91,4.6000000000000005,0.81,4,N,31043
0.91,4.6000000000000005,0.81,5,N,31044
0.91,4.6000000000000005,0.91,1,N,31045
0.91,4.6000000000000005,0.91,2,N,31046
0.91,4.6000000000000005,0.91,3,N,31047
0.91,4.6000000000000005,0.91,4,N,31048
0.91,4.6000000000000005,0.91,5,N,31049
0.91,4.6000000000000005,1.01,1,N,31050
0.91,4.6000000000000005,1.01,2,N,31051
0.91,4.6000000000000005,1.01,3,N,31052
0.91,4.6000000000000005,1.01,4,N,31053
0.91,4.6000000000000005,1.01,5,N,31054
0.91,4.6000000000000005,1.11,1,N,31055
0.91,4.6000000000000005,1.11,2,N,31056
0.91,4.6000000000000005,1.11,3,N,31057
0.91,4.6000000000000005,1.11,4,N,31058
0.91,4.6000000000000005,1.11,5,N,31059
0.91,4.6000000000000005,1.3,1,N,31060
0.91,4.6000000000000005,1.3,2,N,31061
0.91,4.6000000000000005,1.3,3,N,31062
0.91,4.6000000000000005,1.3,4,N,31063
0.91,4.6000000000000005,1.3,5,N,31064
0.91,4.6000000000000005,1.6,1,N,31065
0.91,4.6000000000000005,1.6,2,N,31066
0.91,4.6000000000000005,1.6,3,N,31067
0.91,4.6000000000000005,1.6,4,N,31068
0.91,4.6000000000000005,1.6,5,N,31069
0.91,4.6000000000000005,1.9,1,N,31070
0.91,4.6000000000000005,1.9,2,N,31071
0.91,4.6000000000000005,1.9,3,N,31072
0.91,4.6000000000000005,1.9,4,N,31073
0.91,4.6000000000000005,1.9,5,N,31074
0.91,4.6000000000000005,2.2,1,N,31075
0.91,4.6000000000000005,2.2,2,N,31076
0.91,4.6000000000000005,2.2,3,N,31077
0.91,4.6000000000000005,2.2,4,N,31078
0.91,4.6000000000000005,2.2,5,N,31079
0.91,4.6000000000000005,2.5,1,N,31080
0.91,4.6000000000000005,2.5,2,N,31081
0.91,4.6000000000000005,2.5,3,N,31082
0.91,4.6000000000000005,2.5,4,N,31083
0.91,4.6000000000000005,2.5,5,N,31084
0.91,4.6000000000000005,2.8000000000000003,1,N,31085
0.91,4.6000000000000005,2.8000000000000003,2,N,31086
0.91,4.6000000000000005,2.8000000000000003,3,N,31087
0.91,4.6000000000000005,2.8000000000000003,4,N,31088
0.91,4.6000000000000005,2.8000000000000003,5,N,31089
0.91,4.6000000000000005,3.1000000000000005,1,N,31090
0.91,4.6000000000000005,3.1000000000000005,2,N,31091
0.91,4.6000000000000005,3.1000000000000005,3,N,31092
0.91,4.6000000000000005,3.1000000000000005,4,N,31093
0.91,4.6000000000000005,3.1000000000000005,5,N,31094
0.91,4.6000000000000005,3.4000000000000004,1,N,31095
0.91,4.6000000000000005,3.4000000000000004,2,N,31096
0.91,4.6000000000000005,3.4000000000000004,3,N,31097
0.91,4.6000000000000005,3.4000000000000004,4,N,31098
0.91,4.6000000000000005,3.4000000000000004,5,N,31099
0.91,4.6000000000000005,3.7,1,N,31100
0.91,4.6000000000000005,3.7,2,N,31101
0.91,4.6000000000000005,3.7,3,N,31102
0.91,4.6000000000000005,3.7,4,N,31103
0.91,4.6000000000000005,3.7,5,N,31104
0.91,4.6000000000000005,4.0,1,N,31105
0.91,4.6000000000000005,4.0,2,N,31106
0.91,4.6000000000000005,4.0,3,N,31107
0.91,4.6000000000000005,4.0,4,N,31108
0.91,4.6000000000000005,4.0,5,N,31109
0.91,4.6000000000000005,4.300000000000002,1,N,31110
0.91,4.6000000000000005,4.300000000000002,2,N,31111
0.91,4.6000000000000005,4.300000000000002,3,N,31112
0.91,4.6000000000000005,4.300000000000002,4,N,31113
0.91,4.6000000000000005,4.300000000000002,5,N,31114
0.91,4.6000000000000005,4.6000000000000005,1,N,31115
0.91,4.6000000000000005,4.6000000000000005,2,N,31116
0.91,4.6000000000000005,4.6000000000000005,3,N,31117
0.91,4.6000000000000005,4.6000000000000005,4,N,31118
0.91,4.6000000000000005,4.6000000000000005,5,N,31119
0.91,4.6000000000000005,4.9,1,N,31120
0.91,4.6000000000000005,4.9,2,N,31121
0.91,4.6000000000000005,4.9,3,N,31122
0.91,4.6000000000000005,4.9,4,N,31123
0.91,4.6000000000000005,4.9,5,N,31124
0.91,4.9,0.01,1,N,31125
0.91,4.9,0.01,2,N,31126
0.91,4.9,0.01,3,N,31127
0.91,4.9,0.01,4,N,31128
0.91,4.9,0.01,5,N,31129
0.91,4.9,0.11,1,N,31130
0.91,4.9,0.11,2,N,31131
0.91,4.9,0.11,3,N,31132
0.91,4.9,0.11,4,N,31133
0.91,4.9,0.11,5,N,31134
0.91,4.9,0.21,1,N,31135
0.91,4.9,0.21,2,N,31136
0.91,4.9,0.21,3,N,31137
0.91,4.9,0.21,4,N,31138
0.91,4.9,0.21,5,N,31139
0.91,4.9,0.31000000000000005,1,N,31140
0.91,4.9,0.31000000000000005,2,N,31141
0.91,4.9,0.31000000000000005,3,N,31142
0.91,4.9,0.31000000000000005,4,N,31143
0.91,4.9,0.31000000000000005,5,N,31144
0.91,4.9,0.41,1,N,31145
0.91,4.9,0.41,2,N,31146
0.91,4.9,0.41,3,N,31147
0.91,4.9,0.41,4,N,31148
0.91,4.9,0.41,5,N,31149
0.91,4.9,0.51,1,N,31150
0.91,4.9,0.51,2,N,31151
0.91,4.9,0.51,3,N,31152
0.91,4.9,0.51,4,N,31153
0.91,4.9,0.51,5,N,31154
0.91,4.9,0.6100000000000001,1,N,31155
0.91,4.9,0.6100000000000001,2,N,31156
0.91,4.9,0.6100000000000001,3,N,31157
0.91,4.9,0.6100000000000001,4,N,31158
0.91,4.9,0.6100000000000001,5,N,31159
0.91,4.9,0.7100000000000001,1,N,31160
0.91,4.9,0.7100000000000001,2,N,31161
0.91,4.9,0.7100000000000001,3,N,31162
0.91,4.9,0.7100000000000001,4,N,31163
0.91,4.9,0.7100000000000001,5,N,31164
0.91,4.9,0.81,1,N,31165
0.91,4.9,0.81,2,N,31166
0.91,4.9,0.81,3,N,31167
0.91,4.9,0.81,4,N,31168
0.91,4.9,0.81,5,N,31169
0.91,4.9,0.91,1,N,31170
0.91,4.9,0.91,2,N,31171
0.91,4.9,0.91,3,N,31172
0.91,4.9,0.91,4,N,31173
0.91,4.9,0.91,5,N,31174
0.91,4.9,1.01,1,N,31175
0.91,4.9,1.01,2,N,31176
0.91,4.9,1.01,3,N,31177
0.91,4.9,1.01,4,N,31178
0.91,4.9,1.01,5,N,31179
0.91,4.9,1.11,1,N,31180
0.91,4.9,1.11,2,N,31181
0.91,4.9,1.11,3,N,31182
0.91,4.9,1.11,4,N,31183
0.91,4.9,1.11,5,N,31184
0.91,4.9,1.3,1,N,31185
0.91,4.9,1.3,2,N,31186
0.91,4.9,1.3,3,N,31187
0.91,4.9,1.3,4,N,31188
0.91,4.9,1.3,5,N,31189
0.91,4.9,1.6,1,N,31190
0.91,4.9,1.6,2,N,31191
0.91,4.9,1.6,3,N,31192
0.91,4.9,1.6,4,N,31193
0.91,4.9,1.6,5,N,31194
0.91,4.9,1.9,1,N,31195
0.91,4.9,1.9,2,N,31196
0.91,4.9,1.9,3,N,31197
0.91,4.9,1.9,4,N,31198
0.91,4.9,1.9,5,N,31199
0.91,4.9,2.2,1,N,31200
0.91,4.9,2.2,2,N,31201
0.91,4.9,2.2,3,N,31202
0.91,4.9,2.2,4,N,31203
0.91,4.9,2.2,5,N,31204
0.91,4.9,2.5,1,N,31205
0.91,4.9,2.5,2,N,31206
0.91,4.9,2.5,3,N,31207
0.91,4.9,2.5,4,N,31208
0.91,4.9,2.5,5,N,31209
0.91,4.9,2.8000000000000003,1,N,31210
0.91,4.9,2.8000000000000003,2,N,31211
0.91,4.9,2.8000000000000003,3,N,31212
0.91,4.9,2.8000000000000003,4,N,31213
0.91,4.9,2.8000000000000003,5,N,31214
0.91,4.9,3.1000000000000005,1,N,31215
0.91,4.9,3.1000000000000005,2,N,31216
0.91,4.9,3.1000000000000005,3,N,31217
0.91,4.9,3.1000000000000005,4,N,31218
0.91,4.9,3.1000000000000005,5,N,31219
0.91,4.9,3.4000000000000004,1,N,31220
0.91,4.9,3.4000000000000004,2,N,31221
0.91,4.9,3.4000000000000004,3,N,31222
0.91,4.9,3.4000000000000004,4,N,31223
0.91,4.9,3.4000000000000004,5,N,31224
0.91,4.9,3.7,1,N,31225
0.91,4.9,3.7,2,N,31226
0.91,4.9,3.7,3,N,31227
0.91,4.9,3.7,4,N,31228
0.91,4.9,3.7,5,N,31229
0.91,4.9,4.0,1,N,31230
0.91,4.9,4.0,2,N,31231
0.91,4.9,4.0,3,N,31232
0.91,4.9,4.0,4,N,31233
0.91,4.9,4.0,5,N,31234
0.91,4.9,4.300000000000002,1,N,31235
0.91,4.9,4.300000000000002,2,N,31236
0.91,4.9,4.300000000000002,3,N,31237
0.91,4.9,4.300000000000002,4,N,31238
0.91,4.9,4.300000000000002,5,N,31239
0.91,4.9,4.6000000000000005,1,N,31240
0.91,4.9,4.6000000000000005,2,N,31241
0.91,4.9,4.6000000000000005,3,N,31242
0.91,4.9,4.6000000000000005,4,N,31243
0.91,4.9,4.6000000000000005,5,N,31244
0.91,4.9,4.9,1,N,31245
0.91,4.9,4.9,2,N,31246
0.91,4.9,4.9,3,N,31247
0.91,4.9,4.9,4,N,31248
0.91,4.9,4.9,5,N,31249
1.01,0.01,0.01,1,N,31250
1.01,0.01,0.01,2,N,31251
1.01,0.01,0.01,3,N,31252
1.01,0.01,0.01,4,N,31253
1.01,0.01,0.01,5,N,31254
1.01,0.01,0.11,1,N,31255
1.01,0.01,0.11,2,N,31256
1.01,0.01,0.11,3,N,31257
1.01,0.01,0.11,4,N,31258
1.01,0.01,0.11,5,N,31259
1.01,0.01,0.21,1,N,31260
1.01,0.01,0.21,2,N,31261
1.01,0.01,0.21,3,N,31262
1.01,0.01,0.21,4,N,31263
1.01,0.01,0.21,5,N,31264
1.01,0.01,0.31000000000000005,1,N,31265
1.01,0.01,0.31000000000000005,2,N,31266
1.01,0.01,0.31000000000000005,3,N,31267
1.01,0.01,0.31000000000000005,4,N,31268
1.01,0.01,0.31000000000000005,5,N,31269
1.01,0.01,0.41,1,N,31270
1.01,0.01,0.41,2,N,31271
1.01,0.01,0.41,3,N,31272
1.01,0.01,0.41,4,N,31273
1.01,0.01,0.41,5,N,31274
1.01,0.01,0.51,1,N,31275
1.01,0.01,0.51,2,N,31276
1.01,0.01,0.51,3,N,31277
1.01,0.01,0.51,4,N,31278
1.01,0.01,0.51,5,N,31279
1.01,0.01,0.6100000000000001,1,N,31280
1.01,0.01,0.6100000000000001,2,N,31281
1.01,0.01,0.6100000000000001,3,N,31282
1.01,0.01,0.6100000000000001,4,N,31283
1.01,0.01,0.6100000000000001,5,N,31284
1.01,0.01,0.7100000000000001,1,N,31285
1.01,0.01,0.7100000000000001,2,N,31286
1.01,0.01,0.7100000000000001,3,N,31287
1.01,0.01,0.7100000000000001,4,N,31288
1.01,0.01,0.7100000000000001,5,N,31289
1.01,0.01,0.81,1,N,31290
1.01,0.01,0.81,2,N,31291
1.01,0.01,0.81,3,N,31292
1.01,0.01,0.81,4,N,31293
1.01,0.01,0.81,5,N,31294
1.01,0.01,0.91,1,N,31295
1.01,0.01,0.91,2,N,31296
1.01,0.01,0.91,3,N,31297
1.01,0.01,0.91,4,N,31298
1.01,0.01,0.91,5,N,31299
1.01,0.01,1.01,1,N,31300
1.01,0.01,1.01,2,N,31301
1.01,0.01,1.01,3,N,31302
1.01,0.01,1.01,4,N,31303
1.01,0.01,1.01,5,N,31304
1.01,0.01,1.11,1,N,31305
1.01,0.01,1.11,2,N,31306
1.01,0.01,1.11,3,N,31307
1.01,0.01,1.11,4,N,31308
1.01,0.01,1.11,5,N,31309
1.01,0.01,1.3,1,N,31310
1.01,0.01,1.3,2,N,31311
1.01,0.01,1.3,3,N,31312
1.01,0.01,1.3,4,N,31313
1.01,0.01,1.3,5,N,31314
1.01,0.01,1.6,1,N,31315
1.01,0.01,1.6,2,N,31316
1.01,0.01,1.6,3,N,31317
1.01,0.01,1.6,4,N,31318
1.01,0.01,1.6,5,N,31319
1.01,0.01,1.9,1,N,31320
1.01,0.01,1.9,2,N,31321
1.01,0.01,1.9,3,N,31322
1.01,0.01,1.9,4,N,31323
1.01,0.01,1.9,5,N,31324
1.01,0.01,2.2,1,N,31325
1.01,0.01,2.2,2,N,31326
1.01,0.01,2.2,3,N,31327
1.01,0.01,2.2,4,N,31328
1.01,0.01,2.2,5,N,31329
1.01,0.01,2.5,1,N,31330
1.01,0.01,2.5,2,N,31331
1.01,0.01,2.5,3,N,31332
1.01,0.01,2.5,4,N,31333
1.01,0.01,2.5,5,N,31334
1.01,0.01,2.8000000000000003,1,N,31335
1.01,0.01,2.8000000000000003,2,N,31336
1.01,0.01,2.8000000000000003,3,N,31337
1.01,0.01,2.8000000000000003,4,N,31338
1.01,0.01,2.8000000000000003,5,N,31339
1.01,0.01,3.1000000000000005,1,N,31340
1.01,0.01,3.1000000000000005,2,N,31341
1.01,0.01,3.1000000000000005,3,N,31342
1.01,0.01,3.1000000000000005,4,N,31343
1.01,0.01,3.1000000000000005,5,N,31344
1.01,0.01,3.4000000000000004,1,N,31345
1.01,0.01,3.4000000000000004,2,N,31346
1.01,0.01,3.4000000000000004,3,N,31347
1.01,0.01,3.4000000000000004,4,N,31348
1.01,0.01,3.4000000000000004,5,N,31349
1.01,0.01,3.7,1,N,31350
1.01,0.01,3.7,2,N,31351
1.01,0.01,3.7,3,N,31352
1.01,0.01,3.7,4,N,31353
1.01,0.01,3.7,5,N,31354
1.01,0.01,4.0,1,N,31355
1.01,0.01,4.0,2,N,31356
1.01,0.01,4.0,3,N,31357
1.01,0.01,4.0,4,N,31358
1.01,0.01,4.0,5,N,31359
1.01,0.01,4.300000000000002,1,N,31360
1.01,0.01,4.300000000000002,2,N,31361
1.01,0.01,4.300000000000002,3,N,31362
1.01,0.01,4.300000000000002,4,N,31363
1.01,0.01,4.300000000000002,5,N,31364
1.01,0.01,4.6000000000000005,1,N,31365
1.01,0.01,4.6000000000000005,2,N,31366
1.01,0.01,4.6000000000000005,3,N,31367
1.01,0.01,4.6000000000000005,4,N,31368
1.01,0.01,4.6000000000000005,5,N,31369
1.01,0.01,4.9,1,N,31370
1.01,0.01,4.9,2,N,31371
1.01,0.01,4.9,3,N,31372
1.01,0.01,4.9,4,N,31373
1.01,0.01,4.9,5,N,31374
1.01,0.11,0.01,1,N,31375
1.01,0.11,0.01,2,N,31376
1.01,0.11,0.01,3,N,31377
1.01,0.11,0.01,4,N,31378
1.01,0.11,0.01,5,N,31379
1.01,0.11,0.11,1,N,31380
1.01,0.11,0.11,2,N,31381
1.01,0.11,0.11,3,N,31382
1.01,0.11,0.11,4,N,31383
1.01,0.11,0.11,5,N,31384
1.01,0.11,0.21,1,N,31385
1.01,0.11,0.21,2,N,31386
1.01,0.11,0.21,3,N,31387
1.01,0.11,0.21,4,N,31388
1.01,0.11,0.21,5,N,31389
1.01,0.11,0.31000000000000005,1,N,31390
1.01,0.11,0.31000000000000005,2,N,31391
1.01,0.11,0.31000000000000005,3,N,31392
1.01,0.11,0.31000000000000005,4,N,31393
1.01,0.11,0.31000000000000005,5,N,31394
1.01,0.11,0.41,1,N,31395
1.01,0.11,0.41,2,N,31396
1.01,0.11,0.41,3,N,31397
1.01,0.11,0.41,4,N,31398
1.01,0.11,0.41,5,N,31399
1.01,0.11,0.51,1,N,31400
1.01,0.11,0.51,2,N,31401
1.01,0.11,0.51,3,N,31402
1.01,0.11,0.51,4,N,31403
1.01,0.11,0.51,5,N,31404
1.01,0.11,0.6100000000000001,1,N,31405
1.01,0.11,0.6100000000000001,2,N,31406
1.01,0.11,0.6100000000000001,3,N,31407
1.01,0.11,0.6100000000000001,4,N,31408
1.01,0.11,0.6100000000000001,5,N,31409
1.01,0.11,0.7100000000000001,1,N,31410
1.01,0.11,0.7100000000000001,2,N,31411
1.01,0.11,0.7100000000000001,3,N,31412
1.01,0.11,0.7100000000000001,4,N,31413
1.01,0.11,0.7100000000000001,5,N,31414
1.01,0.11,0.81,1,N,31415
1.01,0.11,0.81,2,N,31416
1.01,0.11,0.81,3,N,31417
1.01,0.11,0.81,4,N,31418
1.01,0.11,0.81,5,N,31419
1.01,0.11,0.91,1,N,31420
1.01,0.11,0.91,2,N,31421
1.01,0.11,0.91,3,N,31422
1.01,0.11,0.91,4,N,31423
1.01,0.11,0.91,5,N,31424
1.01,0.11,1.01,1,N,31425
1.01,0.11,1.01,2,N,31426
1.01,0.11,1.01,3,N,31427
1.01,0.11,1.01,4,N,31428
1.01,0.11,1.01,5,N,31429
1.01,0.11,1.11,1,N,31430
1.01,0.11,1.11,2,N,31431
1.01,0.11,1.11,3,N,31432
1.01,0.11,1.11,4,N,31433
1.01,0.11,1.11,5,N,31434
1.01,0.11,1.3,1,N,31435
1.01,0.11,1.3,2,N,31436
1.01,0.11,1.3,3,N,31437
1.01,0.11,1.3,4,N,31438
1.01,0.11,1.3,5,N,31439
1.01,0.11,1.6,1,N,31440
1.01,0.11,1.6,2,N,31441
1.01,0.11,1.6,3,N,31442
1.01,0.11,1.6,4,N,31443
1.01,0.11,1.6,5,N,31444
1.01,0.11,1.9,1,N,31445
1.01,0.11,1.9,2,N,31446
1.01,0.11,1.9,3,N,31447
1.01,0.11,1.9,4,N,31448
1.01,0.11,1.9,5,N,31449
1.01,0.11,2.2,1,N,31450
1.01,0.11,2.2,2,N,31451
1.01,0.11,2.2,3,N,31452
1.01,0.11,2.2,4,N,31453
1.01,0.11,2.2,5,N,31454
1.01,0.11,2.5,1,N,31455
1.01,0.11,2.5,2,N,31456
1.01,0.11,2.5,3,N,31457
1.01,0.11,2.5,4,N,31458
1.01,0.11,2.5,5,N,31459
1.01,0.11,2.8000000000000003,1,N,31460
1.01,0.11,2.8000000000000003,2,N,31461
1.01,0.11,2.8000000000000003,3,N,31462
1.01,0.11,2.8000000000000003,4,N,31463
1.01,0.11,2.8000000000000003,5,N,31464
1.01,0.11,3.1000000000000005,1,N,31465
1.01,0.11,3.1000000000000005,2,N,31466
1.01,0.11,3.1000000000000005,3,N,31467
1.01,0.11,3.1000000000000005,4,N,31468
1.01,0.11,3.1000000000000005,5,N,31469
1.01,0.11,3.4000000000000004,1,N,31470
1.01,0.11,3.4000000000000004,2,N,31471
1.01,0.11,3.4000000000000004,3,N,31472
1.01,0.11,3.4000000000000004,4,N,31473
1.01,0.11,3.4000000000000004,5,N,31474
1.01,0.11,3.7,1,N,31475
1.01,0.11,3.7,2,N,31476
1.01,0.11,3.7,3,N,31477
1.01,0.11,3.7,4,N,31478
1.01,0.11,3.7,5,N,31479
1.01,0.11,4.0,1,N,31480
1.01,0.11,4.0,2,N,31481
1.01,0.11,4.0,3,N,31482
1.01,0.11,4.0,4,N,31483
1.01,0.11,4.0,5,N,31484
1.01,0.11,4.300000000000002,1,N,31485
1.01,0.11,4.300000000000002,2,N,31486
1.01,0.11,4.300000000000002,3,N,31487
1.01,0.11,4.300000000000002,4,N,31488
1.01,0.11,4.300000000000002,5,N,31489
1.01,0.11,4.6000000000000005,1,N,31490
1.01,0.11,4.6000000000000005,2,N,31491
1.01,0.11,4.6000000000000005,3,N,31492
1.01,0.11,4.6000000000000005,4,N,31493
1.01,0.11,4.6000000000000005,5,N,31494
1.01,0.11,4.9,1,N,31495
1.01,0.11,4.9,2,N,31496
1.01,0.11,4.9,3,N,31497
1.01,0.11,4.9,4,N,31498
1.01,0.11,4.9,5,N,31499
1.01,0.21,0.01,1,N,31500
1.01,0.21,0.01,2,N,31501
1.01,0.21,0.01,3,N,31502
1.01,0.21,0.01,4,N,31503
1.01,0.21,0.01,5,N,31504
1.01,0.21,0.11,1,N,31505
1.01,0.21,0.11,2,N,31506
1.01,0.21,0.11,3,N,31507
1.01,0.21,0.11,4,N,31508
1.01,0.21,0.11,5,N,31509
1.01,0.21,0.21,1,N,31510
1.01,0.21,0.21,2,N,31511
1.01,0.21,0.21,3,N,31512
1.01,0.21,0.21,4,N,31513
1.01,0.21,0.21,5,N,31514
1.01,0.21,0.31000000000000005,1,N,31515
1.01,0.21,0.31000000000000005,2,N,31516
1.01,0.21,0.31000000000000005,3,N,31517
1.01,0.21,0.31000000000000005,4,N,31518
1.01,0.21,0.31000000000000005,5,N,31519
1.01,0.21,0.41,1,N,31520
1.01,0.21,0.41,2,N,31521
1.01,0.21,0.41,3,N,31522
1.01,0.21,0.41,4,N,31523
1.01,0.21,0.41,5,N,31524
1.01,0.21,0.51,1,N,31525
1.01,0.21,0.51,2,N,31526
1.01,0.21,0.51,3,N,31527
1.01,0.21,0.51,4,N,31528
1.01,0.21,0.51,5,N,31529
1.01,0.21,0.6100000000000001,1,N,31530
1.01,0.21,0.6100000000000001,2,N,31531
1.01,0.21,0.6100000000000001,3,N,31532
1.01,0.21,0.6100000000000001,4,N,31533
1.01,0.21,0.6100000000000001,5,N,31534
1.01,0.21,0.7100000000000001,1,N,31535
1.01,0.21,0.7100000000000001,2,N,31536
1.01,0.21,0.7100000000000001,3,N,31537
1.01,0.21,0.7100000000000001,4,N,31538
1.01,0.21,0.7100000000000001,5,N,31539
1.01,0.21,0.81,1,N,31540
1.01,0.21,0.81,2,N,31541
1.01,0.21,0.81,3,N,31542
1.01,0.21,0.81,4,N,31543
1.01,0.21,0.81,5,N,31544
1.01,0.21,0.91,1,N,31545
1.01,0.21,0.91,2,N,31546
1.01,0.21,0.91,3,N,31547
1.01,0.21,0.91,4,N,31548
1.01,0.21,0.91,5,N,31549
1.01,0.21,1.01,1,N,31550
1.01,0.21,1.01,2,N,31551
1.01,0.21,1.01,3,N,31552
1.01,0.21,1.01,4,N,31553
1.01,0.21,1.01,5,N,31554
1.01,0.21,1.11,1,N,31555
1.01,0.21,1.11,2,N,31556
1.01,0.21,1.11,3,N,31557
1.01,0.21,1.11,4,N,31558
1.01,0.21,1.11,5,N,31559
1.01,0.21,1.3,1,N,31560
1.01,0.21,1.3,2,N,31561
1.01,0.21,1.3,3,N,31562
1.01,0.21,1.3,4,N,31563
1.01,0.21,1.3,5,N,31564
1.01,0.21,1.6,1,N,31565
1.01,0.21,1.6,2,N,31566
1.01,0.21,1.6,3,N,31567
1.01,0.21,1.6,4,N,31568
1.01,0.21,1.6,5,N,31569
1.01,0.21,1.9,1,N,31570
1.01,0.21,1.9,2,N,31571
1.01,0.21,1.9,3,N,31572
1.01,0.21,1.9,4,N,31573
1.01,0.21,1.9,5,N,31574
1.01,0.21,2.2,1,N,31575
1.01,0.21,2.2,2,N,31576
1.01,0.21,2.2,3,N,31577
1.01,0.21,2.2,4,N,31578
1.01,0.21,2.2,5,N,31579
1.01,0.21,2.5,1,N,31580
1.01,0.21,2.5,2,N,31581
1.01,0.21,2.5,3,N,31582
1.01,0.21,2.5,4,N,31583
1.01,0.21,2.5,5,N,31584
1.01,0.21,2.8000000000000003,1,N,31585
1.01,0.21,2.8000000000000003,2,N,31586
1.01,0.21,2.8000000000000003,3,N,31587
1.01,0.21,2.8000000000000003,4,N,31588
1.01,0.21,2.8000000000000003,5,N,31589
1.01,0.21,3.1000000000000005,1,N,31590
1.01,0.21,3.1000000000000005,2,N,31591
1.01,0.21,3.1000000000000005,3,N,31592
1.01,0.21,3.1000000000000005,4,N,31593
1.01,0.21,3.1000000000000005,5,N,31594
1.01,0.21,3.4000000000000004,1,N,31595
1.01,0.21,3.4000000000000004,2,N,31596
1.01,0.21,3.4000000000000004,3,N,31597
1.01,0.21,3.4000000000000004,4,N,31598
1.01,0.21,3.4000000000000004,5,N,31599
1.01,0.21,3.7,1,N,31600
1.01,0.21,3.7,2,N,31601
1.01,0.21,3.7,3,N,31602
1.01,0.21,3.7,4,N,31603
1.01,0.21,3.7,5,N,31604
1.01,0.21,4.0,1,N,31605
1.01,0.21,4.0,2,N,31606
1.01,0.21,4.0,3,N,31607
1.01,0.21,4.0,4,N,31608
1.01,0.21,4.0,5,N,31609
1.01,0.21,4.300000000000002,1,N,31610
1.01,0.21,4.300000000000002,2,N,31611
1.01,0.21,4.300000000000002,3,N,31612
1.01,0.21,4.300000000000002,4,N,31613
1.01,0.21,4.300000000000002,5,N,31614
1.01,0.21,4.6000000000000005,1,N,31615
1.01,0.21,4.6000000000000005,2,N,31616
1.01,0.21,4.6000000000000005,3,N,31617
1.01,0.21,4.6000000000000005,4,N,31618
1.01,0.21,4.6000000000000005,5,N,31619
1.01,0.21,4.9,1,N,31620
1.01,0.21,4.9,2,N,31621
1.01,0.21,4.9,3,N,31622
1.01,0.21,4.9,4,N,31623
1.01,0.21,4.9,5,N,31624
1.01,0.31000000000000005,0.01,1,N,31625
1.01,0.31000000000000005,0.01,2,N,31626
1.01,0.31000000000000005,0.01,3,N,31627
1.01,0.31000000000000005,0.01,4,N,31628
1.01,0.31000000000000005,0.01,5,N,31629
1.01,0.31000000000000005,0.11,1,N,31630
1.01,0.31000000000000005,0.11,2,N,31631
1.01,0.31000000000000005,0.11,3,N,31632
1.01,0.31000000000000005,0.11,4,N,31633
1.01,0.31000000000000005,0.11,5,N,31634
1.01,0.31000000000000005,0.21,1,N,31635
1.01,0.31000000000000005,0.21,2,N,31636
1.01,0.31000000000000005,0.21,3,N,31637
1.01,0.31000000000000005,0.21,4,N,31638
1.01,0.31000000000000005,0.21,5,N,31639
1.01,0.31000000000000005,0.31000000000000005,1,N,31640
1.01,0.31000000000000005,0.31000000000000005,2,N,31641
1.01,0.31000000000000005,0.31000000000000005,3,N,31642
1.01,0.31000000000000005,0.31000000000000005,4,N,31643
1.01,0.31000000000000005,0.31000000000000005,5,N,31644
1.01,0.31000000000000005,0.41,1,N,31645
1.01,0.31000000000000005,0.41,2,N,31646
1.01,0.31000000000000005,0.41,3,N,31647
1.01,0.31000000000000005,0.41,4,N,31648
1.01,0.31000000000000005,0.41,5,N,31649
1.01,0.31000000000000005,0.51,1,N,31650
1.01,0.31000000000000005,0.51,2,N,31651
1.01,0.31000000000000005,0.51,3,N,31652
1.01,0.31000000000000005,0.51,4,N,31653
1.01,0.31000000000000005,0.51,5,N,31654
1.01,0.31000000000000005,0.6100000000000001,1,N,31655
1.01,0.31000000000000005,0.6100000000000001,2,N,31656
1.01,0.31000000000000005,0.6100000000000001,3,N,31657
1.01,0.31000000000000005,0.6100000000000001,4,N,31658
1.01,0.31000000000000005,0.6100000000000001,5,N,31659
1.01,0.31000000000000005,0.7100000000000001,1,N,31660
1.01,0.31000000000000005,0.7100000000000001,2,N,31661
1.01,0.31000000000000005,0.7100000000000001,3,N,31662
1.01,0.31000000000000005,0.7100000000000001,4,N,31663
1.01,0.31000000000000005,0.7100000000000001,5,N,31664
1.01,0.31000000000000005,0.81,1,N,31665
1.01,0.31000000000000005,0.81,2,N,31666
1.01,0.31000000000000005,0.81,3,N,31667
1.01,0.31000000000000005,0.81,4,N,31668
1.01,0.31000000000000005,0.81,5,N,31669
1.01,0.31000000000000005,0.91,1,N,31670
1.01,0.31000000000000005,0.91,2,N,31671
1.01,0.31000000000000005,0.91,3,N,31672
1.01,0.31000000000000005,0.91,4,N,31673
1.01,0.31000000000000005,0.91,5,N,31674
1.01,0.31000000000000005,1.01,1,N,31675
1.01,0.31000000000000005,1.01,2,N,31676
1.01,0.31000000000000005,1.01,3,N,31677
1.01,0.31000000000000005,1.01,4,N,31678
1.01,0.31000000000000005,1.01,5,N,31679
1.01,0.31000000000000005,1.11,1,N,31680
1.01,0.31000000000000005,1.11,2,N,31681
1.01,0.31000000000000005,1.11,3,N,31682
1.01,0.31000000000000005,1.11,4,N,31683
1.01,0.31000000000000005,1.11,5,N,31684
1.01,0.31000000000000005,1.3,1,N,31685
1.01,0.31000000000000005,1.3,2,N,31686
1.01,0.31000000000000005,1.3,3,N,31687
1.01,0.31000000000000005,1.3,4,N,31688
1.01,0.31000000000000005,1.3,5,N,31689
1.01,0.31000000000000005,1.6,1,N,31690
1.01,0.31000000000000005,1.6,2,N,31691
1.01,0.31000000000000005,1.6,3,N,31692
1.01,0.31000000000000005,1.6,4,N,31693
1.01,0.31000000000000005,1.6,5,N,31694
1.01,0.31000000000000005,1.9,1,N,31695
1.01,0.31000000000000005,1.9,2,N,31696
1.01,0.31000000000000005,1.9,3,N,31697
1.01,0.31000000000000005,1.9,4,N,31698
1.01,0.31000000000000005,1.9,5,N,31699
1.01,0.31000000000000005,2.2,1,N,31700
1.01,0.31000000000000005,2.2,2,N,31701
1.01,0.31000000000000005,2.2,3,N,31702
1.01,0.31000000000000005,2.2,4,N,31703
1.01,0.31000000000000005,2.2,5,N,31704
1.01,0.31000000000000005,2.5,1,N,31705
1.01,0.31000000000000005,2.5,2,N,31706
1.01,0.31000000000000005,2.5,3,N,31707
1.01,0.31000000000000005,2.5,4,N,31708
1.01,0.31000000000000005,2.5,5,N,31709
1.01,0.31000000000000005,2.8000000000000003,1,N,31710
1.01,0.31000000000000005,2.8000000000000003,2,N,31711
1.01,0.31000000000000005,2.8000000000000003,3,N,31712
1.01,0.31000000000000005,2.8000000000000003,4,N,31713
1.01,0.31000000000000005,2.8000000000000003,5,N,31714
1.01,0.31000000000000005,3.1000000000000005,1,N,31715
1.01,0.31000000000000005,3.1000000000000005,2,N,31716
1.01,0.31000000000000005,3.1000000000000005,3,N,31717
1.01,0.31000000000000005,3.1000000000000005,4,N,31718
1.01,0.31000000000000005,3.1000000000000005,5,N,31719
1.01,0.31000000000000005,3.4000000000000004,1,N,31720
1.01,0.31000000000000005,3.4000000000000004,2,N,31721
1.01,0.31000000000000005,3.4000000000000004,3,N,31722
1.01,0.31000000000000005,3.4000000000000004,4,N,31723
1.01,0.31000000000000005,3.4000000000000004,5,N,31724
1.01,0.31000000000000005,3.7,1,N,31725
1.01,0.31000000000000005,3.7,2,N,31726
1.01,0.31000000000000005,3.7,3,N,31727
1.01,0.31000000000000005,3.7,4,N,31728
1.01,0.31000000000000005,3.7,5,N,31729
1.01,0.31000000000000005,4.0,1,N,31730
1.01,0.31000000000000005,4.0,2,N,31731
1.01,0.31000000000000005,4.0,3,N,31732
1.01,0.31000000000000005,4.0,4,N,31733
1.01,0.31000000000000005,4.0,5,N,31734
1.01,0.31000000000000005,4.300000000000002,1,N,31735
1.01,0.31000000000000005,4.300000000000002,2,N,31736
1.01,0.31000000000000005,4.300000000000002,3,N,31737
1.01,0.31000000000000005,4.300000000000002,4,N,31738
1.01,0.31000000000000005,4.300000000000002,5,N,31739
1.01,0.31000000000000005,4.6000000000000005,1,N,31740
1.01,0.31000000000000005,4.6000000000000005,2,N,31741
1.01,0.31000000000000005,4.6000000000000005,3,N,31742
1.01,0.31000000000000005,4.6000000000000005,4,N,31743
1.01,0.31000000000000005,4.6000000000000005,5,N,31744
1.01,0.31000000000000005,4.9,1,N,31745
1.01,0.31000000000000005,4.9,2,N,31746
1.01,0.31000000000000005,4.9,3,N,31747
1.01,0.31000000000000005,4.9,4,N,31748
1.01,0.31000000000000005,4.9,5,N,31749
1.01,0.41,0.01,1,N,31750
1.01,0.41,0.01,2,N,31751
1.01,0.41,0.01,3,N,31752
1.01,0.41,0.01,4,N,31753
1.01,0.41,0.01,5,N,31754
1.01,0.41,0.11,1,N,31755
1.01,0.41,0.11,2,N,31756
1.01,0.41,0.11,3,N,31757
1.01,0.41,0.11,4,N,31758
1.01,0.41,0.11,5,N,31759
1.01,0.41,0.21,1,N,31760
1.01,0.41,0.21,2,N,31761
1.01,0.41,0.21,3,N,31762
1.01,0.41,0.21,4,N,31763
1.01,0.41,0.21,5,N,31764
1.01,0.41,0.31000000000000005,1,N,31765
1.01,0.41,0.31000000000000005,2,N,31766
1.01,0.41,0.31000000000000005,3,N,31767
1.01,0.41,0.31000000000000005,4,N,31768
1.01,0.41,0.31000000000000005,5,N,31769
1.01,0.41,0.41,1,N,31770
1.01,0.41,0.41,2,N,31771
1.01,0.41,0.41,3,N,31772
1.01,0.41,0.41,4,N,31773
1.01,0.41,0.41,5,N,31774
1.01,0.41,0.51,1,N,31775
1.01,0.41,0.51,2,N,31776
1.01,0.41,0.51,3,N,31777
1.01,0.41,0.51,4,N,31778
1.01,0.41,0.51,5,N,31779
1.01,0.41,0.6100000000000001,1,N,31780
1.01,0.41,0.6100000000000001,2,N,31781
1.01,0.41,0.6100000000000001,3,N,31782
1.01,0.41,0.6100000000000001,4,N,31783
1.01,0.41,0.6100000000000001,5,N,31784
1.01,0.41,0.7100000000000001,1,N,31785
1.01,0.41,0.7100000000000001,2,N,31786
1.01,0.41,0.7100000000000001,3,N,31787
1.01,0.41,0.7100000000000001,4,N,31788
1.01,0.41,0.7100000000000001,5,N,31789
1.01,0.41,0.81,1,N,31790
1.01,0.41,0.81,2,N,31791
1.01,0.41,0.81,3,N,31792
1.01,0.41,0.81,4,N,31793
1.01,0.41,0.81,5,N,31794
1.01,0.41,0.91,1,N,31795
1.01,0.41,0.91,2,N,31796
1.01,0.41,0.91,3,N,31797
1.01,0.41,0.91,4,N,31798
1.01,0.41,0.91,5,N,31799
1.01,0.41,1.01,1,N,31800
1.01,0.41,1.01,2,N,31801
1.01,0.41,1.01,3,N,31802
1.01,0.41,1.01,4,N,31803
1.01,0.41,1.01,5,N,31804
1.01,0.41,1.11,1,N,31805
1.01,0.41,1.11,2,N,31806
1.01,0.41,1.11,3,N,31807
1.01,0.41,1.11,4,N,31808
1.01,0.41,1.11,5,N,31809
1.01,0.41,1.3,1,N,31810
1.01,0.41,1.3,2,N,31811
1.01,0.41,1.3,3,N,31812
1.01,0.41,1.3,4,N,31813
1.01,0.41,1.3,5,N,31814
1.01,0.41,1.6,1,N,31815
1.01,0.41,1.6,2,N,31816
1.01,0.41,1.6,3,N,31817
1.01,0.41,1.6,4,N,31818
1.01,0.41,1.6,5,N,31819
1.01,0.41,1.9,1,N,31820
1.01,0.41,1.9,2,N,31821
1.01,0.41,1.9,3,N,31822
1.01,0.41,1.9,4,N,31823
1.01,0.41,1.9,5,N,31824
1.01,0.41,2.2,1,N,31825
1.01,0.41,2.2,2,N,31826
1.01,0.41,2.2,3,N,31827
1.01,0.41,2.2,4,N,31828
1.01,0.41,2.2,5,N,31829
1.01,0.41,2.5,1,N,31830
1.01,0.41,2.5,2,N,31831
1.01,0.41,2.5,3,N,31832
1.01,0.41,2.5,4,N,31833
1.01,0.41,2.5,5,N,31834
1.01,0.41,2.8000000000000003,1,N,31835
1.01,0.41,2.8000000000000003,2,N,31836
1.01,0.41,2.8000000000000003,3,N,31837
1.01,0.41,2.8000000000000003,4,N,31838
1.01,0.41,2.8000000000000003,5,N,31839
1.01,0.41,3.1000000000000005,1,N,31840
1.01,0.41,3.1000000000000005,2,N,31841
1.01,0.41,3.1000000000000005,3,N,31842
1.01,0.41,3.1000000000000005,4,N,31843
1.01,0.41,3.1000000000000005,5,N,31844
1.01,0.41,3.4000000000000004,1,N,31845
1.01,0.41,3.4000000000000004,2,N,31846
1.01,0.41,3.4000000000000004,3,N,31847
1.01,0.41,3.4000000000000004,4,N,31848
1.01,0.41,3.4000000000000004,5,N,31849
1.01,0.41,3.7,1,N,31850
1.01,0.41,3.7,2,N,31851
1.01,0.41,3.7,3,N,31852
1.01,0.41,3.7,4,N,31853
1.01,0.41,3.7,5,N,31854
1.01,0.41,4.0,1,N,31855
1.01,0.41,4.0,2,N,31856
1.01,0.41,4.0,3,N,31857
1.01,0.41,4.0,4,N,31858
1.01,0.41,4.0,5,N,31859
1.01,0.41,4.300000000000002,1,N,31860
1.01,0.41,4.300000000000002,2,N,31861
1.01,0.41,4.300000000000002,3,N,31862
1.01,0.41,4.300000000000002,4,N,31863
1.01,0.41,4.300000000000002,5,N,31864
1.01,0.41,4.6000000000000005,1,N,31865
1.01,0.41,4.6000000000000005,2,N,31866
1.01,0.41,4.6000000000000005,3,N,31867
1.01,0.41,4.6000000000000005,4,N,31868
1.01,0.41,4.6000000000000005,5,N,31869
1.01,0.41,4.9,1,N,31870
1.01,0.41,4.9,2,N,31871
1.01,0.41,4.9,3,N,31872
1.01,0.41,4.9,4,N,31873
1.01,0.41,4.9,5,N,31874
1.01,0.51,0.01,1,N,31875
1.01,0.51,0.01,2,N,31876
1.01,0.51,0.01,3,N,31877
1.01,0.51,0.01,4,N,31878
1.01,0.51,0.01,5,N,31879
1.01,0.51,0.11,1,N,31880
1.01,0.51,0.11,2,N,31881
1.01,0.51,0.11,3,N,31882
1.01,0.51,0.11,4,N,31883
1.01,0.51,0.11,5,N,31884
1.01,0.51,0.21,1,N,31885
1.01,0.51,0.21,2,N,31886
1.01,0.51,0.21,3,N,31887
1.01,0.51,0.21,4,N,31888
1.01,0.51,0.21,5,N,31889
1.01,0.51,0.31000000000000005,1,N,31890
1.01,0.51,0.31000000000000005,2,N,31891
1.01,0.51,0.31000000000000005,3,N,31892
1.01,0.51,0.31000000000000005,4,N,31893
1.01,0.51,0.31000000000000005,5,N,31894
1.01,0.51,0.41,1,N,31895
1.01,0.51,0.41,2,N,31896
1.01,0.51,0.41,3,N,31897
1.01,0.51,0.41,4,N,31898
1.01,0.51,0.41,5,N,31899
1.01,0.51,0.51,1,N,31900
1.01,0.51,0.51,2,N,31901
1.01,0.51,0.51,3,N,31902
1.01,0.51,0.51,4,N,31903
1.01,0.51,0.51,5,N,31904
1.01,0.51,0.6100000000000001,1,N,31905
1.01,0.51,0.6100000000000001,2,N,31906
1.01,0.51,0.6100000000000001,3,N,31907
1.01,0.51,0.6100000000000001,4,N,31908
1.01,0.51,0.6100000000000001,5,N,31909
1.01,0.51,0.7100000000000001,1,N,31910
1.01,0.51,0.7100000000000001,2,N,31911
1.01,0.51,0.7100000000000001,3,N,31912
1.01,0.51,0.7100000000000001,4,N,31913
1.01,0.51,0.7100000000000001,5,N,31914
1.01,0.51,0.81,1,N,31915
1.01,0.51,0.81,2,N,31916
1.01,0.51,0.81,3,N,31917
1.01,0.51,0.81,4,N,31918
1.01,0.51,0.81,5,N,31919
1.01,0.51,0.91,1,N,31920
1.01,0.51,0.91,2,N,31921
1.01,0.51,0.91,3,N,31922
1.01,0.51,0.91,4,N,31923
1.01,0.51,0.91,5,N,31924
1.01,0.51,1.01,1,N,31925
1.01,0.51,1.01,2,N,31926
1.01,0.51,1.01,3,N,31927
1.01,0.51,1.01,4,N,31928
1.01,0.51,1.01,5,N,31929
1.01,0.51,1.11,1,N,31930
1.01,0.51,1.11,2,N,31931
1.01,0.51,1.11,3,N,31932
1.01,0.51,1.11,4,N,31933
1.01,0.51,1.11,5,N,31934
1.01,0.51,1.3,1,N,31935
1.01,0.51,1.3,2,N,31936
1.01,0.51,1.3,3,N,31937
1.01,0.51,1.3,4,N,31938
1.01,0.51,1.3,5,N,31939
1.01,0.51,1.6,1,N,31940
1.01,0.51,1.6,2,N,31941
1.01,0.51,1.6,3,N,31942
1.01,0.51,1.6,4,N,31943
1.01,0.51,1.6,5,N,31944
1.01,0.51,1.9,1,N,31945
1.01,0.51,1.9,2,N,31946
1.01,0.51,1.9,3,N,31947
1.01,0.51,1.9,4,N,31948
1.01,0.51,1.9,5,N,31949
1.01,0.51,2.2,1,N,31950
1.01,0.51,2.2,2,N,31951
1.01,0.51,2.2,3,N,31952
1.01,0.51,2.2,4,N,31953
1.01,0.51,2.2,5,N,31954
1.01,0.51,2.5,1,N,31955
1.01,0.51,2.5,2,N,31956
1.01,0.51,2.5,3,N,31957
1.01,0.51,2.5,4,N,31958
1.01,0.51,2.5,5,N,31959
1.01,0.51,2.8000000000000003,1,N,31960
1.01,0.51,2.8000000000000003,2,N,31961
1.01,0.51,2.8000000000000003,3,N,31962
1.01,0.51,2.8000000000000003,4,N,31963
1.01,0.51,2.8000000000000003,5,N,31964
1.01,0.51,3.1000000000000005,1,N,31965
1.01,0.51,3.1000000000000005,2,N,31966
1.01,0.51,3.1000000000000005,3,N,31967
1.01,0.51,3.1000000000000005,4,N,31968
1.01,0.51,3.1000000000000005,5,N,31969
1.01,0.51,3.4000000000000004,1,N,31970
1.01,0.51,3.4000000000000004,2,N,31971
1.01,0.51,3.4000000000000004,3,N,31972
1.01,0.51,3.4000000000000004,4,N,31973
1.01,0.51,3.4000000000000004,5,N,31974
1.01,0.51,3.7,1,N,31975
1.01,0.51,3.7,2,N,31976
1.01,0.51,3.7,3,N,31977
1.01,0.51,3.7,4,N,31978
1.01,0.51,3.7,5,N,31979
1.01,0.51,4.0,1,N,31980
1.01,0.51,4.0,2,N,31981
1.01,0.51,4.0,3,N,31982
1.01,0.51,4.0,4,N,31983
1.01,0.51,4.0,5,N,31984
1.01,0.51,4.300000000000002,1,N,31985
1.01,0.51,4.300000000000002,2,N,31986
1.01,0.51,4.300000000000002,3,N,31987
1.01,0.51,4.300000000000002,4,N,31988
1.01,0.51,4.300000000000002,5,N,31989
1.01,0.51,4.6000000000000005,1,N,31990
1.01,0.51,4.6000000000000005,2,N,31991
1.01,0.51,4.6000000000000005,3,N,31992
1.01,0.51,4.6000000000000005,4,N,31993
1.01,0.51,4.6000000000000005,5,N,31994
1.01,0.51,4.9,1,N,31995
1.01,0.51,4.9,2,N,31996
1.01,0.51,4.9,3,N,31997
1.01,0.51,4.9,4,N,31998
1.01,0.51,4.9,5,N,31999
1.01,0.6100000000000001,0.01,1,N,32000
1.01,0.6100000000000001,0.01,2,N,32001
1.01,0.6100000000000001,0.01,3,N,32002
1.01,0.6100000000000001,0.01,4,N,32003
1.01,0.6100000000000001,0.01,5,N,32004
1.01,0.6100000000000001,0.11,1,N,32005
1.01,0.6100000000000001,0.11,2,N,32006
1.01,0.6100000000000001,0.11,3,N,32007
1.01,0.6100000000000001,0.11,4,N,32008
1.01,0.6100000000000001,0.11,5,N,32009
1.01,0.6100000000000001,0.21,1,N,32010
1.01,0.6100000000000001,0.21,2,N,32011
1.01,0.6100000000000001,0.21,3,N,32012
1.01,0.6100000000000001,0.21,4,N,32013
1.01,0.6100000000000001,0.21,5,N,32014
1.01,0.6100000000000001,0.31000000000000005,1,N,32015
1.01,0.6100000000000001,0.31000000000000005,2,N,32016
1.01,0.6100000000000001,0.31000000000000005,3,N,32017
1.01,0.6100000000000001,0.31000000000000005,4,N,32018
1.01,0.6100000000000001,0.31000000000000005,5,N,32019
1.01,0.6100000000000001,0.41,1,N,32020
1.01,0.6100000000000001,0.41,2,N,32021
1.01,0.6100000000000001,0.41,3,N,32022
1.01,0.6100000000000001,0.41,4,N,32023
1.01,0.6100000000000001,0.41,5,N,32024
1.01,0.6100000000000001,0.51,1,N,32025
1.01,0.6100000000000001,0.51,2,N,32026
1.01,0.6100000000000001,0.51,3,N,32027
1.01,0.6100000000000001,0.51,4,N,32028
1.01,0.6100000000000001,0.51,5,N,32029
1.01,0.6100000000000001,0.6100000000000001,1,N,32030
1.01,0.6100000000000001,0.6100000000000001,2,N,32031
1.01,0.6100000000000001,0.6100000000000001,3,N,32032
1.01,0.6100000000000001,0.6100000000000001,4,N,32033
1.01,0.6100000000000001,0.6100000000000001,5,N,32034
1.01,0.6100000000000001,0.7100000000000001,1,N,32035
1.01,0.6100000000000001,0.7100000000000001,2,N,32036
1.01,0.6100000000000001,0.7100000000000001,3,N,32037
1.01,0.6100000000000001,0.7100000000000001,4,N,32038
1.01,0.6100000000000001,0.7100000000000001,5,N,32039
1.01,0.6100000000000001,0.81,1,N,32040
1.01,0.6100000000000001,0.81,2,N,32041
1.01,0.6100000000000001,0.81,3,N,32042
1.01,0.6100000000000001,0.81,4,N,32043
1.01,0.6100000000000001,0.81,5,N,32044
1.01,0.6100000000000001,0.91,1,N,32045
1.01,0.6100000000000001,0.91,2,N,32046
1.01,0.6100000000000001,0.91,3,N,32047
1.01,0.6100000000000001,0.91,4,N,32048
1.01,0.6100000000000001,0.91,5,N,32049
1.01,0.6100000000000001,1.01,1,N,32050
1.01,0.6100000000000001,1.01,2,N,32051
1.01,0.6100000000000001,1.01,3,N,32052
1.01,0.6100000000000001,1.01,4,N,32053
1.01,0.6100000000000001,1.01,5,N,32054
1.01,0.6100000000000001,1.11,1,N,32055
1.01,0.6100000000000001,1.11,2,N,32056
1.01,0.6100000000000001,1.11,3,N,32057
1.01,0.6100000000000001,1.11,4,N,32058
1.01,0.6100000000000001,1.11,5,N,32059
1.01,0.6100000000000001,1.3,1,N,32060
1.01,0.6100000000000001,1.3,2,N,32061
1.01,0.6100000000000001,1.3,3,N,32062
1.01,0.6100000000000001,1.3,4,N,32063
1.01,0.6100000000000001,1.3,5,N,32064
1.01,0.6100000000000001,1.6,1,N,32065
1.01,0.6100000000000001,1.6,2,N,32066
1.01,0.6100000000000001,1.6,3,N,32067
1.01,0.6100000000000001,1.6,4,N,32068
1.01,0.6100000000000001,1.6,5,N,32069
1.01,0.6100000000000001,1.9,1,N,32070
1.01,0.6100000000000001,1.9,2,N,32071
1.01,0.6100000000000001,1.9,3,N,32072
1.01,0.6100000000000001,1.9,4,N,32073
1.01,0.6100000000000001,1.9,5,N,32074
1.01,0.6100000000000001,2.2,1,N,32075
1.01,0.6100000000000001,2.2,2,N,32076
1.01,0.6100000000000001,2.2,3,N,32077
1.01,0.6100000000000001,2.2,4,N,32078
1.01,0.6100000000000001,2.2,5,N,32079
1.01,0.6100000000000001,2.5,1,N,32080
1.01,0.6100000000000001,2.5,2,N,32081
1.01,0.6100000000000001,2.5,3,N,32082
1.01,0.6100000000000001,2.5,4,N,32083
1.01,0.6100000000000001,2.5,5,N,32084
1.01,0.6100000000000001,2.8000000000000003,1,N,32085
1.01,0.6100000000000001,2.8000000000000003,2,N,32086
1.01,0.6100000000000001,2.8000000000000003,3,N,32087
1.01,0.6100000000000001,2.8000000000000003,4,N,32088
1.01,0.6100000000000001,2.8000000000000003,5,N,32089
1.01,0.6100000000000001,3.1000000000000005,1,N,32090
1.01,0.6100000000000001,3.1000000000000005,2,N,32091
1.01,0.6100000000000001,3.1000000000000005,3,N,32092
1.01,0.6100000000000001,3.1000000000000005,4,N,32093
1.01,0.6100000000000001,3.1000000000000005,5,N,32094
1.01,0.6100000000000001,3.4000000000000004,1,N,32095
1.01,0.6100000000000001,3.4000000000000004,2,N,32096
1.01,0.6100000000000001,3.4000000000000004,3,N,32097
1.01,0.6100000000000001,3.4000000000000004,4,N,32098
1.01,0.6100000000000001,3.4000000000000004,5,N,32099
1.01,0.6100000000000001,3.7,1,N,32100
1.01,0.6100000000000001,3.7,2,N,32101
1.01,0.6100000000000001,3.7,3,N,32102
1.01,0.6100000000000001,3.7,4,N,32103
1.01,0.6100000000000001,3.7,5,N,32104
1.01,0.6100000000000001,4.0,1,N,32105
1.01,0.6100000000000001,4.0,2,N,32106
1.01,0.6100000000000001,4.0,3,N,32107
1.01,0.6100000000000001,4.0,4,N,32108
1.01,0.6100000000000001,4.0,5,N,32109
1.01,0.6100000000000001,4.300000000000002,1,N,32110
1.01,0.6100000000000001,4.300000000000002,2,N,32111
1.01,0.6100000000000001,4.300000000000002,3,N,32112
1.01,0.6100000000000001,4.300000000000002,4,N,32113
1.01,0.6100000000000001,4.300000000000002,5,N,32114
1.01,0.6100000000000001,4.6000000000000005,1,N,32115
1.01,0.6100000000000001,4.6000000000000005,2,N,32116
1.01,0.6100000000000001,4.6000000000000005,3,N,32117
1.01,0.6100000000000001,4.6000000000000005,4,N,32118
1.01,0.6100000000000001,4.6000000000000005,5,N,32119
1.01,0.6100000000000001,4.9,1,N,32120
1.01,0.6100000000000001,4.9,2,N,32121
1.01,0.6100000000000001,4.9,3,N,32122
1.01,0.6100000000000001,4.9,4,N,32123
1.01,0.6100000000000001,4.9,5,N,32124
1.01,0.7100000000000001,0.01,1,N,32125
1.01,0.7100000000000001,0.01,2,N,32126
1.01,0.7100000000000001,0.01,3,N,32127
1.01,0.7100000000000001,0.01,4,N,32128
1.01,0.7100000000000001,0.01,5,N,32129
1.01,0.7100000000000001,0.11,1,N,32130
1.01,0.7100000000000001,0.11,2,N,32131
1.01,0.7100000000000001,0.11,3,N,32132
1.01,0.7100000000000001,0.11,4,N,32133
1.01,0.7100000000000001,0.11,5,N,32134
1.01,0.7100000000000001,0.21,1,N,32135
1.01,0.7100000000000001,0.21,2,N,32136
1.01,0.7100000000000001,0.21,3,N,32137
1.01,0.7100000000000001,0.21,4,N,32138
1.01,0.7100000000000001,0.21,5,N,32139
1.01,0.7100000000000001,0.31000000000000005,1,N,32140
1.01,0.7100000000000001,0.31000000000000005,2,N,32141
1.01,0.7100000000000001,0.31000000000000005,3,N,32142
1.01,0.7100000000000001,0.31000000000000005,4,N,32143
1.01,0.7100000000000001,0.31000000000000005,5,N,32144
1.01,0.7100000000000001,0.41,1,N,32145
1.01,0.7100000000000001,0.41,2,N,32146
1.01,0.7100000000000001,0.41,3,N,32147
1.01,0.7100000000000001,0.41,4,N,32148
1.01,0.7100000000000001,0.41,5,N,32149
1.01,0.7100000000000001,0.51,1,N,32150
1.01,0.7100000000000001,0.51,2,N,32151
1.01,0.7100000000000001,0.51,3,N,32152
1.01,0.7100000000000001,0.51,4,N,32153
1.01,0.7100000000000001,0.51,5,N,32154
1.01,0.7100000000000001,0.6100000000000001,1,N,32155
1.01,0.7100000000000001,0.6100000000000001,2,N,32156
1.01,0.7100000000000001,0.6100000000000001,3,N,32157
1.01,0.7100000000000001,0.6100000000000001,4,N,32158
1.01,0.7100000000000001,0.6100000000000001,5,N,32159
1.01,0.7100000000000001,0.7100000000000001,1,N,32160
1.01,0.7100000000000001,0.7100000000000001,2,N,32161
1.01,0.7100000000000001,0.7100000000000001,3,N,32162
1.01,0.7100000000000001,0.7100000000000001,4,N,32163
1.01,0.7100000000000001,0.7100000000000001,5,N,32164
1.01,0.7100000000000001,0.81,1,N,32165
1.01,0.7100000000000001,0.81,2,N,32166
1.01,0.7100000000000001,0.81,3,N,32167
1.01,0.7100000000000001,0.81,4,N,32168
1.01,0.7100000000000001,0.81,5,N,32169
1.01,0.7100000000000001,0.91,1,N,32170
1.01,0.7100000000000001,0.91,2,N,32171
1.01,0.7100000000000001,0.91,3,N,32172
1.01,0.7100000000000001,0.91,4,N,32173
1.01,0.7100000000000001,0.91,5,N,32174
1.01,0.7100000000000001,1.01,1,N,32175
1.01,0.7100000000000001,1.01,2,N,32176
1.01,0.7100000000000001,1.01,3,N,32177
1.01,0.7100000000000001,1.01,4,N,32178
1.01,0.7100000000000001,1.01,5,N,32179
1.01,0.7100000000000001,1.11,1,N,32180
1.01,0.7100000000000001,1.11,2,N,32181
1.01,0.7100000000000001,1.11,3,N,32182
1.01,0.7100000000000001,1.11,4,N,32183
1.01,0.7100000000000001,1.11,5,N,32184
1.01,0.7100000000000001,1.3,1,N,32185
1.01,0.7100000000000001,1.3,2,N,32186
1.01,0.7100000000000001,1.3,3,N,32187
1.01,0.7100000000000001,1.3,4,N,32188
1.01,0.7100000000000001,1.3,5,N,32189
1.01,0.7100000000000001,1.6,1,N,32190
1.01,0.7100000000000001,1.6,2,N,32191
1.01,0.7100000000000001,1.6,3,N,32192
1.01,0.7100000000000001,1.6,4,N,32193
1.01,0.7100000000000001,1.6,5,N,32194
1.01,0.7100000000000001,1.9,1,N,32195
1.01,0.7100000000000001,1.9,2,N,32196
1.01,0.7100000000000001,1.9,3,N,32197
1.01,0.7100000000000001,1.9,4,N,32198
1.01,0.7100000000000001,1.9,5,N,32199
1.01,0.7100000000000001,2.2,1,N,32200
1.01,0.7100000000000001,2.2,2,N,32201
1.01,0.7100000000000001,2.2,3,N,32202
1.01,0.7100000000000001,2.2,4,N,32203
1.01,0.7100000000000001,2.2,5,N,32204
1.01,0.7100000000000001,2.5,1,N,32205
1.01,0.7100000000000001,2.5,2,N,32206
1.01,0.7100000000000001,2.5,3,N,32207
1.01,0.7100000000000001,2.5,4,N,32208
1.01,0.7100000000000001,2.5,5,N,32209
1.01,0.7100000000000001,2.8000000000000003,1,N,32210
1.01,0.7100000000000001,2.8000000000000003,2,N,32211
1.01,0.7100000000000001,2.8000000000000003,3,N,32212
1.01,0.7100000000000001,2.8000000000000003,4,N,32213
1.01,0.7100000000000001,2.8000000000000003,5,N,32214
1.01,0.7100000000000001,3.1000000000000005,1,N,32215
1.01,0.7100000000000001,3.1000000000000005,2,N,32216
1.01,0.7100000000000001,3.1000000000000005,3,N,32217
1.01,0.7100000000000001,3.1000000000000005,4,N,32218
1.01,0.7100000000000001,3.1000000000000005,5,N,32219
1.01,0.7100000000000001,3.4000000000000004,1,N,32220
1.01,0.7100000000000001,3.4000000000000004,2,N,32221
1.01,0.7100000000000001,3.4000000000000004,3,N,32222
1.01,0.7100000000000001,3.4000000000000004,4,N,32223
1.01,0.7100000000000001,3.4000000000000004,5,N,32224
1.01,0.7100000000000001,3.7,1,N,32225
1.01,0.7100000000000001,3.7,2,N,32226
1.01,0.7100000000000001,3.7,3,N,32227
1.01,0.7100000000000001,3.7,4,N,32228
1.01,0.7100000000000001,3.7,5,N,32229
1.01,0.7100000000000001,4.0,1,N,32230
1.01,0.7100000000000001,4.0,2,N,32231
1.01,0.7100000000000001,4.0,3,N,32232
1.01,0.7100000000000001,4.0,4,N,32233
1.01,0.7100000000000001,4.0,5,N,32234
1.01,0.7100000000000001,4.300000000000002,1,N,32235
1.01,0.7100000000000001,4.300000000000002,2,N,32236
1.01,0.7100000000000001,4.300000000000002,3,N,32237
1.01,0.7100000000000001,4.300000000000002,4,N,32238
1.01,0.7100000000000001,4.300000000000002,5,N,32239
1.01,0.7100000000000001,4.6000000000000005,1,N,32240
1.01,0.7100000000000001,4.6000000000000005,2,N,32241
1.01,0.7100000000000001,4.6000000000000005,3,N,32242
1.01,0.7100000000000001,4.6000000000000005,4,N,32243
1.01,0.7100000000000001,4.6000000000000005,5,N,32244
1.01,0.7100000000000001,4.9,1,N,32245
1.01,0.7100000000000001,4.9,2,N,32246
1.01,0.7100000000000001,4.9,3,N,32247
1.01,0.7100000000000001,4.9,4,N,32248
1.01,0.7100000000000001,4.9,5,N,32249
1.01,0.81,0.01,1,N,32250
1.01,0.81,0.01,2,N,32251
1.01,0.81,0.01,3,N,32252
1.01,0.81,0.01,4,N,32253
1.01,0.81,0.01,5,N,32254
1.01,0.81,0.11,1,N,32255
1.01,0.81,0.11,2,N,32256
1.01,0.81,0.11,3,N,32257
1.01,0.81,0.11,4,N,32258
1.01,0.81,0.11,5,N,32259
1.01,0.81,0.21,1,N,32260
1.01,0.81,0.21,2,N,32261
1.01,0.81,0.21,3,N,32262
1.01,0.81,0.21,4,N,32263
1.01,0.81,0.21,5,N,32264
1.01,0.81,0.31000000000000005,1,N,32265
1.01,0.81,0.31000000000000005,2,N,32266
1.01,0.81,0.31000000000000005,3,N,32267
1.01,0.81,0.31000000000000005,4,N,32268
1.01,0.81,0.31000000000000005,5,N,32269
1.01,0.81,0.41,1,N,32270
1.01,0.81,0.41,2,N,32271
1.01,0.81,0.41,3,N,32272
1.01,0.81,0.41,4,N,32273
1.01,0.81,0.41,5,N,32274
1.01,0.81,0.51,1,N,32275
1.01,0.81,0.51,2,N,32276
1.01,0.81,0.51,3,N,32277
1.01,0.81,0.51,4,N,32278
1.01,0.81,0.51,5,N,32279
1.01,0.81,0.6100000000000001,1,N,32280
1.01,0.81,0.6100000000000001,2,N,32281
1.01,0.81,0.6100000000000001,3,N,32282
1.01,0.81,0.6100000000000001,4,N,32283
1.01,0.81,0.6100000000000001,5,N,32284
1.01,0.81,0.7100000000000001,1,N,32285
1.01,0.81,0.7100000000000001,2,N,32286
1.01,0.81,0.7100000000000001,3,N,32287
1.01,0.81,0.7100000000000001,4,N,32288
1.01,0.81,0.7100000000000001,5,N,32289
1.01,0.81,0.81,1,N,32290
1.01,0.81,0.81,2,N,32291
1.01,0.81,0.81,3,N,32292
1.01,0.81,0.81,4,N,32293
1.01,0.81,0.81,5,N,32294
1.01,0.81,0.91,1,N,32295
1.01,0.81,0.91,2,N,32296
1.01,0.81,0.91,3,N,32297
1.01,0.81,0.91,4,N,32298
1.01,0.81,0.91,5,N,32299
1.01,0.81,1.01,1,N,32300
1.01,0.81,1.01,2,N,32301
1.01,0.81,1.01,3,N,32302
1.01,0.81,1.01,4,N,32303
1.01,0.81,1.01,5,N,32304
1.01,0.81,1.11,1,N,32305
1.01,0.81,1.11,2,N,32306
1.01,0.81,1.11,3,N,32307
1.01,0.81,1.11,4,N,32308
1.01,0.81,1.11,5,N,32309
1.01,0.81,1.3,1,N,32310
1.01,0.81,1.3,2,N,32311
1.01,0.81,1.3,3,N,32312
1.01,0.81,1.3,4,N,32313
1.01,0.81,1.3,5,N,32314
1.01,0.81,1.6,1,N,32315
1.01,0.81,1.6,2,N,32316
1.01,0.81,1.6,3,N,32317
1.01,0.81,1.6,4,N,32318
1.01,0.81,1.6,5,N,32319
1.01,0.81,1.9,1,N,32320
1.01,0.81,1.9,2,N,32321
1.01,0.81,1.9,3,N,32322
1.01,0.81,1.9,4,N,32323
1.01,0.81,1.9,5,N,32324
1.01,0.81,2.2,1,N,32325
1.01,0.81,2.2,2,N,32326
1.01,0.81,2.2,3,N,32327
1.01,0.81,2.2,4,N,32328
1.01,0.81,2.2,5,N,32329
1.01,0.81,2.5,1,N,32330
1.01,0.81,2.5,2,N,32331
1.01,0.81,2.5,3,N,32332
1.01,0.81,2.5,4,N,32333
1.01,0.81,2.5,5,N,32334
1.01,0.81,2.8000000000000003,1,N,32335
1.01,0.81,2.8000000000000003,2,N,32336
1.01,0.81,2.8000000000000003,3,N,32337
1.01,0.81,2.8000000000000003,4,N,32338
1.01,0.81,2.8000000000000003,5,N,32339
1.01,0.81,3.1000000000000005,1,N,32340
1.01,0.81,3.1000000000000005,2,N,32341
1.01,0.81,3.1000000000000005,3,N,32342
1.01,0.81,3.1000000000000005,4,N,32343
1.01,0.81,3.1000000000000005,5,N,32344
1.01,0.81,3.4000000000000004,1,N,32345
1.01,0.81,3.4000000000000004,2,N,32346
1.01,0.81,3.4000000000000004,3,N,32347
1.01,0.81,3.4000000000000004,4,N,32348
1.01,0.81,3.4000000000000004,5,N,32349
1.01,0.81,3.7,1,N,32350
1.01,0.81,3.7,2,N,32351
1.01,0.81,3.7,3,N,32352
1.01,0.81,3.7,4,N,32353
1.01,0.81,3.7,5,N,32354
1.01,0.81,4.0,1,N,32355
1.01,0.81,4.0,2,N,32356
1.01,0.81,4.0,3,N,32357
1.01,0.81,4.0,4,N,32358
1.01,0.81,4.0,5,N,32359
1.01,0.81,4.300000000000002,1,N,32360
1.01,0.81,4.300000000000002,2,N,32361
1.01,0.81,4.300000000000002,3,N,32362
1.01,0.81,4.300000000000002,4,N,32363
1.01,0.81,4.300000000000002,5,N,32364
1.01,0.81,4.6000000000000005,1,N,32365
1.01,0.81,4.6000000000000005,2,N,32366
1.01,0.81,4.6000000000000005,3,N,32367
1.01,0.81,4.6000000000000005,4,N,32368
1.01,0.81,4.6000000000000005,5,N,32369
1.01,0.81,4.9,1,N,32370
1.01,0.81,4.9,2,N,32371
1.01,0.81,4.9,3,N,32372
1.01,0.81,4.9,4,N,32373
1.01,0.81,4.9,5,N,32374
1.01,0.91,0.01,1,N,32375
1.01,0.91,0.01,2,N,32376
1.01,0.91,0.01,3,N,32377
1.01,0.91,0.01,4,N,32378
1.01,0.91,0.01,5,N,32379
1.01,0.91,0.11,1,N,32380
1.01,0.91,0.11,2,N,32381
1.01,0.91,0.11,3,N,32382
1.01,0.91,0.11,4,N,32383
1.01,0.91,0.11,5,N,32384
1.01,0.91,0.21,1,N,32385
1.01,0.91,0.21,2,N,32386
1.01,0.91,0.21,3,N,32387
1.01,0.91,0.21,4,N,32388
1.01,0.91,0.21,5,N,32389
1.01,0.91,0.31000000000000005,1,N,32390
1.01,0.91,0.31000000000000005,2,N,32391
1.01,0.91,0.31000000000000005,3,N,32392
1.01,0.91,0.31000000000000005,4,N,32393
1.01,0.91,0.31000000000000005,5,N,32394
1.01,0.91,0.41,1,N,32395
1.01,0.91,0.41,2,N,32396
1.01,0.91,0.41,3,N,32397
1.01,0.91,0.41,4,N,32398
1.01,0.91,0.41,5,N,32399
1.01,0.91,0.51,1,N,32400
1.01,0.91,0.51,2,N,32401
1.01,0.91,0.51,3,N,32402
1.01,0.91,0.51,4,N,32403
1.01,0.91,0.51,5,N,32404
1.01,0.91,0.6100000000000001,1,N,32405
1.01,0.91,0.6100000000000001,2,N,32406
1.01,0.91,0.6100000000000001,3,N,32407
1.01,0.91,0.6100000000000001,4,N,32408
1.01,0.91,0.6100000000000001,5,N,32409
1.01,0.91,0.7100000000000001,1,N,32410
1.01,0.91,0.7100000000000001,2,N,32411
1.01,0.91,0.7100000000000001,3,N,32412
1.01,0.91,0.7100000000000001,4,N,32413
1.01,0.91,0.7100000000000001,5,N,32414
1.01,0.91,0.81,1,N,32415
1.01,0.91,0.81,2,N,32416
1.01,0.91,0.81,3,N,32417
1.01,0.91,0.81,4,N,32418
1.01,0.91,0.81,5,N,32419
1.01,0.91,0.91,1,N,32420
1.01,0.91,0.91,2,N,32421
1.01,0.91,0.91,3,N,32422
1.01,0.91,0.91,4,N,32423
1.01,0.91,0.91,5,N,32424
1.01,0.91,1.01,1,N,32425
1.01,0.91,1.01,2,N,32426
1.01,0.91,1.01,3,N,32427
1.01,0.91,1.01,4,N,32428
1.01,0.91,1.01,5,N,32429
1.01,0.91,1.11,1,N,32430
1.01,0.91,1.11,2,N,32431
1.01,0.91,1.11,3,N,32432
1.01,0.91,1.11,4,N,32433
1.01,0.91,1.11,5,N,32434
1.01,0.91,1.3,1,N,32435
1.01,0.91,1.3,2,N,32436
1.01,0.91,1.3,3,N,32437
1.01,0.91,1.3,4,N,32438
1.01,0.91,1.3,5,N,32439
1.01,0.91,1.6,1,N,32440
1.01,0.91,1.6,2,N,32441
1.01,0.91,1.6,3,N,32442
1.01,0.91,1.6,4,N,32443
1.01,0.91,1.6,5,N,32444
1.01,0.91,1.9,1,N,32445
1.01,0.91,1.9,2,N,32446
1.01,0.91,1.9,3,N,32447
1.01,0.91,1.9,4,N,32448
1.01,0.91,1.9,5,N,32449
1.01,0.91,2.2,1,N,32450
1.01,0.91,2.2,2,N,32451
1.01,0.91,2.2,3,N,32452
1.01,0.91,2.2,4,N,32453
1.01,0.91,2.2,5,N,32454
1.01,0.91,2.5,1,N,32455
1.01,0.91,2.5,2,N,32456
1.01,0.91,2.5,3,N,32457
1.01,0.91,2.5,4,N,32458
1.01,0.91,2.5,5,N,32459
1.01,0.91,2.8000000000000003,1,N,32460
1.01,0.91,2.8000000000000003,2,N,32461
1.01,0.91,2.8000000000000003,3,N,32462
1.01,0.91,2.8000000000000003,4,N,32463
1.01,0.91,2.8000000000000003,5,N,32464
1.01,0.91,3.1000000000000005,1,N,32465
1.01,0.91,3.1000000000000005,2,N,32466
1.01,0.91,3.1000000000000005,3,N,32467
1.01,0.91,3.1000000000000005,4,N,32468
1.01,0.91,3.1000000000000005,5,N,32469
1.01,0.91,3.4000000000000004,1,N,32470
1.01,0.91,3.4000000000000004,2,N,32471
1.01,0.91,3.4000000000000004,3,N,32472
1.01,0.91,3.4000000000000004,4,N,32473
1.01,0.91,3.4000000000000004,5,N,32474
1.01,0.91,3.7,1,N,32475
1.01,0.91,3.7,2,N,32476
1.01,0.91,3.7,3,N,32477
1.01,0.91,3.7,4,N,32478
1.01,0.91,3.7,5,N,32479
1.01,0.91,4.0,1,N,32480
1.01,0.91,4.0,2,N,32481
1.01,0.91,4.0,3,N,32482
1.01,0.91,4.0,4,N,32483
1.01,0.91,4.0,5,N,32484
1.01,0.91,4.300000000000002,1,N,32485
1.01,0.91,4.300000000000002,2,N,32486
1.01,0.91,4.300000000000002,3,N,32487
1.01,0.91,4.300000000000002,4,N,32488
1.01,0.91,4.300000000000002,5,N,32489
1.01,0.91,4.6000000000000005,1,N,32490
1.01,0.91,4.6000000000000005,2,N,32491
1.01,0.91,4.6000000000000005,3,N,32492
1.01,0.91,4.6000000000000005,4,N,32493
1.01,0.91,4.6000000000000005,5,N,32494
1.01,0.91,4.9,1,N,32495
1.01,0.91,4.9,2,N,32496
1.01,0.91,4.9,3,N,32497
1.01,0.91,4.9,4,N,32498
1.01,0.91,4.9,5,N,32499
1.01,1.01,0.01,1,N,32500
1.01,1.01,0.01,2,N,32501
1.01,1.01,0.01,3,N,32502
1.01,1.01,0.01,4,N,32503
1.01,1.01,0.01,5,N,32504
1.01,1.01,0.11,1,N,32505
1.01,1.01,0.11,2,N,32506
1.01,1.01,0.11,3,N,32507
1.01,1.01,0.11,4,N,32508
1.01,1.01,0.11,5,N,32509
1.01,1.01,0.21,1,N,32510
1.01,1.01,0.21,2,N,32511
1.01,1.01,0.21,3,N,32512
1.01,1.01,0.21,4,N,32513
1.01,1.01,0.21,5,N,32514
1.01,1.01,0.31000000000000005,1,N,32515
1.01,1.01,0.31000000000000005,2,N,32516
1.01,1.01,0.31000000000000005,3,N,32517
1.01,1.01,0.31000000000000005,4,N,32518
1.01,1.01,0.31000000000000005,5,N,32519
1.01,1.01,0.41,1,N,32520
1.01,1.01,0.41,2,N,32521
1.01,1.01,0.41,3,N,32522
1.01,1.01,0.41,4,N,32523
1.01,1.01,0.41,5,N,32524
1.01,1.01,0.51,1,N,32525
1.01,1.01,0.51,2,N,32526
1.01,1.01,0.51,3,N,32527
1.01,1.01,0.51,4,N,32528
1.01,1.01,0.51,5,N,32529
1.01,1.01,0.6100000000000001,1,N,32530
1.01,1.01,0.6100000000000001,2,N,32531
1.01,1.01,0.6100000000000001,3,N,32532
1.01,1.01,0.6100000000000001,4,N,32533
1.01,1.01,0.6100000000000001,5,N,32534
1.01,1.01,0.7100000000000001,1,N,32535
1.01,1.01,0.7100000000000001,2,N,32536
1.01,1.01,0.7100000000000001,3,N,32537
1.01,1.01,0.7100000000000001,4,N,32538
1.01,1.01,0.7100000000000001,5,N,32539
1.01,1.01,0.81,1,N,32540
1.01,1.01,0.81,2,N,32541
1.01,1.01,0.81,3,N,32542
1.01,1.01,0.81,4,N,32543
1.01,1.01,0.81,5,N,32544
1.01,1.01,0.91,1,N,32545
1.01,1.01,0.91,2,N,32546
1.01,1.01,0.91,3,N,32547
1.01,1.01,0.91,4,N,32548
1.01,1.01,0.91,5,N,32549
1.01,1.01,1.01,1,N,32550
1.01,1.01,1.01,2,N,32551
1.01,1.01,1.01,3,N,32552
1.01,1.01,1.01,4,N,32553
1.01,1.01,1.01,5,N,32554
1.01,1.01,1.11,1,N,32555
1.01,1.01,1.11,2,N,32556
1.01,1.01,1.11,3,N,32557
1.01,1.01,1.11,4,N,32558
1.01,1.01,1.11,5,N,32559
1.01,1.01,1.3,1,N,32560
1.01,1.01,1.3,2,N,32561
1.01,1.01,1.3,3,N,32562
1.01,1.01,1.3,4,N,32563
1.01,1.01,1.3,5,N,32564
1.01,1.01,1.6,1,N,32565
1.01,1.01,1.6,2,N,32566
1.01,1.01,1.6,3,N,32567
1.01,1.01,1.6,4,N,32568
1.01,1.01,1.6,5,N,32569
1.01,1.01,1.9,1,N,32570
1.01,1.01,1.9,2,N,32571
1.01,1.01,1.9,3,N,32572
1.01,1.01,1.9,4,N,32573
1.01,1.01,1.9,5,N,32574
1.01,1.01,2.2,1,N,32575
1.01,1.01,2.2,2,N,32576
1.01,1.01,2.2,3,N,32577
1.01,1.01,2.2,4,N,32578
1.01,1.01,2.2,5,N,32579
1.01,1.01,2.5,1,N,32580
1.01,1.01,2.5,2,N,32581
1.01,1.01,2.5,3,N,32582
1.01,1.01,2.5,4,N,32583
1.01,1.01,2.5,5,N,32584
1.01,1.01,2.8000000000000003,1,N,32585
1.01,1.01,2.8000000000000003,2,N,32586
1.01,1.01,2.8000000000000003,3,N,32587
1.01,1.01,2.8000000000000003,4,N,32588
1.01,1.01,2.8000000000000003,5,N,32589
1.01,1.01,3.1000000000000005,1,N,32590
1.01,1.01,3.1000000000000005,2,N,32591
1.01,1.01,3.1000000000000005,3,N,32592
1.01,1.01,3.1000000000000005,4,N,32593
1.01,1.01,3.1000000000000005,5,N,32594
1.01,1.01,3.4000000000000004,1,N,32595
1.01,1.01,3.4000000000000004,2,N,32596
1.01,1.01,3.4000000000000004,3,N,32597
1.01,1.01,3.4000000000000004,4,N,32598
1.01,1.01,3.4000000000000004,5,N,32599
1.01,1.01,3.7,1,N,32600
1.01,1.01,3.7,2,N,32601
1.01,1.01,3.7,3,N,32602
1.01,1.01,3.7,4,N,32603
1.01,1.01,3.7,5,N,32604
1.01,1.01,4.0,1,N,32605
1.01,1.01,4.0,2,N,32606
1.01,1.01,4.0,3,N,32607
1.01,1.01,4.0,4,N,32608
1.01,1.01,4.0,5,N,32609
1.01,1.01,4.300000000000002,1,N,32610
1.01,1.01,4.300000000000002,2,N,32611
1.01,1.01,4.300000000000002,3,N,32612
1.01,1.01,4.300000000000002,4,N,32613
1.01,1.01,4.300000000000002,5,N,32614
1.01,1.01,4.6000000000000005,1,N,32615
1.01,1.01,4.6000000000000005,2,N,32616
1.01,1.01,4.6000000000000005,3,N,32617
1.01,1.01,4.6000000000000005,4,N,32618
1.01,1.01,4.6000000000000005,5,N,32619
1.01,1.01,4.9,1,N,32620
1.01,1.01,4.9,2,N,32621
1.01,1.01,4.9,3,N,32622
1.01,1.01,4.9,4,N,32623
1.01,1.01,4.9,5,N,32624
1.01,1.11,0.01,1,N,32625
1.01,1.11,0.01,2,N,32626
1.01,1.11,0.01,3,N,32627
1.01,1.11,0.01,4,N,32628
1.01,1.11,0.01,5,N,32629
1.01,1.11,0.11,1,N,32630
1.01,1.11,0.11,2,N,32631
1.01,1.11,0.11,3,N,32632
1.01,1.11,0.11,4,N,32633
1.01,1.11,0.11,5,N,32634
1.01,1.11,0.21,1,N,32635
1.01,1.11,0.21,2,N,32636
1.01,1.11,0.21,3,N,32637
1.01,1.11,0.21,4,N,32638
1.01,1.11,0.21,5,N,32639
1.01,1.11,0.31000000000000005,1,N,32640
1.01,1.11,0.31000000000000005,2,N,32641
1.01,1.11,0.31000000000000005,3,N,32642
1.01,1.11,0.31000000000000005,4,N,32643
1.01,1.11,0.31000000000000005,5,N,32644
1.01,1.11,0.41,1,N,32645
1.01,1.11,0.41,2,N,32646
1.01,1.11,0.41,3,N,32647
1.01,1.11,0.41,4,N,32648
1.01,1.11,0.41,5,N,32649
1.01,1.11,0.51,1,N,32650
1.01,1.11,0.51,2,N,32651
1.01,1.11,0.51,3,N,32652
1.01,1.11,0.51,4,N,32653
1.01,1.11,0.51,5,N,32654
1.01,1.11,0.6100000000000001,1,N,32655
1.01,1.11,0.6100000000000001,2,N,32656
1.01,1.11,0.6100000000000001,3,N,32657
1.01,1.11,0.6100000000000001,4,N,32658
1.01,1.11,0.6100000000000001,5,N,32659
1.01,1.11,0.7100000000000001,1,N,32660
1.01,1.11,0.7100000000000001,2,N,32661
1.01,1.11,0.7100000000000001,3,N,32662
1.01,1.11,0.7100000000000001,4,N,32663
1.01,1.11,0.7100000000000001,5,N,32664
1.01,1.11,0.81,1,N,32665
1.01,1.11,0.81,2,N,32666
1.01,1.11,0.81,3,N,32667
1.01,1.11,0.81,4,N,32668
1.01,1.11,0.81,5,N,32669
1.01,1.11,0.91,1,N,32670
1.01,1.11,0.91,2,N,32671
1.01,1.11,0.91,3,N,32672
1.01,1.11,0.91,4,N,32673
1.01,1.11,0.91,5,N,32674
1.01,1.11,1.01,1,N,32675
1.01,1.11,1.01,2,N,32676
1.01,1.11,1.01,3,N,32677
1.01,1.11,1.01,4,N,32678
1.01,1.11,1.01,5,N,32679
1.01,1.11,1.11,1,N,32680
1.01,1.11,1.11,2,N,32681
1.01,1.11,1.11,3,N,32682
1.01,1.11,1.11,4,N,32683
1.01,1.11,1.11,5,N,32684
1.01,1.11,1.3,1,N,32685
1.01,1.11,1.3,2,N,32686
1.01,1.11,1.3,3,N,32687
1.01,1.11,1.3,4,N,32688
1.01,1.11,1.3,5,N,32689
1.01,1.11,1.6,1,N,32690
1.01,1.11,1.6,2,N,32691
1.01,1.11,1.6,3,N,32692
1.01,1.11,1.6,4,N,32693
1.01,1.11,1.6,5,N,32694
1.01,1.11,1.9,1,N,32695
1.01,1.11,1.9,2,N,32696
1.01,1.11,1.9,3,N,32697
1.01,1.11,1.9,4,N,32698
1.01,1.11,1.9,5,N,32699
1.01,1.11,2.2,1,N,32700
1.01,1.11,2.2,2,N,32701
1.01,1.11,2.2,3,N,32702
1.01,1.11,2.2,4,N,32703
1.01,1.11,2.2,5,N,32704
1.01,1.11,2.5,1,N,32705
1.01,1.11,2.5,2,N,32706
1.01,1.11,2.5,3,N,32707
1.01,1.11,2.5,4,N,32708
1.01,1.11,2.5,5,N,32709
1.01,1.11,2.8000000000000003,1,N,32710
1.01,1.11,2.8000000000000003,2,N,32711
1.01,1.11,2.8000000000000003,3,N,32712
1.01,1.11,2.8000000000000003,4,N,32713
1.01,1.11,2.8000000000000003,5,N,32714
1.01,1.11,3.1000000000000005,1,N,32715
1.01,1.11,3.1000000000000005,2,N,32716
1.01,1.11,3.1000000000000005,3,N,32717
1.01,1.11,3.1000000000000005,4,N,32718
1.01,1.11,3.1000000000000005,5,N,32719
1.01,1.11,3.4000000000000004,1,N,32720
1.01,1.11,3.4000000000000004,2,N,32721
1.01,1.11,3.4000000000000004,3,N,32722
1.01,1.11,3.4000000000000004,4,N,32723
1.01,1.11,3.4000000000000004,5,N,32724
1.01,1.11,3.7,1,N,32725
1.01,1.11,3.7,2,N,32726
1.01,1.11,3.7,3,N,32727
1.01,1.11,3.7,4,N,32728
1.01,1.11,3.7,5,N,32729
1.01,1.11,4.0,1,N,32730
1.01,1.11,4.0,2,N,32731
1.01,1.11,4.0,3,N,32732
1.01,1.11,4.0,4,N,32733
1.01,1.11,4.0,5,N,32734
1.01,1.11,4.300000000000002,1,N,32735
1.01,1.11,4.300000000000002,2,N,32736
1.01,1.11,4.300000000000002,3,N,32737
1.01,1.11,4.300000000000002,4,N,32738
1.01,1.11,4.300000000000002,5,N,32739
1.01,1.11,4.6000000000000005,1,N,32740
1.01,1.11,4.6000000000000005,2,N,32741
1.01,1.11,4.6000000000000005,3,N,32742
1.01,1.11,4.6000000000000005,4,N,32743
1.01,1.11,4.6000000000000005,5,N,32744
1.01,1.11,4.9,1,N,32745
1.01,1.11,4.9,2,N,32746
1.01,1.11,4.9,3,N,32747
1.01,1.11,4.9,4,N,32748
1.01,1.11,4.9,5,N,32749
1.01,1.3,0.01,1,N,32750
1.01,1.3,0.01,2,N,32751
1.01,1.3,0.01,3,N,32752
1.01,1.3,0.01,4,N,32753
1.01,1.3,0.01,5,N,32754
1.01,1.3,0.11,1,N,32755
1.01,1.3,0.11,2,N,32756
1.01,1.3,0.11,3,N,32757
1.01,1.3,0.11,4,N,32758
1.01,1.3,0.11,5,N,32759
1.01,1.3,0.21,1,N,32760
1.01,1.3,0.21,2,N,32761
1.01,1.3,0.21,3,N,32762
1.01,1.3,0.21,4,N,32763
1.01,1.3,0.21,5,N,32764
1.01,1.3,0.31000000000000005,1,N,32765
1.01,1.3,0.31000000000000005,2,N,32766
1.01,1.3,0.31000000000000005,3,N,32767
1.01,1.3,0.31000000000000005,4,N,32768
1.01,1.3,0.31000000000000005,5,N,32769
1.01,1.3,0.41,1,N,32770
1.01,1.3,0.41,2,N,32771
1.01,1.3,0.41,3,N,32772
1.01,1.3,0.41,4,N,32773
1.01,1.3,0.41,5,N,32774
1.01,1.3,0.51,1,N,32775
1.01,1.3,0.51,2,N,32776
1.01,1.3,0.51,3,N,32777
1.01,1.3,0.51,4,N,32778
1.01,1.3,0.51,5,N,32779
1.01,1.3,0.6100000000000001,1,N,32780
1.01,1.3,0.6100000000000001,2,N,32781
1.01,1.3,0.6100000000000001,3,N,32782
1.01,1.3,0.6100000000000001,4,N,32783
1.01,1.3,0.6100000000000001,5,N,32784
1.01,1.3,0.7100000000000001,1,N,32785
1.01,1.3,0.7100000000000001,2,N,32786
1.01,1.3,0.7100000000000001,3,N,32787
1.01,1.3,0.7100000000000001,4,N,32788
1.01,1.3,0.7100000000000001,5,N,32789
1.01,1.3,0.81,1,N,32790
1.01,1.3,0.81,2,N,32791
1.01,1.3,0.81,3,N,32792
1.01,1.3,0.81,4,N,32793
1.01,1.3,0.81,5,N,32794
1.01,1.3,0.91,1,N,32795
1.01,1.3,0.91,2,N,32796
1.01,1.3,0.91,3,N,32797
1.01,1.3,0.91,4,N,32798
1.01,1.3,0.91,5,N,32799
1.01,1.3,1.01,1,N,32800
1.01,1.3,1.01,2,N,32801
1.01,1.3,1.01,3,N,32802
1.01,1.3,1.01,4,N,32803
1.01,1.3,1.01,5,N,32804
1.01,1.3,1.11,1,N,32805
1.01,1.3,1.11,2,N,32806
1.01,1.3,1.11,3,N,32807
1.01,1.3,1.11,4,N,32808
1.01,1.3,1.11,5,N,32809
1.01,1.3,1.3,1,N,32810
1.01,1.3,1.3,2,N,32811
1.01,1.3,1.3,3,N,32812
1.01,1.3,1.3,4,N,32813
1.01,1.3,1.3,5,N,32814
1.01,1.3,1.6,1,N,32815
1.01,1.3,1.6,2,N,32816
1.01,1.3,1.6,3,N,32817
1.01,1.3,1.6,4,N,32818
1.01,1.3,1.6,5,N,32819
1.01,1.3,1.9,1,N,32820
1.01,1.3,1.9,2,N,32821
1.01,1.3,1.9,3,N,32822
1.01,1.3,1.9,4,N,32823
1.01,1.3,1.9,5,N,32824
1.01,1.3,2.2,1,N,32825
1.01,1.3,2.2,2,N,32826
1.01,1.3,2.2,3,N,32827
1.01,1.3,2.2,4,N,32828
1.01,1.3,2.2,5,N,32829
1.01,1.3,2.5,1,N,32830
1.01,1.3,2.5,2,N,32831
1.01,1.3,2.5,3,N,32832
1.01,1.3,2.5,4,N,32833
1.01,1.3,2.5,5,N,32834
1.01,1.3,2.8000000000000003,1,N,32835
1.01,1.3,2.8000000000000003,2,N,32836
1.01,1.3,2.8000000000000003,3,N,32837
1.01,1.3,2.8000000000000003,4,N,32838
1.01,1.3,2.8000000000000003,5,N,32839
1.01,1.3,3.1000000000000005,1,N,32840
1.01,1.3,3.1000000000000005,2,N,32841
1.01,1.3,3.1000000000000005,3,N,32842
1.01,1.3,3.1000000000000005,4,N,32843
1.01,1.3,3.1000000000000005,5,N,32844
1.01,1.3,3.4000000000000004,1,N,32845
1.01,1.3,3.4000000000000004,2,N,32846
1.01,1.3,3.4000000000000004,3,N,32847
1.01,1.3,3.4000000000000004,4,N,32848
1.01,1.3,3.4000000000000004,5,N,32849
1.01,1.3,3.7,1,N,32850
1.01,1.3,3.7,2,N,32851
1.01,1.3,3.7,3,N,32852
1.01,1.3,3.7,4,N,32853
1.01,1.3,3.7,5,N,32854
1.01,1.3,4.0,1,N,32855
1.01,1.3,4.0,2,N,32856
1.01,1.3,4.0,3,N,32857
1.01,1.3,4.0,4,N,32858
1.01,1.3,4.0,5,N,32859
1.01,1.3,4.300000000000002,1,N,32860
1.01,1.3,4.300000000000002,2,N,32861
1.01,1.3,4.300000000000002,3,N,32862
1.01,1.3,4.300000000000002,4,N,32863
1.01,1.3,4.300000000000002,5,N,32864
1.01,1.3,4.6000000000000005,1,N,32865
1.01,1.3,4.6000000000000005,2,N,32866
1.01,1.3,4.6000000000000005,3,N,32867
1.01,1.3,4.6000000000000005,4,N,32868
1.01,1.3,4.6000000000000005,5,N,32869
1.01,1.3,4.9,1,N,32870
1.01,1.3,4.9,2,N,32871
1.01,1.3,4.9,3,N,32872
1.01,1.3,4.9,4,N,32873
1.01,1.3,4.9,5,N,32874
1.01,1.6,0.01,1,N,32875
1.01,1.6,0.01,2,N,32876
1.01,1.6,0.01,3,N,32877
1.01,1.6,0.01,4,N,32878
1.01,1.6,0.01,5,N,32879
1.01,1.6,0.11,1,N,32880
1.01,1.6,0.11,2,N,32881
1.01,1.6,0.11,3,N,32882
1.01,1.6,0.11,4,N,32883
1.01,1.6,0.11,5,N,32884
1.01,1.6,0.21,1,N,32885
1.01,1.6,0.21,2,N,32886
1.01,1.6,0.21,3,N,32887
1.01,1.6,0.21,4,N,32888
1.01,1.6,0.21,5,N,32889
1.01,1.6,0.31000000000000005,1,N,32890
1.01,1.6,0.31000000000000005,2,N,32891
1.01,1.6,0.31000000000000005,3,N,32892
1.01,1.6,0.31000000000000005,4,N,32893
1.01,1.6,0.31000000000000005,5,N,32894
1.01,1.6,0.41,1,N,32895
1.01,1.6,0.41,2,N,32896
1.01,1.6,0.41,3,N,32897
1.01,1.6,0.41,4,N,32898
1.01,1.6,0.41,5,N,32899
1.01,1.6,0.51,1,N,32900
1.01,1.6,0.51,2,N,32901
1.01,1.6,0.51,3,N,32902
1.01,1.6,0.51,4,N,32903
1.01,1.6,0.51,5,N,32904
1.01,1.6,0.6100000000000001,1,N,32905
1.01,1.6,0.6100000000000001,2,N,32906
1.01,1.6,0.6100000000000001,3,N,32907
1.01,1.6,0.6100000000000001,4,N,32908
1.01,1.6,0.6100000000000001,5,N,32909
1.01,1.6,0.7100000000000001,1,N,32910
1.01,1.6,0.7100000000000001,2,N,32911
1.01,1.6,0.7100000000000001,3,N,32912
1.01,1.6,0.7100000000000001,4,N,32913
1.01,1.6,0.7100000000000001,5,N,32914
1.01,1.6,0.81,1,N,32915
1.01,1.6,0.81,2,N,32916
1.01,1.6,0.81,3,N,32917
1.01,1.6,0.81,4,N,32918
1.01,1.6,0.81,5,N,32919
1.01,1.6,0.91,1,N,32920
1.01,1.6,0.91,2,N,32921
1.01,1.6,0.91,3,N,32922
1.01,1.6,0.91,4,N,32923
1.01,1.6,0.91,5,N,32924
1.01,1.6,1.01,1,N,32925
1.01,1.6,1.01,2,N,32926
1.01,1.6,1.01,3,N,32927
1.01,1.6,1.01,4,N,32928
1.01,1.6,1.01,5,N,32929
1.01,1.6,1.11,1,N,32930
1.01,1.6,1.11,2,N,32931
1.01,1.6,1.11,3,N,32932
1.01,1.6,1.11,4,N,32933
1.01,1.6,1.11,5,N,32934
1.01,1.6,1.3,1,N,32935
1.01,1.6,1.3,2,N,32936
1.01,1.6,1.3,3,N,32937
1.01,1.6,1.3,4,N,32938
1.01,1.6,1.3,5,N,32939
1.01,1.6,1.6,1,N,32940
1.01,1.6,1.6,2,N,32941
1.01,1.6,1.6,3,N,32942
1.01,1.6,1.6,4,N,32943
1.01,1.6,1.6,5,N,32944
1.01,1.6,1.9,1,N,32945
1.01,1.6,1.9,2,N,32946
1.01,1.6,1.9,3,N,32947
1.01,1.6,1.9,4,N,32948
1.01,1.6,1.9,5,N,32949
1.01,1.6,2.2,1,N,32950
1.01,1.6,2.2,2,N,32951
1.01,1.6,2.2,3,N,32952
1.01,1.6,2.2,4,N,32953
1.01,1.6,2.2,5,N,32954
1.01,1.6,2.5,1,N,32955
1.01,1.6,2.5,2,N,32956
1.01,1.6,2.5,3,N,32957
1.01,1.6,2.5,4,N,32958
1.01,1.6,2.5,5,N,32959
1.01,1.6,2.8000000000000003,1,N,32960
1.01,1.6,2.8000000000000003,2,N,32961
1.01,1.6,2.8000000000000003,3,N,32962
1.01,1.6,2.8000000000000003,4,N,32963
1.01,1.6,2.8000000000000003,5,N,32964
1.01,1.6,3.1000000000000005,1,N,32965
1.01,1.6,3.1000000000000005,2,N,32966
1.01,1.6,3.1000000000000005,3,N,32967
1.01,1.6,3.1000000000000005,4,N,32968
1.01,1.6,3.1000000000000005,5,N,32969
1.01,1.6,3.4000000000000004,1,N,32970
1.01,1.6,3.4000000000000004,2,N,32971
1.01,1.6,3.4000000000000004,3,N,32972
1.01,1.6,3.4000000000000004,4,N,32973
1.01,1.6,3.4000000000000004,5,N,32974
1.01,1.6,3.7,1,N,32975
1.01,1.6,3.7,2,N,32976
1.01,1.6,3.7,3,N,32977
1.01,1.6,3.7,4,N,32978
1.01,1.6,3.7,5,N,32979
1.01,1.6,4.0,1,N,32980
1.01,1.6,4.0,2,N,32981
1.01,1.6,4.0,3,N,32982
1.01,1.6,4.0,4,N,32983
1.01,1.6,4.0,5,N,32984
1.01,1.6,4.300000000000002,1,N,32985
1.01,1.6,4.300000000000002,2,N,32986
1.01,1.6,4.300000000000002,3,N,32987
1.01,1.6,4.300000000000002,4,N,32988
1.01,1.6,4.300000000000002,5,N,32989
1.01,1.6,4.6000000000000005,1,N,32990
1.01,1.6,4.6000000000000005,2,N,32991
1.01,1.6,4.6000000000000005,3,N,32992
1.01,1.6,4.6000000000000005,4,N,32993
1.01,1.6,4.6000000000000005,5,N,32994
1.01,1.6,4.9,1,N,32995
1.01,1.6,4.9,2,N,32996
1.01,1.6,4.9,3,N,32997
1.01,1.6,4.9,4,N,32998
1.01,1.6,4.9,5,N,32999
1.01,1.9,0.01,1,N,33000
1.01,1.9,0.01,2,N,33001
1.01,1.9,0.01,3,N,33002
1.01,1.9,0.01,4,N,33003
1.01,1.9,0.01,5,N,33004
1.01,1.9,0.11,1,N,33005
1.01,1.9,0.11,2,N,33006
1.01,1.9,0.11,3,N,33007
1.01,1.9,0.11,4,N,33008
1.01,1.9,0.11,5,N,33009
1.01,1.9,0.21,1,N,33010
1.01,1.9,0.21,2,N,33011
1.01,1.9,0.21,3,N,33012
1.01,1.9,0.21,4,N,33013
1.01,1.9,0.21,5,N,33014
1.01,1.9,0.31000000000000005,1,N,33015
1.01,1.9,0.31000000000000005,2,N,33016
1.01,1.9,0.31000000000000005,3,N,33017
1.01,1.9,0.31000000000000005,4,N,33018
1.01,1.9,0.31000000000000005,5,N,33019
1.01,1.9,0.41,1,N,33020
1.01,1.9,0.41,2,N,33021
1.01,1.9,0.41,3,N,33022
1.01,1.9,0.41,4,N,33023
1.01,1.9,0.41,5,N,33024
1.01,1.9,0.51,1,N,33025
1.01,1.9,0.51,2,N,33026
1.01,1.9,0.51,3,N,33027
1.01,1.9,0.51,4,N,33028
1.01,1.9,0.51,5,N,33029
1.01,1.9,0.6100000000000001,1,N,33030
1.01,1.9,0.6100000000000001,2,N,33031
1.01,1.9,0.6100000000000001,3,N,33032
1.01,1.9,0.6100000000000001,4,N,33033
1.01,1.9,0.6100000000000001,5,N,33034
1.01,1.9,0.7100000000000001,1,N,33035
1.01,1.9,0.7100000000000001,2,N,33036
1.01,1.9,0.7100000000000001,3,N,33037
1.01,1.9,0.7100000000000001,4,N,33038
1.01,1.9,0.7100000000000001,5,N,33039
1.01,1.9,0.81,1,N,33040
1.01,1.9,0.81,2,N,33041
1.01,1.9,0.81,3,N,33042
1.01,1.9,0.81,4,N,33043
1.01,1.9,0.81,5,N,33044
1.01,1.9,0.91,1,N,33045
1.01,1.9,0.91,2,N,33046
1.01,1.9,0.91,3,N,33047
1.01,1.9,0.91,4,N,33048
1.01,1.9,0.91,5,N,33049
1.01,1.9,1.01,1,N,33050
1.01,1.9,1.01,2,N,33051
1.01,1.9,1.01,3,N,33052
1.01,1.9,1.01,4,N,33053
1.01,1.9,1.01,5,N,33054
1.01,1.9,1.11,1,N,33055
1.01,1.9,1.11,2,N,33056
1.01,1.9,1.11,3,N,33057
1.01,1.9,1.11,4,N,33058
1.01,1.9,1.11,5,N,33059
1.01,1.9,1.3,1,N,33060
1.01,1.9,1.3,2,N,33061
1.01,1.9,1.3,3,N,33062
1.01,1.9,1.3,4,N,33063
1.01,1.9,1.3,5,N,33064
1.01,1.9,1.6,1,N,33065
1.01,1.9,1.6,2,N,33066
1.01,1.9,1.6,3,N,33067
1.01,1.9,1.6,4,N,33068
1.01,1.9,1.6,5,N,33069
1.01,1.9,1.9,1,N,33070
1.01,1.9,1.9,2,N,33071
1.01,1.9,1.9,3,N,33072
1.01,1.9,1.9,4,N,33073
1.01,1.9,1.9,5,N,33074
1.01,1.9,2.2,1,N,33075
1.01,1.9,2.2,2,N,33076
1.01,1.9,2.2,3,N,33077
1.01,1.9,2.2,4,N,33078
1.01,1.9,2.2,5,N,33079
1.01,1.9,2.5,1,N,33080
1.01,1.9,2.5,2,N,33081
1.01,1.9,2.5,3,N,33082
1.01,1.9,2.5,4,N,33083
1.01,1.9,2.5,5,N,33084
1.01,1.9,2.8000000000000003,1,N,33085
1.01,1.9,2.8000000000000003,2,N,33086
1.01,1.9,2.8000000000000003,3,N,33087
1.01,1.9,2.8000000000000003,4,N,33088
1.01,1.9,2.8000000000000003,5,N,33089
1.01,1.9,3.1000000000000005,1,N,33090
1.01,1.9,3.1000000000000005,2,N,33091
1.01,1.9,3.1000000000000005,3,N,33092
1.01,1.9,3.1000000000000005,4,N,33093
1.01,1.9,3.1000000000000005,5,N,33094
1.01,1.9,3.4000000000000004,1,N,33095
1.01,1.9,3.4000000000000004,2,N,33096
1.01,1.9,3.4000000000000004,3,N,33097
1.01,1.9,3.4000000000000004,4,N,33098
1.01,1.9,3.4000000000000004,5,N,33099
1.01,1.9,3.7,1,N,33100
1.01,1.9,3.7,2,N,33101
1.01,1.9,3.7,3,N,33102
1.01,1.9,3.7,4,N,33103
1.01,1.9,3.7,5,N,33104
1.01,1.9,4.0,1,N,33105
1.01,1.9,4.0,2,N,33106
1.01,1.9,4.0,3,N,33107
1.01,1.9,4.0,4,N,33108
1.01,1.9,4.0,5,N,33109
1.01,1.9,4.300000000000002,1,N,33110
1.01,1.9,4.300000000000002,2,N,33111
1.01,1.9,4.300000000000002,3,N,33112
1.01,1.9,4.300000000000002,4,N,33113
1.01,1.9,4.300000000000002,5,N,33114
1.01,1.9,4.6000000000000005,1,N,33115
1.01,1.9,4.6000000000000005,2,N,33116
1.01,1.9,4.6000000000000005,3,N,33117
1.01,1.9,4.6000000000000005,4,N,33118
1.01,1.9,4.6000000000000005,5,N,33119
1.01,1.9,4.9,1,N,33120
1.01,1.9,4.9,2,N,33121
1.01,1.9,4.9,3,N,33122
1.01,1.9,4.9,4,N,33123
1.01,1.9,4.9,5,N,33124
1.01,2.2,0.01,1,N,33125
1.01,2.2,0.01,2,N,33126
1.01,2.2,0.01,3,N,33127
1.01,2.2,0.01,4,N,33128
1.01,2.2,0.01,5,N,33129
1.01,2.2,0.11,1,N,33130
1.01,2.2,0.11,2,N,33131
1.01,2.2,0.11,3,N,33132
1.01,2.2,0.11,4,N,33133
1.01,2.2,0.11,5,N,33134
1.01,2.2,0.21,1,N,33135
1.01,2.2,0.21,2,N,33136
1.01,2.2,0.21,3,N,33137
1.01,2.2,0.21,4,N,33138
1.01,2.2,0.21,5,N,33139
1.01,2.2,0.31000000000000005,1,N,33140
1.01,2.2,0.31000000000000005,2,N,33141
1.01,2.2,0.31000000000000005,3,N,33142
1.01,2.2,0.31000000000000005,4,N,33143
1.01,2.2,0.31000000000000005,5,N,33144
1.01,2.2,0.41,1,N,33145
1.01,2.2,0.41,2,N,33146
1.01,2.2,0.41,3,N,33147
1.01,2.2,0.41,4,N,33148
1.01,2.2,0.41,5,N,33149
1.01,2.2,0.51,1,N,33150
1.01,2.2,0.51,2,N,33151
1.01,2.2,0.51,3,N,33152
1.01,2.2,0.51,4,N,33153
1.01,2.2,0.51,5,N,33154
1.01,2.2,0.6100000000000001,1,N,33155
1.01,2.2,0.6100000000000001,2,N,33156
1.01,2.2,0.6100000000000001,3,N,33157
1.01,2.2,0.6100000000000001,4,N,33158
1.01,2.2,0.6100000000000001,5,N,33159
1.01,2.2,0.7100000000000001,1,N,33160
1.01,2.2,0.7100000000000001,2,N,33161
1.01,2.2,0.7100000000000001,3,N,33162
1.01,2.2,0.7100000000000001,4,N,33163
1.01,2.2,0.7100000000000001,5,N,33164
1.01,2.2,0.81,1,N,33165
1.01,2.2,0.81,2,N,33166
1.01,2.2,0.81,3,N,33167
1.01,2.2,0.81,4,N,33168
1.01,2.2,0.81,5,N,33169
1.01,2.2,0.91,1,N,33170
1.01,2.2,0.91,2,N,33171
1.01,2.2,0.91,3,N,33172
1.01,2.2,0.91,4,N,33173
1.01,2.2,0.91,5,N,33174
1.01,2.2,1.01,1,N,33175
1.01,2.2,1.01,2,N,33176
1.01,2.2,1.01,3,N,33177
1.01,2.2,1.01,4,N,33178
1.01,2.2,1.01,5,N,33179
1.01,2.2,1.11,1,N,33180
1.01,2.2,1.11,2,N,33181
1.01,2.2,1.11,3,N,33182
1.01,2.2,1.11,4,N,33183
1.01,2.2,1.11,5,N,33184
1.01,2.2,1.3,1,N,33185
1.01,2.2,1.3,2,N,33186
1.01,2.2,1.3,3,N,33187
1.01,2.2,1.3,4,N,33188
1.01,2.2,1.3,5,N,33189
1.01,2.2,1.6,1,N,33190
1.01,2.2,1.6,2,N,33191
1.01,2.2,1.6,3,N,33192
1.01,2.2,1.6,4,N,33193
1.01,2.2,1.6,5,N,33194
1.01,2.2,1.9,1,N,33195
1.01,2.2,1.9,2,N,33196
1.01,2.2,1.9,3,N,33197
1.01,2.2,1.9,4,N,33198
1.01,2.2,1.9,5,N,33199
1.01,2.2,2.2,1,N,33200
1.01,2.2,2.2,2,N,33201
1.01,2.2,2.2,3,N,33202
1.01,2.2,2.2,4,N,33203
1.01,2.2,2.2,5,N,33204
1.01,2.2,2.5,1,N,33205
1.01,2.2,2.5,2,N,33206
1.01,2.2,2.5,3,N,33207
1.01,2.2,2.5,4,N,33208
1.01,2.2,2.5,5,N,33209
1.01,2.2,2.8000000000000003,1,N,33210
1.01,2.2,2.8000000000000003,2,N,33211
1.01,2.2,2.8000000000000003,3,N,33212
1.01,2.2,2.8000000000000003,4,N,33213
1.01,2.2,2.8000000000000003,5,N,33214
1.01,2.2,3.1000000000000005,1,N,33215
1.01,2.2,3.1000000000000005,2,N,33216
1.01,2.2,3.1000000000000005,3,N,33217
1.01,2.2,3.1000000000000005,4,N,33218
1.01,2.2,3.1000000000000005,5,N,33219
1.01,2.2,3.4000000000000004,1,N,33220
1.01,2.2,3.4000000000000004,2,N,33221
1.01,2.2,3.4000000000000004,3,N,33222
1.01,2.2,3.4000000000000004,4,N,33223
1.01,2.2,3.4000000000000004,5,N,33224
1.01,2.2,3.7,1,N,33225
1.01,2.2,3.7,2,N,33226
1.01,2.2,3.7,3,N,33227
1.01,2.2,3.7,4,N,33228
1.01,2.2,3.7,5,N,33229
1.01,2.2,4.0,1,N,33230
1.01,2.2,4.0,2,N,33231
1.01,2.2,4.0,3,N,33232
1.01,2.2,4.0,4,N,33233
1.01,2.2,4.0,5,N,33234
1.01,2.2,4.300000000000002,1,N,33235
1.01,2.2,4.300000000000002,2,N,33236
1.01,2.2,4.300000000000002,3,N,33237
1.01,2.2,4.300000000000002,4,N,33238
1.01,2.2,4.300000000000002,5,N,33239
1.01,2.2,4.6000000000000005,1,N,33240
1.01,2.2,4.6000000000000005,2,N,33241
1.01,2.2,4.6000000000000005,3,N,33242
1.01,2.2,4.6000000000000005,4,N,33243
1.01,2.2,4.6000000000000005,5,N,33244
1.01,2.2,4.9,1,N,33245
1.01,2.2,4.9,2,N,33246
1.01,2.2,4.9,3,N,33247
1.01,2.2,4.9,4,N,33248
1.01,2.2,4.9,5,N,33249
1.01,2.5,0.01,1,N,33250
1.01,2.5,0.01,2,N,33251
1.01,2.5,0.01,3,N,33252
1.01,2.5,0.01,4,N,33253
1.01,2.5,0.01,5,N,33254
1.01,2.5,0.11,1,N,33255
1.01,2.5,0.11,2,N,33256
1.01,2.5,0.11,3,N,33257
1.01,2.5,0.11,4,N,33258
1.01,2.5,0.11,5,N,33259
1.01,2.5,0.21,1,N,33260
1.01,2.5,0.21,2,N,33261
1.01,2.5,0.21,3,N,33262
1.01,2.5,0.21,4,N,33263
1.01,2.5,0.21,5,N,33264
1.01,2.5,0.31000000000000005,1,N,33265
1.01,2.5,0.31000000000000005,2,N,33266
1.01,2.5,0.31000000000000005,3,N,33267
1.01,2.5,0.31000000000000005,4,N,33268
1.01,2.5,0.31000000000000005,5,N,33269
1.01,2.5,0.41,1,N,33270
1.01,2.5,0.41,2,N,33271
1.01,2.5,0.41,3,N,33272
1.01,2.5,0.41,4,N,33273
1.01,2.5,0.41,5,N,33274
1.01,2.5,0.51,1,N,33275
1.01,2.5,0.51,2,N,33276
1.01,2.5,0.51,3,N,33277
1.01,2.5,0.51,4,N,33278
1.01,2.5,0.51,5,N,33279
1.01,2.5,0.6100000000000001,1,N,33280
1.01,2.5,0.6100000000000001,2,N,33281
1.01,2.5,0.6100000000000001,3,N,33282
1.01,2.5,0.6100000000000001,4,N,33283
1.01,2.5,0.6100000000000001,5,N,33284
1.01,2.5,0.7100000000000001,1,N,33285
1.01,2.5,0.7100000000000001,2,N,33286
1.01,2.5,0.7100000000000001,3,N,33287
1.01,2.5,0.7100000000000001,4,N,33288
1.01,2.5,0.7100000000000001,5,N,33289
1.01,2.5,0.81,1,N,33290
1.01,2.5,0.81,2,N,33291
1.01,2.5,0.81,3,N,33292
1.01,2.5,0.81,4,N,33293
1.01,2.5,0.81,5,N,33294
1.01,2.5,0.91,1,N,33295
1.01,2.5,0.91,2,N,33296
1.01,2.5,0.91,3,N,33297
1.01,2.5,0.91,4,N,33298
1.01,2.5,0.91,5,N,33299
1.01,2.5,1.01,1,N,33300
1.01,2.5,1.01,2,N,33301
1.01,2.5,1.01,3,N,33302
1.01,2.5,1.01,4,N,33303
1.01,2.5,1.01,5,N,33304
1.01,2.5,1.11,1,N,33305
1.01,2.5,1.11,2,N,33306
1.01,2.5,1.11,3,N,33307
1.01,2.5,1.11,4,N,33308
1.01,2.5,1.11,5,N,33309
1.01,2.5,1.3,1,N,33310
1.01,2.5,1.3,2,N,33311
1.01,2.5,1.3,3,N,33312
1.01,2.5,1.3,4,N,33313
1.01,2.5,1.3,5,N,33314
1.01,2.5,1.6,1,N,33315
1.01,2.5,1.6,2,N,33316
1.01,2.5,1.6,3,N,33317
1.01,2.5,1.6,4,N,33318
1.01,2.5,1.6,5,N,33319
1.01,2.5,1.9,1,N,33320
1.01,2.5,1.9,2,N,33321
1.01,2.5,1.9,3,N,33322
1.01,2.5,1.9,4,N,33323
1.01,2.5,1.9,5,N,33324
1.01,2.5,2.2,1,N,33325
1.01,2.5,2.2,2,N,33326
1.01,2.5,2.2,3,N,33327
1.01,2.5,2.2,4,N,33328
1.01,2.5,2.2,5,N,33329
1.01,2.5,2.5,1,N,33330
1.01,2.5,2.5,2,N,33331
1.01,2.5,2.5,3,N,33332
1.01,2.5,2.5,4,N,33333
1.01,2.5,2.5,5,N,33334
1.01,2.5,2.8000000000000003,1,N,33335
1.01,2.5,2.8000000000000003,2,N,33336
1.01,2.5,2.8000000000000003,3,N,33337
1.01,2.5,2.8000000000000003,4,N,33338
1.01,2.5,2.8000000000000003,5,N,33339
1.01,2.5,3.1000000000000005,1,N,33340
1.01,2.5,3.1000000000000005,2,N,33341
1.01,2.5,3.1000000000000005,3,N,33342
1.01,2.5,3.1000000000000005,4,N,33343
1.01,2.5,3.1000000000000005,5,N,33344
1.01,2.5,3.4000000000000004,1,N,33345
1.01,2.5,3.4000000000000004,2,N,33346
1.01,2.5,3.4000000000000004,3,N,33347
1.01,2.5,3.4000000000000004,4,N,33348
1.01,2.5,3.4000000000000004,5,N,33349
1.01,2.5,3.7,1,N,33350
1.01,2.5,3.7,2,N,33351
1.01,2.5,3.7,3,N,33352
1.01,2.5,3.7,4,N,33353
1.01,2.5,3.7,5,N,33354
1.01,2.5,4.0,1,N,33355
1.01,2.5,4.0,2,N,33356
1.01,2.5,4.0,3,N,33357
1.01,2.5,4.0,4,N,33358
1.01,2.5,4.0,5,N,33359
1.01,2.5,4.300000000000002,1,N,33360
1.01,2.5,4.300000000000002,2,N,33361
1.01,2.5,4.300000000000002,3,N,33362
1.01,2.5,4.300000000000002,4,N,33363
1.01,2.5,4.300000000000002,5,N,33364
1.01,2.5,4.6000000000000005,1,N,33365
1.01,2.5,4.6000000000000005,2,N,33366
1.01,2.5,4.6000000000000005,3,N,33367
1.01,2.5,4.6000000000000005,4,N,33368
1.01,2.5,4.6000000000000005,5,N,33369
1.01,2.5,4.9,1,N,33370
1.01,2.5,4.9,2,N,33371
1.01,2.5,4.9,3,N,33372
1.01,2.5,4.9,4,N,33373
1.01,2.5,4.9,5,N,33374
1.01,2.8000000000000003,0.01,1,N,33375
1.01,2.8000000000000003,0.01,2,N,33376
1.01,2.8000000000000003,0.01,3,N,33377
1.01,2.8000000000000003,0.01,4,N,33378
1.01,2.8000000000000003,0.01,5,N,33379
1.01,2.8000000000000003,0.11,1,N,33380
1.01,2.8000000000000003,0.11,2,N,33381
1.01,2.8000000000000003,0.11,3,N,33382
1.01,2.8000000000000003,0.11,4,N,33383
1.01,2.8000000000000003,0.11,5,N,33384
1.01,2.8000000000000003,0.21,1,N,33385
1.01,2.8000000000000003,0.21,2,N,33386
1.01,2.8000000000000003,0.21,3,N,33387
1.01,2.8000000000000003,0.21,4,N,33388
1.01,2.8000000000000003,0.21,5,N,33389
1.01,2.8000000000000003,0.31000000000000005,1,N,33390
1.01,2.8000000000000003,0.31000000000000005,2,N,33391
1.01,2.8000000000000003,0.31000000000000005,3,N,33392
1.01,2.8000000000000003,0.31000000000000005,4,N,33393
1.01,2.8000000000000003,0.31000000000000005,5,N,33394
1.01,2.8000000000000003,0.41,1,N,33395
1.01,2.8000000000000003,0.41,2,N,33396
1.01,2.8000000000000003,0.41,3,N,33397
1.01,2.8000000000000003,0.41,4,N,33398
1.01,2.8000000000000003,0.41,5,N,33399
1.01,2.8000000000000003,0.51,1,N,33400
1.01,2.8000000000000003,0.51,2,N,33401
1.01,2.8000000000000003,0.51,3,N,33402
1.01,2.8000000000000003,0.51,4,N,33403
1.01,2.8000000000000003,0.51,5,N,33404
1.01,2.8000000000000003,0.6100000000000001,1,N,33405
1.01,2.8000000000000003,0.6100000000000001,2,N,33406
1.01,2.8000000000000003,0.6100000000000001,3,N,33407
1.01,2.8000000000000003,0.6100000000000001,4,N,33408
1.01,2.8000000000000003,0.6100000000000001,5,N,33409
1.01,2.8000000000000003,0.7100000000000001,1,N,33410
1.01,2.8000000000000003,0.7100000000000001,2,N,33411
1.01,2.8000000000000003,0.7100000000000001,3,N,33412
1.01,2.8000000000000003,0.7100000000000001,4,N,33413
1.01,2.8000000000000003,0.7100000000000001,5,N,33414
1.01,2.8000000000000003,0.81,1,N,33415
1.01,2.8000000000000003,0.81,2,N,33416
1.01,2.8000000000000003,0.81,3,N,33417
1.01,2.8000000000000003,0.81,4,N,33418
1.01,2.8000000000000003,0.81,5,N,33419
1.01,2.8000000000000003,0.91,1,N,33420
1.01,2.8000000000000003,0.91,2,N,33421
1.01,2.8000000000000003,0.91,3,N,33422
1.01,2.8000000000000003,0.91,4,N,33423
1.01,2.8000000000000003,0.91,5,N,33424
1.01,2.8000000000000003,1.01,1,N,33425
1.01,2.8000000000000003,1.01,2,N,33426
1.01,2.8000000000000003,1.01,3,N,33427
1.01,2.8000000000000003,1.01,4,N,33428
1.01,2.8000000000000003,1.01,5,N,33429
1.01,2.8000000000000003,1.11,1,N,33430
1.01,2.8000000000000003,1.11,2,N,33431
1.01,2.8000000000000003,1.11,3,N,33432
1.01,2.8000000000000003,1.11,4,N,33433
1.01,2.8000000000000003,1.11,5,N,33434
1.01,2.8000000000000003,1.3,1,N,33435
1.01,2.8000000000000003,1.3,2,N,33436
1.01,2.8000000000000003,1.3,3,N,33437
1.01,2.8000000000000003,1.3,4,N,33438
1.01,2.8000000000000003,1.3,5,N,33439
1.01,2.8000000000000003,1.6,1,N,33440
1.01,2.8000000000000003,1.6,2,N,33441
1.01,2.8000000000000003,1.6,3,N,33442
1.01,2.8000000000000003,1.6,4,N,33443
1.01,2.8000000000000003,1.6,5,N,33444
1.01,2.8000000000000003,1.9,1,N,33445
1.01,2.8000000000000003,1.9,2,N,33446
1.01,2.8000000000000003,1.9,3,N,33447
1.01,2.8000000000000003,1.9,4,N,33448
1.01,2.8000000000000003,1.9,5,N,33449
1.01,2.8000000000000003,2.2,1,N,33450
1.01,2.8000000000000003,2.2,2,N,33451
1.01,2.8000000000000003,2.2,3,N,33452
1.01,2.8000000000000003,2.2,4,N,33453
1.01,2.8000000000000003,2.2,5,N,33454
1.01,2.8000000000000003,2.5,1,N,33455
1.01,2.8000000000000003,2.5,2,N,33456
1.01,2.8000000000000003,2.5,3,N,33457
1.01,2.8000000000000003,2.5,4,N,33458
1.01,2.8000000000000003,2.5,5,N,33459
1.01,2.8000000000000003,2.8000000000000003,1,N,33460
1.01,2.8000000000000003,2.8000000000000003,2,N,33461
1.01,2.8000000000000003,2.8000000000000003,3,N,33462
1.01,2.8000000000000003,2.8000000000000003,4,N,33463
1.01,2.8000000000000003,2.8000000000000003,5,N,33464
1.01,2.8000000000000003,3.1000000000000005,1,N,33465
1.01,2.8000000000000003,3.1000000000000005,2,N,33466
1.01,2.8000000000000003,3.1000000000000005,3,N,33467
1.01,2.8000000000000003,3.1000000000000005,4,N,33468
1.01,2.8000000000000003,3.1000000000000005,5,N,33469
1.01,2.8000000000000003,3.4000000000000004,1,N,33470
1.01,2.8000000000000003,3.4000000000000004,2,N,33471
1.01,2.8000000000000003,3.4000000000000004,3,N,33472
1.01,2.8000000000000003,3.4000000000000004,4,N,33473
1.01,2.8000000000000003,3.4000000000000004,5,N,33474
1.01,2.8000000000000003,3.7,1,N,33475
1.01,2.8000000000000003,3.7,2,N,33476
1.01,2.8000000000000003,3.7,3,N,33477
1.01,2.8000000000000003,3.7,4,N,33478
1.01,2.8000000000000003,3.7,5,N,33479
1.01,2.8000000000000003,4.0,1,N,33480
1.01,2.8000000000000003,4.0,2,N,33481
1.01,2.8000000000000003,4.0,3,N,33482
1.01,2.8000000000000003,4.0,4,N,33483
1.01,2.8000000000000003,4.0,5,N,33484
1.01,2.8000000000000003,4.300000000000002,1,N,33485
1.01,2.8000000000000003,4.300000000000002,2,N,33486
1.01,2.8000000000000003,4.300000000000002,3,N,33487
1.01,2.8000000000000003,4.300000000000002,4,N,33488
1.01,2.8000000000000003,4.300000000000002,5,N,33489
1.01,2.8000000000000003,4.6000000000000005,1,N,33490
1.01,2.8000000000000003,4.6000000000000005,2,N,33491
1.01,2.8000000000000003,4.6000000000000005,3,N,33492
1.01,2.8000000000000003,4.6000000000000005,4,N,33493
1.01,2.8000000000000003,4.6000000000000005,5,N,33494
1.01,2.8000000000000003,4.9,1,N,33495
1.01,2.8000000000000003,4.9,2,N,33496
1.01,2.8000000000000003,4.9,3,N,33497
1.01,2.8000000000000003,4.9,4,N,33498
1.01,2.8000000000000003,4.9,5,N,33499
1.01,3.1000000000000005,0.01,1,N,33500
1.01,3.1000000000000005,0.01,2,N,33501
1.01,3.1000000000000005,0.01,3,N,33502
1.01,3.1000000000000005,0.01,4,N,33503
1.01,3.1000000000000005,0.01,5,N,33504
1.01,3.1000000000000005,0.11,1,N,33505
1.01,3.1000000000000005,0.11,2,N,33506
1.01,3.1000000000000005,0.11,3,N,33507
1.01,3.1000000000000005,0.11,4,N,33508
1.01,3.1000000000000005,0.11,5,N,33509
1.01,3.1000000000000005,0.21,1,N,33510
1.01,3.1000000000000005,0.21,2,N,33511
1.01,3.1000000000000005,0.21,3,N,33512
1.01,3.1000000000000005,0.21,4,N,33513
1.01,3.1000000000000005,0.21,5,N,33514
1.01,3.1000000000000005,0.31000000000000005,1,N,33515
1.01,3.1000000000000005,0.31000000000000005,2,N,33516
1.01,3.1000000000000005,0.31000000000000005,3,N,33517
1.01,3.1000000000000005,0.31000000000000005,4,N,33518
1.01,3.1000000000000005,0.31000000000000005,5,N,33519
1.01,3.1000000000000005,0.41,1,N,33520
1.01,3.1000000000000005,0.41,2,N,33521
1.01,3.1000000000000005,0.41,3,N,33522
1.01,3.1000000000000005,0.41,4,N,33523
1.01,3.1000000000000005,0.41,5,N,33524
1.01,3.1000000000000005,0.51,1,N,33525
1.01,3.1000000000000005,0.51,2,N,33526
1.01,3.1000000000000005,0.51,3,N,33527
1.01,3.1000000000000005,0.51,4,N,33528
1.01,3.1000000000000005,0.51,5,N,33529
1.01,3.1000000000000005,0.6100000000000001,1,N,33530
1.01,3.1000000000000005,0.6100000000000001,2,N,33531
1.01,3.1000000000000005,0.6100000000000001,3,N,33532
1.01,3.1000000000000005,0.6100000000000001,4,N,33533
1.01,3.1000000000000005,0.6100000000000001,5,N,33534
1.01,3.1000000000000005,0.7100000000000001,1,N,33535
1.01,3.1000000000000005,0.7100000000000001,2,N,33536
1.01,3.1000000000000005,0.7100000000000001,3,N,33537
1.01,3.1000000000000005,0.7100000000000001,4,N,33538
1.01,3.1000000000000005,0.7100000000000001,5,N,33539
1.01,3.1000000000000005,0.81,1,N,33540
1.01,3.1000000000000005,0.81,2,N,33541
1.01,3.1000000000000005,0.81,3,N,33542
1.01,3.1000000000000005,0.81,4,N,33543
1.01,3.1000000000000005,0.81,5,N,33544
1.01,3.1000000000000005,0.91,1,N,33545
1.01,3.1000000000000005,0.91,2,N,33546
1.01,3.1000000000000005,0.91,3,N,33547
1.01,3.1000000000000005,0.91,4,N,33548
1.01,3.1000000000000005,0.91,5,N,33549
1.01,3.1000000000000005,1.01,1,N,33550
1.01,3.1000000000000005,1.01,2,N,33551
1.01,3.1000000000000005,1.01,3,N,33552
1.01,3.1000000000000005,1.01,4,N,33553
1.01,3.1000000000000005,1.01,5,N,33554
1.01,3.1000000000000005,1.11,1,N,33555
1.01,3.1000000000000005,1.11,2,N,33556
1.01,3.1000000000000005,1.11,3,N,33557
1.01,3.1000000000000005,1.11,4,Y,33558
1.01,3.1000000000000005,1.11,5,N,33559
1.01,3.1000000000000005,1.3,1,N,33560
1.01,3.1000000000000005,1.3,2,N,33561
1.01,3.1000000000000005,1.3,3,N,33562
1.01,3.1000000000000005,1.3,4,N,33563
1.01,3.1000000000000005,1.3,5,N,33564
1.01,3.1000000000000005,1.6,1,N,33565
1.01,3.1000000000000005,1.6,2,N,33566
1.01,3.1000000000000005,1.6,3,N,33567
1.01,3.1000000000000005,1.6,4,N,33568
1.01,3.1000000000000005,1.6,5,N,33569
1.01,3.1000000000000005,1.9,1,N,33570
1.01,3.1000000000000005,1.9,2,N,33571
1.01,3.1000000000000005,1.9,3,N,33572
1.01,3.1000000000000005,1.9,4,N,33573
1.01,3.1000000000000005,1.9,5,N,33574
1.01,3.1000000000000005,2.2,1,N,33575
1.01,3.1000000000000005,2.2,2,N,33576
1.01,3.1000000000000005,2.2,3,N,33577
1.01,3.1000000000000005,2.2,4,N,33578
1.01,3.1000000000000005,2.2,5,N,33579
1.01,3.1000000000000005,2.5,1,N,33580
1.01,3.1000000000000005,2.5,2,N,33581
1.01,3.1000000000000005,2.5,3,N,33582
1.01,3.1000000000000005,2.5,4,N,33583
1.01,3.1000000000000005,2.5,5,N,33584
1.01,3.1000000000000005,2.8000000000000003,1,N,33585
1.01,3.1000000000000005,2.8000000000000003,2,N,33586
1.01,3.1000000000000005,2.8000000000000003,3,N,33587
1.01,3.1000000000000005,2.8000000000000003,4,N,33588
1.01,3.1000000000000005,2.8000000000000003,5,N,33589
1.01,3.1000000000000005,3.1000000000000005,1,N,33590
1.01,3.1000000000000005,3.1000000000000005,2,N,33591
1.01,3.1000000000000005,3.1000000000000005,3,N,33592
1.01,3.1000000000000005,3.1000000000000005,4,N,33593
1.01,3.1000000000000005,3.1000000000000005,5,N,33594
1.01,3.1000000000000005,3.4000000000000004,1,N,33595
1.01,3.1000000000000005,3.4000000000000004,2,N,33596
1.01,3.1000000000000005,3.4000000000000004,3,N,33597
1.01,3.1000000000000005,3.4000000000000004,4,N,33598
1.01,3.1000000000000005,3.4000000000000004,5,N,33599
1.01,3.1000000000000005,3.7,1,N,33600
1.01,3.1000000000000005,3.7,2,N,33601
1.01,3.1000000000000005,3.7,3,N,33602
1.01,3.1000000000000005,3.7,4,N,33603
1.01,3.1000000000000005,3.7,5,N,33604
1.01,3.1000000000000005,4.0,1,N,33605
1.01,3.1000000000000005,4.0,2,N,33606
1.01,3.1000000000000005,4.0,3,N,33607
1.01,3.1000000000000005,4.0,4,N,33608
1.01,3.1000000000000005,4.0,5,N,33609
1.01,3.1000000000000005,4.300000000000002,1,N,33610
1.01,3.1000000000000005,4.300000000000002,2,N,33611
1.01,3.1000000000000005,4.300000000000002,3,N,33612
1.01,3.1000000000000005,4.300000000000002,4,N,33613
1.01,3.1000000000000005,4.300000000000002,5,N,33614
1.01,3.1000000000000005,4.6000000000000005,1,N,33615
1.01,3.1000000000000005,4.6000000000000005,2,N,33616
1.01,3.1000000000000005,4.6000000000000005,3,N,33617
1.01,3.1000000000000005,4.6000000000000005,4,N,33618
1.01,3.1000000000000005,4.6000000000000005,5,N,33619
1.01,3.1000000000000005,4.9,1,N,33620
1.01,3.1000000000000005,4.9,2,N,33621
1.01,3.1000000000000005,4.9,3,N,33622
1.01,3.1000000000000005,4.9,4,N,33623
1.01,3.1000000000000005,4.9,5,N,33624
1.01,3.4000000000000004,0.01,1,N,33625
1.01,3.4000000000000004,0.01,2,N,33626
1.01,3.4000000000000004,0.01,3,N,33627
1.01,3.4000000000000004,0.01,4,N,33628
1.01,3.4000000000000004,0.01,5,N,33629
1.01,3.4000000000000004,0.11,1,N,33630
1.01,3.4000000000000004,0.11,2,N,33631
1.01,3.4000000000000004,0.11,3,N,33632
1.01,3.4000000000000004,0.11,4,N,33633
1.01,3.4000000000000004,0.11,5,N,33634
1.01,3.4000000000000004,0.21,1,N,33635
1.01,3.4000000000000004,0.21,2,N,33636
1.01,3.4000000000000004,0.21,3,N,33637
1.01,3.4000000000000004,0.21,4,N,33638
1.01,3.4000000000000004,0.21,5,N,33639
1.01,3.4000000000000004,0.31000000000000005,1,N,33640
1.01,3.4000000000000004,0.31000000000000005,2,N,33641
1.01,3.4000000000000004,0.31000000000000005,3,N,33642
1.01,3.4000000000000004,0.31000000000000005,4,N,33643
1.01,3.4000000000000004,0.31000000000000005,5,N,33644
1.01,3.4000000000000004,0.41,1,N,33645
1.01,3.4000000000000004,0.41,2,N,33646
1.01,3.4000000000000004,0.41,3,N,33647
1.01,3.4000000000000004,0.41,4,N,33648
1.01,3.4000000000000004,0.41,5,N,33649
1.01,3.4000000000000004,0.51,1,N,33650
1.01,3.4000000000000004,0.51,2,N,33651
1.01,3.4000000000000004,0.51,3,N,33652
1.01,3.4000000000000004,0.51,4,N,33653
1.01,3.4000000000000004,0.51,5,N,33654
1.01,3.4000000000000004,0.6100000000000001,1,N,33655
1.01,3.4000000000000004,0.6100000000000001,2,N,33656
1.01,3.4000000000000004,0.6100000000000001,3,N,33657
1.01,3.4000000000000004,0.6100000000000001,4,N,33658
1.01,3.4000000000000004,0.6100000000000001,5,N,33659
1.01,3.4000000000000004,0.7100000000000001,1,N,33660
1.01,3.4000000000000004,0.7100000000000001,2,N,33661
1.01,3.4000000000000004,0.7100000000000001,3,N,33662
1.01,3.4000000000000004,0.7100000000000001,4,N,33663
1.01,3.4000000000000004,0.7100000000000001,5,N,33664
1.01,3.4000000000000004,0.81,1,N,33665
1.01,3.4000000000000004,0.81,2,N,33666
1.01,3.4000000000000004,0.81,3,N,33667
1.01,3.4000000000000004,0.81,4,N,33668
1.01,3.4000000000000004,0.81,5,N,33669
1.01,3.4000000000000004,0.91,1,N,33670
1.01,3.4000000000000004,0.91,2,N,33671
1.01,3.4000000000000004,0.91,3,N,33672
1.01,3.4000000000000004,0.91,4,N,33673
1.01,3.4000000000000004,0.91,5,N,33674
1.01,3.4000000000000004,1.01,1,N,33675
1.01,3.4000000000000004,1.01,2,N,33676
1.01,3.4000000000000004,1.01,3,N,33677
1.01,3.4000000000000004,1.01,4,N,33678
1.01,3.4000000000000004,1.01,5,N,33679
1.01,3.4000000000000004,1.11,1,N,33680
1.01,3.4000000000000004,1.11,2,N,33681
1.01,3.4000000000000004,1.11,3,N,33682
1.01,3.4000000000000004,1.11,4,N,33683
1.01,3.4000000000000004,1.11,5,N,33684
1.01,3.4000000000000004,1.3,1,N,33685
1.01,3.4000000000000004,1.3,2,N,33686
1.01,3.4000000000000004,1.3,3,N,33687
1.01,3.4000000000000004,1.3,4,N,33688
1.01,3.4000000000000004,1.3,5,N,33689
1.01,3.4000000000000004,1.6,1,N,33690
1.01,3.4000000000000004,1.6,2,N,33691
1.01,3.4000000000000004,1.6,3,N,33692
1.01,3.4000000000000004,1.6,4,N,33693
1.01,3.4000000000000004,1.6,5,N,33694
1.01,3.4000000000000004,1.9,1,N,33695
1.01,3.4000000000000004,1.9,2,N,33696
1.01,3.4000000000000004,1.9,3,N,33697
1.01,3.4000000000000004,1.9,4,N,33698
1.01,3.4000000000000004,1.9,5,N,33699
1.01,3.4000000000000004,2.2,1,N,33700
1.01,3.4000000000000004,2.2,2,N,33701
1.01,3.4000000000000004,2.2,3,N,33702
1.01,3.4000000000000004,2.2,4,N,33703
1.01,3.4000000000000004,2.2,5,N,33704
1.01,3.4000000000000004,2.5,1,N,33705
1.01,3.4000000000000004,2.5,2,N,33706
1.01,3.4000000000000004,2.5,3,N,33707
1.01,3.4000000000000004,2.5,4,N,33708
1.01,3.4000000000000004,2.5,5,N,33709
1.01,3.4000000000000004,2.8000000000000003,1,N,33710
1.01,3.4000000000000004,2.8000000000000003,2,N,33711
1.01,3.4000000000000004,2.8000000000000003,3,N,33712
1.01,3.4000000000000004,2.8000000000000003,4,N,33713
1.01,3.4000000000000004,2.8000000000000003,5,N,33714
1.01,3.4000000000000004,3.1000000000000005,1,N,33715
1.01,3.4000000000000004,3.1000000000000005,2,N,33716
1.01,3.4000000000000004,3.1000000000000005,3,N,33717
1.01,3.4000000000000004,3.1000000000000005,4,N,33718
1.01,3.4000000000000004,3.1000000000000005,5,N,33719
1.01,3.4000000000000004,3.4000000000000004,1,N,33720
1.01,3.4000000000000004,3.4000000000000004,2,N,33721
1.01,3.4000000000000004,3.4000000000000004,3,N,33722
1.01,3.4000000000000004,3.4000000000000004,4,N,33723
1.01,3.4000000000000004,3.4000000000000004,5,N,33724
1.01,3.4000000000000004,3.7,1,N,33725
1.01,3.4000000000000004,3.7,2,N,33726
1.01,3.4000000000000004,3.7,3,N,33727
1.01,3.4000000000000004,3.7,4,N,33728
1.01,3.4000000000000004,3.7,5,N,33729
1.01,3.4000000000000004,4.0,1,N,33730
1.01,3.4000000000000004,4.0,2,N,33731
1.01,3.4000000000000004,4.0,3,N,33732
1.01,3.4000000000000004,4.0,4,N,33733
1.01,3.4000000000000004,4.0,5,N,33734
1.01,3.4000000000000004,4.300000000000002,1,N,33735
1.01,3.4000000000000004,4.300000000000002,2,N,33736
1.01,3.4000000000000004,4.300000000000002,3,N,33737
1.01,3.4000000000000004,4.300000000000002,4,N,33738
1.01,3.4000000000000004,4.300000000000002,5,N,33739
1.01,3.4000000000000004,4.6000000000000005,1,N,33740
1.01,3.4000000000000004,4.6000000000000005,2,N,33741
1.01,3.4000000000000004,4.6000000000000005,3,N,33742
1.01,3.4000000000000004,4.6000000000000005,4,N,33743
1.01,3.4000000000000004,4.6000000000000005,5,N,33744
1.01,3.4000000000000004,4.9,1,N,33745
1.01,3.4000000000000004,4.9,2,N,33746
1.01,3.4000000000000004,4.9,3,N,33747
1.01,3.4000000000000004,4.9,4,N,33748
1.01,3.4000000000000004,4.9,5,N,33749
1.01,3.7,0.01,1,N,33750
1.01,3.7,0.01,2,N,33751
1.01,3.7,0.01,3,N,33752
1.01,3.7,0.01,4,N,33753
1.01,3.7,0.01,5,N,33754
1.01,3.7,0.11,1,N,33755
1.01,3.7,0.11,2,N,33756
1.01,3.7,0.11,3,N,33757
1.01,3.7,0.11,4,N,33758
1.01,3.7,0.11,5,N,33759
1.01,3.7,0.21,1,N,33760
1.01,3.7,0.21,2,N,33761
1.01,3.7,0.21,3,N,33762
1.01,3.7,0.21,4,N,33763
1.01,3.7,0.21,5,N,33764
1.01,3.7,0.31000000000000005,1,N,33765
1.01,3.7,0.31000000000000005,2,N,33766
1.01,3.7,0.31000000000000005,3,N,33767
1.01,3.7,0.31000000000000005,4,N,33768
1.01,3.7,0.31000000000000005,5,N,33769
1.01,3.7,0.41,1,N,33770
1.01,3.7,0.41,2,N,33771
1.01,3.7,0.41,3,N,33772
1.01,3.7,0.41,4,N,33773
1.01,3.7,0.41,5,N,33774
1.01,3.7,0.51,1,N,33775
1.01,3.7,0.51,2,N,33776
1.01,3.7,0.51,3,N,33777
1.01,3.7,0.51,4,N,33778
1.01,3.7,0.51,5,N,33779
1.01,3.7,0.6100000000000001,1,N,33780
1.01,3.7,0.6100000000000001,2,N,33781
1.01,3.7,0.6100000000000001,3,N,33782
1.01,3.7,0.6100000000000001,4,N,33783
1.01,3.7,0.6100000000000001,5,N,33784
1.01,3.7,0.7100000000000001,1,N,33785
1.01,3.7,0.7100000000000001,2,N,33786
1.01,3.7,0.7100000000000001,3,N,33787
1.01,3.7,0.7100000000000001,4,N,33788
1.01,3.7,0.7100000000000001,5,N,33789
1.01,3.7,0.81,1,N,33790
1.01,3.7,0.81,2,N,33791
1.01,3.7,0.81,3,N,33792
1.01,3.7,0.81,4,N,33793
1.01,3.7,0.81,5,N,33794
1.01,3.7,0.91,1,N,33795
1.01,3.7,0.91,2,N,33796
1.01,3.7,0.91,3,N,33797
1.01,3.7,0.91,4,N,33798
1.01,3.7,0.91,5,N,33799
1.01,3.7,1.01,1,N,33800
1.01,3.7,1.01,2,N,33801
1.01,3.7,1.01,3,N,33802
1.01,3.7,1.01,4,N,33803
1.01,3.7,1.01,5,N,33804
1.01,3.7,1.11,1,N,33805
1.01,3.7,1.11,2,N,33806
1.01,3.7,1.11,3,N,33807
1.01,3.7,1.11,4,N,33808
1.01,3.7,1.11,5,N,33809
1.01,3.7,1.3,1,N,33810
1.01,3.7,1.3,2,N,33811
1.01,3.7,1.3,3,N,33812
1.01,3.7,1.3,4,N,33813
1.01,3.7,1.3,5,N,33814
1.01,3.7,1.6,1,N,33815
1.01,3.7,1.6,2,N,33816
1.01,3.7,1.6,3,N,33817
1.01,3.7,1.6,4,N,33818
1.01,3.7,1.6,5,N,33819
1.01,3.7,1.9,1,N,33820
1.01,3.7,1.9,2,N,33821
1.01,3.7,1.9,3,N,33822
1.01,3.7,1.9,4,N,33823
1.01,3.7,1.9,5,N,33824
1.01,3.7,2.2,1,N,33825
1.01,3.7,2.2,2,N,33826
1.01,3.7,2.2,3,N,33827
1.01,3.7,2.2,4,N,33828
1.01,3.7,2.2,5,N,33829
1.01,3.7,2.5,1,N,33830
1.01,3.7,2.5,2,N,33831
1.01,3.7,2.5,3,N,33832
1.01,3.7,2.5,4,N,33833
1.01,3.7,2.5,5,N,33834
1.01,3.7,2.8000000000000003,1,N,33835
1.01,3.7,2.8000000000000003,2,N,33836
1.01,3.7,2.8000000000000003,3,N,33837
1.01,3.7,2.8000000000000003,4,N,33838
1.01,3.7,2.8000000000000003,5,N,33839
1.01,3.7,3.1000000000000005,1,N,33840
1.01,3.7,3.1000000000000005,2,N,33841
1.01,3.7,3.1000000000000005,3,N,33842
1.01,3.7,3.1000000000000005,4,N,33843
1.01,3.7,3.1000000000000005,5,N,33844
1.01,3.7,3.4000000000000004,1,N,33845
1.01,3.7,3.4000000000000004,2,N,33846
1.01,3.7,3.4000000000000004,3,N,33847
1.01,3.7,3.4000000000000004,4,N,33848
1.01,3.7,3.4000000000000004,5,N,33849
1.01,3.7,3.7,1,N,33850
1.01,3.7,3.7,2,N,33851
1.01,3.7,3.7,3,N,33852
1.01,3.7,3.7,4,N,33853
1.01,3.7,3.7,5,N,33854
1.01,3.7,4.0,1,N,33855
1.01,3.7,4.0,2,N,33856
1.01,3.7,4.0,3,N,33857
1.01,3.7,4.0,4,N,33858
1.01,3.7,4.0,5,N,33859
1.01,3.7,4.300000000000002,1,N,33860
1.01,3.7,4.300000000000002,2,N,33861
1.01,3.7,4.300000000000002,3,N,33862
1.01,3.7,4.300000000000002,4,N,33863
1.01,3.7,4.300000000000002,5,N,33864
1.01,3.7,4.6000000000000005,1,N,33865
1.01,3.7,4.6000000000000005,2,N,33866
1.01,3.7,4.6000000000000005,3,N,33867
1.01,3.7,4.6000000000000005,4,N,33868
1.01,3.7,4.6000000000000005,5,N,33869
1.01,3.7,4.9,1,N,33870
1.01,3.7,4.9,2,N,33871
1.01,3.7,4.9,3,N,33872
1.01,3.7,4.9,4,N,33873
1.01,3.7,4.9,5,N,33874
1.01,4.0,0.01,1,N,33875
1.01,4.0,0.01,2,N,33876
1.01,4.0,0.01,3,N,33877
1.01,4.0,0.01,4,N,33878
1.01,4.0,0.01,5,N,33879
1.01,4.0,0.11,1,N,33880
1.01,4.0,0.11,2,N,33881
1.01,4.0,0.11,3,N,33882
1.01,4.0,0.11,4,N,33883
1.01,4.0,0.11,5,N,33884
1.01,4.0,0.21,1,N,33885
1.01,4.0,0.21,2,N,33886
1.01,4.0,0.21,3,N,33887
1.01,4.0,0.21,4,N,33888
1.01,4.0,0.21,5,N,33889
1.01,4.0,0.31000000000000005,1,N,33890
1.01,4.0,0.31000000000000005,2,N,33891
1.01,4.0,0.31000000000000005,3,N,33892
1.01,4.0,0.31000000000000005,4,N,33893
1.01,4.0,0.31000000000000005,5,N,33894
1.01,4.0,0.41,1,N,33895
1.01,4.0,0.41,2,N,33896
1.01,4.0,0.41,3,N,33897
1.01,4.0,0.41,4,N,33898
1.01,4.0,0.41,5,N,33899
1.01,4.0,0.51,1,N,33900
1.01,4.0,0.51,2,N,33901
1.01,4.0,0.51,3,N,33902
1.01,4.0,0.51,4,N,33903
1.01,4.0,0.51,5,N,33904
1.01,4.0,0.6100000000000001,1,N,33905
1.01,4.0,0.6100000000000001,2,N,33906
1.01,4.0,0.6100000000000001,3,N,33907
1.01,4.0,0.6100000000000001,4,N,33908
1.01,4.0,0.6100000000000001,5,N,33909
1.01,4.0,0.7100000000000001,1,N,33910
1.01,4.0,0.7100000000000001,2,N,33911
1.01,4.0,0.7100000000000001,3,N,33912
1.01,4.0,0.7100000000000001,4,N,33913
1.01,4.0,0.7100000000000001,5,N,33914
1.01,4.0,0.81,1,N,33915
1.01,4.0,0.81,2,N,33916
1.01,4.0,0.81,3,N,33917
1.01,4.0,0.81,4,N,33918
1.01,4.0,0.81,5,N,33919
1.01,4.0,0.91,1,N,33920
1.01,4.0,0.91,2,N,33921
1.01,4.0,0.91,3,N,33922
1.01,4.0,0.91,4,N,33923
1.01,4.0,0.91,5,N,33924
1.01,4.0,1.01,1,N,33925
1.01,4.0,1.01,2,N,33926
1.01,4.0,1.01,3,N,33927
1.01,4.0,1.01,4,N,33928
1.01,4.0,1.01,5,N,33929
1.01,4.0,1.11,1,N,33930
1.01,4.0,1.11,2,N,33931
1.01,4.0,1.11,3,N,33932
1.01,4.0,1.11,4,N,33933
1.01,4.0,1.11,5,N,33934
1.01,4.0,1.3,1,N,33935
1.01,4.0,1.3,2,N,33936
1.01,4.0,1.3,3,N,33937
1.01,4.0,1.3,4,N,33938
1.01,4.0,1.3,5,N,33939
1.01,4.0,1.6,1,N,33940
1.01,4.0,1.6,2,N,33941
1.01,4.0,1.6,3,N,33942
1.01,4.0,1.6,4,N,33943
1.01,4.0,1.6,5,N,33944
1.01,4.0,1.9,1,N,33945
1.01,4.0,1.9,2,N,33946
1.01,4.0,1.9,3,N,33947
1.01,4.0,1.9,4,N,33948
1.01,4.0,1.9,5,N,33949
1.01,4.0,2.2,1,N,33950
1.01,4.0,2.2,2,N,33951
1.01,4.0,2.2,3,N,33952
1.01,4.0,2.2,4,N,33953
1.01,4.0,2.2,5,N,33954
1.01,4.0,2.5,1,N,33955
1.01,4.0,2.5,2,N,33956
1.01,4.0,2.5,3,N,33957
1.01,4.0,2.5,4,N,33958
1.01,4.0,2.5,5,N,33959
1.01,4.0,2.8000000000000003,1,N,33960
1.01,4.0,2.8000000000000003,2,N,33961
1.01,4.0,2.8000000000000003,3,N,33962
1.01,4.0,2.8000000000000003,4,N,33963
1.01,4.0,2.8000000000000003,5,N,33964
1.01,4.0,3.1000000000000005,1,N,33965
1.01,4.0,3.1000000000000005,2,N,33966
1.01,4.0,3.1000000000000005,3,N,33967
1.01,4.0,3.1000000000000005,4,N,33968
1.01,4.0,3.1000000000000005,5,N,33969
1.01,4.0,3.4000000000000004,1,N,33970
1.01,4.0,3.4000000000000004,2,N,33971
1.01,4.0,3.4000000000000004,3,N,33972
1.01,4.0,3.4000000000000004,4,N,33973
1.01,4.0,3.4000000000000004,5,N,33974
1.01,4.0,3.7,1,N,33975
1.01,4.0,3.7,2,N,33976
1.01,4.0,3.7,3,N,33977
1.01,4.0,3.7,4,N,33978
1.01,4.0,3.7,5,N,33979
1.01,4.0,4.0,1,N,33980
1.01,4.0,4.0,2,N,33981
1.01,4.0,4.0,3,N,33982
1.01,4.0,4.0,4,N,33983
1.01,4.0,4.0,5,N,33984
1.01,4.0,4.300000000000002,1,N,33985
1.01,4.0,4.300000000000002,2,N,33986
1.01,4.0,4.300000000000002,3,N,33987
1.01,4.0,4.300000000000002,4,N,33988
1.01,4.0,4.300000000000002,5,N,33989
1.01,4.0,4.6000000000000005,1,N,33990
1.01,4.0,4.6000000000000005,2,N,33991
1.01,4.0,4.6000000000000005,3,N,33992
1.01,4.0,4.6000000000000005,4,N,33993
1.01,4.0,4.6000000000000005,5,N,33994
1.01,4.0,4.9,1,N,33995
1.01,4.0,4.9,2,N,33996
1.01,4.0,4.9,3,N,33997
1.01,4.0,4.9,4,N,33998
1.01,4.0,4.9,5,N,33999
1.01,4.300000000000002,0.01,1,N,34000
1.01,4.300000000000002,0.01,2,N,34001
1.01,4.300000000000002,0.01,3,N,34002
1.01,4.300000000000002,0.01,4,N,34003
1.01,4.300000000000002,0.01,5,N,34004
1.01,4.300000000000002,0.11,1,N,34005
1.01,4.300000000000002,0.11,2,N,34006
1.01,4.300000000000002,0.11,3,N,34007
1.01,4.300000000000002,0.11,4,N,34008
1.01,4.300000000000002,0.11,5,N,34009
1.01,4.300000000000002,0.21,1,N,34010
1.01,4.300000000000002,0.21,2,N,34011
1.01,4.300000000000002,0.21,3,N,34012
1.01,4.300000000000002,0.21,4,N,34013
1.01,4.300000000000002,0.21,5,N,34014
1.01,4.300000000000002,0.31000000000000005,1,N,34015
1.01,4.300000000000002,0.31000000000000005,2,N,34016
1.01,4.300000000000002,0.31000000000000005,3,N,34017
1.01,4.300000000000002,0.31000000000000005,4,N,34018
1.01,4.300000000000002,0.31000000000000005,5,N,34019
1.01,4.300000000000002,0.41,1,N,34020
1.01,4.300000000000002,0.41,2,N,34021
1.01,4.300000000000002,0.41,3,N,34022
1.01,4.300000000000002,0.41,4,N,34023
1.01,4.300000000000002,0.41,5,N,34024
1.01,4.300000000000002,0.51,1,N,34025
1.01,4.300000000000002,0.51,2,N,34026
1.01,4.300000000000002,0.51,3,N,34027
1.01,4.300000000000002,0.51,4,N,34028
1.01,4.300000000000002,0.51,5,N,34029
1.01,4.300000000000002,0.6100000000000001,1,N,34030
1.01,4.300000000000002,0.6100000000000001,2,N,34031
1.01,4.300000000000002,0.6100000000000001,3,N,34032
1.01,4.300000000000002,0.6100000000000001,4,N,34033
1.01,4.300000000000002,0.6100000000000001,5,N,34034
1.01,4.300000000000002,0.7100000000000001,1,N,34035
1.01,4.300000000000002,0.7100000000000001,2,N,34036
1.01,4.300000000000002,0.7100000000000001,3,N,34037
1.01,4.300000000000002,0.7100000000000001,4,N,34038
1.01,4.300000000000002,0.7100000000000001,5,N,34039
1.01,4.300000000000002,0.81,1,N,34040
1.01,4.300000000000002,0.81,2,N,34041
1.01,4.300000000000002,0.81,3,N,34042
1.01,4.300000000000002,0.81,4,N,34043
1.01,4.300000000000002,0.81,5,N,34044
1.01,4.300000000000002,0.91,1,N,34045
1.01,4.300000000000002,0.91,2,N,34046
1.01,4.300000000000002,0.91,3,N,34047
1.01,4.300000000000002,0.91,4,N,34048
1.01,4.300000000000002,0.91,5,N,34049
1.01,4.300000000000002,1.01,1,N,34050
1.01,4.300000000000002,1.01,2,N,34051
1.01,4.300000000000002,1.01,3,N,34052
1.01,4.300000000000002,1.01,4,N,34053
1.01,4.300000000000002,1.01,5,N,34054
1.01,4.300000000000002,1.11,1,N,34055
1.01,4.300000000000002,1.11,2,N,34056
1.01,4.300000000000002,1.11,3,N,34057
1.01,4.300000000000002,1.11,4,N,34058
1.01,4.300000000000002,1.11,5,N,34059
1.01,4.300000000000002,1.3,1,N,34060
1.01,4.300000000000002,1.3,2,N,34061
1.01,4.300000000000002,1.3,3,N,34062
1.01,4.300000000000002,1.3,4,N,34063
1.01,4.300000000000002,1.3,5,N,34064
1.01,4.300000000000002,1.6,1,N,34065
1.01,4.300000000000002,1.6,2,N,34066
1.01,4.300000000000002,1.6,3,N,34067
1.01,4.300000000000002,1.6,4,N,34068
1.01,4.300000000000002,1.6,5,N,34069
1.01,4.300000000000002,1.9,1,N,34070
1.01,4.300000000000002,1.9,2,N,34071
1.01,4.300000000000002,1.9,3,N,34072
1.01,4.300000000000002,1.9,4,N,34073
1.01,4.300000000000002,1.9,5,N,34074
1.01,4.300000000000002,2.2,1,N,34075
1.01,4.300000000000002,2.2,2,N,34076
1.01,4.300000000000002,2.2,3,N,34077
1.01,4.300000000000002,2.2,4,N,34078
1.01,4.300000000000002,2.2,5,N,34079
1.01,4.300000000000002,2.5,1,N,34080
1.01,4.300000000000002,2.5,2,N,34081
1.01,4.300000000000002,2.5,3,N,34082
1.01,4.300000000000002,2.5,4,N,34083
1.01,4.300000000000002,2.5,5,N,34084
1.01,4.300000000000002,2.8000000000000003,1,N,34085
1.01,4.300000000000002,2.8000000000000003,2,N,34086
1.01,4.300000000000002,2.8000000000000003,3,N,34087
1.01,4.300000000000002,2.8000000000000003,4,N,34088
1.01,4.300000000000002,2.8000000000000003,5,N,34089
1.01,4.300000000000002,3.1000000000000005,1,N,34090
1.01,4.300000000000002,3.1000000000000005,2,N,34091
1.01,4.300000000000002,3.1000000000000005,3,N,34092
1.01,4.300000000000002,3.1000000000000005,4,N,34093
1.01,4.300000000000002,3.1000000000000005,5,N,34094
1.01,4.300000000000002,3.4000000000000004,1,N,34095
1.01,4.300000000000002,3.4000000000000004,2,N,34096
1.01,4.300000000000002,3.4000000000000004,3,N,34097
1.01,4.300000000000002,3.4000000000000004,4,N,34098
1.01,4.300000000000002,3.4000000000000004,5,N,34099
1.01,4.300000000000002,3.7,1,N,34100
1.01,4.300000000000002,3.7,2,N,34101
1.01,4.300000000000002,3.7,3,N,34102
1.01,4.300000000000002,3.7,4,N,34103
1.01,4.300000000000002,3.7,5,N,34104
1.01,4.300000000000002,4.0,1,N,34105
1.01,4.300000000000002,4.0,2,N,34106
1.01,4.300000000000002,4.0,3,N,34107
1.01,4.300000000000002,4.0,4,N,34108
1.01,4.300000000000002,4.0,5,N,34109
1.01,4.300000000000002,4.300000000000002,1,N,34110
1.01,4.300000000000002,4.300000000000002,2,N,34111
1.01,4.300000000000002,4.300000000000002,3,N,34112
1.01,4.300000000000002,4.300000000000002,4,N,34113
1.01,4.300000000000002,4.300000000000002,5,N,34114
1.01,4.300000000000002,4.6000000000000005,1,N,34115
1.01,4.300000000000002,4.6000000000000005,2,N,34116
1.01,4.300000000000002,4.6000000000000005,3,N,34117
1.01,4.300000000000002,4.6000000000000005,4,N,34118
1.01,4.300000000000002,4.6000000000000005,5,N,34119
1.01,4.300000000000002,4.9,1,N,34120
1.01,4.300000000000002,4.9,2,N,34121
1.01,4.300000000000002,4.9,3,N,34122
1.01,4.300000000000002,4.9,4,N,34123
1.01,4.300000000000002,4.9,5,N,34124
1.01,4.6000000000000005,0.01,1,N,34125
1.01,4.6000000000000005,0.01,2,N,34126
1.01,4.6000000000000005,0.01,3,N,34127
1.01,4.6000000000000005,0.01,4,N,34128
1.01,4.6000000000000005,0.01,5,N,34129
1.01,4.6000000000000005,0.11,1,N,34130
1.01,4.6000000000000005,0.11,2,N,34131
1.01,4.6000000000000005,0.11,3,N,34132
1.01,4.6000000000000005,0.11,4,N,34133
1.01,4.6000000000000005,0.11,5,N,34134
1.01,4.6000000000000005,0.21,1,N,34135
1.01,4.6000000000000005,0.21,2,N,34136
1.01,4.6000000000000005,0.21,3,N,34137
1.01,4.6000000000000005,0.21,4,N,34138
1.01,4.6000000000000005,0.21,5,N,34139
1.01,4.6000000000000005,0.31000000000000005,1,N,34140
1.01,4.6000000000000005,0.31000000000000005,2,N,34141
1.01,4.6000000000000005,0.31000000000000005,3,N,34142
1.01,4.6000000000000005,0.31000000000000005,4,N,34143
1.01,4.6000000000000005,0.31000000000000005,5,N,34144
1.01,4.6000000000000005,0.41,1,N,34145
1.01,4.6000000000000005,0.41,2,N,34146
1.01,4.6000000000000005,0.41,3,N,34147
1.01,4.6000000000000005,0.41,4,N,34148
1.01,4.6000000000000005,0.41,5,N,34149
1.01,4.6000000000000005,0.51,1,N,34150
1.01,4.6000000000000005,0.51,2,N,34151
1.01,4.6000000000000005,0.51,3,N,34152
1.01,4.6000000000000005,0.51,4,N,34153
1.01,4.6000000000000005,0.51,5,N,34154
1.01,4.6000000000000005,0.6100000000000001,1,N,34155
1.01,4.6000000000000005,0.6100000000000001,2,N,34156
1.01,4.6000000000000005,0.6100000000000001,3,N,34157
1.01,4.6000000000000005,0.6100000000000001,4,N,34158
1.01,4.6000000000000005,0.6100000000000001,5,N,34159
1.01,4.6000000000000005,0.7100000000000001,1,N,34160
1.01,4.6000000000000005,0.7100000000000001,2,N,34161
1.01,4.6000000000000005,0.7100000000000001,3,N,34162
1.01,4.6000000000000005,0.7100000000000001,4,N,34163
1.01,4.6000000000000005,0.7100000000000001,5,N,34164
1.01,4.6000000000000005,0.81,1,N,34165
1.01,4.6000000000000005,0.81,2,N,34166
1.01,4.6000000000000005,0.81,3,N,34167
1.01,4.6000000000000005,0.81,4,N,34168
1.01,4.6000000000000005,0.81,5,N,34169
1.01,4.6000000000000005,0.91,1,N,34170
1.01,4.6000000000000005,0.91,2,N,34171
1.01,4.6000000000000005,0.91,3,N,34172
1.01,4.6000000000000005,0.91,4,N,34173
1.01,4.6000000000000005,0.91,5,N,34174
1.01,4.6000000000000005,1.01,1,N,34175
1.01,4.6000000000000005,1.01,2,N,34176
1.01,4.6000000000000005,1.01,3,N,34177
1.01,4.6000000000000005,1.01,4,N,34178
1.01,4.6000000000000005,1.01,5,N,34179
1.01,4.6000000000000005,1.11,1,N,34180
1.01,4.6000000000000005,1.11,2,N,34181
1.01,4.6000000000000005,1.11,3,N,34182
1.01,4.6000000000000005,1.11,4,N,34183
1.01,4.6000000000000005,1.11,5,N,34184
1.01,4.6000000000000005,1.3,1,N,34185
1.01,4.6000000000000005,1.3,2,N,34186
1.01,4.6000000000000005,1.3,3,N,34187
1.01,4.6000000000000005,1.3,4,N,34188
1.01,4.6000000000000005,1.3,5,N,34189
1.01,4.6000000000000005,1.6,1,N,34190
1.01,4.6000000000000005,1.6,2,N,34191
1.01,4.6000000000000005,1.6,3,N,34192
1.01,4.6000000000000005,1.6,4,N,34193
1.01,4.6000000000000005,1.6,5,N,34194
1.01,4.6000000000000005,1.9,1,N,34195
1.01,4.6000000000000005,1.9,2,N,34196
1.01,4.6000000000000005,1.9,3,N,34197
1.01,4.6000000000000005,1.9,4,N,34198
1.01,4.6000000000000005,1.9,5,N,34199
1.01,4.6000000000000005,2.2,1,N,34200
1.01,4.6000000000000005,2.2,2,N,34201
1.01,4.6000000000000005,2.2,3,N,34202
1.01,4.6000000000000005,2.2,4,N,34203
1.01,4.6000000000000005,2.2,5,N,34204
1.01,4.6000000000000005,2.5,1,N,34205
1.01,4.6000000000000005,2.5,2,N,34206
1.01,4.6000000000000005,2.5,3,N,34207
1.01,4.6000000000000005,2.5,4,N,34208
1.01,4.6000000000000005,2.5,5,N,34209
1.01,4.6000000000000005,2.8000000000000003,1,N,34210
1.01,4.6000000000000005,2.8000000000000003,2,N,34211
1.01,4.6000000000000005,2.8000000000000003,3,N,34212
1.01,4.6000000000000005,2.8000000000000003,4,N,34213
1.01,4.6000000000000005,2.8000000000000003,5,N,34214
1.01,4.6000000000000005,3.1000000000000005,1,N,34215
1.01,4.6000000000000005,3.1000000000000005,2,N,34216
1.01,4.6000000000000005,3.1000000000000005,3,N,34217
1.01,4.6000000000000005,3.1000000000000005,4,N,34218
1.01,4.6000000000000005,3.1000000000000005,5,N,34219
1.01,4.6000000000000005,3.4000000000000004,1,N,34220
1.01,4.6000000000000005,3.4000000000000004,2,N,34221
1.01,4.6000000000000005,3.4000000000000004,3,N,34222
1.01,4.6000000000000005,3.4000000000000004,4,N,34223
1.01,4.6000000000000005,3.4000000000000004,5,N,34224
1.01,4.6000000000000005,3.7,1,N,34225
1.01,4.6000000000000005,3.7,2,N,34226
1.01,4.6000000000000005,3.7,3,N,34227
1.01,4.6000000000000005,3.7,4,N,34228
1.01,4.6000000000000005,3.7,5,N,34229
1.01,4.6000000000000005,4.0,1,N,34230
1.01,4.6000000000000005,4.0,2,N,34231
1.01,4.6000000000000005,4.0,3,N,34232
1.01,4.6000000000000005,4.0,4,N,34233
1.01,4.6000000000000005,4.0,5,N,34234
1.01,4.6000000000000005,4.300000000000002,1,N,34235
1.01,4.6000000000000005,4.300000000000002,2,N,34236
1.01,4.6000000000000005,4.300000000000002,3,N,34237
1.01,4.6000000000000005,4.300000000000002,4,N,34238
1.01,4.6000000000000005,4.300000000000002,5,N,34239
1.01,4.6000000000000005,4.6000000000000005,1,N,34240
1.01,4.6000000000000005,4.6000000000000005,2,N,34241
1.01,4.6000000000000005,4.6000000000000005,3,N,34242
1.01,4.6000000000000005,4.6000000000000005,4,N,34243
1.01,4.6000000000000005,4.6000000000000005,5,N,34244
1.01,4.6000000000000005,4.9,1,N,34245
1.01,4.6000000000000005,4.9,2,N,34246
1.01,4.6000000000000005,4.9,3,N,34247
1.01,4.6000000000000005,4.9,4,N,34248
1.01,4.6000000000000005,4.9,5,N,34249
1.01,4.9,0.01,1,N,34250
1.01,4.9,0.01,2,N,34251
1.01,4.9,0.01,3,N,34252
1.01,4.9,0.01,4,N,34253
1.01,4.9,0.01,5,N,34254
1.01,4.9,0.11,1,N,34255
1.01,4.9,0.11,2,N,34256
1.01,4.9,0.11,3,N,34257
1.01,4.9,0.11,4,N,34258
1.01,4.9,0.11,5,N,34259
1.01,4.9,0.21,1,N,34260
1.01,4.9,0.21,2,N,34261
1.01,4.9,0.21,3,N,34262
1.01,4.9,0.21,4,N,34263
1.01,4.9,0.21,5,N,34264
1.01,4.9,0.31000000000000005,1,N,34265
1.01,4.9,0.31000000000000005,2,N,34266
1.01,4.9,0.31000000000000005,3,N,34267
1.01,4.9,0.31000000000000005,4,N,34268
1.01,4.9,0.31000000000000005,5,N,34269
1.01,4.9,0.41,1,N,34270
1.01,4.9,0.41,2,N,34271
1.01,4.9,0.41,3,N,34272
1.01,4.9,0.41,4,N,34273
1.01,4.9,0.41,5,N,34274
1.01,4.9,0.51,1,N,34275
1.01,4.9,0.51,2,N,34276
1.01,4.9,0.51,3,N,34277
1.01,4.9,0.51,4,N,34278
1.01,4.9,0.51,5,N,34279
1.01,4.9,0.6100000000000001,1,N,34280
1.01,4.9,0.6100000000000001,2,N,34281
1.01,4.9,0.6100000000000001,3,N,34282
1.01,4.9,0.6100000000000001,4,N,34283
1.01,4.9,0.6100000000000001,5,N,34284
1.01,4.9,0.7100000000000001,1,N,34285
1.01,4.9,0.7100000000000001,2,N,34286
1.01,4.9,0.7100000000000001,3,N,34287
1.01,4.9,0.7100000000000001,4,N,34288
1.01,4.9,0.7100000000000001,5,N,34289
1.01,4.9,0.81,1,N,34290
1.01,4.9,0.81,2,N,34291
1.01,4.9,0.81,3,N,34292
1.01,4.9,0.81,4,N,34293
1.01,4.9,0.81,5,N,34294
1.01,4.9,0.91,1,N,34295
1.01,4.9,0.91,2,N,34296
1.01,4.9,0.91,3,N,34297
1.01,4.9,0.91,4,N,34298
1.01,4.9,0.91,5,N,34299
1.01,4.9,1.01,1,N,34300
1.01,4.9,1.01,2,N,34301
1.01,4.9,1.01,3,N,34302
1.01,4.9,1.01,4,N,34303
1.01,4.9,1.01,5,N,34304
1.01,4.9,1.11,1,N,34305
1.01,4.9,1.11,2,N,34306
1.01,4.9,1.11,3,N,34307
1.01,4.9,1.11,4,N,34308
1.01,4.9,1.11,5,N,34309
1.01,4.9,1.3,1,N,34310
1.01,4.9,1.3,2,N,34311
1.01,4.9,1.3,3,N,34312
1.01,4.9,1.3,4,N,34313
1.01,4.9,1.3,5,N,34314
1.01,4.9,1.6,1,N,34315
1.01,4.9,1.6,2,N,34316
1.01,4.9,1.6,3,N,34317
1.01,4.9,1.6,4,N,34318
1.01,4.9,1.6,5,N,34319
1.01,4.9,1.9,1,N,34320
1.01,4.9,1.9,2,N,34321
1.01,4.9,1.9,3,N,34322
1.01,4.9,1.9,4,N,34323
1.01,4.9,1.9,5,N,34324
1.01,4.9,2.2,1,N,34325
1.01,4.9,2.2,2,N,34326
1.01,4.9,2.2,3,N,34327
1.01,4.9,2.2,4,N,34328
1.01,4.9,2.2,5,N,34329
1.01,4.9,2.5,1,N,34330
1.01,4.9,2.5,2,N,34331
1.01,4.9,2.5,3,N,34332
1.01,4.9,2.5,4,N,34333
1.01,4.9,2.5,5,N,34334
1.01,4.9,2.8000000000000003,1,N,34335
1.01,4.9,2.8000000000000003,2,N,34336
1.01,4.9,2.8000000000000003,3,N,34337
1.01,4.9,2.8000000000000003,4,N,34338
1.01,4.9,2.8000000000000003,5,N,34339
1.01,4.9,3.1000000000000005,1,N,34340
1.01,4.9,3.1000000000000005,2,N,34341
1.01,4.9,3.1000000000000005,3,N,34342
1.01,4.9,3.1000000000000005,4,N,34343
1.01,4.9,3.1000000000000005,5,N,34344
1.01,4.9,3.4000000000000004,1,N,34345
1.01,4.9,3.4000000000000004,2,N,34346
1.01,4.9,3.4000000000000004,3,N,34347
1.01,4.9,3.4000000000000004,4,N,34348
1.01,4.9,3.4000000000000004,5,N,34349
1.01,4.9,3.7,1,N,34350
1.01,4.9,3.7,2,N,34351
1.01,4.9,3.7,3,N,34352
1.01,4.9,3.7,4,N,34353
1.01,4.9,3.7,5,N,34354
1.01,4.9,4.0,1,N,34355
1.01,4.9,4.0,2,N,34356
1.01,4.9,4.0,3,N,34357
1.01,4.9,4.0,4,N,34358
1.01,4.9,4.0,5,N,34359
1.01,4.9,4.300000000000002,1,N,34360
1.01,4.9,4.300000000000002,2,N,34361
1.01,4.9,4.300000000000002,3,N,34362
1.01,4.9,4.300000000000002,4,N,34363
1.01,4.9,4.300000000000002,5,N,34364
1.01,4.9,4.6000000000000005,1,N,34365
1.01,4.9,4.6000000000000005,2,N,34366
1.01,4.9,4.6000000000000005,3,N,34367
1.01,4.9,4.6000000000000005,4,N,34368
1.01,4.9,4.6000000000000005,5,N,34369
1.01,4.9,4.9,1,N,34370
1.01,4.9,4.9,2,N,34371
1.01,4.9,4.9,3,N,34372
1.01,4.9,4.9,4,N,34373
1.01,4.9,4.9,5,N,34374
1.11,0.01,0.01,1,N,34375
1.11,0.01,0.01,2,N,34376
1.11,0.01,0.01,3,N,34377
1.11,0.01,0.01,4,N,34378
1.11,0.01,0.01,5,N,34379
1.11,0.01,0.11,1,N,34380
1.11,0.01,0.11,2,N,34381
1.11,0.01,0.11,3,N,34382
1.11,0.01,0.11,4,N,34383
1.11,0.01,0.11,5,N,34384
1.11,0.01,0.21,1,N,34385
1.11,0.01,0.21,2,N,34386
1.11,0.01,0.21,3,N,34387
1.11,0.01,0.21,4,N,34388
1.11,0.01,0.21,5,N,34389
1.11,0.01,0.31000000000000005,1,N,34390
1.11,0.01,0.31000000000000005,2,N,34391
1.11,0.01,0.31000000000000005,3,N,34392
1.11,0.01,0.31000000000000005,4,N,34393
1.11,0.01,0.31000000000000005,5,N,34394
1.11,0.01,0.41,1,N,34395
1.11,0.01,0.41,2,N,34396
1.11,0.01,0.41,3,N,34397
1.11,0.01,0.41,4,N,34398
1.11,0.01,0.41,5,N,34399
1.11,0.01,0.51,1,N,34400
1.11,0.01,0.51,2,N,34401
1.11,0.01,0.51,3,N,34402
1.11,0.01,0.51,4,N,34403
1.11,0.01,0.51,5,N,34404
1.11,0.01,0.6100000000000001,1,N,34405
1.11,0.01,0.6100000000000001,2,N,34406
1.11,0.01,0.6100000000000001,3,N,34407
1.11,0.01,0.6100000000000001,4,N,34408
1.11,0.01,0.6100000000000001,5,N,34409
1.11,0.01,0.7100000000000001,1,N,34410
1.11,0.01,0.7100000000000001,2,N,34411
1.11,0.01,0.7100000000000001,3,N,34412
1.11,0.01,0.7100000000000001,4,N,34413
1.11,0.01,0.7100000000000001,5,N,34414
1.11,0.01,0.81,1,N,34415
1.11,0.01,0.81,2,N,34416
1.11,0.01,0.81,3,N,34417
1.11,0.01,0.81,4,N,34418
1.11,0.01,0.81,5,N,34419
1.11,0.01,0.91,1,N,34420
1.11,0.01,0.91,2,N,34421
1.11,0.01,0.91,3,N,34422
1.11,0.01,0.91,4,N,34423
1.11,0.01,0.91,5,N,34424
1.11,0.01,1.01,1,N,34425
1.11,0.01,1.01,2,N,34426
1.11,0.01,1.01,3,N,34427
1.11,0.01,1.01,4,N,34428
1.11,0.01,1.01,5,N,34429
1.11,0.01,1.11,1,N,34430
1.11,0.01,1.11,2,N,34431
1.11,0.01,1.11,3,N,34432
1.11,0.01,1.11,4,N,34433
1.11,0.01,1.11,5,N,34434
1.11,0.01,1.3,1,N,34435
1.11,0.01,1.3,2,N,34436
1.11,0.01,1.3,3,N,34437
1.11,0.01,1.3,4,N,34438
1.11,0.01,1.3,5,N,34439
1.11,0.01,1.6,1,N,34440
1.11,0.01,1.6,2,N,34441
1.11,0.01,1.6,3,N,34442
1.11,0.01,1.6,4,N,34443
1.11,0.01,1.6,5,N,34444
1.11,0.01,1.9,1,N,34445
1.11,0.01,1.9,2,N,34446
1.11,0.01,1.9,3,N,34447
1.11,0.01,1.9,4,N,34448
1.11,0.01,1.9,5,N,34449
1.11,0.01,2.2,1,N,34450
1.11,0.01,2.2,2,N,34451
1.11,0.01,2.2,3,N,34452
1.11,0.01,2.2,4,N,34453
1.11,0.01,2.2,5,N,34454
1.11,0.01,2.5,1,N,34455
1.11,0.01,2.5,2,N,34456
1.11,0.01,2.5,3,N,34457
1.11,0.01,2.5,4,N,34458
1.11,0.01,2.5,5,N,34459
1.11,0.01,2.8000000000000003,1,N,34460
1.11,0.01,2.8000000000000003,2,N,34461
1.11,0.01,2.8000000000000003,3,N,34462
1.11,0.01,2.8000000000000003,4,N,34463
1.11,0.01,2.8000000000000003,5,N,34464
1.11,0.01,3.1000000000000005,1,N,34465
1.11,0.01,3.1000000000000005,2,N,34466
1.11,0.01,3.1000000000000005,3,N,34467
1.11,0.01,3.1000000000000005,4,N,34468
1.11,0.01,3.1000000000000005,5,N,34469
1.11,0.01,3.4000000000000004,1,N,34470
1.11,0.01,3.4000000000000004,2,N,34471
1.11,0.01,3.4000000000000004,3,N,34472
1.11,0.01,3.4000000000000004,4,N,34473
1.11,0.01,3.4000000000000004,5,N,34474
1.11,0.01,3.7,1,N,34475
1.11,0.01,3.7,2,N,34476
1.11,0.01,3.7,3,N,34477
1.11,0.01,3.7,4,N,34478
1.11,0.01,3.7,5,N,34479
1.11,0.01,4.0,1,N,34480
1.11,0.01,4.0,2,N,34481
1.11,0.01,4.0,3,N,34482
1.11,0.01,4.0,4,N,34483
1.11,0.01,4.0,5,N,34484
1.11,0.01,4.300000000000002,1,N,34485
1.11,0.01,4.300000000000002,2,N,34486
1.11,0.01,4.300000000000002,3,N,34487
1.11,0.01,4.300000000000002,4,N,34488
1.11,0.01,4.300000000000002,5,N,34489
1.11,0.01,4.6000000000000005,1,N,34490
1.11,0.01,4.6000000000000005,2,N,34491
1.11,0.01,4.6000000000000005,3,N,34492
1.11,0.01,4.6000000000000005,4,N,34493
1.11,0.01,4.6000000000000005,5,N,34494
1.11,0.01,4.9,1,N,34495
1.11,0.01,4.9,2,N,34496
1.11,0.01,4.9,3,N,34497
1.11,0.01,4.9,4,N,34498
1.11,0.01,4.9,5,N,34499
1.11,0.11,0.01,1,N,34500
1.11,0.11,0.01,2,N,34501
1.11,0.11,0.01,3,N,34502
1.11,0.11,0.01,4,N,34503
1.11,0.11,0.01,5,N,34504
1.11,0.11,0.11,1,N,34505
1.11,0.11,0.11,2,N,34506
1.11,0.11,0.11,3,N,34507
1.11,0.11,0.11,4,N,34508
1.11,0.11,0.11,5,N,34509
1.11,0.11,0.21,1,N,34510
1.11,0.11,0.21,2,N,34511
1.11,0.11,0.21,3,N,34512
1.11,0.11,0.21,4,N,34513
1.11,0.11,0.21,5,N,34514
1.11,0.11,0.31000000000000005,1,N,34515
1.11,0.11,0.31000000000000005,2,N,34516
1.11,0.11,0.31000000000000005,3,N,34517
1.11,0.11,0.31000000000000005,4,N,34518
1.11,0.11,0.31000000000000005,5,N,34519
1.11,0.11,0.41,1,N,34520
1.11,0.11,0.41,2,N,34521
1.11,0.11,0.41,3,N,34522
1.11,0.11,0.41,4,N,34523
1.11,0.11,0.41,5,N,34524
1.11,0.11,0.51,1,N,34525
1.11,0.11,0.51,2,N,34526
1.11,0.11,0.51,3,N,34527
1.11,0.11,0.51,4,N,34528
1.11,0.11,0.51,5,N,34529
1.11,0.11,0.6100000000000001,1,N,34530
1.11,0.11,0.6100000000000001,2,N,34531
1.11,0.11,0.6100000000000001,3,N,34532
1.11,0.11,0.6100000000000001,4,N,34533
1.11,0.11,0.6100000000000001,5,N,34534
1.11,0.11,0.7100000000000001,1,N,34535
1.11,0.11,0.7100000000000001,2,N,34536
1.11,0.11,0.7100000000000001,3,N,34537
1.11,0.11,0.7100000000000001,4,N,34538
1.11,0.11,0.7100000000000001,5,N,34539
1.11,0.11,0.81,1,N,34540
1.11,0.11,0.81,2,N,34541
1.11,0.11,0.81,3,N,34542
1.11,0.11,0.81,4,N,34543
1.11,0.11,0.81,5,N,34544
1.11,0.11,0.91,1,N,34545
1.11,0.11,0.91,2,N,34546
1.11,0.11,0.91,3,N,34547
1.11,0.11,0.91,4,N,34548
1.11,0.11,0.91,5,N,34549
1.11,0.11,1.01,1,N,34550
1.11,0.11,1.01,2,N,34551
1.11,0.11,1.01,3,N,34552
1.11,0.11,1.01,4,N,34553
1.11,0.11,1.01,5,N,34554
1.11,0.11,1.11,1,N,34555
1.11,0.11,1.11,2,N,34556
1.11,0.11,1.11,3,N,34557
1.11,0.11,1.11,4,N,34558
1.11,0.11,1.11,5,N,34559
1.11,0.11,1.3,1,N,34560
1.11,0.11,1.3,2,N,34561
1.11,0.11,1.3,3,N,34562
1.11,0.11,1.3,4,N,34563
1.11,0.11,1.3,5,N,34564
1.11,0.11,1.6,1,N,34565
1.11,0.11,1.6,2,N,34566
1.11,0.11,1.6,3,N,34567
1.11,0.11,1.6,4,N,34568
1.11,0.11,1.6,5,N,34569
1.11,0.11,1.9,1,N,34570
1.11,0.11,1.9,2,N,34571
1.11,0.11,1.9,3,N,34572
1.11,0.11,1.9,4,N,34573
1.11,0.11,1.9,5,N,34574
1.11,0.11,2.2,1,N,34575
1.11,0.11,2.2,2,N,34576
1.11,0.11,2.2,3,N,34577
1.11,0.11,2.2,4,N,34578
1.11,0.11,2.2,5,N,34579
1.11,0.11,2.5,1,N,34580
1.11,0.11,2.5,2,N,34581
1.11,0.11,2.5,3,N,34582
1.11,0.11,2.5,4,N,34583
1.11,0.11,2.5,5,N,34584
1.11,0.11,2.8000000000000003,1,N,34585
1.11,0.11,2.8000000000000003,2,N,34586
1.11,0.11,2.8000000000000003,3,N,34587
1.11,0.11,2.8000000000000003,4,N,34588
1.11,0.11,2.8000000000000003,5,N,34589
1.11,0.11,3.1000000000000005,1,N,34590
1.11,0.11,3.1000000000000005,2,N,34591
1.11,0.11,3.1000000000000005,3,N,34592
1.11,0.11,3.1000000000000005,4,N,34593
1.11,0.11,3.1000000000000005,5,N,34594
1.11,0.11,3.4000000000000004,1,N,34595
1.11,0.11,3.4000000000000004,2,N,34596
1.11,0.11,3.4000000000000004,3,N,34597
1.11,0.11,3.4000000000000004,4,N,34598
1.11,0.11,3.4000000000000004,5,N,34599
1.11,0.11,3.7,1,N,34600
1.11,0.11,3.7,2,N,34601
1.11,0.11,3.7,3,N,34602
1.11,0.11,3.7,4,N,34603
1.11,0.11,3.7,5,N,34604
1.11,0.11,4.0,1,N,34605
1.11,0.11,4.0,2,N,34606
1.11,0.11,4.0,3,N,34607
1.11,0.11,4.0,4,N,34608
1.11,0.11,4.0,5,N,34609
1.11,0.11,4.300000000000002,1,N,34610
1.11,0.11,4.300000000000002,2,N,34611
1.11,0.11,4.300000000000002,3,N,34612
1.11,0.11,4.300000000000002,4,N,34613
1.11,0.11,4.300000000000002,5,N,34614
1.11,0.11,4.6000000000000005,1,N,34615
1.11,0.11,4.6000000000000005,2,N,34616
1.11,0.11,4.6000000000000005,3,N,34617
1.11,0.11,4.6000000000000005,4,N,34618
1.11,0.11,4.6000000000000005,5,N,34619
1.11,0.11,4.9,1,N,34620
1.11,0.11,4.9,2,N,34621
1.11,0.11,4.9,3,N,34622
1.11,0.11,4.9,4,N,34623
1.11,0.11,4.9,5,N,34624
1.11,0.21,0.01,1,N,34625
1.11,0.21,0.01,2,N,34626
1.11,0.21,0.01,3,N,34627
1.11,0.21,0.01,4,N,34628
1.11,0.21,0.01,5,N,34629
1.11,0.21,0.11,1,N,34630
1.11,0.21,0.11,2,N,34631
1.11,0.21,0.11,3,N,34632
1.11,0.21,0.11,4,N,34633
1.11,0.21,0.11,5,N,34634
1.11,0.21,0.21,1,N,34635
1.11,0.21,0.21,2,N,34636
1.11,0.21,0.21,3,N,34637
1.11,0.21,0.21,4,N,34638
1.11,0.21,0.21,5,N,34639
1.11,0.21,0.31000000000000005,1,N,34640
1.11,0.21,0.31000000000000005,2,N,34641
1.11,0.21,0.31000000000000005,3,N,34642
1.11,0.21,0.31000000000000005,4,N,34643
1.11,0.21,0.31000000000000005,5,N,34644
1.11,0.21,0.41,1,N,34645
1.11,0.21,0.41,2,N,34646
1.11,0.21,0.41,3,N,34647
1.11,0.21,0.41,4,N,34648
1.11,0.21,0.41,5,N,34649
1.11,0.21,0.51,1,N,34650
1.11,0.21,0.51,2,N,34651
1.11,0.21,0.51,3,N,34652
1.11,0.21,0.51,4,N,34653
1.11,0.21,0.51,5,N,34654
1.11,0.21,0.6100000000000001,1,N,34655
1.11,0.21,0.6100000000000001,2,N,34656
1.11,0.21,0.6100000000000001,3,N,34657
1.11,0.21,0.6100000000000001,4,N,34658
1.11,0.21,0.6100000000000001,5,N,34659
1.11,0.21,0.7100000000000001,1,N,34660
1.11,0.21,0.7100000000000001,2,N,34661
1.11,0.21,0.7100000000000001,3,N,34662
1.11,0.21,0.7100000000000001,4,N,34663
1.11,0.21,0.7100000000000001,5,N,34664
1.11,0.21,0.81,1,N,34665
1.11,0.21,0.81,2,N,34666
1.11,0.21,0.81,3,N,34667
1.11,0.21,0.81,4,N,34668
1.11,0.21,0.81,5,N,34669
1.11,0.21,0.91,1,N,34670
1.11,0.21,0.91,2,N,34671
1.11,0.21,0.91,3,N,34672
1.11,0.21,0.91,4,N,34673
1.11,0.21,0.91,5,N,34674
1.11,0.21,1.01,1,N,34675
1.11,0.21,1.01,2,N,34676
1.11,0.21,1.01,3,N,34677
1.11,0.21,1.01,4,N,34678
1.11,0.21,1.01,5,N,34679
1.11,0.21,1.11,1,N,34680
1.11,0.21,1.11,2,N,34681
1.11,0.21,1.11,3,N,34682
1.11,0.21,1.11,4,N,34683
1.11,0.21,1.11,5,N,34684
1.11,0.21,1.3,1,N,34685
1.11,0.21,1.3,2,N,34686
1.11,0.21,1.3,3,N,34687
1.11,0.21,1.3,4,N,34688
1.11,0.21,1.3,5,N,34689
1.11,0.21,1.6,1,N,34690
1.11,0.21,1.6,2,N,34691
1.11,0.21,1.6,3,N,34692
1.11,0.21,1.6,4,N,34693
1.11,0.21,1.6,5,N,34694
1.11,0.21,1.9,1,N,34695
1.11,0.21,1.9,2,N,34696
1.11,0.21,1.9,3,N,34697
1.11,0.21,1.9,4,N,34698
1.11,0.21,1.9,5,N,34699
1.11,0.21,2.2,1,N,34700
1.11,0.21,2.2,2,N,34701
1.11,0.21,2.2,3,N,34702
1.11,0.21,2.2,4,N,34703
1.11,0.21,2.2,5,N,34704
1.11,0.21,2.5,1,N,34705
1.11,0.21,2.5,2,N,34706
1.11,0.21,2.5,3,N,34707
1.11,0.21,2.5,4,N,34708
1.11,0.21,2.5,5,N,34709
1.11,0.21,2.8000000000000003,1,N,34710
1.11,0.21,2.8000000000000003,2,N,34711
1.11,0.21,2.8000000000000003,3,N,34712
1.11,0.21,2.8000000000000003,4,N,34713
1.11,0.21,2.8000000000000003,5,N,34714
1.11,0.21,3.1000000000000005,1,N,34715
1.11,0.21,3.1000000000000005,2,N,34716
1.11,0.21,3.1000000000000005,3,N,34717
1.11,0.21,3.1000000000000005,4,N,34718
1.11,0.21,3.1000000000000005,5,N,34719
1.11,0.21,3.4000000000000004,1,N,34720
1.11,0.21,3.4000000000000004,2,N,34721
1.11,0.21,3.4000000000000004,3,N,34722
1.11,0.21,3.4000000000000004,4,N,34723
1.11,0.21,3.4000000000000004,5,N,34724
1.11,0.21,3.7,1,N,34725
1.11,0.21,3.7,2,N,34726
1.11,0.21,3.7,3,N,34727
1.11,0.21,3.7,4,N,34728
1.11,0.21,3.7,5,N,34729
1.11,0.21,4.0,1,N,34730
1.11,0.21,4.0,2,N,34731
1.11,0.21,4.0,3,N,34732
1.11,0.21,4.0,4,N,34733
1.11,0.21,4.0,5,N,34734
1.11,0.21,4.300000000000002,1,N,34735
1.11,0.21,4.300000000000002,2,N,34736
1.11,0.21,4.300000000000002,3,N,34737
1.11,0.21,4.300000000000002,4,N,34738
1.11,0.21,4.300000000000002,5,N,34739
1.11,0.21,4.6000000000000005,1,N,34740
1.11,0.21,4.6000000000000005,2,N,34741
1.11,0.21,4.6000000000000005,3,N,34742
1.11,0.21,4.6000000000000005,4,N,34743
1.11,0.21,4.6000000000000005,5,N,34744
1.11,0.21,4.9,1,N,34745
1.11,0.21,4.9,2,N,34746
1.11,0.21,4.9,3,N,34747
1.11,0.21,4.9,4,N,34748
1.11,0.21,4.9,5,N,34749
1.11,0.31000000000000005,0.01,1,N,34750
1.11,0.31000000000000005,0.01,2,N,34751
1.11,0.31000000000000005,0.01,3,N,34752
1.11,0.31000000000000005,0.01,4,N,34753
1.11,0.31000000000000005,0.01,5,N,34754
1.11,0.31000000000000005,0.11,1,N,34755
1.11,0.31000000000000005,0.11,2,N,34756
1.11,0.31000000000000005,0.11,3,N,34757
1.11,0.31000000000000005,0.11,4,N,34758
1.11,0.31000000000000005,0.11,5,N,34759
1.11,0.31000000000000005,0.21,1,N,34760
1.11,0.31000000000000005,0.21,2,N,34761
1.11,0.31000000000000005,0.21,3,N,34762
1.11,0.31000000000000005,0.21,4,N,34763
1.11,0.31000000000000005,0.21,5,N,34764
1.11,0.31000000000000005,0.31000000000000005,1,N,34765
1.11,0.31000000000000005,0.31000000000000005,2,N,34766
1.11,0.31000000000000005,0.31000000000000005,3,N,34767
1.11,0.31000000000000005,0.31000000000000005,4,N,34768
1.11,0.31000000000000005,0.31000000000000005,5,N,34769
1.11,0.31000000000000005,0.41,1,N,34770
1.11,0.31000000000000005,0.41,2,N,34771
1.11,0.31000000000000005,0.41,3,N,34772
1.11,0.31000000000000005,0.41,4,N,34773
1.11,0.31000000000000005,0.41,5,N,34774
1.11,0.31000000000000005,0.51,1,N,34775
1.11,0.31000000000000005,0.51,2,N,34776
1.11,0.31000000000000005,0.51,3,N,34777
1.11,0.31000000000000005,0.51,4,N,34778
1.11,0.31000000000000005,0.51,5,N,34779
1.11,0.31000000000000005,0.6100000000000001,1,N,34780
1.11,0.31000000000000005,0.6100000000000001,2,N,34781
1.11,0.31000000000000005,0.6100000000000001,3,N,34782
1.11,0.31000000000000005,0.6100000000000001,4,N,34783
1.11,0.31000000000000005,0.6100000000000001,5,N,34784
1.11,0.31000000000000005,0.7100000000000001,1,N,34785
1.11,0.31000000000000005,0.7100000000000001,2,N,34786
1.11,0.31000000000000005,0.7100000000000001,3,N,34787
1.11,0.31000000000000005,0.7100000000000001,4,N,34788
1.11,0.31000000000000005,0.7100000000000001,5,N,34789
1.11,0.31000000000000005,0.81,1,N,34790
1.11,0.31000000000000005,0.81,2,N,34791
1.11,0.31000000000000005,0.81,3,N,34792
1.11,0.31000000000000005,0.81,4,N,34793
1.11,0.31000000000000005,0.81,5,N,34794
1.11,0.31000000000000005,0.91,1,N,34795
1.11,0.31000000000000005,0.91,2,N,34796
1.11,0.31000000000000005,0.91,3,N,34797
1.11,0.31000000000000005,0.91,4,N,34798
1.11,0.31000000000000005,0.91,5,N,34799
1.11,0.31000000000000005,1.01,1,N,34800
1.11,0.31000000000000005,1.01,2,N,34801
1.11,0.31000000000000005,1.01,3,N,34802
1.11,0.31000000000000005,1.01,4,N,34803
1.11,0.31000000000000005,1.01,5,N,34804
1.11,0.31000000000000005,1.11,1,N,34805
1.11,0.31000000000000005,1.11,2,N,34806
1.11,0.31000000000000005,1.11,3,N,34807
1.11,0.31000000000000005,1.11,4,N,34808
1.11,0.31000000000000005,1.11,5,N,34809
1.11,0.31000000000000005,1.3,1,N,34810
1.11,0.31000000000000005,1.3,2,N,34811
1.11,0.31000000000000005,1.3,3,N,34812
1.11,0.31000000000000005,1.3,4,N,34813
1.11,0.31000000000000005,1.3,5,N,34814
1.11,0.31000000000000005,1.6,1,N,34815
1.11,0.31000000000000005,1.6,2,N,34816
1.11,0.31000000000000005,1.6,3,N,34817
1.11,0.31000000000000005,1.6,4,N,34818
1.11,0.31000000000000005,1.6,5,N,34819
1.11,0.31000000000000005,1.9,1,N,34820
1.11,0.31000000000000005,1.9,2,N,34821
1.11,0.31000000000000005,1.9,3,N,34822
1.11,0.31000000000000005,1.9,4,N,34823
1.11,0.31000000000000005,1.9,5,N,34824
1.11,0.31000000000000005,2.2,1,N,34825
1.11,0.31000000000000005,2.2,2,N,34826
1.11,0.31000000000000005,2.2,3,N,34827
1.11,0.31000000000000005,2.2,4,N,34828
1.11,0.31000000000000005,2.2,5,N,34829
1.11,0.31000000000000005,2.5,1,N,34830
1.11,0.31000000000000005,2.5,2,N,34831
1.11,0.31000000000000005,2.5,3,N,34832
1.11,0.31000000000000005,2.5,4,N,34833
1.11,0.31000000000000005,2.5,5,N,34834
1.11,0.31000000000000005,2.8000000000000003,1,N,34835
1.11,0.31000000000000005,2.8000000000000003,2,N,34836
1.11,0.31000000000000005,2.8000000000000003,3,N,34837
1.11,0.31000000000000005,2.8000000000000003,4,N,34838
1.11,0.31000000000000005,2.8000000000000003,5,N,34839
1.11,0.31000000000000005,3.1000000000000005,1,N,34840
1.11,0.31000000000000005,3.1000000000000005,2,N,34841
1.11,0.31000000000000005,3.1000000000000005,3,N,34842
1.11,0.31000000000000005,3.1000000000000005,4,N,34843
1.11,0.31000000000000005,3.1000000000000005,5,N,34844
1.11,0.31000000000000005,3.4000000000000004,1,N,34845
1.11,0.31000000000000005,3.4000000000000004,2,N,34846
1.11,0.31000000000000005,3.4000000000000004,3,N,34847
1.11,0.31000000000000005,3.4000000000000004,4,N,34848
1.11,0.31000000000000005,3.4000000000000004,5,N,34849
1.11,0.31000000000000005,3.7,1,N,34850
1.11,0.31000000000000005,3.7,2,N,34851
1.11,0.31000000000000005,3.7,3,N,34852
1.11,0.31000000000000005,3.7,4,N,34853
1.11,0.31000000000000005,3.7,5,N,34854
1.11,0.31000000000000005,4.0,1,N,34855
1.11,0.31000000000000005,4.0,2,N,34856
1.11,0.31000000000000005,4.0,3,N,34857
1.11,0.31000000000000005,4.0,4,N,34858
1.11,0.31000000000000005,4.0,5,N,34859
1.11,0.31000000000000005,4.300000000000002,1,N,34860
1.11,0.31000000000000005,4.300000000000002,2,N,34861
1.11,0.31000000000000005,4.300000000000002,3,N,34862
1.11,0.31000000000000005,4.300000000000002,4,N,34863
1.11,0.31000000000000005,4.300000000000002,5,N,34864
1.11,0.31000000000000005,4.6000000000000005,1,N,34865
1.11,0.31000000000000005,4.6000000000000005,2,N,34866
1.11,0.31000000000000005,4.6000000000000005,3,N,34867
1.11,0.31000000000000005,4.6000000000000005,4,N,34868
1.11,0.31000000000000005,4.6000000000000005,5,N,34869
1.11,0.31000000000000005,4.9,1,N,34870
1.11,0.31000000000000005,4.9,2,N,34871
1.11,0.31000000000000005,4.9,3,N,34872
1.11,0.31000000000000005,4.9,4,N,34873
1.11,0.31000000000000005,4.9,5,N,34874
1.11,0.41,0.01,1,N,34875
1.11,0.41,0.01,2,N,34876
1.11,0.41,0.01,3,N,34877
1.11,0.41,0.01,4,N,34878
1.11,0.41,0.01,5,N,34879
1.11,0.41,0.11,1,N,34880
1.11,0.41,0.11,2,N,34881
1.11,0.41,0.11,3,N,34882
1.11,0.41,0.11,4,N,34883
1.11,0.41,0.11,5,N,34884
1.11,0.41,0.21,1,N,34885
1.11,0.41,0.21,2,N,34886
1.11,0.41,0.21,3,N,34887
1.11,0.41,0.21,4,N,34888
1.11,0.41,0.21,5,N,34889
1.11,0.41,0.31000000000000005,1,N,34890
1.11,0.41,0.31000000000000005,2,N,34891
1.11,0.41,0.31000000000000005,3,N,34892
1.11,0.41,0.31000000000000005,4,N,34893
1.11,0.41,0.31000000000000005,5,N,34894
1.11,0.41,0.41,1,N,34895
1.11,0.41,0.41,2,N,34896
1.11,0.41,0.41,3,N,34897
1.11,0.41,0.41,4,N,34898
1.11,0.41,0.41,5,N,34899
1.11,0.41,0.51,1,N,34900
1.11,0.41,0.51,2,N,34901
1.11,0.41,0.51,3,N,34902
1.11,0.41,0.51,4,N,34903
1.11,0.41,0.51,5,N,34904
1.11,0.41,0.6100000000000001,1,N,34905
1.11,0.41,0.6100000000000001,2,N,34906
1.11,0.41,0.6100000000000001,3,N,34907
1.11,0.41,0.6100000000000001,4,N,34908
1.11,0.41,0.6100000000000001,5,N,34909
1.11,0.41,0.7100000000000001,1,N,34910
1.11,0.41,0.7100000000000001,2,N,34911
1.11,0.41,0.7100000000000001,3,N,34912
1.11,0.41,0.7100000000000001,4,N,34913
1.11,0.41,0.7100000000000001,5,N,34914
1.11,0.41,0.81,1,N,34915
1.11,0.41,0.81,2,N,34916
1.11,0.41,0.81,3,N,34917
1.11,0.41,0.81,4,N,34918
1.11,0.41,0.81,5,N,34919
1.11,0.41,0.91,1,N,34920
1.11,0.41,0.91,2,N,34921
1.11,0.41,0.91,3,N,34922
1.11,0.41,0.91,4,N,34923
1.11,0.41,0.91,5,N,34924
1.11,0.41,1.01,1,N,34925
1.11,0.41,1.01,2,N,34926
1.11,0.41,1.01,3,N,34927
1.11,0.41,1.01,4,N,34928
1.11,0.41,1.01,5,N,34929
1.11,0.41,1.11,1,N,34930
1.11,0.41,1.11,2,N,34931
1.11,0.41,1.11,3,N,34932
1.11,0.41,1.11,4,N,34933
1.11,0.41,1.11,5,N,34934
1.11,0.41,1.3,1,N,34935
1.11,0.41,1.3,2,N,34936
1.11,0.41,1.3,3,N,34937
1.11,0.41,1.3,4,N,34938
1.11,0.41,1.3,5,N,34939
1.11,0.41,1.6,1,N,34940
1.11,0.41,1.6,2,N,34941
1.11,0.41,1.6,3,N,34942
1.11,0.41,1.6,4,N,34943
1.11,0.41,1.6,5,N,34944
1.11,0.41,1.9,1,N,34945
1.11,0.41,1.9,2,N,34946
1.11,0.41,1.9,3,N,34947
1.11,0.41,1.9,4,N,34948
1.11,0.41,1.9,5,N,34949
1.11,0.41,2.2,1,N,34950
1.11,0.41,2.2,2,N,34951
1.11,0.41,2.2,3,N,34952
1.11,0.41,2.2,4,N,34953
1.11,0.41,2.2,5,N,34954
1.11,0.41,2.5,1,N,34955
1.11,0.41,2.5,2,N,34956
1.11,0.41,2.5,3,N,34957
1.11,0.41,2.5,4,N,34958
1.11,0.41,2.5,5,N,34959
1.11,0.41,2.8000000000000003,1,N,34960
1.11,0.41,2.8000000000000003,2,N,34961
1.11,0.41,2.8000000000000003,3,N,34962
1.11,0.41,2.8000000000000003,4,N,34963
1.11,0.41,2.8000000000000003,5,N,34964
1.11,0.41,3.1000000000000005,1,N,34965
1.11,0.41,3.1000000000000005,2,N,34966
1.11,0.41,3.1000000000000005,3,N,34967
1.11,0.41,3.1000000000000005,4,N,34968
1.11,0.41,3.1000000000000005,5,N,34969
1.11,0.41,3.4000000000000004,1,N,34970
1.11,0.41,3.4000000000000004,2,N,34971
1.11,0.41,3.4000000000000004,3,N,34972
1.11,0.41,3.4000000000000004,4,N,34973
1.11,0.41,3.4000000000000004,5,N,34974
1.11,0.41,3.7,1,N,34975
1.11,0.41,3.7,2,N,34976
1.11,0.41,3.7,3,N,34977
1.11,0.41,3.7,4,N,34978
1.11,0.41,3.7,5,N,34979
1.11,0.41,4.0,1,N,34980
1.11,0.41,4.0,2,N,34981
1.11,0.41,4.0,3,N,34982
1.11,0.41,4.0,4,N,34983
1.11,0.41,4.0,5,N,34984
1.11,0.41,4.300000000000002,1,N,34985
1.11,0.41,4.300000000000002,2,N,34986
1.11,0.41,4.300000000000002,3,N,34987
1.11,0.41,4.300000000000002,4,N,34988
1.11,0.41,4.300000000000002,5,N,34989
1.11,0.41,4.6000000000000005,1,N,34990
1.11,0.41,4.6000000000000005,2,N,34991
1.11,0.41,4.6000000000000005,3,N,34992
1.11,0.41,4.6000000000000005,4,N,34993
1.11,0.41,4.6000000000000005,5,N,34994
1.11,0.41,4.9,1,N,34995
1.11,0.41,4.9,2,N,34996
1.11,0.41,4.9,3,N,34997
1.11,0.41,4.9,4,N,34998
1.11,0.41,4.9,5,N,34999
1.11,0.51,0.01,1,N,35000
1.11,0.51,0.01,2,N,35001
1.11,0.51,0.01,3,N,35002
1.11,0.51,0.01,4,N,35003
1.11,0.51,0.01,5,N,35004
1.11,0.51,0.11,1,N,35005
1.11,0.51,0.11,2,N,35006
1.11,0.51,0.11,3,N,35007
1.11,0.51,0.11,4,N,35008
1.11,0.51,0.11,5,N,35009
1.11,0.51,0.21,1,N,35010
1.11,0.51,0.21,2,N,35011
1.11,0.51,0.21,3,N,35012
1.11,0.51,0.21,4,N,35013
1.11,0.51,0.21,5,N,35014
1.11,0.51,0.31000000000000005,1,N,35015
1.11,0.51,0.31000000000000005,2,N,35016
1.11,0.51,0.31000000000000005,3,N,35017
1.11,0.51,0.31000000000000005,4,N,35018
1.11,0.51,0.31000000000000005,5,N,35019
1.11,0.51,0.41,1,N,35020
1.11,0.51,0.41,2,N,35021
1.11,0.51,0.41,3,N,35022
1.11,0.51,0.41,4,N,35023
1.11,0.51,0.41,5,N,35024
1.11,0.51,0.51,1,N,35025
1.11,0.51,0.51,2,N,35026
1.11,0.51,0.51,3,N,35027
1.11,0.51,0.51,4,N,35028
1.11,0.51,0.51,5,N,35029
1.11,0.51,0.6100000000000001,1,N,35030
1.11,0.51,0.6100000000000001,2,N,35031
1.11,0.51,0.6100000000000001,3,N,35032
1.11,0.51,0.6100000000000001,4,N,35033
1.11,0.51,0.6100000000000001,5,N,35034
1.11,0.51,0.7100000000000001,1,N,35035
1.11,0.51,0.7100000000000001,2,N,35036
1.11,0.51,0.7100000000000001,3,N,35037
1.11,0.51,0.7100000000000001,4,N,35038
1.11,0.51,0.7100000000000001,5,N,35039
1.11,0.51,0.81,1,N,35040
1.11,0.51,0.81,2,N,35041
1.11,0.51,0.81,3,N,35042
1.11,0.51,0.81,4,N,35043
1.11,0.51,0.81,5,N,35044
1.11,0.51,0.91,1,N,35045
1.11,0.51,0.91,2,N,35046
1.11,0.51,0.91,3,N,35047
1.11,0.51,0.91,4,N,35048
1.11,0.51,0.91,5,N,35049
1.11,0.51,1.01,1,N,35050
1.11,0.51,1.01,2,N,35051
1.11,0.51,1.01,3,N,35052
1.11,0.51,1.01,4,N,35053
1.11,0.51,1.01,5,N,35054
1.11,0.51,1.11,1,N,35055
1.11,0.51,1.11,2,N,35056
1.11,0.51,1.11,3,N,35057
1.11,0.51,1.11,4,N,35058
1.11,0.51,1.11,5,N,35059
1.11,0.51,1.3,1,N,35060
1.11,0.51,1.3,2,N,35061
1.11,0.51,1.3,3,N,35062
1.11,0.51,1.3,4,N,35063
1.11,0.51,1.3,5,N,35064
1.11,0.51,1.6,1,N,35065
1.11,0.51,1.6,2,N,35066
1.11,0.51,1.6,3,N,35067
1.11,0.51,1.6,4,N,35068
1.11,0.51,1.6,5,N,35069
1.11,0.51,1.9,1,N,35070
1.11,0.51,1.9,2,N,35071
1.11,0.51,1.9,3,N,35072
1.11,0.51,1.9,4,N,35073
1.11,0.51,1.9,5,N,35074
1.11,0.51,2.2,1,N,35075
1.11,0.51,2.2,2,N,35076
1.11,0.51,2.2,3,N,35077
1.11,0.51,2.2,4,N,35078
1.11,0.51,2.2,5,N,35079
1.11,0.51,2.5,1,N,35080
1.11,0.51,2.5,2,N,35081
1.11,0.51,2.5,3,N,35082
1.11,0.51,2.5,4,N,35083
1.11,0.51,2.5,5,N,35084
1.11,0.51,2.8000000000000003,1,N,35085
1.11,0.51,2.8000000000000003,2,N,35086
1.11,0.51,2.8000000000000003,3,N,35087
1.11,0.51,2.8000000000000003,4,N,35088
1.11,0.51,2.8000000000000003,5,N,35089
1.11,0.51,3.1000000000000005,1,N,35090
1.11,0.51,3.1000000000000005,2,N,35091
1.11,0.51,3.1000000000000005,3,N,35092
1.11,0.51,3.1000000000000005,4,N,35093
1.11,0.51,3.1000000000000005,5,N,35094
1.11,0.51,3.4000000000000004,1,N,35095
1.11,0.51,3.4000000000000004,2,N,35096
1.11,0.51,3.4000000000000004,3,N,35097
1.11,0.51,3.4000000000000004,4,N,35098
1.11,0.51,3.4000000000000004,5,N,35099
1.11,0.51,3.7,1,N,35100
1.11,0.51,3.7,2,N,35101
1.11,0.51,3.7,3,N,35102
1.11,0.51,3.7,4,N,35103
1.11,0.51,3.7,5,N,35104
1.11,0.51,4.0,1,N,35105
1.11,0.51,4.0,2,N,35106
1.11,0.51,4.0,3,N,35107
1.11,0.51,4.0,4,N,35108
1.11,0.51,4.0,5,N,35109
1.11,0.51,4.300000000000002,1,N,35110
1.11,0.51,4.300000000000002,2,N,35111
1.11,0.51,4.300000000000002,3,N,35112
1.11,0.51,4.300000000000002,4,N,35113
1.11,0.51,4.300000000000002,5,N,35114
1.11,0.51,4.6000000000000005,1,N,35115
1.11,0.51,4.6000000000000005,2,N,35116
1.11,0.51,4.6000000000000005,3,N,35117
1.11,0.51,4.6000000000000005,4,N,35118
1.11,0.51,4.6000000000000005,5,N,35119
1.11,0.51,4.9,1,N,35120
1.11,0.51,4.9,2,N,35121
1.11,0.51,4.9,3,N,35122
1.11,0.51,4.9,4,N,35123
1.11,0.51,4.9,5,N,35124
1.11,0.6100000000000001,0.01,1,N,35125
1.11,0.6100000000000001,0.01,2,N,35126
1.11,0.6100000000000001,0.01,3,N,35127
1.11,0.6100000000000001,0.01,4,N,35128
1.11,0.6100000000000001,0.01,5,N,35129
1.11,0.6100000000000001,0.11,1,N,35130
1.11,0.6100000000000001,0.11,2,N,35131
1.11,0.6100000000000001,0.11,3,N,35132
1.11,0.6100000000000001,0.11,4,N,35133
1.11,0.6100000000000001,0.11,5,N,35134
1.11,0.6100000000000001,0.21,1,N,35135
1.11,0.6100000000000001,0.21,2,N,35136
1.11,0.6100000000000001,0.21,3,N,35137
1.11,0.6100000000000001,0.21,4,N,35138
1.11,0.6100000000000001,0.21,5,N,35139
1.11,0.6100000000000001,0.31000000000000005,1,N,35140
1.11,0.6100000000000001,0.31000000000000005,2,N,35141
1.11,0.6100000000000001,0.31000000000000005,3,N,35142
1.11,0.6100000000000001,0.31000000000000005,4,N,35143
1.11,0.6100000000000001,0.31000000000000005,5,N,35144
1.11,0.6100000000000001,0.41,1,N,35145
1.11,0.6100000000000001,0.41,2,N,35146
1.11,0.6100000000000001,0.41,3,N,35147
1.11,0.6100000000000001,0.41,4,N,35148
1.11,0.6100000000000001,0.41,5,N,35149
1.11,0.6100000000000001,0.51,1,N,35150
1.11,0.6100000000000001,0.51,2,N,35151
1.11,0.6100000000000001,0.51,3,N,35152
1.11,0.6100000000000001,0.51,4,N,35153
1.11,0.6100000000000001,0.51,5,N,35154
1.11,0.6100000000000001,0.6100000000000001,1,N,35155
1.11,0.6100000000000001,0.6100000000000001,2,N,35156
1.11,0.6100000000000001,0.6100000000000001,3,N,35157
1.11,0.6100000000000001,0.6100000000000001,4,N,35158
1.11,0.6100000000000001,0.6100000000000001,5,N,35159
1.11,0.6100000000000001,0.7100000000000001,1,N,35160
1.11,0.6100000000000001,0.7100000000000001,2,N,35161
1.11,0.6100000000000001,0.7100000000000001,3,N,35162
1.11,0.6100000000000001,0.7100000000000001,4,N,35163
1.11,0.6100000000000001,0.7100000000000001,5,N,35164
1.11,0.6100000000000001,0.81,1,N,35165
1.11,0.6100000000000001,0.81,2,N,35166
1.11,0.6100000000000001,0.81,3,N,35167
1.11,0.6100000000000001,0.81,4,N,35168
1.11,0.6100000000000001,0.81,5,N,35169
1.11,0.6100000000000001,0.91,1,N,35170
1.11,0.6100000000000001,0.91,2,N,35171
1.11,0.6100000000000001,0.91,3,N,35172
1.11,0.6100000000000001,0.91,4,N,35173
1.11,0.6100000000000001,0.91,5,N,35174
1.11,0.6100000000000001,1.01,1,N,35175
1.11,0.6100000000000001,1.01,2,N,35176
1.11,0.6100000000000001,1.01,3,N,35177
1.11,0.6100000000000001,1.01,4,N,35178
1.11,0.6100000000000001,1.01,5,N,35179
1.11,0.6100000000000001,1.11,1,N,35180
1.11,0.6100000000000001,1.11,2,N,35181
1.11,0.6100000000000001,1.11,3,N,35182
1.11,0.6100000000000001,1.11,4,N,35183
1.11,0.6100000000000001,1.11,5,N,35184
1.11,0.6100000000000001,1.3,1,N,35185
1.11,0.6100000000000001,1.3,2,N,35186
1.11,0.6100000000000001,1.3,3,N,35187
1.11,0.6100000000000001,1.3,4,N,35188
1.11,0.6100000000000001,1.3,5,N,35189
1.11,0.6100000000000001,1.6,1,N,35190
1.11,0.6100000000000001,1.6,2,N,35191
1.11,0.6100000000000001,1.6,3,N,35192
1.11,0.6100000000000001,1.6,4,N,35193
1.11,0.6100000000000001,1.6,5,N,35194
1.11,0.6100000000000001,1.9,1,N,35195
1.11,0.6100000000000001,1.9,2,N,35196
1.11,0.6100000000000001,1.9,3,N,35197
1.11,0.6100000000000001,1.9,4,N,35198
1.11,0.6100000000000001,1.9,5,N,35199
1.11,0.6100000000000001,2.2,1,N,35200
1.11,0.6100000000000001,2.2,2,N,35201
1.11,0.6100000000000001,2.2,3,N,35202
1.11,0.6100000000000001,2.2,4,N,35203
1.11,0.6100000000000001,2.2,5,N,35204
1.11,0.6100000000000001,2.5,1,N,35205
1.11,0.6100000000000001,2.5,2,N,35206
1.11,0.6100000000000001,2.5,3,N,35207
1.11,0.6100000000000001,2.5,4,N,35208
1.11,0.6100000000000001,2.5,5,N,35209
1.11,0.6100000000000001,2.8000000000000003,1,N,35210
1.11,0.6100000000000001,2.8000000000000003,2,N,35211
1.11,0.6100000000000001,2.8000000000000003,3,N,35212
1.11,0.6100000000000001,2.8000000000000003,4,N,35213
1.11,0.6100000000000001,2.8000000000000003,5,N,35214
1.11,0.6100000000000001,3.1000000000000005,1,N,35215
1.11,0.6100000000000001,3.1000000000000005,2,N,35216
1.11,0.6100000000000001,3.1000000000000005,3,N,35217
1.11,0.6100000000000001,3.1000000000000005,4,N,35218
1.11,0.6100000000000001,3.1000000000000005,5,N,35219
1.11,0.6100000000000001,3.4000000000000004,1,N,35220
1.11,0.6100000000000001,3.4000000000000004,2,N,35221
1.11,0.6100000000000001,3.4000000000000004,3,N,35222
1.11,0.6100000000000001,3.4000000000000004,4,N,35223
1.11,0.6100000000000001,3.4000000000000004,5,N,35224
1.11,0.6100000000000001,3.7,1,N,35225
1.11,0.6100000000000001,3.7,2,N,35226
1.11,0.6100000000000001,3.7,3,N,35227
1.11,0.6100000000000001,3.7,4,N,35228
1.11,0.6100000000000001,3.7,5,N,35229
1.11,0.6100000000000001,4.0,1,N,35230
1.11,0.6100000000000001,4.0,2,N,35231
1.11,0.6100000000000001,4.0,3,N,35232
1.11,0.6100000000000001,4.0,4,N,35233
1.11,0.6100000000000001,4.0,5,N,35234
1.11,0.6100000000000001,4.300000000000002,1,N,35235
1.11,0.6100000000000001,4.300000000000002,2,N,35236
1.11,0.6100000000000001,4.300000000000002,3,N,35237
1.11,0.6100000000000001,4.300000000000002,4,N,35238
1.11,0.6100000000000001,4.300000000000002,5,N,35239
1.11,0.6100000000000001,4.6000000000000005,1,N,35240
1.11,0.6100000000000001,4.6000000000000005,2,N,35241
1.11,0.6100000000000001,4.6000000000000005,3,N,35242
1.11,0.6100000000000001,4.6000000000000005,4,N,35243
1.11,0.6100000000000001,4.6000000000000005,5,N,35244
1.11,0.6100000000000001,4.9,1,N,35245
1.11,0.6100000000000001,4.9,2,N,35246
1.11,0.6100000000000001,4.9,3,N,35247
1.11,0.6100000000000001,4.9,4,N,35248
1.11,0.6100000000000001,4.9,5,N,35249
1.11,0.7100000000000001,0.01,1,N,35250
1.11,0.7100000000000001,0.01,2,N,35251
1.11,0.7100000000000001,0.01,3,N,35252
1.11,0.7100000000000001,0.01,4,N,35253
1.11,0.7100000000000001,0.01,5,N,35254
1.11,0.7100000000000001,0.11,1,N,35255
1.11,0.7100000000000001,0.11,2,N,35256
1.11,0.7100000000000001,0.11,3,N,35257
1.11,0.7100000000000001,0.11,4,N,35258
1.11,0.7100000000000001,0.11,5,N,35259
1.11,0.7100000000000001,0.21,1,N,35260
1.11,0.7100000000000001,0.21,2,N,35261
1.11,0.7100000000000001,0.21,3,N,35262
1.11,0.7100000000000001,0.21,4,N,35263
1.11,0.7100000000000001,0.21,5,N,35264
1.11,0.7100000000000001,0.31000000000000005,1,N,35265
1.11,0.7100000000000001,0.31000000000000005,2,N,35266
1.11,0.7100000000000001,0.31000000000000005,3,N,35267
1.11,0.7100000000000001,0.31000000000000005,4,N,35268
1.11,0.7100000000000001,0.31000000000000005,5,N,35269
1.11,0.7100000000000001,0.41,1,N,35270
1.11,0.7100000000000001,0.41,2,N,35271
1.11,0.7100000000000001,0.41,3,N,35272
1.11,0.7100000000000001,0.41,4,N,35273
1.11,0.7100000000000001,0.41,5,N,35274
1.11,0.7100000000000001,0.51,1,N,35275
1.11,0.7100000000000001,0.51,2,N,35276
1.11,0.7100000000000001,0.51,3,N,35277
1.11,0.7100000000000001,0.51,4,N,35278
1.11,0.7100000000000001,0.51,5,N,35279
1.11,0.7100000000000001,0.6100000000000001,1,N,35280
1.11,0.7100000000000001,0.6100000000000001,2,N,35281
1.11,0.7100000000000001,0.6100000000000001,3,N,35282
1.11,0.7100000000000001,0.6100000000000001,4,N,35283
1.11,0.7100000000000001,0.6100000000000001,5,N,35284
1.11,0.7100000000000001,0.7100000000000001,1,N,35285
1.11,0.7100000000000001,0.7100000000000001,2,N,35286
1.11,0.7100000000000001,0.7100000000000001,3,N,35287
1.11,0.7100000000000001,0.7100000000000001,4,N,35288
1.11,0.7100000000000001,0.7100000000000001,5,N,35289
1.11,0.7100000000000001,0.81,1,N,35290
1.11,0.7100000000000001,0.81,2,N,35291
1.11,0.7100000000000001,0.81,3,N,35292
1.11,0.7100000000000001,0.81,4,N,35293
1.11,0.7100000000000001,0.81,5,N,35294
1.11,0.7100000000000001,0.91,1,N,35295
1.11,0.7100000000000001,0.91,2,N,35296
1.11,0.7100000000000001,0.91,3,N,35297
1.11,0.7100000000000001,0.91,4,N,35298
1.11,0.7100000000000001,0.91,5,N,35299
1.11,0.7100000000000001,1.01,1,N,35300
1.11,0.7100000000000001,1.01,2,N,35301
1.11,0.7100000000000001,1.01,3,N,35302
1.11,0.7100000000000001,1.01,4,N,35303
1.11,0.7100000000000001,1.01,5,N,35304
1.11,0.7100000000000001,1.11,1,N,35305
1.11,0.7100000000000001,1.11,2,N,35306
1.11,0.7100000000000001,1.11,3,N,35307
1.11,0.7100000000000001,1.11,4,N,35308
1.11,0.7100000000000001,1.11,5,N,35309
1.11,0.7100000000000001,1.3,1,N,35310
1.11,0.7100000000000001,1.3,2,N,35311
1.11,0.7100000000000001,1.3,3,N,35312
1.11,0.7100000000000001,1.3,4,N,35313
1.11,0.7100000000000001,1.3,5,N,35314
1.11,0.7100000000000001,1.6,1,N,35315
1.11,0.7100000000000001,1.6,2,N,35316
1.11,0.7100000000000001,1.6,3,N,35317
1.11,0.7100000000000001,1.6,4,N,35318
1.11,0.7100000000000001,1.6,5,N,35319
1.11,0.7100000000000001,1.9,1,N,35320
1.11,0.7100000000000001,1.9,2,N,35321
1.11,0.7100000000000001,1.9,3,N,35322
1.11,0.7100000000000001,1.9,4,N,35323
1.11,0.7100000000000001,1.9,5,N,35324
1.11,0.7100000000000001,2.2,1,N,35325
1.11,0.7100000000000001,2.2,2,N,35326
1.11,0.7100000000000001,2.2,3,N,35327
1.11,0.7100000000000001,2.2,4,N,35328
1.11,0.7100000000000001,2.2,5,N,35329
1.11,0.7100000000000001,2.5,1,N,35330
1.11,0.7100000000000001,2.5,2,N,35331
1.11,0.7100000000000001,2.5,3,N,35332
1.11,0.7100000000000001,2.5,4,N,35333
1.11,0.7100000000000001,2.5,5,N,35334
1.11,0.7100000000000001,2.8000000000000003,1,N,35335
1.11,0.7100000000000001,2.8000000000000003,2,N,35336
1.11,0.7100000000000001,2.8000000000000003,3,N,35337
1.11,0.7100000000000001,2.8000000000000003,4,N,35338
1.11,0.7100000000000001,2.8000000000000003,5,N,35339
1.11,0.7100000000000001,3.1000000000000005,1,N,35340
1.11,0.7100000000000001,3.1000000000000005,2,N,35341
1.11,0.7100000000000001,3.1000000000000005,3,N,35342
1.11,0.7100000000000001,3.1000000000000005,4,N,35343
1.11,0.7100000000000001,3.1000000000000005,5,N,35344
1.11,0.7100000000000001,3.4000000000000004,1,N,35345
1.11,0.7100000000000001,3.4000000000000004,2,N,35346
1.11,0.7100000000000001,3.4000000000000004,3,N,35347
1.11,0.7100000000000001,3.4000000000000004,4,N,35348
1.11,0.7100000000000001,3.4000000000000004,5,N,35349
1.11,0.7100000000000001,3.7,1,N,35350
1.11,0.7100000000000001,3.7,2,N,35351
1.11,0.7100000000000001,3.7,3,N,35352
1.11,0.7100000000000001,3.7,4,N,35353
1.11,0.7100000000000001,3.7,5,N,35354
1.11,0.7100000000000001,4.0,1,N,35355
1.11,0.7100000000000001,4.0,2,N,35356
1.11,0.7100000000000001,4.0,3,N,35357
1.11,0.7100000000000001,4.0,4,N,35358
1.11,0.7100000000000001,4.0,5,N,35359
1.11,0.7100000000000001,4.300000000000002,1,N,35360
1.11,0.7100000000000001,4.300000000000002,2,N,35361
1.11,0.7100000000000001,4.300000000000002,3,N,35362
1.11,0.7100000000000001,4.300000000000002,4,N,35363
1.11,0.7100000000000001,4.300000000000002,5,N,35364
1.11,0.7100000000000001,4.6000000000000005,1,N,35365
1.11,0.7100000000000001,4.6000000000000005,2,N,35366
1.11,0.7100000000000001,4.6000000000000005,3,N,35367
1.11,0.7100000000000001,4.6000000000000005,4,N,35368
1.11,0.7100000000000001,4.6000000000000005,5,N,35369
1.11,0.7100000000000001,4.9,1,N,35370
1.11,0.7100000000000001,4.9,2,N,35371
1.11,0.7100000000000001,4.9,3,N,35372
1.11,0.7100000000000001,4.9,4,N,35373
1.11,0.7100000000000001,4.9,5,N,35374
1.11,0.81,0.01,1,N,35375
1.11,0.81,0.01,2,N,35376
1.11,0.81,0.01,3,N,35377
1.11,0.81,0.01,4,N,35378
1.11,0.81,0.01,5,N,35379
1.11,0.81,0.11,1,N,35380
1.11,0.81,0.11,2,N,35381
1.11,0.81,0.11,3,N,35382
1.11,0.81,0.11,4,N,35383
1.11,0.81,0.11,5,N,35384
1.11,0.81,0.21,1,N,35385
1.11,0.81,0.21,2,N,35386
1.11,0.81,0.21,3,N,35387
1.11,0.81,0.21,4,N,35388
1.11,0.81,0.21,5,N,35389
1.11,0.81,0.31000000000000005,1,N,35390
1.11,0.81,0.31000000000000005,2,N,35391
1.11,0.81,0.31000000000000005,3,N,35392
1.11,0.81,0.31000000000000005,4,N,35393
1.11,0.81,0.31000000000000005,5,N,35394
1.11,0.81,0.41,1,N,35395
1.11,0.81,0.41,2,N,35396
1.11,0.81,0.41,3,N,35397
1.11,0.81,0.41,4,N,35398
1.11,0.81,0.41,5,N,35399
1.11,0.81,0.51,1,N,35400
1.11,0.81,0.51,2,N,35401
1.11,0.81,0.51,3,N,35402
1.11,0.81,0.51,4,N,35403
1.11,0.81,0.51,5,N,35404
1.11,0.81,0.6100000000000001,1,N,35405
1.11,0.81,0.6100000000000001,2,N,35406
1.11,0.81,0.6100000000000001,3,N,35407
1.11,0.81,0.6100000000000001,4,N,35408
1.11,0.81,0.6100000000000001,5,N,35409
1.11,0.81,0.7100000000000001,1,N,35410
1.11,0.81,0.7100000000000001,2,N,35411
1.11,0.81,0.7100000000000001,3,N,35412
1.11,0.81,0.7100000000000001,4,N,35413
1.11,0.81,0.7100000000000001,5,N,35414
1.11,0.81,0.81,1,N,35415
1.11,0.81,0.81,2,N,35416
1.11,0.81,0.81,3,N,35417
1.11,0.81,0.81,4,N,35418
1.11,0.81,0.81,5,N,35419
1.11,0.81,0.91,1,N,35420
1.11,0.81,0.91,2,N,35421
1.11,0.81,0.91,3,N,35422
1.11,0.81,0.91,4,N,35423
1.11,0.81,0.91,5,N,35424
1.11,0.81,1.01,1,N,35425
1.11,0.81,1.01,2,N,35426
1.11,0.81,1.01,3,N,35427
1.11,0.81,1.01,4,N,35428
1.11,0.81,1.01,5,N,35429
1.11,0.81,1.11,1,N,35430
1.11,0.81,1.11,2,N,35431
1.11,0.81,1.11,3,N,35432
1.11,0.81,1.11,4,N,35433
1.11,0.81,1.11,5,N,35434
1.11,0.81,1.3,1,N,35435
1.11,0.81,1.3,2,N,35436
1.11,0.81,1.3,3,N,35437
1.11,0.81,1.3,4,N,35438
1.11,0.81,1.3,5,N,35439
1.11,0.81,1.6,1,N,35440
1.11,0.81,1.6,2,N,35441
1.11,0.81,1.6,3,N,35442
1.11,0.81,1.6,4,N,35443
1.11,0.81,1.6,5,N,35444
1.11,0.81,1.9,1,N,35445
1.11,0.81,1.9,2,N,35446
1.11,0.81,1.9,3,N,35447
1.11,0.81,1.9,4,N,35448
1.11,0.81,1.9,5,N,35449
1.11,0.81,2.2,1,N,35450
1.11,0.81,2.2,2,N,35451
1.11,0.81,2.2,3,N,35452
1.11,0.81,2.2,4,N,35453
1.11,0.81,2.2,5,N,35454
1.11,0.81,2.5,1,N,35455
1.11,0.81,2.5,2,N,35456
1.11,0.81,2.5,3,N,35457
1.11,0.81,2.5,4,N,35458
1.11,0.81,2.5,5,N,35459
1.11,0.81,2.8000000000000003,1,N,35460
1.11,0.81,2.8000000000000003,2,N,35461
1.11,0.81,2.8000000000000003,3,N,35462
1.11,0.81,2.8000000000000003,4,N,35463
1.11,0.81,2.8000000000000003,5,N,35464
1.11,0.81,3.1000000000000005,1,N,35465
1.11,0.81,3.1000000000000005,2,N,35466
1.11,0.81,3.1000000000000005,3,N,35467
1.11,0.81,3.1000000000000005,4,N,35468
1.11,0.81,3.1000000000000005,5,N,35469
1.11,0.81,3.4000000000000004,1,N,35470
1.11,0.81,3.4000000000000004,2,N,35471
1.11,0.81,3.4000000000000004,3,N,35472
1.11,0.81,3.4000000000000004,4,N,35473
1.11,0.81,3.4000000000000004,5,N,35474
1.11,0.81,3.7,1,N,35475
1.11,0.81,3.7,2,N,35476
1.11,0.81,3.7,3,N,35477
1.11,0.81,3.7,4,N,35478
1.11,0.81,3.7,5,N,35479
1.11,0.81,4.0,1,N,35480
1.11,0.81,4.0,2,N,35481
1.11,0.81,4.0,3,N,35482
1.11,0.81,4.0,4,N,35483
1.11,0.81,4.0,5,N,35484
1.11,0.81,4.300000000000002,1,N,35485
1.11,0.81,4.300000000000002,2,N,35486
1.11,0.81,4.300000000000002,3,N,35487
1.11,0.81,4.300000000000002,4,N,35488
1.11,0.81,4.300000000000002,5,N,35489
1.11,0.81,4.6000000000000005,1,N,35490
1.11,0.81,4.6000000000000005,2,N,35491
1.11,0.81,4.6000000000000005,3,N,35492
1.11,0.81,4.6000000000000005,4,N,35493
1.11,0.81,4.6000000000000005,5,N,35494
1.11,0.81,4.9,1,N,35495
1.11,0.81,4.9,2,N,35496
1.11,0.81,4.9,3,N,35497
1.11,0.81,4.9,4,N,35498
1.11,0.81,4.9,5,N,35499
1.11,0.91,0.01,1,N,35500
1.11,0.91,0.01,2,N,35501
1.11,0.91,0.01,3,N,35502
1.11,0.91,0.01,4,N,35503
1.11,0.91,0.01,5,N,35504
1.11,0.91,0.11,1,N,35505
1.11,0.91,0.11,2,N,35506
1.11,0.91,0.11,3,N,35507
1.11,0.91,0.11,4,N,35508
1.11,0.91,0.11,5,N,35509
1.11,0.91,0.21,1,N,35510
1.11,0.91,0.21,2,N,35511
1.11,0.91,0.21,3,N,35512
1.11,0.91,0.21,4,N,35513
1.11,0.91,0.21,5,N,35514
1.11,0.91,0.31000000000000005,1,N,35515
1.11,0.91,0.31000000000000005,2,N,35516
1.11,0.91,0.31000000000000005,3,N,35517
1.11,0.91,0.31000000000000005,4,N,35518
1.11,0.91,0.31000000000000005,5,N,35519
1.11,0.91,0.41,1,N,35520
1.11,0.91,0.41,2,N,35521
1.11,0.91,0.41,3,N,35522
1.11,0.91,0.41,4,N,35523
1.11,0.91,0.41,5,N,35524
1.11,0.91,0.51,1,N,35525
1.11,0.91,0.51,2,N,35526
1.11,0.91,0.51,3,N,35527
1.11,0.91,0.51,4,N,35528
1.11,0.91,0.51,5,N,35529
1.11,0.91,0.6100000000000001,1,N,35530
1.11,0.91,0.6100000000000001,2,N,35531
1.11,0.91,0.6100000000000001,3,N,35532
1.11,0.91,0.6100000000000001,4,N,35533
1.11,0.91,0.6100000000000001,5,N,35534
1.11,0.91,0.7100000000000001,1,N,35535
1.11,0.91,0.7100000000000001,2,N,35536
1.11,0.91,0.7100000000000001,3,N,35537
1.11,0.91,0.7100000000000001,4,N,35538
1.11,0.91,0.7100000000000001,5,N,35539
1.11,0.91,0.81,1,N,35540
1.11,0.91,0.81,2,N,35541
1.11,0.91,0.81,3,N,35542
1.11,0.91,0.81,4,N,35543
1.11,0.91,0.81,5,N,35544
1.11,0.91,0.91,1,N,35545
1.11,0.91,0.91,2,N,35546
1.11,0.91,0.91,3,N,35547
1.11,0.91,0.91,4,N,35548
1.11,0.91,0.91,5,N,35549
1.11,0.91,1.01,1,N,35550
1.11,0.91,1.01,2,N,35551
1.11,0.91,1.01,3,N,35552
1.11,0.91,1.01,4,N,35553
1.11,0.91,1.01,5,N,35554
1.11,0.91,1.11,1,N,35555
1.11,0.91,1.11,2,N,35556
1.11,0.91,1.11,3,N,35557
1.11,0.91,1.11,4,N,35558
1.11,0.91,1.11,5,N,35559
1.11,0.91,1.3,1,N,35560
1.11,0.91,1.3,2,N,35561
1.11,0.91,1.3,3,N,35562
1.11,0.91,1.3,4,N,35563
1.11,0.91,1.3,5,N,35564
1.11,0.91,1.6,1,N,35565
1.11,0.91,1.6,2,N,35566
1.11,0.91,1.6,3,N,35567
1.11,0.91,1.6,4,N,35568
1.11,0.91,1.6,5,N,35569
1.11,0.91,1.9,1,N,35570
1.11,0.91,1.9,2,N,35571
1.11,0.91,1.9,3,N,35572
1.11,0.91,1.9,4,N,35573
1.11,0.91,1.9,5,N,35574
1.11,0.91,2.2,1,N,35575
1.11,0.91,2.2,2,N,35576
1.11,0.91,2.2,3,N,35577
1.11,0.91,2.2,4,N,35578
1.11,0.91,2.2,5,N,35579
1.11,0.91,2.5,1,N,35580
1.11,0.91,2.5,2,N,35581
1.11,0.91,2.5,3,N,35582
1.11,0.91,2.5,4,N,35583
1.11,0.91,2.5,5,N,35584
1.11,0.91,2.8000000000000003,1,N,35585
1.11,0.91,2.8000000000000003,2,N,35586
1.11,0.91,2.8000000000000003,3,N,35587
1.11,0.91,2.8000000000000003,4,N,35588
1.11,0.91,2.8000000000000003,5,N,35589
1.11,0.91,3.1000000000000005,1,N,35590
1.11,0.91,3.1000000000000005,2,N,35591
1.11,0.91,3.1000000000000005,3,N,35592
1.11,0.91,3.1000000000000005,4,N,35593
1.11,0.91,3.1000000000000005,5,N,35594
1.11,0.91,3.4000000000000004,1,N,35595
1.11,0.91,3.4000000000000004,2,N,35596
1.11,0.91,3.4000000000000004,3,N,35597
1.11,0.91,3.4000000000000004,4,N,35598
1.11,0.91,3.4000000000000004,5,N,35599
1.11,0.91,3.7,1,N,35600
1.11,0.91,3.7,2,N,35601
1.11,0.91,3.7,3,N,35602
1.11,0.91,3.7,4,N,35603
1.11,0.91,3.7,5,N,35604
1.11,0.91,4.0,1,N,35605
1.11,0.91,4.0,2,N,35606
1.11,0.91,4.0,3,N,35607
1.11,0.91,4.0,4,N,35608
1.11,0.91,4.0,5,N,35609
1.11,0.91,4.300000000000002,1,N,35610
1.11,0.91,4.300000000000002,2,N,35611
1.11,0.91,4.300000000000002,3,N,35612
1.11,0.91,4.300000000000002,4,N,35613
1.11,0.91,4.300000000000002,5,N,35614
1.11,0.91,4.6000000000000005,1,N,35615
1.11,0.91,4.6000000000000005,2,N,35616
1.11,0.91,4.6000000000000005,3,N,35617
1.11,0.91,4.6000000000000005,4,N,35618
1.11,0.91,4.6000000000000005,5,Y,35619
1.11,0.91,4.9,1,N,35620
1.11,0.91,4.9,2,N,35621
1.11,0.91,4.9,3,N,35622
1.11,0.91,4.9,4,N,35623
1.11,0.91,4.9,5,N,35624
1.11,1.01,0.01,1,N,35625
1.11,1.01,0.01,2,N,35626
1.11,1.01,0.01,3,N,35627
1.11,1.01,0.01,4,N,35628
1.11,1.01,0.01,5,N,35629
1.11,1.01,0.11,1,N,35630
1.11,1.01,0.11,2,N,35631
1.11,1.01,0.11,3,N,35632
1.11,1.01,0.11,4,N,35633
1.11,1.01,0.11,5,N,35634
1.11,1.01,0.21,1,N,35635
1.11,1.01,0.21,2,N,35636
1.11,1.01,0.21,3,N,35637
1.11,1.01,0.21,4,N,35638
1.11,1.01,0.21,5,N,35639
1.11,1.01,0.31000000000000005,1,N,35640
1.11,1.01,0.31000000000000005,2,N,35641
1.11,1.01,0.31000000000000005,3,N,35642
1.11,1.01,0.31000000000000005,4,N,35643
1.11,1.01,0.31000000000000005,5,N,35644
1.11,1.01,0.41,1,N,35645
1.11,1.01,0.41,2,N,35646
1.11,1.01,0.41,3,N,35647
1.11,1.01,0.41,4,N,35648
1.11,1.01,0.41,5,N,35649
1.11,1.01,0.51,1,N,35650
1.11,1.01,0.51,2,N,35651
1.11,1.01,0.51,3,N,35652
1.11,1.01,0.51,4,N,35653
1.11,1.01,0.51,5,N,35654
1.11,1.01,0.6100000000000001,1,N,35655
1.11,1.01,0.6100000000000001,2,N,35656
1.11,1.01,0.6100000000000001,3,N,35657
1.11,1.01,0.6100000000000001,4,N,35658
1.11,1.01,0.6100000000000001,5,N,35659
1.11,1.01,0.7100000000000001,1,N,35660
1.11,1.01,0.7100000000000001,2,N,35661
1.11,1.01,0.7100000000000001,3,N,35662
1.11,1.01,0.7100000000000001,4,N,35663
1.11,1.01,0.7100000000000001,5,N,35664
1.11,1.01,0.81,1,N,35665
1.11,1.01,0.81,2,N,35666
1.11,1.01,0.81,3,N,35667
1.11,1.01,0.81,4,N,35668
1.11,1.01,0.81,5,N,35669
1.11,1.01,0.91,1,N,35670
1.11,1.01,0.91,2,N,35671
1.11,1.01,0.91,3,N,35672
1.11,1.01,0.91,4,N,35673
1.11,1.01,0.91,5,N,35674
1.11,1.01,1.01,1,N,35675
1.11,1.01,1.01,2,N,35676
1.11,1.01,1.01,3,N,35677
1.11,1.01,1.01,4,N,35678
1.11,1.01,1.01,5,N,35679
1.11,1.01,1.11,1,N,35680
1.11,1.01,1.11,2,N,35681
1.11,1.01,1.11,3,N,35682
1.11,1.01,1.11,4,N,35683
1.11,1.01,1.11,5,N,35684
1.11,1.01,1.3,1,N,35685
1.11,1.01,1.3,2,N,35686
1.11,1.01,1.3,3,N,35687
1.11,1.01,1.3,4,N,35688
1.11,1.01,1.3,5,N,35689
1.11,1.01,1.6,1,N,35690
1.11,1.01,1.6,2,N,35691
1.11,1.01,1.6,3,N,35692
1.11,1.01,1.6,4,N,35693
1.11,1.01,1.6,5,N,35694
1.11,1.01,1.9,1,N,35695
1.11,1.01,1.9,2,N,35696
1.11,1.01,1.9,3,N,35697
1.11,1.01,1.9,4,N,35698
1.11,1.01,1.9,5,N,35699
1.11,1.01,2.2,1,N,35700
1.11,1.01,2.2,2,N,35701
1.11,1.01,2.2,3,N,35702
1.11,1.01,2.2,4,N,35703
1.11,1.01,2.2,5,N,35704
1.11,1.01,2.5,1,N,35705
1.11,1.01,2.5,2,N,35706
1.11,1.01,2.5,3,N,35707
1.11,1.01,2.5,4,N,35708
1.11,1.01,2.5,5,N,35709
1.11,1.01,2.8000000000000003,1,N,35710
1.11,1.01,2.8000000000000003,2,N,35711
1.11,1.01,2.8000000000000003,3,N,35712
1.11,1.01,2.8000000000000003,4,N,35713
1.11,1.01,2.8000000000000003,5,N,35714
1.11,1.01,3.1000000000000005,1,N,35715
1.11,1.01,3.1000000000000005,2,N,35716
1.11,1.01,3.1000000000000005,3,N,35717
1.11,1.01,3.1000000000000005,4,N,35718
1.11,1.01,3.1000000000000005,5,N,35719
1.11,1.01,3.4000000000000004,1,N,35720
1.11,1.01,3.4000000000000004,2,N,35721
1.11,1.01,3.4000000000000004,3,N,35722
1.11,1.01,3.4000000000000004,4,N,35723
1.11,1.01,3.4000000000000004,5,N,35724
1.11,1.01,3.7,1,N,35725
1.11,1.01,3.7,2,N,35726
1.11,1.01,3.7,3,N,35727
1.11,1.01,3.7,4,N,35728
1.11,1.01,3.7,5,N,35729
1.11,1.01,4.0,1,N,35730
1.11,1.01,4.0,2,N,35731
1.11,1.01,4.0,3,N,35732
1.11,1.01,4.0,4,N,35733
1.11,1.01,4.0,5,N,35734
1.11,1.01,4.300000000000002,1,N,35735
1.11,1.01,4.300000000000002,2,N,35736
1.11,1.01,4.300000000000002,3,N,35737
1.11,1.01,4.300000000000002,4,N,35738
1.11,1.01,4.300000000000002,5,N,35739
1.11,1.01,4.6000000000000005,1,N,35740
1.11,1.01,4.6000000000000005,2,N,35741
1.11,1.01,4.6000000000000005,3,N,35742
1.11,1.01,4.6000000000000005,4,N,35743
1.11,1.01,4.6000000000000005,5,N,35744
1.11,1.01,4.9,1,N,35745
1.11,1.01,4.9,2,N,35746
1.11,1.01,4.9,3,N,35747
1.11,1.01,4.9,4,N,35748
1.11,1.01,4.9,5,N,35749
1.11,1.11,0.01,1,N,35750
1.11,1.11,0.01,2,N,35751
1.11,1.11,0.01,3,N,35752
1.11,1.11,0.01,4,N,35753
1.11,1.11,0.01,5,N,35754
1.11,1.11,0.11,1,N,35755
1.11,1.11,0.11,2,N,35756
1.11,1.11,0.11,3,N,35757
1.11,1.11,0.11,4,N,35758
1.11,1.11,0.11,5,N,35759
1.11,1.11,0.21,1,N,35760
1.11,1.11,0.21,2,N,35761
1.11,1.11,0.21,3,N,35762
1.11,1.11,0.21,4,N,35763
1.11,1.11,0.21,5,N,35764
1.11,1.11,0.31000000000000005,1,N,35765
1.11,1.11,0.31000000000000005,2,N,35766
1.11,1.11,0.31000000000000005,3,N,35767
1.11,1.11,0.31000000000000005,4,N,35768
1.11,1.11,0.31000000000000005,5,N,35769
1.11,1.11,0.41,1,N,35770
1.11,1.11,0.41,2,N,35771
1.11,1.11,0.41,3,N,35772
1.11,1.11,0.41,4,N,35773
1.11,1.11,0.41,5,N,35774
1.11,1.11,0.51,1,N,35775
1.11,1.11,0.51,2,N,35776
1.11,1.11,0.51,3,N,35777
1.11,1.11,0.51,4,N,35778
1.11,1.11,0.51,5,N,35779
1.11,1.11,0.6100000000000001,1,N,35780
1.11,1.11,0.6100000000000001,2,N,35781
1.11,1.11,0.6100000000000001,3,N,35782
1.11,1.11,0.6100000000000001,4,N,35783
1.11,1.11,0.6100000000000001,5,N,35784
1.11,1.11,0.7100000000000001,1,N,35785
1.11,1.11,0.7100000000000001,2,N,35786
1.11,1.11,0.7100000000000001,3,N,35787
1.11,1.11,0.7100000000000001,4,N,35788
1.11,1.11,0.7100000000000001,5,N,35789
1.11,1.11,0.81,1,N,35790
1.11,1.11,0.81,2,N,35791
1.11,1.11,0.81,3,N,35792
1.11,1.11,0.81,4,N,35793
1.11,1.11,0.81,5,N,35794
1.11,1.11,0.91,1,N,35795
1.11,1.11,0.91,2,N,35796
1.11,1.11,0.91,3,N,35797
1.11,1.11,0.91,4,N,35798
1.11,1.11,0.91,5,N,35799
1.11,1.11,1.01,1,N,35800
1.11,1.11,1.01,2,N,35801
1.11,1.11,1.01,3,N,35802
1.11,1.11,1.01,4,N,35803
1.11,1.11,1.01,5,N,35804
1.11,1.11,1.11,1,N,35805
1.11,1.11,1.11,2,N,35806
1.11,1.11,1.11,3,N,35807
1.11,1.11,1.11,4,N,35808
1.11,1.11,1.11,5,N,35809
1.11,1.11,1.3,1,N,35810
1.11,1.11,1.3,2,N,35811
1.11,1.11,1.3,3,N,35812
1.11,1.11,1.3,4,N,35813
1.11,1.11,1.3,5,N,35814
1.11,1.11,1.6,1,N,35815
1.11,1.11,1.6,2,N,35816
1.11,1.11,1.6,3,N,35817
1.11,1.11,1.6,4,N,35818
1.11,1.11,1.6,5,N,35819
1.11,1.11,1.9,1,N,35820
1.11,1.11,1.9,2,N,35821
1.11,1.11,1.9,3,N,35822
1.11,1.11,1.9,4,N,35823
1.11,1.11,1.9,5,N,35824
1.11,1.11,2.2,1,N,35825
1.11,1.11,2.2,2,N,35826
1.11,1.11,2.2,3,N,35827
1.11,1.11,2.2,4,N,35828
1.11,1.11,2.2,5,N,35829
1.11,1.11,2.5,1,N,35830
1.11,1.11,2.5,2,N,35831
1.11,1.11,2.5,3,N,35832
1.11,1.11,2.5,4,N,35833
1.11,1.11,2.5,5,N,35834
1.11,1.11,2.8000000000000003,1,N,35835
1.11,1.11,2.8000000000000003,2,N,35836
1.11,1.11,2.8000000000000003,3,N,35837
1.11,1.11,2.8000000000000003,4,N,35838
1.11,1.11,2.8000000000000003,5,N,35839
1.11,1.11,3.1000000000000005,1,N,35840
1.11,1.11,3.1000000000000005,2,N,35841
1.11,1.11,3.1000000000000005,3,N,35842
1.11,1.11,3.1000000000000005,4,N,35843
1.11,1.11,3.1000000000000005,5,N,35844
1.11,1.11,3.4000000000000004,1,N,35845
1.11,1.11,3.4000000000000004,2,N,35846
1.11,1.11,3.4000000000000004,3,N,35847
1.11,1.11,3.4000000000000004,4,N,35848
1.11,1.11,3.4000000000000004,5,N,35849
1.11,1.11,3.7,1,N,35850
1.11,1.11,3.7,2,N,35851
1.11,1.11,3.7,3,N,35852
1.11,1.11,3.7,4,N,35853
1.11,1.11,3.7,5,N,35854
1.11,1.11,4.0,1,N,35855
1.11,1.11,4.0,2,N,35856
1.11,1.11,4.0,3,N,35857
1.11,1.11,4.0,4,N,35858
1.11,1.11,4.0,5,N,35859
1.11,1.11,4.300000000000002,1,N,35860
1.11,1.11,4.300000000000002,2,N,35861
1.11,1.11,4.300000000000002,3,N,35862
1.11,1.11,4.300000000000002,4,N,35863
1.11,1.11,4.300000000000002,5,N,35864
1.11,1.11,4.6000000000000005,1,N,35865
1.11,1.11,4.6000000000000005,2,N,35866
1.11,1.11,4.6000000000000005,3,N,35867
1.11,1.11,4.6000000000000005,4,N,35868
1.11,1.11,4.6000000000000005,5,N,35869
1.11,1.11,4.9,1,N,35870
1.11,1.11,4.9,2,N,35871
1.11,1.11,4.9,3,N,35872
1.11,1.11,4.9,4,N,35873
1.11,1.11,4.9,5,N,35874
1.11,1.3,0.01,1,N,35875
1.11,1.3,0.01,2,N,35876
1.11,1.3,0.01,3,N,35877
1.11,1.3,0.01,4,N,35878
1.11,1.3,0.01,5,N,35879
1.11,1.3,0.11,1,N,35880
1.11,1.3,0.11,2,N,35881
1.11,1.3,0.11,3,N,35882
1.11,1.3,0.11,4,N,35883
1.11,1.3,0.11,5,N,35884
1.11,1.3,0.21,1,N,35885
1.11,1.3,0.21,2,N,35886
1.11,1.3,0.21,3,N,35887
1.11,1.3,0.21,4,N,35888
1.11,1.3,0.21,5,N,35889
1.11,1.3,0.31000000000000005,1,N,35890
1.11,1.3,0.31000000000000005,2,N,35891
1.11,1.3,0.31000000000000005,3,N,35892
1.11,1.3,0.31000000000000005,4,N,35893
1.11,1.3,0.31000000000000005,5,N,35894
1.11,1.3,0.41,1,N,35895
1.11,1.3,0.41,2,N,35896
1.11,1.3,0.41,3,N,35897
1.11,1.3,0.41,4,N,35898
1.11,1.3,0.41,5,N,35899
1.11,1.3,0.51,1,N,35900
1.11,1.3,0.51,2,N,35901
1.11,1.3,0.51,3,N,35902
1.11,1.3,0.51,4,N,35903
1.11,1.3,0.51,5,N,35904
1.11,1.3,0.6100000000000001,1,N,35905
1.11,1.3,0.6100000000000001,2,N,35906
1.11,1.3,0.6100000000000001,3,N,35907
1.11,1.3,0.6100000000000001,4,N,35908
1.11,1.3,0.6100000000000001,5,N,35909
1.11,1.3,0.7100000000000001,1,N,35910
1.11,1.3,0.7100000000000001,2,N,35911
1.11,1.3,0.7100000000000001,3,N,35912
1.11,1.3,0.7100000000000001,4,N,35913
1.11,1.3,0.7100000000000001,5,N,35914
1.11,1.3,0.81,1,N,35915
1.11,1.3,0.81,2,N,35916
1.11,1.3,0.81,3,N,35917
1.11,1.3,0.81,4,N,35918
1.11,1.3,0.81,5,N,35919
1.11,1.3,0.91,1,N,35920
1.11,1.3,0.91,2,N,35921
1.11,1.3,0.91,3,N,35922
1.11,1.3,0.91,4,N,35923
1.11,1.3,0.91,5,N,35924
1.11,1.3,1.01,1,N,35925
1.11,1.3,1.01,2,N,35926
1.11,1.3,1.01,3,N,35927
1.11,1.3,1.01,4,N,35928
1.11,1.3,1.01,5,N,35929
1.11,1.3,1.11,1,N,35930
1.11,1.3,1.11,2,N,35931
1.11,1.3,1.11,3,N,35932
1.11,1.3,1.11,4,N,35933
1.11,1.3,1.11,5,N,35934
1.11,1.3,1.3,1,N,35935
1.11,1.3,1.3,2,N,35936
1.11,1.3,1.3,3,N,35937
1.11,1.3,1.3,4,N,35938
1.11,1.3,1.3,5,N,35939
1.11,1.3,1.6,1,N,35940
1.11,1.3,1.6,2,N,35941
1.11,1.3,1.6,3,N,35942
1.11,1.3,1.6,4,N,35943
1.11,1.3,1.6,5,N,35944
1.11,1.3,1.9,1,N,35945
1.11,1.3,1.9,2,N,35946
1.11,1.3,1.9,3,N,35947
1.11,1.3,1.9,4,N,35948
1.11,1.3,1.9,5,N,35949
1.11,1.3,2.2,1,N,35950
1.11,1.3,2.2,2,N,35951
1.11,1.3,2.2,3,N,35952
1.11,1.3,2.2,4,N,35953
1.11,1.3,2.2,5,N,35954
1.11,1.3,2.5,1,N,35955
1.11,1.3,2.5,2,N,35956
1.11,1.3,2.5,3,N,35957
1.11,1.3,2.5,4,N,35958
1.11,1.3,2.5,5,N,35959
1.11,1.3,2.8000000000000003,1,N,35960
1.11,1.3,2.8000000000000003,2,N,35961
1.11,1.3,2.8000000000000003,3,N,35962
1.11,1.3,2.8000000000000003,4,N,35963
1.11,1.3,2.8000000000000003,5,N,35964
1.11,1.3,3.1000000000000005,1,N,35965
1.11,1.3,3.1000000000000005,2,N,35966
1.11,1.3,3.1000000000000005,3,N,35967
1.11,1.3,3.1000000000000005,4,N,35968
1.11,1.3,3.1000000000000005,5,N,35969
1.11,1.3,3.4000000000000004,1,N,35970
1.11,1.3,3.4000000000000004,2,N,35971
1.11,1.3,3.4000000000000004,3,N,35972
1.11,1.3,3.4000000000000004,4,N,35973
1.11,1.3,3.4000000000000004,5,N,35974
1.11,1.3,3.7,1,N,35975
1.11,1.3,3.7,2,N,35976
1.11,1.3,3.7,3,N,35977
1.11,1.3,3.7,4,N,35978
1.11,1.3,3.7,5,N,35979
1.11,1.3,4.0,1,N,35980
1.11,1.3,4.0,2,N,35981
1.11,1.3,4.0,3,N,35982
1.11,1.3,4.0,4,N,35983
1.11,1.3,4.0,5,N,35984
1.11,1.3,4.300000000000002,1,N,35985
1.11,1.3,4.300000000000002,2,N,35986
1.11,1.3,4.300000000000002,3,N,35987
1.11,1.3,4.300000000000002,4,N,35988
1.11,1.3,4.300000000000002,5,N,35989
1.11,1.3,4.6000000000000005,1,N,35990
1.11,1.3,4.6000000000000005,2,N,35991
1.11,1.3,4.6000000000000005,3,N,35992
1.11,1.3,4.6000000000000005,4,N,35993
1.11,1.3,4.6000000000000005,5,N,35994
1.11,1.3,4.9,1,N,35995
1.11,1.3,4.9,2,N,35996
1.11,1.3,4.9,3,N,35997
1.11,1.3,4.9,4,N,35998
1.11,1.3,4.9,5,N,35999
1.11,1.6,0.01,1,N,36000
1.11,1.6,0.01,2,N,36001
1.11,1.6,0.01,3,N,36002
1.11,1.6,0.01,4,N,36003
1.11,1.6,0.01,5,N,36004
1.11,1.6,0.11,1,N,36005
1.11,1.6,0.11,2,N,36006
1.11,1.6,0.11,3,N,36007
1.11,1.6,0.11,4,N,36008
1.11,1.6,0.11,5,N,36009
1.11,1.6,0.21,1,N,36010
1.11,1.6,0.21,2,N,36011
1.11,1.6,0.21,3,N,36012
1.11,1.6,0.21,4,N,36013
1.11,1.6,0.21,5,N,36014
1.11,1.6,0.31000000000000005,1,N,36015
1.11,1.6,0.31000000000000005,2,N,36016
1.11,1.6,0.31000000000000005,3,N,36017
1.11,1.6,0.31000000000000005,4,N,36018
1.11,1.6,0.31000000000000005,5,N,36019
1.11,1.6,0.41,1,N,36020
1.11,1.6,0.41,2,N,36021
1.11,1.6,0.41,3,N,36022
1.11,1.6,0.41,4,N,36023
1.11,1.6,0.41,5,N,36024
1.11,1.6,0.51,1,N,36025
1.11,1.6,0.51,2,N,36026
1.11,1.6,0.51,3,N,36027
1.11,1.6,0.51,4,N,36028
1.11,1.6,0.51,5,N,36029
1.11,1.6,0.6100000000000001,1,N,36030
1.11,1.6,0.6100000000000001,2,N,36031
1.11,1.6,0.6100000000000001,3,N,36032
1.11,1.6,0.6100000000000001,4,N,36033
1.11,1.6,0.6100000000000001,5,N,36034
1.11,1.6,0.7100000000000001,1,N,36035
1.11,1.6,0.7100000000000001,2,N,36036
1.11,1.6,0.7100000000000001,3,N,36037
1.11,1.6,0.7100000000000001,4,N,36038
1.11,1.6,0.7100000000000001,5,N,36039
1.11,1.6,0.81,1,N,36040
1.11,1.6,0.81,2,N,36041
1.11,1.6,0.81,3,N,36042
1.11,1.6,0.81,4,N,36043
1.11,1.6,0.81,5,N,36044
1.11,1.6,0.91,1,N,36045
1.11,1.6,0.91,2,N,36046
1.11,1.6,0.91,3,N,36047
1.11,1.6,0.91,4,N,36048
1.11,1.6,0.91,5,N,36049
1.11,1.6,1.01,1,N,36050
1.11,1.6,1.01,2,N,36051
1.11,1.6,1.01,3,N,36052
1.11,1.6,1.01,4,N,36053
1.11,1.6,1.01,5,N,36054
1.11,1.6,1.11,1,N,36055
1.11,1.6,1.11,2,N,36056
1.11,1.6,1.11,3,N,36057
1.11,1.6,1.11,4,N,36058
1.11,1.6,1.11,5,N,36059
1.11,1.6,1.3,1,N,36060
1.11,1.6,1.3,2,N,36061
1.11,1.6,1.3,3,N,36062
1.11,1.6,1.3,4,N,36063
1.11,1.6,1.3,5,N,36064
1.11,1.6,1.6,1,N,36065
1.11,1.6,1.6,2,N,36066
1.11,1.6,1.6,3,N,36067
1.11,1.6,1.6,4,N,36068
1.11,1.6,1.6,5,N,36069
1.11,1.6,1.9,1,N,36070
1.11,1.6,1.9,2,N,36071
1.11,1.6,1.9,3,N,36072
1.11,1.6,1.9,4,N,36073
1.11,1.6,1.9,5,N,36074
1.11,1.6,2.2,1,N,36075
1.11,1.6,2.2,2,N,36076
1.11,1.6,2.2,3,N,36077
1.11,1.6,2.2,4,N,36078
1.11,1.6,2.2,5,N,36079
1.11,1.6,2.5,1,N,36080
1.11,1.6,2.5,2,N,36081
1.11,1.6,2.5,3,N,36082
1.11,1.6,2.5,4,N,36083
1.11,1.6,2.5,5,N,36084
1.11,1.6,2.8000000000000003,1,N,36085
1.11,1.6,2.8000000000000003,2,N,36086
1.11,1.6,2.8000000000000003,3,N,36087
1.11,1.6,2.8000000000000003,4,N,36088
1.11,1.6,2.8000000000000003,5,N,36089
1.11,1.6,3.1000000000000005,1,N,36090
1.11,1.6,3.1000000000000005,2,N,36091
1.11,1.6,3.1000000000000005,3,N,36092
1.11,1.6,3.1000000000000005,4,N,36093
1.11,1.6,3.1000000000000005,5,N,36094
1.11,1.6,3.4000000000000004,1,N,36095
1.11,1.6,3.4000000000000004,2,N,36096
1.11,1.6,3.4000000000000004,3,N,36097
1.11,1.6,3.4000000000000004,4,N,36098
1.11,1.6,3.4000000000000004,5,N,36099
1.11,1.6,3.7,1,N,36100
1.11,1.6,3.7,2,N,36101
1.11,1.6,3.7,3,N,36102
1.11,1.6,3.7,4,N,36103
1.11,1.6,3.7,5,N,36104
1.11,1.6,4.0,1,N,36105
1.11,1.6,4.0,2,N,36106
1.11,1.6,4.0,3,N,36107
1.11,1.6,4.0,4,N,36108
1.11,1.6,4.0,5,N,36109
1.11,1.6,4.300000000000002,1,N,36110
1.11,1.6,4.300000000000002,2,N,36111
1.11,1.6,4.300000000000002,3,N,36112
1.11,1.6,4.300000000000002,4,N,36113
1.11,1.6,4.300000000000002,5,N,36114
1.11,1.6,4.6000000000000005,1,N,36115
1.11,1.6,4.6000000000000005,2,N,36116
1.11,1.6,4.6000000000000005,3,N,36117
1.11,1.6,4.6000000000000005,4,N,36118
1.11,1.6,4.6000000000000005,5,N,36119
1.11,1.6,4.9,1,N,36120
1.11,1.6,4.9,2,N,36121
1.11,1.6,4.9,3,N,36122
1.11,1.6,4.9,4,N,36123
1.11,1.6,4.9,5,N,36124
1.11,1.9,0.01,1,N,36125
1.11,1.9,0.01,2,N,36126
1.11,1.9,0.01,3,N,36127
1.11,1.9,0.01,4,N,36128
1.11,1.9,0.01,5,N,36129
1.11,1.9,0.11,1,N,36130
1.11,1.9,0.11,2,N,36131
1.11,1.9,0.11,3,N,36132
1.11,1.9,0.11,4,N,36133
1.11,1.9,0.11,5,N,36134
1.11,1.9,0.21,1,N,36135
1.11,1.9,0.21,2,N,36136
1.11,1.9,0.21,3,N,36137
1.11,1.9,0.21,4,N,36138
1.11,1.9,0.21,5,N,36139
1.11,1.9,0.31000000000000005,1,N,36140
1.11,1.9,0.31000000000000005,2,N,36141
1.11,1.9,0.31000000000000005,3,N,36142
1.11,1.9,0.31000000000000005,4,N,36143
1.11,1.9,0.31000000000000005,5,N,36144
1.11,1.9,0.41,1,N,36145
1.11,1.9,0.41,2,N,36146
1.11,1.9,0.41,3,N,36147
1.11,1.9,0.41,4,N,36148
1.11,1.9,0.41,5,N,36149
1.11,1.9,0.51,1,N,36150
1.11,1.9,0.51,2,N,36151
1.11,1.9,0.51,3,N,36152
1.11,1.9,0.51,4,N,36153
1.11,1.9,0.51,5,N,36154
1.11,1.9,0.6100000000000001,1,N,36155
1.11,1.9,0.6100000000000001,2,N,36156
1.11,1.9,0.6100000000000001,3,N,36157
1.11,1.9,0.6100000000000001,4,N,36158
1.11,1.9,0.6100000000000001,5,N,36159
1.11,1.9,0.7100000000000001,1,N,36160
1.11,1.9,0.7100000000000001,2,N,36161
1.11,1.9,0.7100000000000001,3,N,36162
1.11,1.9,0.7100000000000001,4,N,36163
1.11,1.9,0.7100000000000001,5,N,36164
1.11,1.9,0.81,1,N,36165
1.11,1.9,0.81,2,N,36166
1.11,1.9,0.81,3,N,36167
1.11,1.9,0.81,4,N,36168
1.11,1.9,0.81,5,N,36169
1.11,1.9,0.91,1,N,36170
1.11,1.9,0.91,2,N,36171
1.11,1.9,0.91,3,N,36172
1.11,1.9,0.91,4,N,36173
1.11,1.9,0.91,5,N,36174
1.11,1.9,1.01,1,N,36175
1.11,1.9,1.01,2,N,36176
1.11,1.9,1.01,3,N,36177
1.11,1.9,1.01,4,N,36178
1.11,1.9,1.01,5,N,36179
1.11,1.9,1.11,1,N,36180
1.11,1.9,1.11,2,N,36181
1.11,1.9,1.11,3,N,36182
1.11,1.9,1.11,4,N,36183
1.11,1.9,1.11,5,N,36184
1.11,1.9,1.3,1,N,36185
1.11,1.9,1.3,2,N,36186
1.11,1.9,1.3,3,N,36187
1.11,1.9,1.3,4,N,36188
1.11,1.9,1.3,5,N,36189
1.11,1.9,1.6,1,N,36190
1.11,1.9,1.6,2,N,36191
1.11,1.9,1.6,3,N,36192
1.11,1.9,1.6,4,N,36193
1.11,1.9,1.6,5,N,36194
1.11,1.9,1.9,1,N,36195
1.11,1.9,1.9,2,N,36196
1.11,1.9,1.9,3,N,36197
1.11,1.9,1.9,4,N,36198
1.11,1.9,1.9,5,N,36199
1.11,1.9,2.2,1,N,36200
1.11,1.9,2.2,2,N,36201
1.11,1.9,2.2,3,N,36202
1.11,1.9,2.2,4,N,36203
1.11,1.9,2.2,5,N,36204
1.11,1.9,2.5,1,N,36205
1.11,1.9,2.5,2,N,36206
1.11,1.9,2.5,3,N,36207
1.11,1.9,2.5,4,N,36208
1.11,1.9,2.5,5,N,36209
1.11,1.9,2.8000000000000003,1,N,36210
1.11,1.9,2.8000000000000003,2,N,36211
1.11,1.9,2.8000000000000003,3,N,36212
1.11,1.9,2.8000000000000003,4,N,36213
1.11,1.9,2.8000000000000003,5,N,36214
1.11,1.9,3.1000000000000005,1,N,36215
1.11,1.9,3.1000000000000005,2,N,36216
1.11,1.9,3.1000000000000005,3,N,36217
1.11,1.9,3.1000000000000005,4,N,36218
1.11,1.9,3.1000000000000005,5,N,36219
1.11,1.9,3.4000000000000004,1,N,36220
1.11,1.9,3.4000000000000004,2,N,36221
1.11,1.9,3.4000000000000004,3,N,36222
1.11,1.9,3.4000000000000004,4,N,36223
1.11,1.9,3.4000000000000004,5,N,36224
1.11,1.9,3.7,1,N,36225
1.11,1.9,3.7,2,N,36226
1.11,1.9,3.7,3,N,36227
1.11,1.9,3.7,4,N,36228
1.11,1.9,3.7,5,N,36229
1.11,1.9,4.0,1,N,36230
1.11,1.9,4.0,2,N,36231
1.11,1.9,4.0,3,N,36232
1.11,1.9,4.0,4,N,36233
1.11,1.9,4.0,5,N,36234
1.11,1.9,4.300000000000002,1,N,36235
1.11,1.9,4.300000000000002,2,N,36236
1.11,1.9,4.300000000000002,3,N,36237
1.11,1.9,4.300000000000002,4,N,36238
1.11,1.9,4.300000000000002,5,N,36239
1.11,1.9,4.6000000000000005,1,N,36240
1.11,1.9,4.6000000000000005,2,N,36241
1.11,1.9,4.6000000000000005,3,N,36242
1.11,1.9,4.6000000000000005,4,N,36243
1.11,1.9,4.6000000000000005,5,N,36244
1.11,1.9,4.9,1,N,36245
1.11,1.9,4.9,2,N,36246
1.11,1.9,4.9,3,N,36247
1.11,1.9,4.9,4,N,36248
1.11,1.9,4.9,5,N,36249
1.11,2.2,0.01,1,N,36250
1.11,2.2,0.01,2,N,36251
1.11,2.2,0.01,3,N,36252
1.11,2.2,0.01,4,N,36253
1.11,2.2,0.01,5,N,36254
1.11,2.2,0.11,1,N,36255
1.11,2.2,0.11,2,N,36256
1.11,2.2,0.11,3,N,36257
1.11,2.2,0.11,4,N,36258
1.11,2.2,0.11,5,N,36259
1.11,2.2,0.21,1,N,36260
1.11,2.2,0.21,2,N,36261
1.11,2.2,0.21,3,N,36262
1.11,2.2,0.21,4,N,36263
1.11,2.2,0.21,5,N,36264
1.11,2.2,0.31000000000000005,1,N,36265
1.11,2.2,0.31000000000000005,2,N,36266
1.11,2.2,0.31000000000000005,3,N,36267
1.11,2.2,0.31000000000000005,4,N,36268
1.11,2.2,0.31000000000000005,5,N,36269
1.11,2.2,0.41,1,N,36270
1.11,2.2,0.41,2,N,36271
1.11,2.2,0.41,3,N,36272
1.11,2.2,0.41,4,N,36273
1.11,2.2,0.41,5,N,36274
1.11,2.2,0.51,1,N,36275
1.11,2.2,0.51,2,N,36276
1.11,2.2,0.51,3,N,36277
1.11,2.2,0.51,4,N,36278
1.11,2.2,0.51,5,N,36279
1.11,2.2,0.6100000000000001,1,N,36280
1.11,2.2,0.6100000000000001,2,N,36281
1.11,2.2,0.6100000000000001,3,N,36282
1.11,2.2,0.6100000000000001,4,N,36283
1.11,2.2,0.6100000000000001,5,N,36284
1.11,2.2,0.7100000000000001,1,N,36285
1.11,2.2,0.7100000000000001,2,N,36286
1.11,2.2,0.7100000000000001,3,N,36287
1.11,2.2,0.7100000000000001,4,N,36288
1.11,2.2,0.7100000000000001,5,N,36289
1.11,2.2,0.81,1,N,36290
1.11,2.2,0.81,2,N,36291
1.11,2.2,0.81,3,N,36292
1.11,2.2,0.81,4,N,36293
1.11,2.2,0.81,5,N,36294
1.11,2.2,0.91,1,N,36295
1.11,2.2,0.91,2,N,36296
1.11,2.2,0.91,3,N,36297
1.11,2.2,0.91,4,N,36298
1.11,2.2,0.91,5,N,36299
1.11,2.2,1.01,1,N,36300
1.11,2.2,1.01,2,N,36301
1.11,2.2,1.01,3,N,36302
1.11,2.2,1.01,4,N,36303
1.11,2.2,1.01,5,N,36304
1.11,2.2,1.11,1,N,36305
1.11,2.2,1.11,2,N,36306
1.11,2.2,1.11,3,N,36307
1.11,2.2,1.11,4,N,36308
1.11,2.2,1.11,5,N,36309
1.11,2.2,1.3,1,N,36310
1.11,2.2,1.3,2,N,36311
1.11,2.2,1.3,3,N,36312
1.11,2.2,1.3,4,N,36313
1.11,2.2,1.3,5,N,36314
1.11,2.2,1.6,1,N,36315
1.11,2.2,1.6,2,N,36316
1.11,2.2,1.6,3,N,36317
1.11,2.2,1.6,4,N,36318
1.11,2.2,1.6,5,N,36319
1.11,2.2,1.9,1,N,36320
1.11,2.2,1.9,2,N,36321
1.11,2.2,1.9,3,N,36322
1.11,2.2,1.9,4,N,36323
1.11,2.2,1.9,5,N,36324
1.11,2.2,2.2,1,N,36325
1.11,2.2,2.2,2,N,36326
1.11,2.2,2.2,3,N,36327
1.11,2.2,2.2,4,N,36328
1.11,2.2,2.2,5,N,36329
1.11,2.2,2.5,1,N,36330
1.11,2.2,2.5,2,N,36331
1.11,2.2,2.5,3,N,36332
1.11,2.2,2.5,4,N,36333
1.11,2.2,2.5,5,N,36334
1.11,2.2,2.8000000000000003,1,N,36335
1.11,2.2,2.8000000000000003,2,N,36336
1.11,2.2,2.8000000000000003,3,N,36337
1.11,2.2,2.8000000000000003,4,N,36338
1.11,2.2,2.8000000000000003,5,N,36339
1.11,2.2,3.1000000000000005,1,N,36340
1.11,2.2,3.1000000000000005,2,N,36341
1.11,2.2,3.1000000000000005,3,N,36342
1.11,2.2,3.1000000000000005,4,N,36343
1.11,2.2,3.1000000000000005,5,N,36344
1.11,2.2,3.4000000000000004,1,N,36345
1.11,2.2,3.4000000000000004,2,N,36346
1.11,2.2,3.4000000000000004,3,N,36347
1.11,2.2,3.4000000000000004,4,N,36348
1.11,2.2,3.4000000000000004,5,N,36349
1.11,2.2,3.7,1,N,36350
1.11,2.2,3.7,2,N,36351
1.11,2.2,3.7,3,N,36352
1.11,2.2,3.7,4,N,36353
1.11,2.2,3.7,5,N,36354
1.11,2.2,4.0,1,N,36355
1.11,2.2,4.0,2,N,36356
1.11,2.2,4.0,3,N,36357
1.11,2.2,4.0,4,N,36358
1.11,2.2,4.0,5,N,36359
1.11,2.2,4.300000000000002,1,N,36360
1.11,2.2,4.300000000000002,2,N,36361
1.11,2.2,4.300000000000002,3,N,36362
1.11,2.2,4.300000000000002,4,N,36363
1.11,2.2,4.300000000000002,5,N,36364
1.11,2.2,4.6000000000000005,1,N,36365
1.11,2.2,4.6000000000000005,2,N,36366
1.11,2.2,4.6000000000000005,3,N,36367
1.11,2.2,4.6000000000000005,4,N,36368
1.11,2.2,4.6000000000000005,5,N,36369
1.11,2.2,4.9,1,N,36370
1.11,2.2,4.9,2,N,36371
1.11,2.2,4.9,3,N,36372
1.11,2.2,4.9,4,N,36373
1.11,2.2,4.9,5,N,36374
1.11,2.5,0.01,1,N,36375
1.11,2.5,0.01,2,N,36376
1.11,2.5,0.01,3,N,36377
1.11,2.5,0.01,4,N,36378
1.11,2.5,0.01,5,N,36379
1.11,2.5,0.11,1,N,36380
1.11,2.5,0.11,2,N,36381
1.11,2.5,0.11,3,N,36382
1.11,2.5,0.11,4,N,36383
1.11,2.5,0.11,5,N,36384
1.11,2.5,0.21,1,N,36385
1.11,2.5,0.21,2,N,36386
1.11,2.5,0.21,3,N,36387
1.11,2.5,0.21,4,N,36388
1.11,2.5,0.21,5,N,36389
1.11,2.5,0.31000000000000005,1,N,36390
1.11,2.5,0.31000000000000005,2,N,36391
1.11,2.5,0.31000000000000005,3,N,36392
1.11,2.5,0.31000000000000005,4,N,36393
1.11,2.5,0.31000000000000005,5,N,36394
1.11,2.5,0.41,1,N,36395
1.11,2.5,0.41,2,N,36396
1.11,2.5,0.41,3,N,36397
1.11,2.5,0.41,4,N,36398
1.11,2.5,0.41,5,N,36399
1.11,2.5,0.51,1,N,36400
1.11,2.5,0.51,2,N,36401
1.11,2.5,0.51,3,N,36402
1.11,2.5,0.51,4,N,36403
1.11,2.5,0.51,5,N,36404
1.11,2.5,0.6100000000000001,1,N,36405
1.11,2.5,0.6100000000000001,2,N,36406
1.11,2.5,0.6100000000000001,3,N,36407
1.11,2.5,0.6100000000000001,4,N,36408
1.11,2.5,0.6100000000000001,5,N,36409
1.11,2.5,0.7100000000000001,1,N,36410
1.11,2.5,0.7100000000000001,2,N,36411
1.11,2.5,0.7100000000000001,3,N,36412
1.11,2.5,0.7100000000000001,4,N,36413
1.11,2.5,0.7100000000000001,5,N,36414
1.11,2.5,0.81,1,N,36415
1.11,2.5,0.81,2,N,36416
1.11,2.5,0.81,3,N,36417
1.11,2.5,0.81,4,N,36418
1.11,2.5,0.81,5,N,36419
1.11,2.5,0.91,1,N,36420
1.11,2.5,0.91,2,N,36421
1.11,2.5,0.91,3,N,36422
1.11,2.5,0.91,4,N,36423
1.11,2.5,0.91,5,N,36424
1.11,2.5,1.01,1,N,36425
1.11,2.5,1.01,2,N,36426
1.11,2.5,1.01,3,N,36427
1.11,2.5,1.01,4,N,36428
1.11,2.5,1.01,5,N,36429
1.11,2.5,1.11,1,N,36430
1.11,2.5,1.11,2,N,36431
1.11,2.5,1.11,3,N,36432
1.11,2.5,1.11,4,N,36433
1.11,2.5,1.11,5,N,36434
1.11,2.5,1.3,1,N,36435
1.11,2.5,1.3,2,N,36436
1.11,2.5,1.3,3,N,36437
1.11,2.5,1.3,4,N,36438
1.11,2.5,1.3,5,N,36439
1.11,2.5,1.6,1,N,36440
1.11,2.5,1.6,2,N,36441
1.11,2.5,1.6,3,N,36442
1.11,2.5,1.6,4,N,36443
1.11,2.5,1.6,5,N,36444
1.11,2.5,1.9,1,N,36445
1.11,2.5,1.9,2,N,36446
1.11,2.5,1.9,3,N,36447
1.11,2.5,1.9,4,N,36448
1.11,2.5,1.9,5,N,36449
1.11,2.5,2.2,1,N,36450
1.11,2.5,2.2,2,N,36451
1.11,2.5,2.2,3,N,36452
1.11,2.5,2.2,4,N,36453
1.11,2.5,2.2,5,N,36454
1.11,2.5,2.5,1,N,36455
1.11,2.5,2.5,2,N,36456
1.11,2.5,2.5,3,N,36457
1.11,2.5,2.5,4,N,36458
1.11,2.5,2.5,5,N,36459
1.11,2.5,2.8000000000000003,1,N,36460
1.11,2.5,2.8000000000000003,2,N,36461
1.11,2.5,2.8000000000000003,3,N,36462
1.11,2.5,2.8000000000000003,4,N,36463
1.11,2.5,2.8000000000000003,5,N,36464
1.11,2.5,3.1000000000000005,1,N,36465
1.11,2.5,3.1000000000000005,2,N,36466
1.11,2.5,3.1000000000000005,3,N,36467
1.11,2.5,3.1000000000000005,4,N,36468
1.11,2.5,3.1000000000000005,5,N,36469
1.11,2.5,3.4000000000000004,1,N,36470
1.11,2.5,3.4000000000000004,2,N,36471
1.11,2.5,3.4000000000000004,3,N,36472
1.11,2.5,3.4000000000000004,4,N,36473
1.11,2.5,3.4000000000000004,5,N,36474
1.11,2.5,3.7,1,N,36475
1.11,2.5,3.7,2,N,36476
1.11,2.5,3.7,3,N,36477
1.11,2.5,3.7,4,N,36478
1.11,2.5,3.7,5,N,36479
1.11,2.5,4.0,1,N,36480
1.11,2.5,4.0,2,N,36481
1.11,2.5,4.0,3,N,36482
1.11,2.5,4.0,4,N,36483
1.11,2.5,4.0,5,N,36484
1.11,2.5,4.300000000000002,1,N,36485
1.11,2.5,4.300000000000002,2,N,36486
1.11,2.5,4.300000000000002,3,N,36487
1.11,2.5,4.300000000000002,4,N,36488
1.11,2.5,4.300000000000002,5,N,36489
1.11,2.5,4.6000000000000005,1,N,36490
1.11,2.5,4.6000000000000005,2,N,36491
1.11,2.5,4.6000000000000005,3,N,36492
1.11,2.5,4.6000000000000005,4,N,36493
1.11,2.5,4.6000000000000005,5,N,36494
1.11,2.5,4.9,1,N,36495
1.11,2.5,4.9,2,N,36496
1.11,2.5,4.9,3,N,36497
1.11,2.5,4.9,4,N,36498
1.11,2.5,4.9,5,N,36499
1.11,2.8000000000000003,0.01,1,N,36500
1.11,2.8000000000000003,0.01,2,N,36501
1.11,2.8000000000000003,0.01,3,N,36502
1.11,2.8000000000000003,0.01,4,N,36503
1.11,2.8000000000000003,0.01,5,N,36504
1.11,2.8000000000000003,0.11,1,N,36505
1.11,2.8000000000000003,0.11,2,N,36506
1.11,2.8000000000000003,0.11,3,N,36507
1.11,2.8000000000000003,0.11,4,N,36508
1.11,2.8000000000000003,0.11,5,N,36509
1.11,2.8000000000000003,0.21,1,N,36510
1.11,2.8000000000000003,0.21,2,N,36511
1.11,2.8000000000000003,0.21,3,N,36512
1.11,2.8000000000000003,0.21,4,N,36513
1.11,2.8000000000000003,0.21,5,N,36514
1.11,2.8000000000000003,0.31000000000000005,1,N,36515
1.11,2.8000000000000003,0.31000000000000005,2,N,36516
1.11,2.8000000000000003,0.31000000000000005,3,N,36517
1.11,2.8000000000000003,0.31000000000000005,4,N,36518
1.11,2.8000000000000003,0.31000000000000005,5,N,36519
1.11,2.8000000000000003,0.41,1,N,36520
1.11,2.8000000000000003,0.41,2,N,36521
1.11,2.8000000000000003,0.41,3,N,36522
1.11,2.8000000000000003,0.41,4,N,36523
1.11,2.8000000000000003,0.41,5,N,36524
1.11,2.8000000000000003,0.51,1,N,36525
1.11,2.8000000000000003,0.51,2,N,36526
1.11,2.8000000000000003,0.51,3,N,36527
1.11,2.8000000000000003,0.51,4,N,36528
1.11,2.8000000000000003,0.51,5,N,36529
1.11,2.8000000000000003,0.6100000000000001,1,N,36530
1.11,2.8000000000000003,0.6100000000000001,2,N,36531
1.11,2.8000000000000003,0.6100000000000001,3,N,36532
1.11,2.8000000000000003,0.6100000000000001,4,N,36533
1.11,2.8000000000000003,0.6100000000000001,5,N,36534
1.11,2.8000000000000003,0.7100000000000001,1,N,36535
1.11,2.8000000000000003,0.7100000000000001,2,N,36536
1.11,2.8000000000000003,0.7100000000000001,3,N,36537
1.11,2.8000000000000003,0.7100000000000001,4,N,36538
1.11,2.8000000000000003,0.7100000000000001,5,N,36539
1.11,2.8000000000000003,0.81,1,N,36540
1.11,2.8000000000000003,0.81,2,N,36541
1.11,2.8000000000000003,0.81,3,N,36542
1.11,2.8000000000000003,0.81,4,N,36543
1.11,2.8000000000000003,0.81,5,N,36544
1.11,2.8000000000000003,0.91,1,N,36545
1.11,2.8000000000000003,0.91,2,N,36546
1.11,2.8000000000000003,0.91,3,N,36547
1.11,2.8000000000000003,0.91,4,N,36548
1.11,2.8000000000000003,0.91,5,N,36549
1.11,2.8000000000000003,1.01,1,N,36550
1.11,2.8000000000000003,1.01,2,N,36551
1.11,2.8000000000000003,1.01,3,N,36552
1.11,2.8000000000000003,1.01,4,N,36553
1.11,2.8000000000000003,1.01,5,N,36554
1.11,2.8000000000000003,1.11,1,N,36555
1.11,2.8000000000000003,1.11,2,N,36556
1.11,2.8000000000000003,1.11,3,N,36557
1.11,2.8000000000000003,1.11,4,N,36558
1.11,2.8000000000000003,1.11,5,N,36559
1.11,2.8000000000000003,1.3,1,N,36560
1.11,2.8000000000000003,1.3,2,N,36561
1.11,2.8000000000000003,1.3,3,N,36562
1.11,2.8000000000000003,1.3,4,N,36563
1.11,2.8000000000000003,1.3,5,N,36564
1.11,2.8000000000000003,1.6,1,N,36565
1.11,2.8000000000000003,1.6,2,N,36566
1.11,2.8000000000000003,1.6,3,N,36567
1.11,2.8000000000000003,1.6,4,N,36568
1.11,2.8000000000000003,1.6,5,N,36569
1.11,2.8000000000000003,1.9,1,N,36570
1.11,2.8000000000000003,1.9,2,N,36571
1.11,2.8000000000000003,1.9,3,N,36572
1.11,2.8000000000000003,1.9,4,N,36573
1.11,2.8000000000000003,1.9,5,N,36574
1.11,2.8000000000000003,2.2,1,N,36575
1.11,2.8000000000000003,2.2,2,N,36576
1.11,2.8000000000000003,2.2,3,N,36577
1.11,2.8000000000000003,2.2,4,N,36578
1.11,2.8000000000000003,2.2,5,N,36579
1.11,2.8000000000000003,2.5,1,N,36580
1.11,2.8000000000000003,2.5,2,N,36581
1.11,2.8000000000000003,2.5,3,N,36582
1.11,2.8000000000000003,2.5,4,N,36583
1.11,2.8000000000000003,2.5,5,N,36584
1.11,2.8000000000000003,2.8000000000000003,1,N,36585
1.11,2.8000000000000003,2.8000000000000003,2,N,36586
1.11,2.8000000000000003,2.8000000000000003,3,N,36587
1.11,2.8000000000000003,2.8000000000000003,4,N,36588
1.11,2.8000000000000003,2.8000000000000003,5,N,36589
1.11,2.8000000000000003,3.1000000000000005,1,N,36590
1.11,2.8000000000000003,3.1000000000000005,2,N,36591
1.11,2.8000000000000003,3.1000000000000005,3,N,36592
1.11,2.8000000000000003,3.1000000000000005,4,N,36593
1.11,2.8000000000000003,3.1000000000000005,5,N,36594
1.11,2.8000000000000003,3.4000000000000004,1,N,36595
1.11,2.8000000000000003,3.4000000000000004,2,N,36596
1.11,2.8000000000000003,3.4000000000000004,3,N,36597
1.11,2.8000000000000003,3.4000000000000004,4,N,36598
1.11,2.8000000000000003,3.4000000000000004,5,N,36599
1.11,2.8000000000000003,3.7,1,N,36600
1.11,2.8000000000000003,3.7,2,N,36601
1.11,2.8000000000000003,3.7,3,N,36602
1.11,2.8000000000000003,3.7,4,N,36603
1.11,2.8000000000000003,3.7,5,N,36604
1.11,2.8000000000000003,4.0,1,N,36605
1.11,2.8000000000000003,4.0,2,N,36606
1.11,2.8000000000000003,4.0,3,N,36607
1.11,2.8000000000000003,4.0,4,N,36608
1.11,2.8000000000000003,4.0,5,N,36609
1.11,2.8000000000000003,4.300000000000002,1,N,36610
1.11,2.8000000000000003,4.300000000000002,2,N,36611
1.11,2.8000000000000003,4.300000000000002,3,N,36612
1.11,2.8000000000000003,4.300000000000002,4,N,36613
1.11,2.8000000000000003,4.300000000000002,5,N,36614
1.11,2.8000000000000003,4.6000000000000005,1,N,36615
1.11,2.8000000000000003,4.6000000000000005,2,N,36616
1.11,2.8000000000000003,4.6000000000000005,3,N,36617
1.11,2.8000000000000003,4.6000000000000005,4,N,36618
1.11,2.8000000000000003,4.6000000000000005,5,N,36619
1.11,2.8000000000000003,4.9,1,N,36620
1.11,2.8000000000000003,4.9,2,N,36621
1.11,2.8000000000000003,4.9,3,N,36622
1.11,2.8000000000000003,4.9,4,N,36623
1.11,2.8000000000000003,4.9,5,N,36624
1.11,3.1000000000000005,0.01,1,N,36625
1.11,3.1000000000000005,0.01,2,N,36626
1.11,3.1000000000000005,0.01,3,N,36627
1.11,3.1000000000000005,0.01,4,N,36628
1.11,3.1000000000000005,0.01,5,N,36629
1.11,3.1000000000000005,0.11,1,N,36630
1.11,3.1000000000000005,0.11,2,N,36631
1.11,3.1000000000000005,0.11,3,N,36632
1.11,3.1000000000000005,0.11,4,N,36633
1.11,3.1000000000000005,0.11,5,N,36634
1.11,3.1000000000000005,0.21,1,N,36635
1.11,3.1000000000000005,0.21,2,N,36636
1.11,3.1000000000000005,0.21,3,N,36637
1.11,3.1000000000000005,0.21,4,N,36638
1.11,3.1000000000000005,0.21,5,N,36639
1.11,3.1000000000000005,0.31000000000000005,1,N,36640
1.11,3.1000000000000005,0.31000000000000005,2,N,36641
1.11,3.1000000000000005,0.31000000000000005,3,N,36642
1.11,3.1000000000000005,0.31000000000000005,4,N,36643
1.11,3.1000000000000005,0.31000000000000005,5,N,36644
1.11,3.1000000000000005,0.41,1,N,36645
1.11,3.1000000000000005,0.41,2,N,36646
1.11,3.1000000000000005,0.41,3,N,36647
1.11,3.1000000000000005,0.41,4,N,36648
1.11,3.1000000000000005,0.41,5,N,36649
1.11,3.1000000000000005,0.51,1,N,36650
1.11,3.1000000000000005,0.51,2,N,36651
1.11,3.1000000000000005,0.51,3,N,36652
1.11,3.1000000000000005,0.51,4,N,36653
1.11,3.1000000000000005,0.51,5,N,36654
1.11,3.1000000000000005,0.6100000000000001,1,N,36655
1.11,3.1000000000000005,0.6100000000000001,2,N,36656
1.11,3.1000000000000005,0.6100000000000001,3,N,36657
1.11,3.1000000000000005,0.6100000000000001,4,N,36658
1.11,3.1000000000000005,0.6100000000000001,5,N,36659
1.11,3.1000000000000005,0.7100000000000001,1,N,36660
1.11,3.1000000000000005,0.7100000000000001,2,N,36661
1.11,3.1000000000000005,0.7100000000000001,3,N,36662
1.11,3.1000000000000005,0.7100000000000001,4,N,36663
1.11,3.1000000000000005,0.7100000000000001,5,N,36664
1.11,3.1000000000000005,0.81,1,N,36665
1.11,3.1000000000000005,0.81,2,N,36666
1.11,3.1000000000000005,0.81,3,N,36667
1.11,3.1000000000000005,0.81,4,N,36668
1.11,3.1000000000000005,0.81,5,N,36669
1.11,3.1000000000000005,0.91,1,N,36670
1.11,3.1000000000000005,0.91,2,N,36671
1.11,3.1000000000000005,0.91,3,N,36672
1.11,3.1000000000000005,0.91,4,N,36673
1.11,3.1000000000000005,0.91,5,N,36674
1.11,3.1000000000000005,1.01,1,N,36675
1.11,3.1000000000000005,1.01,2,N,36676
1.11,3.1000000000000005,1.01,3,N,36677
1.11,3.1000000000000005,1.01,4,N,36678
1.11,3.1000000000000005,1.01,5,N,36679
1.11,3.1000000000000005,1.11,1,N,36680
1.11,3.1000000000000005,1.11,2,N,36681
1.11,3.1000000000000005,1.11,3,N,36682
1.11,3.1000000000000005,1.11,4,N,36683
1.11,3.1000000000000005,1.11,5,N,36684
1.11,3.1000000000000005,1.3,1,N,36685
1.11,3.1000000000000005,1.3,2,N,36686
1.11,3.1000000000000005,1.3,3,N,36687
1.11,3.1000000000000005,1.3,4,N,36688
1.11,3.1000000000000005,1.3,5,N,36689
1.11,3.1000000000000005,1.6,1,N,36690
1.11,3.1000000000000005,1.6,2,N,36691
1.11,3.1000000000000005,1.6,3,N,36692
1.11,3.1000000000000005,1.6,4,N,36693
1.11,3.1000000000000005,1.6,5,N,36694
1.11,3.1000000000000005,1.9,1,N,36695
1.11,3.1000000000000005,1.9,2,N,36696
1.11,3.1000000000000005,1.9,3,N,36697
1.11,3.1000000000000005,1.9,4,N,36698
1.11,3.1000000000000005,1.9,5,N,36699
1.11,3.1000000000000005,2.2,1,N,36700
1.11,3.1000000000000005,2.2,2,N,36701
1.11,3.1000000000000005,2.2,3,N,36702
1.11,3.1000000000000005,2.2,4,N,36703
1.11,3.1000000000000005,2.2,5,N,36704
1.11,3.1000000000000005,2.5,1,N,36705
1.11,3.1000000000000005,2.5,2,N,36706
1.11,3.1000000000000005,2.5,3,N,36707
1.11,3.1000000000000005,2.5,4,N,36708
1.11,3.1000000000000005,2.5,5,N,36709
1.11,3.1000000000000005,2.8000000000000003,1,N,36710
1.11,3.1000000000000005,2.8000000000000003,2,N,36711
1.11,3.1000000000000005,2.8000000000000003,3,N,36712
1.11,3.1000000000000005,2.8000000000000003,4,N,36713
1.11,3.1000000000000005,2.8000000000000003,5,N,36714
1.11,3.1000000000000005,3.1000000000000005,1,N,36715
1.11,3.1000000000000005,3.1000000000000005,2,N,36716
1.11,3.1000000000000005,3.1000000000000005,3,N,36717
1.11,3.1000000000000005,3.1000000000000005,4,N,36718
1.11,3.1000000000000005,3.1000000000000005,5,N,36719
1.11,3.1000000000000005,3.4000000000000004,1,N,36720
1.11,3.1000000000000005,3.4000000000000004,2,N,36721
1.11,3.1000000000000005,3.4000000000000004,3,N,36722
1.11,3.1000000000000005,3.4000000000000004,4,N,36723
1.11,3.1000000000000005,3.4000000000000004,5,N,36724
1.11,3.1000000000000005,3.7,1,N,36725
1.11,3.1000000000000005,3.7,2,N,36726
1.11,3.1000000000000005,3.7,3,N,36727
1.11,3.1000000000000005,3.7,4,N,36728
1.11,3.1000000000000005,3.7,5,N,36729
1.11,3.1000000000000005,4.0,1,N,36730
1.11,3.1000000000000005,4.0,2,N,36731
1.11,3.1000000000000005,4.0,3,N,36732
1.11,3.1000000000000005,4.0,4,N,36733
1.11,3.1000000000000005,4.0,5,N,36734
1.11,3.1000000000000005,4.300000000000002,1,N,36735
1.11,3.1000000000000005,4.300000000000002,2,N,36736
1.11,3.1000000000000005,4.300000000000002,3,N,36737
1.11,3.1000000000000005,4.300000000000002,4,N,36738
1.11,3.1000000000000005,4.300000000000002,5,N,36739
1.11,3.1000000000000005,4.6000000000000005,1,N,36740
1.11,3.1000000000000005,4.6000000000000005,2,N,36741
1.11,3.1000000000000005,4.6000000000000005,3,N,36742
1.11,3.1000000000000005,4.6000000000000005,4,N,36743
1.11,3.1000000000000005,4.6000000000000005,5,N,36744
1.11,3.1000000000000005,4.9,1,N,36745
1.11,3.1000000000000005,4.9,2,N,36746
1.11,3.1000000000000005,4.9,3,N,36747
1.11,3.1000000000000005,4.9,4,N,36748
1.11,3.1000000000000005,4.9,5,N,36749
1.11,3.4000000000000004,0.01,1,N,36750
1.11,3.4000000000000004,0.01,2,N,36751
1.11,3.4000000000000004,0.01,3,N,36752
1.11,3.4000000000000004,0.01,4,N,36753
1.11,3.4000000000000004,0.01,5,N,36754
1.11,3.4000000000000004,0.11,1,N,36755
1.11,3.4000000000000004,0.11,2,N,36756
1.11,3.4000000000000004,0.11,3,N,36757
1.11,3.4000000000000004,0.11,4,N,36758
1.11,3.4000000000000004,0.11,5,N,36759
1.11,3.4000000000000004,0.21,1,N,36760
1.11,3.4000000000000004,0.21,2,N,36761
1.11,3.4000000000000004,0.21,3,N,36762
1.11,3.4000000000000004,0.21,4,N,36763
1.11,3.4000000000000004,0.21,5,N,36764
1.11,3.4000000000000004,0.31000000000000005,1,N,36765
1.11,3.4000000000000004,0.31000000000000005,2,N,36766
1.11,3.4000000000000004,0.31000000000000005,3,N,36767
1.11,3.4000000000000004,0.31000000000000005,4,N,36768
1.11,3.4000000000000004,0.31000000000000005,5,N,36769
1.11,3.4000000000000004,0.41,1,N,36770
1.11,3.4000000000000004,0.41,2,N,36771
1.11,3.4000000000000004,0.41,3,N,36772
1.11,3.4000000000000004,0.41,4,N,36773
1.11,3.4000000000000004,0.41,5,N,36774
1.11,3.4000000000000004,0.51,1,N,36775
1.11,3.4000000000000004,0.51,2,N,36776
1.11,3.4000000000000004,0.51,3,N,36777
1.11,3.4000000000000004,0.51,4,N,36778
1.11,3.4000000000000004,0.51,5,N,36779
1.11,3.4000000000000004,0.6100000000000001,1,N,36780
1.11,3.4000000000000004,0.6100000000000001,2,N,36781
1.11,3.4000000000000004,0.6100000000000001,3,N,36782
1.11,3.4000000000000004,0.6100000000000001,4,N,36783
1.11,3.4000000000000004,0.6100000000000001,5,N,36784
1.11,3.4000000000000004,0.7100000000000001,1,N,36785
1.11,3.4000000000000004,0.7100000000000001,2,N,36786
1.11,3.4000000000000004,0.7100000000000001,3,N,36787
1.11,3.4000000000000004,0.7100000000000001,4,N,36788
1.11,3.4000000000000004,0.7100000000000001,5,N,36789
1.11,3.4000000000000004,0.81,1,N,36790
1.11,3.4000000000000004,0.81,2,N,36791
1.11,3.4000000000000004,0.81,3,N,36792
1.11,3.4000000000000004,0.81,4,N,36793
1.11,3.4000000000000004,0.81,5,N,36794
1.11,3.4000000000000004,0.91,1,N,36795
1.11,3.4000000000000004,0.91,2,N,36796
1.11,3.4000000000000004,0.91,3,N,36797
1.11,3.4000000000000004,0.91,4,N,36798
1.11,3.4000000000000004,0.91,5,N,36799
1.11,3.4000000000000004,1.01,1,N,36800
1.11,3.4000000000000004,1.01,2,N,36801
1.11,3.4000000000000004,1.01,3,N,36802
1.11,3.4000000000000004,1.01,4,N,36803
1.11,3.4000000000000004,1.01,5,N,36804
1.11,3.4000000000000004,1.11,1,N,36805
1.11,3.4000000000000004,1.11,2,N,36806
1.11,3.4000000000000004,1.11,3,N,36807
1.11,3.4000000000000004,1.11,4,N,36808
1.11,3.4000000000000004,1.11,5,N,36809
1.11,3.4000000000000004,1.3,1,N,36810
1.11,3.4000000000000004,1.3,2,N,36811
1.11,3.4000000000000004,1.3,3,N,36812
1.11,3.4000000000000004,1.3,4,N,36813
1.11,3.4000000000000004,1.3,5,N,36814
1.11,3.4000000000000004,1.6,1,N,36815
1.11,3.4000000000000004,1.6,2,N,36816
1.11,3.4000000000000004,1.6,3,N,36817
1.11,3.4000000000000004,1.6,4,N,36818
1.11,3.4000000000000004,1.6,5,N,36819
1.11,3.4000000000000004,1.9,1,N,36820
1.11,3.4000000000000004,1.9,2,N,36821
1.11,3.4000000000000004,1.9,3,N,36822
1.11,3.4000000000000004,1.9,4,N,36823
1.11,3.4000000000000004,1.9,5,N,36824
1.11,3.4000000000000004,2.2,1,N,36825
1.11,3.4000000000000004,2.2,2,N,36826
1.11,3.4000000000000004,2.2,3,N,36827
1.11,3.4000000000000004,2.2,4,N,36828
1.11,3.4000000000000004,2.2,5,N,36829
1.11,3.4000000000000004,2.5,1,N,36830
1.11,3.4000000000000004,2.5,2,N,36831
1.11,3.4000000000000004,2.5,3,N,36832
1.11,3.4000000000000004,2.5,4,N,36833
1.11,3.4000000000000004,2.5,5,N,36834
1.11,3.4000000000000004,2.8000000000000003,1,N,36835
1.11,3.4000000000000004,2.8000000000000003,2,N,36836
1.11,3.4000000000000004,2.8000000000000003,3,N,36837
1.11,3.4000000000000004,2.8000000000000003,4,N,36838
1.11,3.4000000000000004,2.8000000000000003,5,N,36839
1.11,3.4000000000000004,3.1000000000000005,1,N,36840
1.11,3.4000000000000004,3.1000000000000005,2,N,36841
1.11,3.4000000000000004,3.1000000000000005,3,N,36842
1.11,3.4000000000000004,3.1000000000000005,4,N,36843
1.11,3.4000000000000004,3.1000000000000005,5,N,36844
1.11,3.4000000000000004,3.4000000000000004,1,N,36845
1.11,3.4000000000000004,3.4000000000000004,2,N,36846
1.11,3.4000000000000004,3.4000000000000004,3,N,36847
1.11,3.4000000000000004,3.4000000000000004,4,N,36848
1.11,3.4000000000000004,3.4000000000000004,5,N,36849
1.11,3.4000000000000004,3.7,1,N,36850
1.11,3.4000000000000004,3.7,2,N,36851
1.11,3.4000000000000004,3.7,3,N,36852
1.11,3.4000000000000004,3.7,4,N,36853
1.11,3.4000000000000004,3.7,5,N,36854
1.11,3.4000000000000004,4.0,1,N,36855
1.11,3.4000000000000004,4.0,2,N,36856
1.11,3.4000000000000004,4.0,3,N,36857
1.11,3.4000000000000004,4.0,4,N,36858
1.11,3.4000000000000004,4.0,5,N,36859
1.11,3.4000000000000004,4.300000000000002,1,N,36860
1.11,3.4000000000000004,4.300000000000002,2,N,36861
1.11,3.4000000000000004,4.300000000000002,3,N,36862
1.11,3.4000000000000004,4.300000000000002,4,N,36863
1.11,3.4000000000000004,4.300000000000002,5,N,36864
1.11,3.4000000000000004,4.6000000000000005,1,N,36865
1.11,3.4000000000000004,4.6000000000000005,2,N,36866
1.11,3.4000000000000004,4.6000000000000005,3,N,36867
1.11,3.4000000000000004,4.6000000000000005,4,N,36868
1.11,3.4000000000000004,4.6000000000000005,5,N,36869
1.11,3.4000000000000004,4.9,1,N,36870
1.11,3.4000000000000004,4.9,2,N,36871
1.11,3.4000000000000004,4.9,3,N,36872
1.11,3.4000000000000004,4.9,4,N,36873
1.11,3.4000000000000004,4.9,5,N,36874
1.11,3.7,0.01,1,N,36875
1.11,3.7,0.01,2,N,36876
1.11,3.7,0.01,3,N,36877
1.11,3.7,0.01,4,N,36878
1.11,3.7,0.01,5,N,36879
1.11,3.7,0.11,1,N,36880
1.11,3.7,0.11,2,N,36881
1.11,3.7,0.11,3,N,36882
1.11,3.7,0.11,4,N,36883
1.11,3.7,0.11,5,N,36884
1.11,3.7,0.21,1,N,36885
1.11,3.7,0.21,2,N,36886
1.11,3.7,0.21,3,N,36887
1.11,3.7,0.21,4,N,36888
1.11,3.7,0.21,5,N,36889
1.11,3.7,0.31000000000000005,1,N,36890
1.11,3.7,0.31000000000000005,2,N,36891
1.11,3.7,0.31000000000000005,3,N,36892
1.11,3.7,0.31000000000000005,4,N,36893
1.11,3.7,0.31000000000000005,5,N,36894
1.11,3.7,0.41,1,N,36895
1.11,3.7,0.41,2,N,36896
1.11,3.7,0.41,3,N,36897
1.11,3.7,0.41,4,N,36898
1.11,3.7,0.41,5,N,36899
1.11,3.7,0.51,1,N,36900
1.11,3.7,0.51,2,N,36901
1.11,3.7,0.51,3,N,36902
1.11,3.7,0.51,4,N,36903
1.11,3.7,0.51,5,N,36904
1.11,3.7,0.6100000000000001,1,N,36905
1.11,3.7,0.6100000000000001,2,N,36906
1.11,3.7,0.6100000000000001,3,N,36907
1.11,3.7,0.6100000000000001,4,N,36908
1.11,3.7,0.6100000000000001,5,N,36909
1.11,3.7,0.7100000000000001,1,N,36910
1.11,3.7,0.7100000000000001,2,N,36911
1.11,3.7,0.7100000000000001,3,N,36912
1.11,3.7,0.7100000000000001,4,N,36913
1.11,3.7,0.7100000000000001,5,N,36914
1.11,3.7,0.81,1,N,36915
1.11,3.7,0.81,2,N,36916
1.11,3.7,0.81,3,N,36917
1.11,3.7,0.81,4,N,36918
1.11,3.7,0.81,5,N,36919
1.11,3.7,0.91,1,N,36920
1.11,3.7,0.91,2,N,36921
1.11,3.7,0.91,3,N,36922
1.11,3.7,0.91,4,N,36923
1.11,3.7,0.91,5,N,36924
1.11,3.7,1.01,1,N,36925
1.11,3.7,1.01,2,N,36926
1.11,3.7,1.01,3,N,36927
1.11,3.7,1.01,4,N,36928
1.11,3.7,1.01,5,N,36929
1.11,3.7,1.11,1,N,36930
1.11,3.7,1.11,2,N,36931
1.11,3.7,1.11,3,N,36932
1.11,3.7,1.11,4,N,36933
1.11,3.7,1.11,5,N,36934
1.11,3.7,1.3,1,N,36935
1.11,3.7,1.3,2,N,36936
1.11,3.7,1.3,3,N,36937
1.11,3.7,1.3,4,N,36938
1.11,3.7,1.3,5,N,36939
1.11,3.7,1.6,1,N,36940
1.11,3.7,1.6,2,N,36941
1.11,3.7,1.6,3,N,36942
1.11,3.7,1.6,4,N,36943
1.11,3.7,1.6,5,N,36944
1.11,3.7,1.9,1,N,36945
1.11,3.7,1.9,2,N,36946
1.11,3.7,1.9,3,N,36947
1.11,3.7,1.9,4,N,36948
1.11,3.7,1.9,5,N,36949
1.11,3.7,2.2,1,N,36950
1.11,3.7,2.2,2,N,36951
1.11,3.7,2.2,3,N,36952
1.11,3.7,2.2,4,N,36953
1.11,3.7,2.2,5,N,36954
1.11,3.7,2.5,1,N,36955
1.11,3.7,2.5,2,N,36956
1.11,3.7,2.5,3,N,36957
1.11,3.7,2.5,4,N,36958
1.11,3.7,2.5,5,N,36959
1.11,3.7,2.8000000000000003,1,N,36960
1.11,3.7,2.8000000000000003,2,N,36961
1.11,3.7,2.8000000000000003,3,N,36962
1.11,3.7,2.8000000000000003,4,N,36963
1.11,3.7,2.8000000000000003,5,N,36964
1.11,3.7,3.1000000000000005,1,N,36965
1.11,3.7,3.1000000000000005,2,N,36966
1.11,3.7,3.1000000000000005,3,N,36967
1.11,3.7,3.1000000000000005,4,N,36968
1.11,3.7,3.1000000000000005,5,N,36969
1.11,3.7,3.4000000000000004,1,N,36970
1.11,3.7,3.4000000000000004,2,N,36971
1.11,3.7,3.4000000000000004,3,N,36972
1.11,3.7,3.4000000000000004,4,N,36973
1.11,3.7,3.4000000000000004,5,N,36974
1.11,3.7,3.7,1,N,36975
1.11,3.7,3.7,2,N,36976
1.11,3.7,3.7,3,N,36977
1.11,3.7,3.7,4,N,36978
1.11,3.7,3.7,5,N,36979
1.11,3.7,4.0,1,N,36980
1.11,3.7,4.0,2,N,36981
1.11,3.7,4.0,3,N,36982
1.11,3.7,4.0,4,N,36983
1.11,3.7,4.0,5,N,36984
1.11,3.7,4.300000000000002,1,N,36985
1.11,3.7,4.300000000000002,2,N,36986
1.11,3.7,4.300000000000002,3,N,36987
1.11,3.7,4.300000000000002,4,N,36988
1.11,3.7,4.300000000000002,5,N,36989
1.11,3.7,4.6000000000000005,1,N,36990
1.11,3.7,4.6000000000000005,2,N,36991
1.11,3.7,4.6000000000000005,3,N,36992
1.11,3.7,4.6000000000000005,4,N,36993
1.11,3.7,4.6000000000000005,5,N,36994
1.11,3.7,4.9,1,N,36995
1.11,3.7,4.9,2,N,36996
1.11,3.7,4.9,3,N,36997
1.11,3.7,4.9,4,N,36998
1.11,3.7,4.9,5,N,36999
1.11,4.0,0.01,1,N,37000
1.11,4.0,0.01,2,N,37001
1.11,4.0,0.01,3,N,37002
1.11,4.0,0.01,4,N,37003
1.11,4.0,0.01,5,N,37004
1.11,4.0,0.11,1,N,37005
1.11,4.0,0.11,2,N,37006
1.11,4.0,0.11,3,N,37007
1.11,4.0,0.11,4,N,37008
1.11,4.0,0.11,5,N,37009
1.11,4.0,0.21,1,N,37010
1.11,4.0,0.21,2,N,37011
1.11,4.0,0.21,3,N,37012
1.11,4.0,0.21,4,N,37013
1.11,4.0,0.21,5,N,37014
1.11,4.0,0.31000000000000005,1,N,37015
1.11,4.0,0.31000000000000005,2,N,37016
1.11,4.0,0.31000000000000005,3,N,37017
1.11,4.0,0.31000000000000005,4,N,37018
1.11,4.0,0.31000000000000005,5,N,37019
1.11,4.0,0.41,1,N,37020
1.11,4.0,0.41,2,N,37021
1.11,4.0,0.41,3,N,37022
1.11,4.0,0.41,4,N,37023
1.11,4.0,0.41,5,N,37024
1.11,4.0,0.51,1,N,37025
1.11,4.0,0.51,2,N,37026
1.11,4.0,0.51,3,N,37027
1.11,4.0,0.51,4,N,37028
1.11,4.0,0.51,5,N,37029
1.11,4.0,0.6100000000000001,1,N,37030
1.11,4.0,0.6100000000000001,2,N,37031
1.11,4.0,0.6100000000000001,3,N,37032
1.11,4.0,0.6100000000000001,4,N,37033
1.11,4.0,0.6100000000000001,5,N,37034
1.11,4.0,0.7100000000000001,1,N,37035
1.11,4.0,0.7100000000000001,2,N,37036
1.11,4.0,0.7100000000000001,3,N,37037
1.11,4.0,0.7100000000000001,4,N,37038
1.11,4.0,0.7100000000000001,5,N,37039
1.11,4.0,0.81,1,N,37040
1.11,4.0,0.81,2,N,37041
1.11,4.0,0.81,3,N,37042
1.11,4.0,0.81,4,N,37043
1.11,4.0,0.81,5,N,37044
1.11,4.0,0.91,1,N,37045
1.11,4.0,0.91,2,N,37046
1.11,4.0,0.91,3,N,37047
1.11,4.0,0.91,4,N,37048
1.11,4.0,0.91,5,N,37049
1.11,4.0,1.01,1,N,37050
1.11,4.0,1.01,2,N,37051
1.11,4.0,1.01,3,N,37052
1.11,4.0,1.01,4,N,37053
1.11,4.0,1.01,5,N,37054
1.11,4.0,1.11,1,N,37055
1.11,4.0,1.11,2,N,37056
1.11,4.0,1.11,3,N,37057
1.11,4.0,1.11,4,N,37058
1.11,4.0,1.11,5,N,37059
1.11,4.0,1.3,1,N,37060
1.11,4.0,1.3,2,N,37061
1.11,4.0,1.3,3,N,37062
1.11,4.0,1.3,4,N,37063
1.11,4.0,1.3,5,N,37064
1.11,4.0,1.6,1,N,37065
1.11,4.0,1.6,2,N,37066
1.11,4.0,1.6,3,N,37067
1.11,4.0,1.6,4,N,37068
1.11,4.0,1.6,5,N,37069
1.11,4.0,1.9,1,N,37070
1.11,4.0,1.9,2,N,37071
1.11,4.0,1.9,3,N,37072
1.11,4.0,1.9,4,N,37073
1.11,4.0,1.9,5,N,37074
1.11,4.0,2.2,1,N,37075
1.11,4.0,2.2,2,N,37076
1.11,4.0,2.2,3,N,37077
1.11,4.0,2.2,4,N,37078
1.11,4.0,2.2,5,N,37079
1.11,4.0,2.5,1,N,37080
1.11,4.0,2.5,2,N,37081
1.11,4.0,2.5,3,N,37082
1.11,4.0,2.5,4,N,37083
1.11,4.0,2.5,5,N,37084
1.11,4.0,2.8000000000000003,1,N,37085
1.11,4.0,2.8000000000000003,2,N,37086
1.11,4.0,2.8000000000000003,3,N,37087
1.11,4.0,2.8000000000000003,4,N,37088
1.11,4.0,2.8000000000000003,5,N,37089
1.11,4.0,3.1000000000000005,1,N,37090
1.11,4.0,3.1000000000000005,2,N,37091
1.11,4.0,3.1000000000000005,3,N,37092
1.11,4.0,3.1000000000000005,4,N,37093
1.11,4.0,3.1000000000000005,5,N,37094
1.11,4.0,3.4000000000000004,1,N,37095
1.11,4.0,3.4000000000000004,2,N,37096
1.11,4.0,3.4000000000000004,3,N,37097
1.11,4.0,3.4000000000000004,4,N,37098
1.11,4.0,3.4000000000000004,5,N,37099
1.11,4.0,3.7,1,N,37100
1.11,4.0,3.7,2,N,37101
1.11,4.0,3.7,3,N,37102
1.11,4.0,3.7,4,N,37103
1.11,4.0,3.7,5,N,37104
1.11,4.0,4.0,1,N,37105
1.11,4.0,4.0,2,N,37106
1.11,4.0,4.0,3,N,37107
1.11,4.0,4.0,4,N,37108
1.11,4.0,4.0,5,N,37109
1.11,4.0,4.300000000000002,1,N,37110
1.11,4.0,4.300000000000002,2,N,37111
1.11,4.0,4.300000000000002,3,N,37112
1.11,4.0,4.300000000000002,4,N,37113
1.11,4.0,4.300000000000002,5,N,37114
1.11,4.0,4.6000000000000005,1,N,37115
1.11,4.0,4.6000000000000005,2,N,37116
1.11,4.0,4.6000000000000005,3,N,37117
1.11,4.0,4.6000000000000005,4,N,37118
1.11,4.0,4.6000000000000005,5,N,37119
1.11,4.0,4.9,1,N,37120
1.11,4.0,4.9,2,N,37121
1.11,4.0,4.9,3,N,37122
1.11,4.0,4.9,4,N,37123
1.11,4.0,4.9,5,N,37124
1.11,4.300000000000002,0.01,1,N,37125
1.11,4.300000000000002,0.01,2,N,37126
1.11,4.300000000000002,0.01,3,N,37127
1.11,4.300000000000002,0.01,4,N,37128
1.11,4.300000000000002,0.01,5,N,37129
1.11,4.300000000000002,0.11,1,N,37130
1.11,4.300000000000002,0.11,2,N,37131
1.11,4.300000000000002,0.11,3,N,37132
1.11,4.300000000000002,0.11,4,N,37133
1.11,4.300000000000002,0.11,5,N,37134
1.11,4.300000000000002,0.21,1,N,37135
1.11,4.300000000000002,0.21,2,N,37136
1.11,4.300000000000002,0.21,3,N,37137
1.11,4.300000000000002,0.21,4,N,37138
1.11,4.300000000000002,0.21,5,N,37139
1.11,4.300000000000002,0.31000000000000005,1,N,37140
1.11,4.300000000000002,0.31000000000000005,2,N,37141
1.11,4.300000000000002,0.31000000000000005,3,N,37142
1.11,4.300000000000002,0.31000000000000005,4,N,37143
1.11,4.300000000000002,0.31000000000000005,5,N,37144
1.11,4.300000000000002,0.41,1,N,37145
1.11,4.300000000000002,0.41,2,N,37146
1.11,4.300000000000002,0.41,3,N,37147
1.11,4.300000000000002,0.41,4,N,37148
1.11,4.300000000000002,0.41,5,N,37149
1.11,4.300000000000002,0.51,1,N,37150
1.11,4.300000000000002,0.51,2,N,37151
1.11,4.300000000000002,0.51,3,N,37152
1.11,4.300000000000002,0.51,4,N,37153
1.11,4.300000000000002,0.51,5,N,37154
1.11,4.300000000000002,0.6100000000000001,1,N,37155
1.11,4.300000000000002,0.6100000000000001,2,N,37156
1.11,4.300000000000002,0.6100000000000001,3,N,37157
1.11,4.300000000000002,0.6100000000000001,4,N,37158
1.11,4.300000000000002,0.6100000000000001,5,N,37159
1.11,4.300000000000002,0.7100000000000001,1,N,37160
1.11,4.300000000000002,0.7100000000000001,2,N,37161
1.11,4.300000000000002,0.7100000000000001,3,N,37162
1.11,4.300000000000002,0.7100000000000001,4,N,37163
1.11,4.300000000000002,0.7100000000000001,5,N,37164
1.11,4.300000000000002,0.81,1,N,37165
1.11,4.300000000000002,0.81,2,N,37166
1.11,4.300000000000002,0.81,3,N,37167
1.11,4.300000000000002,0.81,4,N,37168
1.11,4.300000000000002,0.81,5,N,37169
1.11,4.300000000000002,0.91,1,N,37170
1.11,4.300000000000002,0.91,2,N,37171
1.11,4.300000000000002,0.91,3,N,37172
1.11,4.300000000000002,0.91,4,N,37173
1.11,4.300000000000002,0.91,5,N,37174
1.11,4.300000000000002,1.01,1,N,37175
1.11,4.300000000000002,1.01,2,N,37176
1.11,4.300000000000002,1.01,3,N,37177
1.11,4.300000000000002,1.01,4,N,37178
1.11,4.300000000000002,1.01,5,N,37179
1.11,4.300000000000002,1.11,1,N,37180
1.11,4.300000000000002,1.11,2,N,37181
1.11,4.300000000000002,1.11,3,N,37182
1.11,4.300000000000002,1.11,4,N,37183
1.11,4.300000000000002,1.11,5,N,37184
1.11,4.300000000000002,1.3,1,N,37185
1.11,4.300000000000002,1.3,2,N,37186
1.11,4.300000000000002,1.3,3,N,37187
1.11,4.300000000000002,1.3,4,N,37188
1.11,4.300000000000002,1.3,5,N,37189
1.11,4.300000000000002,1.6,1,N,37190
1.11,4.300000000000002,1.6,2,N,37191
1.11,4.300000000000002,1.6,3,N,37192
1.11,4.300000000000002,1.6,4,N,37193
1.11,4.300000000000002,1.6,5,N,37194
1.11,4.300000000000002,1.9,1,N,37195
1.11,4.300000000000002,1.9,2,N,37196
1.11,4.300000000000002,1.9,3,N,37197
1.11,4.300000000000002,1.9,4,N,37198
1.11,4.300000000000002,1.9,5,N,37199
1.11,4.300000000000002,2.2,1,N,37200
1.11,4.300000000000002,2.2,2,N,37201
1.11,4.300000000000002,2.2,3,N,37202
1.11,4.300000000000002,2.2,4,N,37203
1.11,4.300000000000002,2.2,5,N,37204
1.11,4.300000000000002,2.5,1,N,37205
1.11,4.300000000000002,2.5,2,N,37206
1.11,4.300000000000002,2.5,3,N,37207
1.11,4.300000000000002,2.5,4,N,37208
1.11,4.300000000000002,2.5,5,N,37209
1.11,4.300000000000002,2.8000000000000003,1,N,37210
1.11,4.300000000000002,2.8000000000000003,2,N,37211
1.11,4.300000000000002,2.8000000000000003,3,N,37212
1.11,4.300000000000002,2.8000000000000003,4,N,37213
1.11,4.300000000000002,2.8000000000000003,5,N,37214
1.11,4.300000000000002,3.1000000000000005,1,N,37215
1.11,4.300000000000002,3.1000000000000005,2,N,37216
1.11,4.300000000000002,3.1000000000000005,3,N,37217
1.11,4.300000000000002,3.1000000000000005,4,N,37218
1.11,4.300000000000002,3.1000000000000005,5,N,37219
1.11,4.300000000000002,3.4000000000000004,1,N,37220
1.11,4.300000000000002,3.4000000000000004,2,N,37221
1.11,4.300000000000002,3.4000000000000004,3,N,37222
1.11,4.300000000000002,3.4000000000000004,4,N,37223
1.11,4.300000000000002,3.4000000000000004,5,N,37224
1.11,4.300000000000002,3.7,1,N,37225
1.11,4.300000000000002,3.7,2,N,37226
1.11,4.300000000000002,3.7,3,N,37227
1.11,4.300000000000002,3.7,4,N,37228
1.11,4.300000000000002,3.7,5,N,37229
1.11,4.300000000000002,4.0,1,N,37230
1.11,4.300000000000002,4.0,2,N,37231
1.11,4.300000000000002,4.0,3,N,37232
1.11,4.300000000000002,4.0,4,N,37233
1.11,4.300000000000002,4.0,5,N,37234
1.11,4.300000000000002,4.300000000000002,1,N,37235
1.11,4.300000000000002,4.300000000000002,2,N,37236
1.11,4.300000000000002,4.300000000000002,3,N,37237
1.11,4.300000000000002,4.300000000000002,4,N,37238
1.11,4.300000000000002,4.300000000000002,5,N,37239
1.11,4.300000000000002,4.6000000000000005,1,N,37240
1.11,4.300000000000002,4.6000000000000005,2,N,37241
1.11,4.300000000000002,4.6000000000000005,3,N,37242
1.11,4.300000000000002,4.6000000000000005,4,N,37243
1.11,4.300000000000002,4.6000000000000005,5,N,37244
1.11,4.300000000000002,4.9,1,N,37245
1.11,4.300000000000002,4.9,2,N,37246
1.11,4.300000000000002,4.9,3,N,37247
1.11,4.300000000000002,4.9,4,N,37248
1.11,4.300000000000002,4.9,5,N,37249
1.11,4.6000000000000005,0.01,1,N,37250
1.11,4.6000000000000005,0.01,2,N,37251
1.11,4.6000000000000005,0.01,3,N,37252
1.11,4.6000000000000005,0.01,4,N,37253
1.11,4.6000000000000005,0.01,5,N,37254
1.11,4.6000000000000005,0.11,1,N,37255
1.11,4.6000000000000005,0.11,2,N,37256
1.11,4.6000000000000005,0.11,3,N,37257
1.11,4.6000000000000005,0.11,4,N,37258
1.11,4.6000000000000005,0.11,5,N,37259
1.11,4.6000000000000005,0.21,1,N,37260
1.11,4.6000000000000005,0.21,2,N,37261
1.11,4.6000000000000005,0.21,3,N,37262
1.11,4.6000000000000005,0.21,4,N,37263
1.11,4.6000000000000005,0.21,5,N,37264
1.11,4.6000000000000005,0.31000000000000005,1,N,37265
1.11,4.6000000000000005,0.31000000000000005,2,N,37266
1.11,4.6000000000000005,0.31000000000000005,3,N,37267
1.11,4.6000000000000005,0.31000000000000005,4,N,37268
1.11,4.6000000000000005,0.31000000000000005,5,N,37269
1.11,4.6000000000000005,0.41,1,N,37270
1.11,4.6000000000000005,0.41,2,N,37271
1.11,4.6000000000000005,0.41,3,N,37272
1.11,4.6000000000000005,0.41,4,N,37273
1.11,4.6000000000000005,0.41,5,N,37274
1.11,4.6000000000000005,0.51,1,N,37275
1.11,4.6000000000000005,0.51,2,N,37276
1.11,4.6000000000000005,0.51,3,N,37277
1.11,4.6000000000000005,0.51,4,N,37278
1.11,4.6000000000000005,0.51,5,N,37279
1.11,4.6000000000000005,0.6100000000000001,1,N,37280
1.11,4.6000000000000005,0.6100000000000001,2,N,37281
1.11,4.6000000000000005,0.6100000000000001,3,N,37282
1.11,4.6000000000000005,0.6100000000000001,4,N,37283
1.11,4.6000000000000005,0.6100000000000001,5,N,37284
1.11,4.6000000000000005,0.7100000000000001,1,N,37285
1.11,4.6000000000000005,0.7100000000000001,2,N,37286
1.11,4.6000000000000005,0.7100000000000001,3,N,37287
1.11,4.6000000000000005,0.7100000000000001,4,N,37288
1.11,4.6000000000000005,0.7100000000000001,5,N,37289
1.11,4.6000000000000005,0.81,1,N,37290
1.11,4.6000000000000005,0.81,2,N,37291
1.11,4.6000000000000005,0.81,3,N,37292
1.11,4.6000000000000005,0.81,4,N,37293
1.11,4.6000000000000005,0.81,5,N,37294
1.11,4.6000000000000005,0.91,1,N,37295
1.11,4.6000000000000005,0.91,2,N,37296
1.11,4.6000000000000005,0.91,3,N,37297
1.11,4.6000000000000005,0.91,4,N,37298
1.11,4.6000000000000005,0.91,5,N,37299
1.11,4.6000000000000005,1.01,1,N,37300
1.11,4.6000000000000005,1.01,2,N,37301
1.11,4.6000000000000005,1.01,3,N,37302
1.11,4.6000000000000005,1.01,4,N,37303
1.11,4.6000000000000005,1.01,5,N,37304
1.11,4.6000000000000005,1.11,1,N,37305
1.11,4.6000000000000005,1.11,2,N,37306
1.11,4.6000000000000005,1.11,3,N,37307
1.11,4.6000000000000005,1.11,4,N,37308
1.11,4.6000000000000005,1.11,5,N,37309
1.11,4.6000000000000005,1.3,1,N,37310
1.11,4.6000000000000005,1.3,2,N,37311
1.11,4.6000000000000005,1.3,3,N,37312
1.11,4.6000000000000005,1.3,4,N,37313
1.11,4.6000000000000005,1.3,5,N,37314
1.11,4.6000000000000005,1.6,1,N,37315
1.11,4.6000000000000005,1.6,2,N,37316
1.11,4.6000000000000005,1.6,3,N,37317
1.11,4.6000000000000005,1.6,4,N,37318
1.11,4.6000000000000005,1.6,5,N,37319
1.11,4.6000000000000005,1.9,1,N,37320
1.11,4.6000000000000005,1.9,2,N,37321
1.11,4.6000000000000005,1.9,3,N,37322
1.11,4.6000000000000005,1.9,4,N,37323
1.11,4.6000000000000005,1.9,5,N,37324
1.11,4.6000000000000005,2.2,1,N,37325
1.11,4.6000000000000005,2.2,2,N,37326
1.11,4.6000000000000005,2.2,3,N,37327
1.11,4.6000000000000005,2.2,4,N,37328
1.11,4.6000000000000005,2.2,5,N,37329
1.11,4.6000000000000005,2.5,1,N,37330
1.11,4.6000000000000005,2.5,2,N,37331
1.11,4.6000000000000005,2.5,3,N,37332
1.11,4.6000000000000005,2.5,4,N,37333
1.11,4.6000000000000005,2.5,5,N,37334
1.11,4.6000000000000005,2.8000000000000003,1,N,37335
1.11,4.6000000000000005,2.8000000000000003,2,N,37336
1.11,4.6000000000000005,2.8000000000000003,3,N,37337
1.11,4.6000000000000005,2.8000000000000003,4,N,37338
1.11,4.6000000000000005,2.8000000000000003,5,N,37339
1.11,4.6000000000000005,3.1000000000000005,1,N,37340
1.11,4.6000000000000005,3.1000000000000005,2,N,37341
1.11,4.6000000000000005,3.1000000000000005,3,N,37342
1.11,4.6000000000000005,3.1000000000000005,4,N,37343
1.11,4.6000000000000005,3.1000000000000005,5,N,37344
1.11,4.6000000000000005,3.4000000000000004,1,N,37345
1.11,4.6000000000000005,3.4000000000000004,2,N,37346
1.11,4.6000000000000005,3.4000000000000004,3,N,37347
1.11,4.6000000000000005,3.4000000000000004,4,N,37348
1.11,4.6000000000000005,3.4000000000000004,5,N,37349
1.11,4.6000000000000005,3.7,1,N,37350
1.11,4.6000000000000005,3.7,2,N,37351
1.11,4.6000000000000005,3.7,3,N,37352
1.11,4.6000000000000005,3.7,4,N,37353
1.11,4.6000000000000005,3.7,5,N,37354
1.11,4.6000000000000005,4.0,1,N,37355
1.11,4.6000000000000005,4.0,2,N,37356
1.11,4.6000000000000005,4.0,3,N,37357
1.11,4.6000000000000005,4.0,4,N,37358
1.11,4.6000000000000005,4.0,5,N,37359
1.11,4.6000000000000005,4.300000000000002,1,N,37360
1.11,4.6000000000000005,4.300000000000002,2,N,37361
1.11,4.6000000000000005,4.300000000000002,3,N,37362
1.11,4.6000000000000005,4.300000000000002,4,N,37363
1.11,4.6000000000000005,4.300000000000002,5,N,37364
1.11,4.6000000000000005,4.6000000000000005,1,N,37365
1.11,4.6000000000000005,4.6000000000000005,2,N,37366
1.11,4.6000000000000005,4.6000000000000005,3,N,37367
1.11,4.6000000000000005,4.6000000000000005,4,N,37368
1.11,4.6000000000000005,4.6000000000000005,5,N,37369
1.11,4.6000000000000005,4.9,1,N,37370
1.11,4.6000000000000005,4.9,2,N,37371
1.11,4.6000000000000005,4.9,3,N,37372
1.11,4.6000000000000005,4.9,4,N,37373
1.11,4.6000000000000005,4.9,5,N,37374
1.11,4.9,0.01,1,N,37375
1.11,4.9,0.01,2,N,37376
1.11,4.9,0.01,3,N,37377
1.11,4.9,0.01,4,N,37378
1.11,4.9,0.01,5,N,37379
1.11,4.9,0.11,1,N,37380
1.11,4.9,0.11,2,N,37381
1.11,4.9,0.11,3,N,37382
1.11,4.9,0.11,4,N,37383
1.11,4.9,0.11,5,N,37384
1.11,4.9,0.21,1,N,37385
1.11,4.9,0.21,2,N,37386
1.11,4.9,0.21,3,N,37387
1.11,4.9,0.21,4,N,37388
1.11,4.9,0.21,5,N,37389
1.11,4.9,0.31000000000000005,1,N,37390
1.11,4.9,0.31000000000000005,2,N,37391
1.11,4.9,0.31000000000000005,3,N,37392
1.11,4.9,0.31000000000000005,4,N,37393
1.11,4.9,0.31000000000000005,5,N,37394
1.11,4.9,0.41,1,N,37395
1.11,4.9,0.41,2,N,37396
1.11,4.9,0.41,3,N,37397
1.11,4.9,0.41,4,N,37398
1.11,4.9,0.41,5,N,37399
1.11,4.9,0.51,1,N,37400
1.11,4.9,0.51,2,N,37401
1.11,4.9,0.51,3,N,37402
1.11,4.9,0.51,4,N,37403
1.11,4.9,0.51,5,N,37404
1.11,4.9,0.6100000000000001,1,N,37405
1.11,4.9,0.6100000000000001,2,N,37406
1.11,4.9,0.6100000000000001,3,N,37407
1.11,4.9,0.6100000000000001,4,N,37408
1.11,4.9,0.6100000000000001,5,N,37409
1.11,4.9,0.7100000000000001,1,N,37410
1.11,4.9,0.7100000000000001,2,N,37411
1.11,4.9,0.7100000000000001,3,N,37412
1.11,4.9,0.7100000000000001,4,N,37413
1.11,4.9,0.7100000000000001,5,N,37414
1.11,4.9,0.81,1,N,37415
1.11,4.9,0.81,2,N,37416
1.11,4.9,0.81,3,N,37417
1.11,4.9,0.81,4,N,37418
1.11,4.9,0.81,5,N,37419
1.11,4.9,0.91,1,N,37420
1.11,4.9,0.91,2,N,37421
1.11,4.9,0.91,3,N,37422
1.11,4.9,0.91,4,N,37423
1.11,4.9,0.91,5,N,37424
1.11,4.9,1.01,1,N,37425
1.11,4.9,1.01,2,N,37426
1.11,4.9,1.01,3,N,37427
1.11,4.9,1.01,4,N,37428
1.11,4.9,1.01,5,N,37429
1.11,4.9,1.11,1,N,37430
1.11,4.9,1.11,2,N,37431
1.11,4.9,1.11,3,N,37432
1.11,4.9,1.11,4,N,37433
1.11,4.9,1.11,5,N,37434
1.11,4.9,1.3,1,N,37435
1.11,4.9,1.3,2,N,37436
1.11,4.9,1.3,3,N,37437
1.11,4.9,1.3,4,N,37438
1.11,4.9,1.3,5,N,37439
1.11,4.9,1.6,1,N,37440
1.11,4.9,1.6,2,N,37441
1.11,4.9,1.6,3,N,37442
1.11,4.9,1.6,4,N,37443
1.11,4.9,1.6,5,N,37444
1.11,4.9,1.9,1,N,37445
1.11,4.9,1.9,2,N,37446
1.11,4.9,1.9,3,N,37447
1.11,4.9,1.9,4,N,37448
1.11,4.9,1.9,5,N,37449
1.11,4.9,2.2,1,N,37450
1.11,4.9,2.2,2,N,37451
1.11,4.9,2.2,3,N,37452
1.11,4.9,2.2,4,N,37453
1.11,4.9,2.2,5,N,37454
1.11,4.9,2.5,1,N,37455
1.11,4.9,2.5,2,N,37456
1.11,4.9,2.5,3,N,37457
1.11,4.9,2.5,4,N,37458
1.11,4.9,2.5,5,N,37459
1.11,4.9,2.8000000000000003,1,N,37460
1.11,4.9,2.8000000000000003,2,N,37461
1.11,4.9,2.8000000000000003,3,N,37462
1.11,4.9,2.8000000000000003,4,N,37463
1.11,4.9,2.8000000000000003,5,N,37464
1.11,4.9,3.1000000000000005,1,N,37465
1.11,4.9,3.1000000000000005,2,N,37466
1.11,4.9,3.1000000000000005,3,N,37467
1.11,4.9,3.1000000000000005,4,N,37468
1.11,4.9,3.1000000000000005,5,N,37469
1.11,4.9,3.4000000000000004,1,N,37470
1.11,4.9,3.4000000000000004,2,N,37471
1.11,4.9,3.4000000000000004,3,N,37472
1.11,4.9,3.4000000000000004,4,N,37473
1.11,4.9,3.4000000000000004,5,N,37474
1.11,4.9,3.7,1,N,37475
1.11,4.9,3.7,2,N,37476
1.11,4.9,3.7,3,N,37477
1.11,4.9,3.7,4,N,37478
1.11,4.9,3.7,5,N,37479
1.11,4.9,4.0,1,N,37480
1.11,4.9,4.0,2,N,37481
1.11,4.9,4.0,3,N,37482
1.11,4.9,4.0,4,N,37483
1.11,4.9,4.0,5,N,37484
1.11,4.9,4.300000000000002,1,N,37485
1.11,4.9,4.300000000000002,2,N,37486
1.11,4.9,4.300000000000002,3,N,37487
1.11,4.9,4.300000000000002,4,N,37488
1.11,4.9,4.300000000000002,5,N,37489
1.11,4.9,4.6000000000000005,1,N,37490
1.11,4.9,4.6000000000000005,2,N,37491
1.11,4.9,4.6000000000000005,3,N,37492
1.11,4.9,4.6000000000000005,4,N,37493
1.11,4.9,4.6000000000000005,5,N,37494
1.11,4.9,4.9,1,N,37495
1.11,4.9,4.9,2,N,37496
1.11,4.9,4.9,3,N,37497
1.11,4.9,4.9,4,N,37498
1.11,4.9,4.9,5,N,37499
1.3,0.01,0.01,1,N,37500
1.3,0.01,0.01,2,N,37501
1.3,0.01,0.01,3,N,37502
1.3,0.01,0.01,4,N,37503
1.3,0.01,0.01,5,N,37504
1.3,0.01,0.11,1,N,37505
1.3,0.01,0.11,2,N,37506
1.3,0.01,0.11,3,N,37507
1.3,0.01,0.11,4,N,37508
1.3,0.01,0.11,5,N,37509
1.3,0.01,0.21,1,N,37510
1.3,0.01,0.21,2,N,37511
1.3,0.01,0.21,3,N,37512
1.3,0.01,0.21,4,N,37513
1.3,0.01,0.21,5,N,37514
1.3,0.01,0.31000000000000005,1,N,37515
1.3,0.01,0.31000000000000005,2,N,37516
1.3,0.01,0.31000000000000005,3,N,37517
1.3,0.01,0.31000000000000005,4,N,37518
1.3,0.01,0.31000000000000005,5,N,37519
1.3,0.01,0.41,1,N,37520
1.3,0.01,0.41,2,N,37521
1.3,0.01,0.41,3,N,37522
1.3,0.01,0.41,4,N,37523
1.3,0.01,0.41,5,N,37524
1.3,0.01,0.51,1,N,37525
1.3,0.01,0.51,2,N,37526
1.3,0.01,0.51,3,N,37527
1.3,0.01,0.51,4,N,37528
1.3,0.01,0.51,5,N,37529
1.3,0.01,0.6100000000000001,1,N,37530
1.3,0.01,0.6100000000000001,2,N,37531
1.3,0.01,0.6100000000000001,3,N,37532
1.3,0.01,0.6100000000000001,4,N,37533
1.3,0.01,0.6100000000000001,5,N,37534
1.3,0.01,0.7100000000000001,1,N,37535
1.3,0.01,0.7100000000000001,2,N,37536
1.3,0.01,0.7100000000000001,3,N,37537
1.3,0.01,0.7100000000000001,4,N,37538
1.3,0.01,0.7100000000000001,5,N,37539
1.3,0.01,0.81,1,N,37540
1.3,0.01,0.81,2,N,37541
1.3,0.01,0.81,3,N,37542
1.3,0.01,0.81,4,N,37543
1.3,0.01,0.81,5,N,37544
1.3,0.01,0.91,1,N,37545
1.3,0.01,0.91,2,N,37546
1.3,0.01,0.91,3,N,37547
1.3,0.01,0.91,4,N,37548
1.3,0.01,0.91,5,N,37549
1.3,0.01,1.01,1,N,37550
1.3,0.01,1.01,2,N,37551
1.3,0.01,1.01,3,N,37552
1.3,0.01,1.01,4,N,37553
1.3,0.01,1.01,5,N,37554
1.3,0.01,1.11,1,N,37555
1.3,0.01,1.11,2,N,37556
1.3,0.01,1.11,3,N,37557
1.3,0.01,1.11,4,N,37558
1.3,0.01,1.11,5,N,37559
1.3,0.01,1.3,1,N,37560
1.3,0.01,1.3,2,N,37561
1.3,0.01,1.3,3,N,37562
1.3,0.01,1.3,4,N,37563
1.3,0.01,1.3,5,N,37564
1.3,0.01,1.6,1,N,37565
1.3,0.01,1.6,2,N,37566
1.3,0.01,1.6,3,N,37567
1.3,0.01,1.6,4,N,37568
1.3,0.01,1.6,5,N,37569
1.3,0.01,1.9,1,N,37570
1.3,0.01,1.9,2,N,37571
1.3,0.01,1.9,3,N,37572
1.3,0.01,1.9,4,N,37573
1.3,0.01,1.9,5,N,37574
1.3,0.01,2.2,1,N,37575
1.3,0.01,2.2,2,N,37576
1.3,0.01,2.2,3,N,37577
1.3,0.01,2.2,4,N,37578
1.3,0.01,2.2,5,N,37579
1.3,0.01,2.5,1,N,37580
1.3,0.01,2.5,2,N,37581
1.3,0.01,2.5,3,N,37582
1.3,0.01,2.5,4,N,37583
1.3,0.01,2.5,5,N,37584
1.3,0.01,2.8000000000000003,1,N,37585
1.3,0.01,2.8000000000000003,2,N,37586
1.3,0.01,2.8000000000000003,3,N,37587
1.3,0.01,2.8000000000000003,4,N,37588
1.3,0.01,2.8000000000000003,5,N,37589
1.3,0.01,3.1000000000000005,1,N,37590
1.3,0.01,3.1000000000000005,2,N,37591
1.3,0.01,3.1000000000000005,3,N,37592
1.3,0.01,3.1000000000000005,4,N,37593
1.3,0.01,3.1000000000000005,5,N,37594
1.3,0.01,3.4000000000000004,1,N,37595
1.3,0.01,3.4000000000000004,2,N,37596
1.3,0.01,3.4000000000000004,3,N,37597
1.3,0.01,3.4000000000000004,4,N,37598
1.3,0.01,3.4000000000000004,5,N,37599
1.3,0.01,3.7,1,N,37600
1.3,0.01,3.7,2,N,37601
1.3,0.01,3.7,3,N,37602
1.3,0.01,3.7,4,N,37603
1.3,0.01,3.7,5,N,37604
1.3,0.01,4.0,1,N,37605
1.3,0.01,4.0,2,N,37606
1.3,0.01,4.0,3,N,37607
1.3,0.01,4.0,4,N,37608
1.3,0.01,4.0,5,N,37609
1.3,0.01,4.300000000000002,1,N,37610
1.3,0.01,4.300000000000002,2,N,37611
1.3,0.01,4.300000000000002,3,N,37612
1.3,0.01,4.300000000000002,4,N,37613
1.3,0.01,4.300000000000002,5,N,37614
1.3,0.01,4.6000000000000005,1,N,37615
1.3,0.01,4.6000000000000005,2,N,37616
1.3,0.01,4.6000000000000005,3,N,37617
1.3,0.01,4.6000000000000005,4,N,37618
1.3,0.01,4.6000000000000005,5,N,37619
1.3,0.01,4.9,1,N,37620
1.3,0.01,4.9,2,N,37621
1.3,0.01,4.9,3,N,37622
1.3,0.01,4.9,4,N,37623
1.3,0.01,4.9,5,N,37624
1.3,0.11,0.01,1,N,37625
1.3,0.11,0.01,2,N,37626
1.3,0.11,0.01,3,N,37627
1.3,0.11,0.01,4,N,37628
1.3,0.11,0.01,5,N,37629
1.3,0.11,0.11,1,N,37630
1.3,0.11,0.11,2,N,37631
1.3,0.11,0.11,3,N,37632
1.3,0.11,0.11,4,N,37633
1.3,0.11,0.11,5,N,37634
1.3,0.11,0.21,1,N,37635
1.3,0.11,0.21,2,N,37636
1.3,0.11,0.21,3,N,37637
1.3,0.11,0.21,4,N,37638
1.3,0.11,0.21,5,N,37639
1.3,0.11,0.31000000000000005,1,N,37640
1.3,0.11,0.31000000000000005,2,N,37641
1.3,0.11,0.31000000000000005,3,N,37642
1.3,0.11,0.31000000000000005,4,N,37643
1.3,0.11,0.31000000000000005,5,N,37644
1.3,0.11,0.41,1,N,37645
1.3,0.11,0.41,2,N,37646
1.3,0.11,0.41,3,N,37647
1.3,0.11,0.41,4,N,37648
1.3,0.11,0.41,5,N,37649
1.3,0.11,0.51,1,N,37650
1.3,0.11,0.51,2,N,37651
1.3,0.11,0.51,3,N,37652
1.3,0.11,0.51,4,N,37653
1.3,0.11,0.51,5,N,37654
1.3,0.11,0.6100000000000001,1,N,37655
1.3,0.11,0.6100000000000001,2,N,37656
1.3,0.11,0.6100000000000001,3,N,37657
1.3,0.11,0.6100000000000001,4,N,37658
1.3,0.11,0.6100000000000001,5,N,37659
1.3,0.11,0.7100000000000001,1,N,37660
1.3,0.11,0.7100000000000001,2,N,37661
1.3,0.11,0.7100000000000001,3,N,37662
1.3,0.11,0.7100000000000001,4,N,37663
1.3,0.11,0.7100000000000001,5,N,37664
1.3,0.11,0.81,1,N,37665
1.3,0.11,0.81,2,N,37666
1.3,0.11,0.81,3,N,37667
1.3,0.11,0.81,4,N,37668
1.3,0.11,0.81,5,N,37669
1.3,0.11,0.91,1,N,37670
1.3,0.11,0.91,2,N,37671
1.3,0.11,0.91,3,N,37672
1.3,0.11,0.91,4,N,37673
1.3,0.11,0.91,5,N,37674
1.3,0.11,1.01,1,N,37675
1.3,0.11,1.01,2,N,37676
1.3,0.11,1.01,3,N,37677
1.3,0.11,1.01,4,N,37678
1.3,0.11,1.01,5,N,37679
1.3,0.11,1.11,1,N,37680
1.3,0.11,1.11,2,N,37681
1.3,0.11,1.11,3,N,37682
1.3,0.11,1.11,4,N,37683
1.3,0.11,1.11,5,N,37684
1.3,0.11,1.3,1,N,37685
1.3,0.11,1.3,2,N,37686
1.3,0.11,1.3,3,N,37687
1.3,0.11,1.3,4,N,37688
1.3,0.11,1.3,5,N,37689
1.3,0.11,1.6,1,N,37690
1.3,0.11,1.6,2,N,37691
1.3,0.11,1.6,3,N,37692
1.3,0.11,1.6,4,N,37693
1.3,0.11,1.6,5,N,37694
1.3,0.11,1.9,1,N,37695
1.3,0.11,1.9,2,N,37696
1.3,0.11,1.9,3,N,37697
1.3,0.11,1.9,4,N,37698
1.3,0.11,1.9,5,N,37699
1.3,0.11,2.2,1,N,37700
1.3,0.11,2.2,2,N,37701
1.3,0.11,2.2,3,N,37702
1.3,0.11,2.2,4,N,37703
1.3,0.11,2.2,5,N,37704
1.3,0.11,2.5,1,N,37705
1.3,0.11,2.5,2,N,37706
1.3,0.11,2.5,3,N,37707
1.3,0.11,2.5,4,N,37708
1.3,0.11,2.5,5,N,37709
1.3,0.11,2.8000000000000003,1,N,37710
1.3,0.11,2.8000000000000003,2,N,37711
1.3,0.11,2.8000000000000003,3,N,37712
1.3,0.11,2.8000000000000003,4,N,37713
1.3,0.11,2.8000000000000003,5,N,37714
1.3,0.11,3.1000000000000005,1,N,37715
1.3,0.11,3.1000000000000005,2,N,37716
1.3,0.11,3.1000000000000005,3,N,37717
1.3,0.11,3.1000000000000005,4,N,37718
1.3,0.11,3.1000000000000005,5,N,37719
1.3,0.11,3.4000000000000004,1,N,37720
1.3,0.11,3.4000000000000004,2,N,37721
1.3,0.11,3.4000000000000004,3,N,37722
1.3,0.11,3.4000000000000004,4,N,37723
1.3,0.11,3.4000000000000004,5,N,37724
1.3,0.11,3.7,1,N,37725
1.3,0.11,3.7,2,N,37726
1.3,0.11,3.7,3,N,37727
1.3,0.11,3.7,4,N,37728
1.3,0.11,3.7,5,N,37729
1.3,0.11,4.0,1,N,37730
1.3,0.11,4.0,2,N,37731
1.3,0.11,4.0,3,N,37732
1.3,0.11,4.0,4,N,37733
1.3,0.11,4.0,5,N,37734
1.3,0.11,4.300000000000002,1,N,37735
1.3,0.11,4.300000000000002,2,N,37736
1.3,0.11,4.300000000000002,3,N,37737
1.3,0.11,4.300000000000002,4,N,37738
1.3,0.11,4.300000000000002,5,N,37739
1.3,0.11,4.6000000000000005,1,N,37740
1.3,0.11,4.6000000000000005,2,N,37741
1.3,0.11,4.6000000000000005,3,N,37742
1.3,0.11,4.6000000000000005,4,N,37743
1.3,0.11,4.6000000000000005,5,N,37744
1.3,0.11,4.9,1,N,37745
1.3,0.11,4.9,2,N,37746
1.3,0.11,4.9,3,N,37747
1.3,0.11,4.9,4,N,37748
1.3,0.11,4.9,5,N,37749
1.3,0.21,0.01,1,N,37750
1.3,0.21,0.01,2,N,37751
1.3,0.21,0.01,3,N,37752
1.3,0.21,0.01,4,N,37753
1.3,0.21,0.01,5,N,37754
1.3,0.21,0.11,1,N,37755
1.3,0.21,0.11,2,N,37756
1.3,0.21,0.11,3,N,37757
1.3,0.21,0.11,4,N,37758
1.3,0.21,0.11,5,N,37759
1.3,0.21,0.21,1,N,37760
1.3,0.21,0.21,2,N,37761
1.3,0.21,0.21,3,N,37762
1.3,0.21,0.21,4,N,37763
1.3,0.21,0.21,5,N,37764
1.3,0.21,0.31000000000000005,1,N,37765
1.3,0.21,0.31000000000000005,2,N,37766
1.3,0.21,0.31000000000000005,3,N,37767
1.3,0.21,0.31000000000000005,4,N,37768
1.3,0.21,0.31000000000000005,5,N,37769
1.3,0.21,0.41,1,N,37770
1.3,0.21,0.41,2,N,37771
1.3,0.21,0.41,3,N,37772
1.3,0.21,0.41,4,N,37773
1.3,0.21,0.41,5,N,37774
1.3,0.21,0.51,1,N,37775
1.3,0.21,0.51,2,N,37776
1.3,0.21,0.51,3,N,37777
1.3,0.21,0.51,4,N,37778
1.3,0.21,0.51,5,N,37779
1.3,0.21,0.6100000000000001,1,N,37780
1.3,0.21,0.6100000000000001,2,N,37781
1.3,0.21,0.6100000000000001,3,N,37782
1.3,0.21,0.6100000000000001,4,N,37783
1.3,0.21,0.6100000000000001,5,N,37784
1.3,0.21,0.7100000000000001,1,N,37785
1.3,0.21,0.7100000000000001,2,N,37786
1.3,0.21,0.7100000000000001,3,N,37787
1.3,0.21,0.7100000000000001,4,N,37788
1.3,0.21,0.7100000000000001,5,N,37789
1.3,0.21,0.81,1,N,37790
1.3,0.21,0.81,2,N,37791
1.3,0.21,0.81,3,N,37792
1.3,0.21,0.81,4,N,37793
1.3,0.21,0.81,5,N,37794
1.3,0.21,0.91,1,N,37795
1.3,0.21,0.91,2,N,37796
1.3,0.21,0.91,3,N,37797
1.3,0.21,0.91,4,N,37798
1.3,0.21,0.91,5,N,37799
1.3,0.21,1.01,1,N,37800
1.3,0.21,1.01,2,N,37801
1.3,0.21,1.01,3,N,37802
1.3,0.21,1.01,4,N,37803
1.3,0.21,1.01,5,N,37804
1.3,0.21,1.11,1,N,37805
1.3,0.21,1.11,2,N,37806
1.3,0.21,1.11,3,N,37807
1.3,0.21,1.11,4,N,37808
1.3,0.21,1.11,5,N,37809
1.3,0.21,1.3,1,N,37810
1.3,0.21,1.3,2,N,37811
1.3,0.21,1.3,3,N,37812
1.3,0.21,1.3,4,N,37813
1.3,0.21,1.3,5,N,37814
1.3,0.21,1.6,1,N,37815
1.3,0.21,1.6,2,N,37816
1.3,0.21,1.6,3,N,37817
1.3,0.21,1.6,4,N,37818
1.3,0.21,1.6,5,N,37819
1.3,0.21,1.9,1,N,37820
1.3,0.21,1.9,2,N,37821
1.3,0.21,1.9,3,N,37822
1.3,0.21,1.9,4,N,37823
1.3,0.21,1.9,5,N,37824
1.3,0.21,2.2,1,N,37825
1.3,0.21,2.2,2,N,37826
1.3,0.21,2.2,3,N,37827
1.3,0.21,2.2,4,N,37828
1.3,0.21,2.2,5,N,37829
1.3,0.21,2.5,1,N,37830
1.3,0.21,2.5,2,N,37831
1.3,0.21,2.5,3,N,37832
1.3,0.21,2.5,4,N,37833
1.3,0.21,2.5,5,N,37834
1.3,0.21,2.8000000000000003,1,N,37835
1.3,0.21,2.8000000000000003,2,N,37836
1.3,0.21,2.8000000000000003,3,N,37837
1.3,0.21,2.8000000000000003,4,N,37838
1.3,0.21,2.8000000000000003,5,N,37839
1.3,0.21,3.1000000000000005,1,N,37840
1.3,0.21,3.1000000000000005,2,N,37841
1.3,0.21,3.1000000000000005,3,N,37842
1.3,0.21,3.1000000000000005,4,N,37843
1.3,0.21,3.1000000000000005,5,N,37844
1.3,0.21,3.4000000000000004,1,N,37845
1.3,0.21,3.4000000000000004,2,N,37846
1.3,0.21,3.4000000000000004,3,N,37847
1.3,0.21,3.4000000000000004,4,N,37848
1.3,0.21,3.4000000000000004,5,N,37849
1.3,0.21,3.7,1,N,37850
1.3,0.21,3.7,2,N,37851
1.3,0.21,3.7,3,N,37852
1.3,0.21,3.7,4,N,37853
1.3,0.21,3.7,5,N,37854
1.3,0.21,4.0,1,N,37855
1.3,0.21,4.0,2,N,37856
1.3,0.21,4.0,3,N,37857
1.3,0.21,4.0,4,N,37858
1.3,0.21,4.0,5,N,37859
1.3,0.21,4.300000000000002,1,N,37860
1.3,0.21,4.300000000000002,2,N,37861
1.3,0.21,4.300000000000002,3,N,37862
1.3,0.21,4.300000000000002,4,N,37863
1.3,0.21,4.300000000000002,5,N,37864
1.3,0.21,4.6000000000000005,1,N,37865
1.3,0.21,4.6000000000000005,2,N,37866
1.3,0.21,4.6000000000000005,3,N,37867
1.3,0.21,4.6000000000000005,4,N,37868
1.3,0.21,4.6000000000000005,5,N,37869
1.3,0.21,4.9,1,N,37870
1.3,0.21,4.9,2,N,37871
1.3,0.21,4.9,3,N,37872
1.3,0.21,4.9,4,N,37873
1.3,0.21,4.9,5,N,37874
1.3,0.31000000000000005,0.01,1,N,37875
1.3,0.31000000000000005,0.01,2,N,37876
1.3,0.31000000000000005,0.01,3,N,37877
1.3,0.31000000000000005,0.01,4,N,37878
1.3,0.31000000000000005,0.01,5,N,37879
1.3,0.31000000000000005,0.11,1,N,37880
1.3,0.31000000000000005,0.11,2,N,37881
1.3,0.31000000000000005,0.11,3,N,37882
1.3,0.31000000000000005,0.11,4,N,37883
1.3,0.31000000000000005,0.11,5,N,37884
1.3,0.31000000000000005,0.21,1,N,37885
1.3,0.31000000000000005,0.21,2,N,37886
1.3,0.31000000000000005,0.21,3,N,37887
1.3,0.31000000000000005,0.21,4,N,37888
1.3,0.31000000000000005,0.21,5,N,37889
1.3,0.31000000000000005,0.31000000000000005,1,N,37890
1.3,0.31000000000000005,0.31000000000000005,2,N,37891
1.3,0.31000000000000005,0.31000000000000005,3,N,37892
1.3,0.31000000000000005,0.31000000000000005,4,N,37893
1.3,0.31000000000000005,0.31000000000000005,5,N,37894
1.3,0.31000000000000005,0.41,1,N,37895
1.3,0.31000000000000005,0.41,2,N,37896
1.3,0.31000000000000005,0.41,3,N,37897
1.3,0.31000000000000005,0.41,4,N,37898
1.3,0.31000000000000005,0.41,5,N,37899
1.3,0.31000000000000005,0.51,1,N,37900
1.3,0.31000000000000005,0.51,2,N,37901
1.3,0.31000000000000005,0.51,3,N,37902
1.3,0.31000000000000005,0.51,4,N,37903
1.3,0.31000000000000005,0.51,5,N,37904
1.3,0.31000000000000005,0.6100000000000001,1,N,37905
1.3,0.31000000000000005,0.6100000000000001,2,N,37906
1.3,0.31000000000000005,0.6100000000000001,3,N,37907
1.3,0.31000000000000005,0.6100000000000001,4,N,37908
1.3,0.31000000000000005,0.6100000000000001,5,N,37909
1.3,0.31000000000000005,0.7100000000000001,1,N,37910
1.3,0.31000000000000005,0.7100000000000001,2,N,37911
1.3,0.31000000000000005,0.7100000000000001,3,N,37912
1.3,0.31000000000000005,0.7100000000000001,4,N,37913
1.3,0.31000000000000005,0.7100000000000001,5,N,37914
1.3,0.31000000000000005,0.81,1,N,37915
1.3,0.31000000000000005,0.81,2,N,37916
1.3,0.31000000000000005,0.81,3,N,37917
1.3,0.31000000000000005,0.81,4,N,37918
1.3,0.31000000000000005,0.81,5,N,37919
1.3,0.31000000000000005,0.91,1,N,37920
1.3,0.31000000000000005,0.91,2,N,37921
1.3,0.31000000000000005,0.91,3,N,37922
1.3,0.31000000000000005,0.91,4,N,37923
1.3,0.31000000000000005,0.91,5,N,37924
1.3,0.31000000000000005,1.01,1,N,37925
1.3,0.31000000000000005,1.01,2,N,37926
1.3,0.31000000000000005,1.01,3,N,37927
1.3,0.31000000000000005,1.01,4,N,37928
1.3,0.31000000000000005,1.01,5,N,37929
1.3,0.31000000000000005,1.11,1,N,37930
1.3,0.31000000000000005,1.11,2,N,37931
1.3,0.31000000000000005,1.11,3,N,37932
1.3,0.31000000000000005,1.11,4,N,37933
1.3,0.31000000000000005,1.11,5,N,37934
1.3,0.31000000000000005,1.3,1,N,37935
1.3,0.31000000000000005,1.3,2,N,37936
1.3,0.31000000000000005,1.3,3,N,37937
1.3,0.31000000000000005,1.3,4,N,37938
1.3,0.31000000000000005,1.3,5,N,37939
1.3,0.31000000000000005,1.6,1,N,37940
1.3,0.31000000000000005,1.6,2,N,37941
1.3,0.31000000000000005,1.6,3,N,37942
1.3,0.31000000000000005,1.6,4,N,37943
1.3,0.31000000000000005,1.6,5,N,37944
1.3,0.31000000000000005,1.9,1,N,37945
1.3,0.31000000000000005,1.9,2,N,37946
1.3,0.31000000000000005,1.9,3,N,37947
1.3,0.31000000000000005,1.9,4,N,37948
1.3,0.31000000000000005,1.9,5,N,37949
1.3,0.31000000000000005,2.2,1,N,37950
1.3,0.31000000000000005,2.2,2,N,37951
1.3,0.31000000000000005,2.2,3,N,37952
1.3,0.31000000000000005,2.2,4,N,37953
1.3,0.31000000000000005,2.2,5,N,37954
1.3,0.31000000000000005,2.5,1,N,37955
1.3,0.31000000000000005,2.5,2,N,37956
1.3,0.31000000000000005,2.5,3,N,37957
1.3,0.31000000000000005,2.5,4,N,37958
1.3,0.31000000000000005,2.5,5,N,37959
1.3,0.31000000000000005,2.8000000000000003,1,N,37960
1.3,0.31000000000000005,2.8000000000000003,2,N,37961
1.3,0.31000000000000005,2.8000000000000003,3,N,37962
1.3,0.31000000000000005,2.8000000000000003,4,N,37963
1.3,0.31000000000000005,2.8000000000000003,5,N,37964
1.3,0.31000000000000005,3.1000000000000005,1,N,37965
1.3,0.31000000000000005,3.1000000000000005,2,N,37966
1.3,0.31000000000000005,3.1000000000000005,3,N,37967
1.3,0.31000000000000005,3.1000000000000005,4,N,37968
1.3,0.31000000000000005,3.1000000000000005,5,N,37969
1.3,0.31000000000000005,3.4000000000000004,1,N,37970
1.3,0.31000000000000005,3.4000000000000004,2,N,37971
1.3,0.31000000000000005,3.4000000000000004,3,N,37972
1.3,0.31000000000000005,3.4000000000000004,4,N,37973
1.3,0.31000000000000005,3.4000000000000004,5,N,37974
1.3,0.31000000000000005,3.7,1,N,37975
1.3,0.31000000000000005,3.7,2,N,37976
1.3,0.31000000000000005,3.7,3,N,37977
1.3,0.31000000000000005,3.7,4,N,37978
1.3,0.31000000000000005,3.7,5,N,37979
1.3,0.31000000000000005,4.0,1,N,37980
1.3,0.31000000000000005,4.0,2,N,37981
1.3,0.31000000000000005,4.0,3,N,37982
1.3,0.31000000000000005,4.0,4,N,37983
1.3,0.31000000000000005,4.0,5,N,37984
1.3,0.31000000000000005,4.300000000000002,1,N,37985
1.3,0.31000000000000005,4.300000000000002,2,N,37986
1.3,0.31000000000000005,4.300000000000002,3,N,37987
1.3,0.31000000000000005,4.300000000000002,4,N,37988
1.3,0.31000000000000005,4.300000000000002,5,N,37989
1.3,0.31000000000000005,4.6000000000000005,1,N,37990
1.3,0.31000000000000005,4.6000000000000005,2,N,37991
1.3,0.31000000000000005,4.6000000000000005,3,N,37992
1.3,0.31000000000000005,4.6000000000000005,4,N,37993
1.3,0.31000000000000005,4.6000000000000005,5,N,37994
1.3,0.31000000000000005,4.9,1,N,37995
1.3,0.31000000000000005,4.9,2,N,37996
1.3,0.31000000000000005,4.9,3,N,37997
1.3,0.31000000000000005,4.9,4,N,37998
1.3,0.31000000000000005,4.9,5,N,37999
1.3,0.41,0.01,1,N,38000
1.3,0.41,0.01,2,N,38001
1.3,0.41,0.01,3,N,38002
1.3,0.41,0.01,4,N,38003
1.3,0.41,0.01,5,N,38004
1.3,0.41,0.11,1,N,38005
1.3,0.41,0.11,2,N,38006
1.3,0.41,0.11,3,N,38007
1.3,0.41,0.11,4,N,38008
1.3,0.41,0.11,5,N,38009
1.3,0.41,0.21,1,N,38010
1.3,0.41,0.21,2,N,38011
1.3,0.41,0.21,3,N,38012
1.3,0.41,0.21,4,N,38013
1.3,0.41,0.21,5,N,38014
1.3,0.41,0.31000000000000005,1,N,38015
1.3,0.41,0.31000000000000005,2,N,38016
1.3,0.41,0.31000000000000005,3,N,38017
1.3,0.41,0.31000000000000005,4,N,38018
1.3,0.41,0.31000000000000005,5,N,38019
1.3,0.41,0.41,1,N,38020
1.3,0.41,0.41,2,N,38021
1.3,0.41,0.41,3,N,38022
1.3,0.41,0.41,4,N,38023
1.3,0.41,0.41,5,N,38024
1.3,0.41,0.51,1,N,38025
1.3,0.41,0.51,2,N,38026
1.3,0.41,0.51,3,N,38027
1.3,0.41,0.51,4,N,38028
1.3,0.41,0.51,5,N,38029
1.3,0.41,0.6100000000000001,1,N,38030
1.3,0.41,0.6100000000000001,2,N,38031
1.3,0.41,0.6100000000000001,3,N,38032
1.3,0.41,0.6100000000000001,4,N,38033
1.3,0.41,0.6100000000000001,5,N,38034
1.3,0.41,0.7100000000000001,1,N,38035
1.3,0.41,0.7100000000000001,2,N,38036
1.3,0.41,0.7100000000000001,3,N,38037
1.3,0.41,0.7100000000000001,4,N,38038
1.3,0.41,0.7100000000000001,5,N,38039
1.3,0.41,0.81,1,N,38040
1.3,0.41,0.81,2,N,38041
1.3,0.41,0.81,3,N,38042
1.3,0.41,0.81,4,N,38043
1.3,0.41,0.81,5,N,38044
1.3,0.41,0.91,1,N,38045
1.3,0.41,0.91,2,N,38046
1.3,0.41,0.91,3,N,38047
1.3,0.41,0.91,4,N,38048
1.3,0.41,0.91,5,N,38049
1.3,0.41,1.01,1,N,38050
1.3,0.41,1.01,2,N,38051
1.3,0.41,1.01,3,N,38052
1.3,0.41,1.01,4,N,38053
1.3,0.41,1.01,5,N,38054
1.3,0.41,1.11,1,N,38055
1.3,0.41,1.11,2,N,38056
1.3,0.41,1.11,3,N,38057
1.3,0.41,1.11,4,N,38058
1.3,0.41,1.11,5,N,38059
1.3,0.41,1.3,1,N,38060
1.3,0.41,1.3,2,N,38061
1.3,0.41,1.3,3,N,38062
1.3,0.41,1.3,4,N,38063
1.3,0.41,1.3,5,N,38064
1.3,0.41,1.6,1,N,38065
1.3,0.41,1.6,2,N,38066
1.3,0.41,1.6,3,N,38067
1.3,0.41,1.6,4,N,38068
1.3,0.41,1.6,5,N,38069
1.3,0.41,1.9,1,N,38070
1.3,0.41,1.9,2,N,38071
1.3,0.41,1.9,3,N,38072
1.3,0.41,1.9,4,N,38073
1.3,0.41,1.9,5,N,38074
1.3,0.41,2.2,1,N,38075
1.3,0.41,2.2,2,N,38076
1.3,0.41,2.2,3,N,38077
1.3,0.41,2.2,4,N,38078
1.3,0.41,2.2,5,N,38079
1.3,0.41,2.5,1,N,38080
1.3,0.41,2.5,2,N,38081
1.3,0.41,2.5,3,N,38082
1.3,0.41,2.5,4,N,38083
1.3,0.41,2.5,5,N,38084
1.3,0.41,2.8000000000000003,1,N,38085
1.3,0.41,2.8000000000000003,2,N,38086
1.3,0.41,2.8000000000000003,3,N,38087
1.3,0.41,2.8000000000000003,4,N,38088
1.3,0.41,2.8000000000000003,5,N,38089
1.3,0.41,3.1000000000000005,1,N,38090
1.3,0.41,3.1000000000000005,2,N,38091
1.3,0.41,3.1000000000000005,3,N,38092
1.3,0.41,3.1000000000000005,4,N,38093
1.3,0.41,3.1000000000000005,5,N,38094
1.3,0.41,3.4000000000000004,1,N,38095
1.3,0.41,3.4000000000000004,2,N,38096
1.3,0.41,3.4000000000000004,3,N,38097
1.3,0.41,3.4000000000000004,4,N,38098
1.3,0.41,3.4000000000000004,5,N,38099
1.3,0.41,3.7,1,N,38100
1.3,0.41,3.7,2,N,38101
1.3,0.41,3.7,3,N,38102
1.3,0.41,3.7,4,N,38103
1.3,0.41,3.7,5,N,38104
1.3,0.41,4.0,1,N,38105
1.3,0.41,4.0,2,N,38106
1.3,0.41,4.0,3,N,38107
1.3,0.41,4.0,4,N,38108
1.3,0.41,4.0,5,N,38109
1.3,0.41,4.300000000000002,1,N,38110
1.3,0.41,4.300000000000002,2,N,38111
1.3,0.41,4.300000000000002,3,N,38112
1.3,0.41,4.300000000000002,4,N,38113
1.3,0.41,4.300000000000002,5,N,38114
1.3,0.41,4.6000000000000005,1,N,38115
1.3,0.41,4.6000000000000005,2,N,38116
1.3,0.41,4.6000000000000005,3,N,38117
1.3,0.41,4.6000000000000005,4,N,38118
1.3,0.41,4.6000000000000005,5,N,38119
1.3,0.41,4.9,1,N,38120
1.3,0.41,4.9,2,N,38121
1.3,0.41,4.9,3,N,38122
1.3,0.41,4.9,4,N,38123
1.3,0.41,4.9,5,N,38124
1.3,0.51,0.01,1,N,38125
1.3,0.51,0.01,2,N,38126
1.3,0.51,0.01,3,N,38127
1.3,0.51,0.01,4,N,38128
1.3,0.51,0.01,5,N,38129
1.3,0.51,0.11,1,N,38130
1.3,0.51,0.11,2,N,38131
1.3,0.51,0.11,3,N,38132
1.3,0.51,0.11,4,N,38133
1.3,0.51,0.11,5,N,38134
1.3,0.51,0.21,1,N,38135
1.3,0.51,0.21,2,N,38136
1.3,0.51,0.21,3,N,38137
1.3,0.51,0.21,4,N,38138
1.3,0.51,0.21,5,N,38139
1.3,0.51,0.31000000000000005,1,N,38140
1.3,0.51,0.31000000000000005,2,N,38141
1.3,0.51,0.31000000000000005,3,N,38142
1.3,0.51,0.31000000000000005,4,N,38143
1.3,0.51,0.31000000000000005,5,N,38144
1.3,0.51,0.41,1,N,38145
1.3,0.51,0.41,2,N,38146
1.3,0.51,0.41,3,N,38147
1.3,0.51,0.41,4,N,38148
1.3,0.51,0.41,5,N,38149
1.3,0.51,0.51,1,N,38150
1.3,0.51,0.51,2,N,38151
1.3,0.51,0.51,3,N,38152
1.3,0.51,0.51,4,N,38153
1.3,0.51,0.51,5,N,38154
1.3,0.51,0.6100000000000001,1,N,38155
1.3,0.51,0.6100000000000001,2,N,38156
1.3,0.51,0.6100000000000001,3,N,38157
1.3,0.51,0.6100000000000001,4,N,38158
1.3,0.51,0.6100000000000001,5,N,38159
1.3,0.51,0.7100000000000001,1,N,38160
1.3,0.51,0.7100000000000001,2,N,38161
1.3,0.51,0.7100000000000001,3,N,38162
1.3,0.51,0.7100000000000001,4,N,38163
1.3,0.51,0.7100000000000001,5,N,38164
1.3,0.51,0.81,1,N,38165
1.3,0.51,0.81,2,N,38166
1.3,0.51,0.81,3,N,38167
1.3,0.51,0.81,4,N,38168
1.3,0.51,0.81,5,N,38169
1.3,0.51,0.91,1,N,38170
1.3,0.51,0.91,2,N,38171
1.3,0.51,0.91,3,N,38172
1.3,0.51,0.91,4,N,38173
1.3,0.51,0.91,5,N,38174
1.3,0.51,1.01,1,N,38175
1.3,0.51,1.01,2,N,38176
1.3,0.51,1.01,3,N,38177
1.3,0.51,1.01,4,N,38178
1.3,0.51,1.01,5,N,38179
1.3,0.51,1.11,1,N,38180
1.3,0.51,1.11,2,N,38181
1.3,0.51,1.11,3,N,38182
1.3,0.51,1.11,4,N,38183
1.3,0.51,1.11,5,N,38184
1.3,0.51,1.3,1,N,38185
1.3,0.51,1.3,2,N,38186
1.3,0.51,1.3,3,N,38187
1.3,0.51,1.3,4,N,38188
1.3,0.51,1.3,5,N,38189
1.3,0.51,1.6,1,N,38190
1.3,0.51,1.6,2,N,38191
1.3,0.51,1.6,3,N,38192
1.3,0.51,1.6,4,N,38193
1.3,0.51,1.6,5,N,38194
1.3,0.51,1.9,1,N,38195
1.3,0.51,1.9,2,N,38196
1.3,0.51,1.9,3,N,38197
1.3,0.51,1.9,4,N,38198
1.3,0.51,1.9,5,N,38199
1.3,0.51,2.2,1,N,38200
1.3,0.51,2.2,2,N,38201
1.3,0.51,2.2,3,N,38202
1.3,0.51,2.2,4,N,38203
1.3,0.51,2.2,5,N,38204
1.3,0.51,2.5,1,N,38205
1.3,0.51,2.5,2,N,38206
1.3,0.51,2.5,3,N,38207
1.3,0.51,2.5,4,N,38208
1.3,0.51,2.5,5,N,38209
1.3,0.51,2.8000000000000003,1,N,38210
1.3,0.51,2.8000000000000003,2,N,38211
1.3,0.51,2.8000000000000003,3,N,38212
1.3,0.51,2.8000000000000003,4,N,38213
1.3,0.51,2.8000000000000003,5,N,38214
1.3,0.51,3.1000000000000005,1,N,38215
1.3,0.51,3.1000000000000005,2,N,38216
1.3,0.51,3.1000000000000005,3,N,38217
1.3,0.51,3.1000000000000005,4,N,38218
1.3,0.51,3.1000000000000005,5,N,38219
1.3,0.51,3.4000000000000004,1,N,38220
1.3,0.51,3.4000000000000004,2,N,38221
1.3,0.51,3.4000000000000004,3,N,38222
1.3,0.51,3.4000000000000004,4,N,38223
1.3,0.51,3.4000000000000004,5,N,38224
1.3,0.51,3.7,1,N,38225
1.3,0.51,3.7,2,N,38226
1.3,0.51,3.7,3,N,38227
1.3,0.51,3.7,4,N,38228
1.3,0.51,3.7,5,N,38229
1.3,0.51,4.0,1,N,38230
1.3,0.51,4.0,2,N,38231
1.3,0.51,4.0,3,N,38232
1.3,0.51,4.0,4,N,38233
1.3,0.51,4.0,5,N,38234
1.3,0.51,4.300000000000002,1,N,38235
1.3,0.51,4.300000000000002,2,N,38236
1.3,0.51,4.300000000000002,3,N,38237
1.3,0.51,4.300000000000002,4,N,38238
1.3,0.51,4.300000000000002,5,N,38239
1.3,0.51,4.6000000000000005,1,N,38240
1.3,0.51,4.6000000000000005,2,N,38241
1.3,0.51,4.6000000000000005,3,N,38242
1.3,0.51,4.6000000000000005,4,N,38243
1.3,0.51,4.6000000000000005,5,N,38244
1.3,0.51,4.9,1,N,38245
1.3,0.51,4.9,2,N,38246
1.3,0.51,4.9,3,N,38247
1.3,0.51,4.9,4,N,38248
1.3,0.51,4.9,5,N,38249
1.3,0.6100000000000001,0.01,1,N,38250
1.3,0.6100000000000001,0.01,2,N,38251
1.3,0.6100000000000001,0.01,3,N,38252
1.3,0.6100000000000001,0.01,4,N,38253
1.3,0.6100000000000001,0.01,5,N,38254
1.3,0.6100000000000001,0.11,1,N,38255
1.3,0.6100000000000001,0.11,2,N,38256
1.3,0.6100000000000001,0.11,3,N,38257
1.3,0.6100000000000001,0.11,4,N,38258
1.3,0.6100000000000001,0.11,5,N,38259
1.3,0.6100000000000001,0.21,1,N,38260
1.3,0.6100000000000001,0.21,2,N,38261
1.3,0.6100000000000001,0.21,3,N,38262
1.3,0.6100000000000001,0.21,4,N,38263
1.3,0.6100000000000001,0.21,5,N,38264
1.3,0.6100000000000001,0.31000000000000005,1,N,38265
1.3,0.6100000000000001,0.31000000000000005,2,N,38266
1.3,0.6100000000000001,0.31000000000000005,3,N,38267
1.3,0.6100000000000001,0.31000000000000005,4,N,38268
1.3,0.6100000000000001,0.31000000000000005,5,N,38269
1.3,0.6100000000000001,0.41,1,N,38270
1.3,0.6100000000000001,0.41,2,N,38271
1.3,0.6100000000000001,0.41,3,N,38272
1.3,0.6100000000000001,0.41,4,N,38273
1.3,0.6100000000000001,0.41,5,N,38274
1.3,0.6100000000000001,0.51,1,N,38275
1.3,0.6100000000000001,0.51,2,N,38276
1.3,0.6100000000000001,0.51,3,N,38277
1.3,0.6100000000000001,0.51,4,N,38278
1.3,0.6100000000000001,0.51,5,N,38279
1.3,0.6100000000000001,0.6100000000000001,1,N,38280
1.3,0.6100000000000001,0.6100000000000001,2,N,38281
1.3,0.6100000000000001,0.6100000000000001,3,N,38282
1.3,0.6100000000000001,0.6100000000000001,4,N,38283
1.3,0.6100000000000001,0.6100000000000001,5,N,38284
1.3,0.6100000000000001,0.7100000000000001,1,N,38285
1.3,0.6100000000000001,0.7100000000000001,2,N,38286
1.3,0.6100000000000001,0.7100000000000001,3,N,38287
1.3,0.6100000000000001,0.7100000000000001,4,N,38288
1.3,0.6100000000000001,0.7100000000000001,5,N,38289
1.3,0.6100000000000001,0.81,1,N,38290
1.3,0.6100000000000001,0.81,2,N,38291
1.3,0.6100000000000001,0.81,3,N,38292
1.3,0.6100000000000001,0.81,4,N,38293
1.3,0.6100000000000001,0.81,5,N,38294
1.3,0.6100000000000001,0.91,1,N,38295
1.3,0.6100000000000001,0.91,2,N,38296
1.3,0.6100000000000001,0.91,3,N,38297
1.3,0.6100000000000001,0.91,4,N,38298
1.3,0.6100000000000001,0.91,5,N,38299
1.3,0.6100000000000001,1.01,1,N,38300
1.3,0.6100000000000001,1.01,2,N,38301
1.3,0.6100000000000001,1.01,3,N,38302
1.3,0.6100000000000001,1.01,4,N,38303
1.3,0.6100000000000001,1.01,5,N,38304
1.3,0.6100000000000001,1.11,1,N,38305
1.3,0.6100000000000001,1.11,2,N,38306
1.3,0.6100000000000001,1.11,3,N,38307
1.3,0.6100000000000001,1.11,4,N,38308
1.3,0.6100000000000001,1.11,5,N,38309
1.3,0.6100000000000001,1.3,1,N,38310
1.3,0.6100000000000001,1.3,2,N,38311
1.3,0.6100000000000001,1.3,3,N,38312
1.3,0.6100000000000001,1.3,4,N,38313
1.3,0.6100000000000001,1.3,5,N,38314
1.3,0.6100000000000001,1.6,1,N,38315
1.3,0.6100000000000001,1.6,2,N,38316
1.3,0.6100000000000001,1.6,3,N,38317
1.3,0.6100000000000001,1.6,4,N,38318
1.3,0.6100000000000001,1.6,5,N,38319
1.3,0.6100000000000001,1.9,1,N,38320
1.3,0.6100000000000001,1.9,2,N,38321
1.3,0.6100000000000001,1.9,3,N,38322
1.3,0.6100000000000001,1.9,4,N,38323
1.3,0.6100000000000001,1.9,5,N,38324
1.3,0.6100000000000001,2.2,1,N,38325
1.3,0.6100000000000001,2.2,2,N,38326
1.3,0.6100000000000001,2.2,3,N,38327
1.3,0.6100000000000001,2.2,4,N,38328
1.3,0.6100000000000001,2.2,5,N,38329
1.3,0.6100000000000001,2.5,1,N,38330
1.3,0.6100000000000001,2.5,2,N,38331
1.3,0.6100000000000001,2.5,3,N,38332
1.3,0.6100000000000001,2.5,4,N,38333
1.3,0.6100000000000001,2.5,5,N,38334
1.3,0.6100000000000001,2.8000000000000003,1,N,38335
1.3,0.6100000000000001,2.8000000000000003,2,N,38336
1.3,0.6100000000000001,2.8000000000000003,3,N,38337
1.3,0.6100000000000001,2.8000000000000003,4,N,38338
1.3,0.6100000000000001,2.8000000000000003,5,N,38339
1.3,0.6100000000000001,3.1000000000000005,1,N,38340
1.3,0.6100000000000001,3.1000000000000005,2,N,38341
1.3,0.6100000000000001,3.1000000000000005,3,N,38342
1.3,0.6100000000000001,3.1000000000000005,4,N,38343
1.3,0.6100000000000001,3.1000000000000005,5,N,38344
1.3,0.6100000000000001,3.4000000000000004,1,N,38345
1.3,0.6100000000000001,3.4000000000000004,2,N,38346
1.3,0.6100000000000001,3.4000000000000004,3,N,38347
1.3,0.6100000000000001,3.4000000000000004,4,N,38348
1.3,0.6100000000000001,3.4000000000000004,5,N,38349
1.3,0.6100000000000001,3.7,1,N,38350
1.3,0.6100000000000001,3.7,2,N,38351
1.3,0.6100000000000001,3.7,3,N,38352
1.3,0.6100000000000001,3.7,4,N,38353
1.3,0.6100000000000001,3.7,5,N,38354
1.3,0.6100000000000001,4.0,1,N,38355
1.3,0.6100000000000001,4.0,2,N,38356
1.3,0.6100000000000001,4.0,3,N,38357
1.3,0.6100000000000001,4.0,4,N,38358
1.3,0.6100000000000001,4.0,5,N,38359
1.3,0.6100000000000001,4.300000000000002,1,N,38360
1.3,0.6100000000000001,4.300000000000002,2,N,38361
1.3,0.6100000000000001,4.300000000000002,3,N,38362
1.3,0.6100000000000001,4.300000000000002,4,N,38363
1.3,0.6100000000000001,4.300000000000002,5,N,38364
1.3,0.6100000000000001,4.6000000000000005,1,N,38365
1.3,0.6100000000000001,4.6000000000000005,2,N,38366
1.3,0.6100000000000001,4.6000000000000005,3,N,38367
1.3,0.6100000000000001,4.6000000000000005,4,N,38368
1.3,0.6100000000000001,4.6000000000000005,5,N,38369
1.3,0.6100000000000001,4.9,1,N,38370
1.3,0.6100000000000001,4.9,2,N,38371
1.3,0.6100000000000001,4.9,3,N,38372
1.3,0.6100000000000001,4.9,4,N,38373
1.3,0.6100000000000001,4.9,5,N,38374
1.3,0.7100000000000001,0.01,1,N,38375
1.3,0.7100000000000001,0.01,2,N,38376
1.3,0.7100000000000001,0.01,3,N,38377
1.3,0.7100000000000001,0.01,4,N,38378
1.3,0.7100000000000001,0.01,5,N,38379
1.3,0.7100000000000001,0.11,1,N,38380
1.3,0.7100000000000001,0.11,2,N,38381
1.3,0.7100000000000001,0.11,3,N,38382
1.3,0.7100000000000001,0.11,4,N,38383
1.3,0.7100000000000001,0.11,5,N,38384
1.3,0.7100000000000001,0.21,1,N,38385
1.3,0.7100000000000001,0.21,2,N,38386
1.3,0.7100000000000001,0.21,3,N,38387
1.3,0.7100000000000001,0.21,4,N,38388
1.3,0.7100000000000001,0.21,5,N,38389
1.3,0.7100000000000001,0.31000000000000005,1,N,38390
1.3,0.7100000000000001,0.31000000000000005,2,N,38391
1.3,0.7100000000000001,0.31000000000000005,3,N,38392
1.3,0.7100000000000001,0.31000000000000005,4,N,38393
1.3,0.7100000000000001,0.31000000000000005,5,N,38394
1.3,0.7100000000000001,0.41,1,N,38395
1.3,0.7100000000000001,0.41,2,N,38396
1.3,0.7100000000000001,0.41,3,N,38397
1.3,0.7100000000000001,0.41,4,N,38398
1.3,0.7100000000000001,0.41,5,N,38399
1.3,0.7100000000000001,0.51,1,N,38400
1.3,0.7100000000000001,0.51,2,N,38401
1.3,0.7100000000000001,0.51,3,N,38402
1.3,0.7100000000000001,0.51,4,N,38403
1.3,0.7100000000000001,0.51,5,N,38404
1.3,0.7100000000000001,0.6100000000000001,1,N,38405
1.3,0.7100000000000001,0.6100000000000001,2,N,38406
1.3,0.7100000000000001,0.6100000000000001,3,N,38407
1.3,0.7100000000000001,0.6100000000000001,4,N,38408
1.3,0.7100000000000001,0.6100000000000001,5,N,38409
1.3,0.7100000000000001,0.7100000000000001,1,N,38410
1.3,0.7100000000000001,0.7100000000000001,2,N,38411
1.3,0.7100000000000001,0.7100000000000001,3,N,38412
1.3,0.7100000000000001,0.7100000000000001,4,N,38413
1.3,0.7100000000000001,0.7100000000000001,5,N,38414
1.3,0.7100000000000001,0.81,1,N,38415
1.3,0.7100000000000001,0.81,2,N,38416
1.3,0.7100000000000001,0.81,3,N,38417
1.3,0.7100000000000001,0.81,4,N,38418
1.3,0.7100000000000001,0.81,5,N,38419
1.3,0.7100000000000001,0.91,1,N,38420
1.3,0.7100000000000001,0.91,2,N,38421
1.3,0.7100000000000001,0.91,3,N,38422
1.3,0.7100000000000001,0.91,4,N,38423
1.3,0.7100000000000001,0.91,5,N,38424
1.3,0.7100000000000001,1.01,1,N,38425
1.3,0.7100000000000001,1.01,2,N,38426
1.3,0.7100000000000001,1.01,3,N,38427
1.3,0.7100000000000001,1.01,4,N,38428
1.3,0.7100000000000001,1.01,5,N,38429
1.3,0.7100000000000001,1.11,1,N,38430
1.3,0.7100000000000001,1.11,2,N,38431
1.3,0.7100000000000001,1.11,3,N,38432
1.3,0.7100000000000001,1.11,4,N,38433
1.3,0.7100000000000001,1.11,5,N,38434
1.3,0.7100000000000001,1.3,1,N,38435
1.3,0.7100000000000001,1.3,2,N,38436
1.3,0.7100000000000001,1.3,3,N,38437
1.3,0.7100000000000001,1.3,4,N,38438
1.3,0.7100000000000001,1.3,5,N,38439
1.3,0.7100000000000001,1.6,1,N,38440
1.3,0.7100000000000001,1.6,2,N,38441
1.3,0.7100000000000001,1.6,3,N,38442
1.3,0.7100000000000001,1.6,4,N,38443
1.3,0.7100000000000001,1.6,5,N,38444
1.3,0.7100000000000001,1.9,1,N,38445
1.3,0.7100000000000001,1.9,2,N,38446
1.3,0.7100000000000001,1.9,3,N,38447
1.3,0.7100000000000001,1.9,4,N,38448
1.3,0.7100000000000001,1.9,5,N,38449
1.3,0.7100000000000001,2.2,1,N,38450
1.3,0.7100000000000001,2.2,2,N,38451
1.3,0.7100000000000001,2.2,3,N,38452
1.3,0.7100000000000001,2.2,4,N,38453
1.3,0.7100000000000001,2.2,5,N,38454
1.3,0.7100000000000001,2.5,1,N,38455
1.3,0.7100000000000001,2.5,2,N,38456
1.3,0.7100000000000001,2.5,3,N,38457
1.3,0.7100000000000001,2.5,4,N,38458
1.3,0.7100000000000001,2.5,5,N,38459
1.3,0.7100000000000001,2.8000000000000003,1,N,38460
1.3,0.7100000000000001,2.8000000000000003,2,N,38461
1.3,0.7100000000000001,2.8000000000000003,3,N,38462
1.3,0.7100000000000001,2.8000000000000003,4,N,38463
1.3,0.7100000000000001,2.8000000000000003,5,N,38464
1.3,0.7100000000000001,3.1000000000000005,1,N,38465
1.3,0.7100000000000001,3.1000000000000005,2,N,38466
1.3,0.7100000000000001,3.1000000000000005,3,N,38467
1.3,0.7100000000000001,3.1000000000000005,4,N,38468
1.3,0.7100000000000001,3.1000000000000005,5,N,38469
1.3,0.7100000000000001,3.4000000000000004,1,N,38470
1.3,0.7100000000000001,3.4000000000000004,2,N,38471
1.3,0.7100000000000001,3.4000000000000004,3,N,38472
1.3,0.7100000000000001,3.4000000000000004,4,N,38473
1.3,0.7100000000000001,3.4000000000000004,5,N,38474
1.3,0.7100000000000001,3.7,1,N,38475
1.3,0.7100000000000001,3.7,2,N,38476
1.3,0.7100000000000001,3.7,3,N,38477
1.3,0.7100000000000001,3.7,4,N,38478
1.3,0.7100000000000001,3.7,5,N,38479
1.3,0.7100000000000001,4.0,1,N,38480
1.3,0.7100000000000001,4.0,2,N,38481
1.3,0.7100000000000001,4.0,3,N,38482
1.3,0.7100000000000001,4.0,4,N,38483
1.3,0.7100000000000001,4.0,5,N,38484
1.3,0.7100000000000001,4.300000000000002,1,N,38485
1.3,0.7100000000000001,4.300000000000002,2,N,38486
1.3,0.7100000000000001,4.300000000000002,3,N,38487
1.3,0.7100000000000001,4.300000000000002,4,N,38488
1.3,0.7100000000000001,4.300000000000002,5,N,38489
1.3,0.7100000000000001,4.6000000000000005,1,N,38490
1.3,0.7100000000000001,4.6000000000000005,2,N,38491
1.3,0.7100000000000001,4.6000000000000005,3,N,38492
1.3,0.7100000000000001,4.6000000000000005,4,N,38493
1.3,0.7100000000000001,4.6000000000000005,5,N,38494
1.3,0.7100000000000001,4.9,1,N,38495
1.3,0.7100000000000001,4.9,2,N,38496
1.3,0.7100000000000001,4.9,3,N,38497
1.3,0.7100000000000001,4.9,4,N,38498
1.3,0.7100000000000001,4.9,5,N,38499
1.3,0.81,0.01,1,N,38500
1.3,0.81,0.01,2,N,38501
1.3,0.81,0.01,3,N,38502
1.3,0.81,0.01,4,N,38503
1.3,0.81,0.01,5,N,38504
1.3,0.81,0.11,1,N,38505
1.3,0.81,0.11,2,N,38506
1.3,0.81,0.11,3,N,38507
1.3,0.81,0.11,4,N,38508
1.3,0.81,0.11,5,N,38509
1.3,0.81,0.21,1,N,38510
1.3,0.81,0.21,2,N,38511
1.3,0.81,0.21,3,N,38512
1.3,0.81,0.21,4,N,38513
1.3,0.81,0.21,5,N,38514
1.3,0.81,0.31000000000000005,1,N,38515
1.3,0.81,0.31000000000000005,2,N,38516
1.3,0.81,0.31000000000000005,3,N,38517
1.3,0.81,0.31000000000000005,4,N,38518
1.3,0.81,0.31000000000000005,5,N,38519
1.3,0.81,0.41,1,N,38520
1.3,0.81,0.41,2,N,38521
1.3,0.81,0.41,3,N,38522
1.3,0.81,0.41,4,N,38523
1.3,0.81,0.41,5,N,38524
1.3,0.81,0.51,1,N,38525
1.3,0.81,0.51,2,N,38526
1.3,0.81,0.51,3,N,38527
1.3,0.81,0.51,4,N,38528
1.3,0.81,0.51,5,N,38529
1.3,0.81,0.6100000000000001,1,N,38530
1.3,0.81,0.6100000000000001,2,N,38531
1.3,0.81,0.6100000000000001,3,N,38532
1.3,0.81,0.6100000000000001,4,N,38533
1.3,0.81,0.6100000000000001,5,N,38534
1.3,0.81,0.7100000000000001,1,N,38535
1.3,0.81,0.7100000000000001,2,N,38536
1.3,0.81,0.7100000000000001,3,N,38537
1.3,0.81,0.7100000000000001,4,N,38538
1.3,0.81,0.7100000000000001,5,N,38539
1.3,0.81,0.81,1,N,38540
1.3,0.81,0.81,2,N,38541
1.3,0.81,0.81,3,N,38542
1.3,0.81,0.81,4,N,38543
1.3,0.81,0.81,5,N,38544
1.3,0.81,0.91,1,N,38545
1.3,0.81,0.91,2,N,38546
1.3,0.81,0.91,3,N,38547
1.3,0.81,0.91,4,N,38548
1.3,0.81,0.91,5,N,38549
1.3,0.81,1.01,1,N,38550
1.3,0.81,1.01,2,N,38551
1.3,0.81,1.01,3,N,38552
1.3,0.81,1.01,4,N,38553
1.3,0.81,1.01,5,N,38554
1.3,0.81,1.11,1,N,38555
1.3,0.81,1.11,2,N,38556
1.3,0.81,1.11,3,N,38557
1.3,0.81,1.11,4,N,38558
1.3,0.81,1.11,5,N,38559
1.3,0.81,1.3,1,N,38560
1.3,0.81,1.3,2,N,38561
1.3,0.81,1.3,3,N,38562
1.3,0.81,1.3,4,N,38563
1.3,0.81,1.3,5,N,38564
1.3,0.81,1.6,1,N,38565
1.3,0.81,1.6,2,N,38566
1.3,0.81,1.6,3,N,38567
1.3,0.81,1.6,4,N,38568
1.3,0.81,1.6,5,N,38569
1.3,0.81,1.9,1,N,38570
1.3,0.81,1.9,2,N,38571
1.3,0.81,1.9,3,N,38572
1.3,0.81,1.9,4,N,38573
1.3,0.81,1.9,5,N,38574
1.3,0.81,2.2,1,N,38575
1.3,0.81,2.2,2,N,38576
1.3,0.81,2.2,3,N,38577
1.3,0.81,2.2,4,N,38578
1.3,0.81,2.2,5,N,38579
1.3,0.81,2.5,1,N,38580
1.3,0.81,2.5,2,N,38581
1.3,0.81,2.5,3,N,38582
1.3,0.81,2.5,4,N,38583
1.3,0.81,2.5,5,N,38584
1.3,0.81,2.8000000000000003,1,N,38585
1.3,0.81,2.8000000000000003,2,N,38586
1.3,0.81,2.8000000000000003,3,N,38587
1.3,0.81,2.8000000000000003,4,N,38588
1.3,0.81,2.8000000000000003,5,N,38589
1.3,0.81,3.1000000000000005,1,N,38590
1.3,0.81,3.1000000000000005,2,N,38591
1.3,0.81,3.1000000000000005,3,N,38592
1.3,0.81,3.1000000000000005,4,N,38593
1.3,0.81,3.1000000000000005,5,N,38594
1.3,0.81,3.4000000000000004,1,N,38595
1.3,0.81,3.4000000000000004,2,N,38596
1.3,0.81,3.4000000000000004,3,N,38597
1.3,0.81,3.4000000000000004,4,N,38598
1.3,0.81,3.4000000000000004,5,N,38599
1.3,0.81,3.7,1,N,38600
1.3,0.81,3.7,2,N,38601
1.3,0.81,3.7,3,N,38602
1.3,0.81,3.7,4,N,38603
1.3,0.81,3.7,5,N,38604
1.3,0.81,4.0,1,N,38605
1.3,0.81,4.0,2,N,38606
1.3,0.81,4.0,3,N,38607
1.3,0.81,4.0,4,N,38608
1.3,0.81,4.0,5,N,38609
1.3,0.81,4.300000000000002,1,N,38610
1.3,0.81,4.300000000000002,2,N,38611
1.3,0.81,4.300000000000002,3,N,38612
1.3,0.81,4.300000000000002,4,N,38613
1.3,0.81,4.300000000000002,5,N,38614
1.3,0.81,4.6000000000000005,1,N,38615
1.3,0.81,4.6000000000000005,2,N,38616
1.3,0.81,4.6000000000000005,3,N,38617
1.3,0.81,4.6000000000000005,4,N,38618
1.3,0.81,4.6000000000000005,5,N,38619
1.3,0.81,4.9,1,N,38620
1.3,0.81,4.9,2,N,38621
1.3,0.81,4.9,3,N,38622
1.3,0.81,4.9,4,N,38623
1.3,0.81,4.9,5,N,38624
1.3,0.91,0.01,1,N,38625
1.3,0.91,0.01,2,N,38626
1.3,0.91,0.01,3,N,38627
1.3,0.91,0.01,4,N,38628
1.3,0.91,0.01,5,N,38629
1.3,0.91,0.11,1,N,38630
1.3,0.91,0.11,2,N,38631
1.3,0.91,0.11,3,N,38632
1.3,0.91,0.11,4,N,38633
1.3,0.91,0.11,5,N,38634
1.3,0.91,0.21,1,N,38635
1.3,0.91,0.21,2,N,38636
1.3,0.91,0.21,3,N,38637
1.3,0.91,0.21,4,N,38638
1.3,0.91,0.21,5,N,38639
1.3,0.91,0.31000000000000005,1,N,38640
1.3,0.91,0.31000000000000005,2,N,38641
1.3,0.91,0.31000000000000005,3,N,38642
1.3,0.91,0.31000000000000005,4,N,38643
1.3,0.91,0.31000000000000005,5,N,38644
1.3,0.91,0.41,1,N,38645
1.3,0.91,0.41,2,N,38646
1.3,0.91,0.41,3,N,38647
1.3,0.91,0.41,4,N,38648
1.3,0.91,0.41,5,N,38649
1.3,0.91,0.51,1,N,38650
1.3,0.91,0.51,2,N,38651
1.3,0.91,0.51,3,N,38652
1.3,0.91,0.51,4,N,38653
1.3,0.91,0.51,5,N,38654
1.3,0.91,0.6100000000000001,1,N,38655
1.3,0.91,0.6100000000000001,2,N,38656
1.3,0.91,0.6100000000000001,3,N,38657
1.3,0.91,0.6100000000000001,4,N,38658
1.3,0.91,0.6100000000000001,5,N,38659
1.3,0.91,0.7100000000000001,1,N,38660
1.3,0.91,0.7100000000000001,2,N,38661
1.3,0.91,0.7100000000000001,3,N,38662
1.3,0.91,0.7100000000000001,4,N,38663
1.3,0.91,0.7100000000000001,5,N,38664
1.3,0.91,0.81,1,N,38665
1.3,0.91,0.81,2,N,38666
1.3,0.91,0.81,3,N,38667
1.3,0.91,0.81,4,N,38668
1.3,0.91,0.81,5,N,38669
1.3,0.91,0.91,1,N,38670
1.3,0.91,0.91,2,N,38671
1.3,0.91,0.91,3,N,38672
1.3,0.91,0.91,4,N,38673
1.3,0.91,0.91,5,N,38674
1.3,0.91,1.01,1,N,38675
1.3,0.91,1.01,2,N,38676
1.3,0.91,1.01,3,N,38677
1.3,0.91,1.01,4,N,38678
1.3,0.91,1.01,5,N,38679
1.3,0.91,1.11,1,N,38680
1.3,0.91,1.11,2,N,38681
1.3,0.91,1.11,3,N,38682
1.3,0.91,1.11,4,N,38683
1.3,0.91,1.11,5,N,38684
1.3,0.91,1.3,1,N,38685
1.3,0.91,1.3,2,N,38686
1.3,0.91,1.3,3,N,38687
1.3,0.91,1.3,4,N,38688
1.3,0.91,1.3,5,N,38689
1.3,0.91,1.6,1,N,38690
1.3,0.91,1.6,2,N,38691
1.3,0.91,1.6,3,N,38692
1.3,0.91,1.6,4,N,38693
1.3,0.91,1.6,5,N,38694
1.3,0.91,1.9,1,N,38695
1.3,0.91,1.9,2,N,38696
1.3,0.91,1.9,3,N,38697
1.3,0.91,1.9,4,N,38698
1.3,0.91,1.9,5,N,38699
1.3,0.91,2.2,1,N,38700
1.3,0.91,2.2,2,N,38701
1.3,0.91,2.2,3,N,38702
1.3,0.91,2.2,4,N,38703
1.3,0.91,2.2,5,N,38704
1.3,0.91,2.5,1,N,38705
1.3,0.91,2.5,2,N,38706
1.3,0.91,2.5,3,N,38707
1.3,0.91,2.5,4,N,38708
1.3,0.91,2.5,5,N,38709
1.3,0.91,2.8000000000000003,1,N,38710
1.3,0.91,2.8000000000000003,2,N,38711
1.3,0.91,2.8000000000000003,3,N,38712
1.3,0.91,2.8000000000000003,4,N,38713
1.3,0.91,2.8000000000000003,5,N,38714
1.3,0.91,3.1000000000000005,1,N,38715
1.3,0.91,3.1000000000000005,2,N,38716
1.3,0.91,3.1000000000000005,3,N,38717
1.3,0.91,3.1000000000000005,4,N,38718
1.3,0.91,3.1000000000000005,5,N,38719
1.3,0.91,3.4000000000000004,1,N,38720
1.3,0.91,3.4000000000000004,2,N,38721
1.3,0.91,3.4000000000000004,3,N,38722
1.3,0.91,3.4000000000000004,4,N,38723
1.3,0.91,3.4000000000000004,5,N,38724
1.3,0.91,3.7,1,N,38725
1.3,0.91,3.7,2,N,38726
1.3,0.91,3.7,3,N,38727
1.3,0.91,3.7,4,N,38728
1.3,0.91,3.7,5,N,38729
1.3,0.91,4.0,1,N,38730
1.3,0.91,4.0,2,N,38731
1.3,0.91,4.0,3,N,38732
1.3,0.91,4.0,4,N,38733
1.3,0.91,4.0,5,N,38734
1.3,0.91,4.300000000000002,1,N,38735
1.3,0.91,4.300000000000002,2,N,38736
1.3,0.91,4.300000000000002,3,N,38737
1.3,0.91,4.300000000000002,4,N,38738
1.3,0.91,4.300000000000002,5,N,38739
1.3,0.91,4.6000000000000005,1,N,38740
1.3,0.91,4.6000000000000005,2,N,38741
1.3,0.91,4.6000000000000005,3,N,38742
1.3,0.91,4.6000000000000005,4,N,38743
1.3,0.91,4.6000000000000005,5,N,38744
1.3,0.91,4.9,1,N,38745
1.3,0.91,4.9,2,N,38746
1.3,0.91,4.9,3,N,38747
1.3,0.91,4.9,4,N,38748
1.3,0.91,4.9,5,N,38749
1.3,1.01,0.01,1,N,38750
1.3,1.01,0.01,2,N,38751
1.3,1.01,0.01,3,N,38752
1.3,1.01,0.01,4,N,38753
1.3,1.01,0.01,5,N,38754
1.3,1.01,0.11,1,N,38755
1.3,1.01,0.11,2,N,38756
1.3,1.01,0.11,3,N,38757
1.3,1.01,0.11,4,N,38758
1.3,1.01,0.11,5,N,38759
1.3,1.01,0.21,1,N,38760
1.3,1.01,0.21,2,N,38761
1.3,1.01,0.21,3,N,38762
1.3,1.01,0.21,4,N,38763
1.3,1.01,0.21,5,N,38764
1.3,1.01,0.31000000000000005,1,N,38765
1.3,1.01,0.31000000000000005,2,N,38766
1.3,1.01,0.31000000000000005,3,N,38767
1.3,1.01,0.31000000000000005,4,N,38768
1.3,1.01,0.31000000000000005,5,N,38769
1.3,1.01,0.41,1,N,38770
1.3,1.01,0.41,2,N,38771
1.3,1.01,0.41,3,N,38772
1.3,1.01,0.41,4,N,38773
1.3,1.01,0.41,5,N,38774
1.3,1.01,0.51,1,N,38775
1.3,1.01,0.51,2,N,38776
1.3,1.01,0.51,3,N,38777
1.3,1.01,0.51,4,N,38778
1.3,1.01,0.51,5,N,38779
1.3,1.01,0.6100000000000001,1,N,38780
1.3,1.01,0.6100000000000001,2,N,38781
1.3,1.01,0.6100000000000001,3,N,38782
1.3,1.01,0.6100000000000001,4,N,38783
1.3,1.01,0.6100000000000001,5,N,38784
1.3,1.01,0.7100000000000001,1,N,38785
1.3,1.01,0.7100000000000001,2,N,38786
1.3,1.01,0.7100000000000001,3,N,38787
1.3,1.01,0.7100000000000001,4,N,38788
1.3,1.01,0.7100000000000001,5,N,38789
1.3,1.01,0.81,1,N,38790
1.3,1.01,0.81,2,N,38791
1.3,1.01,0.81,3,N,38792
1.3,1.01,0.81,4,N,38793
1.3,1.01,0.81,5,N,38794
1.3,1.01,0.91,1,N,38795
1.3,1.01,0.91,2,N,38796
1.3,1.01,0.91,3,N,38797
1.3,1.01,0.91,4,N,38798
1.3,1.01,0.91,5,N,38799
1.3,1.01,1.01,1,N,38800
1.3,1.01,1.01,2,N,38801
1.3,1.01,1.01,3,N,38802
1.3,1.01,1.01,4,N,38803
1.3,1.01,1.01,5,N,38804
1.3,1.01,1.11,1,N,38805
1.3,1.01,1.11,2,N,38806
1.3,1.01,1.11,3,N,38807
1.3,1.01,1.11,4,N,38808
1.3,1.01,1.11,5,N,38809
1.3,1.01,1.3,1,N,38810
1.3,1.01,1.3,2,N,38811
1.3,1.01,1.3,3,N,38812
1.3,1.01,1.3,4,N,38813
1.3,1.01,1.3,5,N,38814
1.3,1.01,1.6,1,N,38815
1.3,1.01,1.6,2,N,38816
1.3,1.01,1.6,3,N,38817
1.3,1.01,1.6,4,N,38818
1.3,1.01,1.6,5,N,38819
1.3,1.01,1.9,1,N,38820
1.3,1.01,1.9,2,N,38821
1.3,1.01,1.9,3,N,38822
1.3,1.01,1.9,4,N,38823
1.3,1.01,1.9,5,N,38824
1.3,1.01,2.2,1,N,38825
1.3,1.01,2.2,2,N,38826
1.3,1.01,2.2,3,N,38827
1.3,1.01,2.2,4,N,38828
1.3,1.01,2.2,5,N,38829
1.3,1.01,2.5,1,N,38830
1.3,1.01,2.5,2,N,38831
1.3,1.01,2.5,3,N,38832
1.3,1.01,2.5,4,N,38833
1.3,1.01,2.5,5,N,38834
1.3,1.01,2.8000000000000003,1,N,38835
1.3,1.01,2.8000000000000003,2,N,38836
1.3,1.01,2.8000000000000003,3,N,38837
1.3,1.01,2.8000000000000003,4,N,38838
1.3,1.01,2.8000000000000003,5,N,38839
1.3,1.01,3.1000000000000005,1,N,38840
1.3,1.01,3.1000000000000005,2,N,38841
1.3,1.01,3.1000000000000005,3,N,38842
1.3,1.01,3.1000000000000005,4,N,38843
1.3,1.01,3.1000000000000005,5,N,38844
1.3,1.01,3.4000000000000004,1,N,38845
1.3,1.01,3.4000000000000004,2,N,38846
1.3,1.01,3.4000000000000004,3,N,38847
1.3,1.01,3.4000000000000004,4,N,38848
1.3,1.01,3.4000000000000004,5,N,38849
1.3,1.01,3.7,1,N,38850
1.3,1.01,3.7,2,N,38851
1.3,1.01,3.7,3,N,38852
1.3,1.01,3.7,4,N,38853
1.3,1.01,3.7,5,N,38854
1.3,1.01,4.0,1,N,38855
1.3,1.01,4.0,2,N,38856
1.3,1.01,4.0,3,N,38857
1.3,1.01,4.0,4,N,38858
1.3,1.01,4.0,5,N,38859
1.3,1.01,4.300000000000002,1,N,38860
1.3,1.01,4.300000000000002,2,N,38861
1.3,1.01,4.300000000000002,3,N,38862
1.3,1.01,4.300000000000002,4,N,38863
1.3,1.01,4.300000000000002,5,N,38864
1.3,1.01,4.6000000000000005,1,N,38865
1.3,1.01,4.6000000000000005,2,N,38866
1.3,1.01,4.6000000000000005,3,N,38867
1.3,1.01,4.6000000000000005,4,N,38868
1.3,1.01,4.6000000000000005,5,N,38869
1.3,1.01,4.9,1,N,38870
1.3,1.01,4.9,2,N,38871
1.3,1.01,4.9,3,N,38872
1.3,1.01,4.9,4,N,38873
1.3,1.01,4.9,5,N,38874
1.3,1.11,0.01,1,N,38875
1.3,1.11,0.01,2,N,38876
1.3,1.11,0.01,3,N,38877
1.3,1.11,0.01,4,N,38878
1.3,1.11,0.01,5,N,38879
1.3,1.11,0.11,1,N,38880
1.3,1.11,0.11,2,N,38881
1.3,1.11,0.11,3,N,38882
1.3,1.11,0.11,4,N,38883
1.3,1.11,0.11,5,N,38884
1.3,1.11,0.21,1,N,38885
1.3,1.11,0.21,2,N,38886
1.3,1.11,0.21,3,N,38887
1.3,1.11,0.21,4,N,38888
1.3,1.11,0.21,5,N,38889
1.3,1.11,0.31000000000000005,1,N,38890
1.3,1.11,0.31000000000000005,2,N,38891
1.3,1.11,0.31000000000000005,3,N,38892
1.3,1.11,0.31000000000000005,4,N,38893
1.3,1.11,0.31000000000000005,5,N,38894
1.3,1.11,0.41,1,N,38895
1.3,1.11,0.41,2,N,38896
1.3,1.11,0.41,3,N,38897
1.3,1.11,0.41,4,N,38898
1.3,1.11,0.41,5,N,38899
1.3,1.11,0.51,1,N,38900
1.3,1.11,0.51,2,N,38901
1.3,1.11,0.51,3,N,38902
1.3,1.11,0.51,4,N,38903
1.3,1.11,0.51,5,N,38904
1.3,1.11,0.6100000000000001,1,N,38905
1.3,1.11,0.6100000000000001,2,N,38906
1.3,1.11,0.6100000000000001,3,N,38907
1.3,1.11,0.6100000000000001,4,N,38908
1.3,1.11,0.6100000000000001,5,N,38909
1.3,1.11,0.7100000000000001,1,N,38910
1.3,1.11,0.7100000000000001,2,N,38911
1.3,1.11,0.7100000000000001,3,N,38912
1.3,1.11,0.7100000000000001,4,N,38913
1.3,1.11,0.7100000000000001,5,N,38914
1.3,1.11,0.81,1,N,38915
1.3,1.11,0.81,2,N,38916
1.3,1.11,0.81,3,N,38917
1.3,1.11,0.81,4,N,38918
1.3,1.11,0.81,5,N,38919
1.3,1.11,0.91,1,N,38920
1.3,1.11,0.91,2,N,38921
1.3,1.11,0.91,3,N,38922
1.3,1.11,0.91,4,N,38923
1.3,1.11,0.91,5,N,38924
1.3,1.11,1.01,1,N,38925
1.3,1.11,1.01,2,N,38926
1.3,1.11,1.01,3,N,38927
1.3,1.11,1.01,4,N,38928
1.3,1.11,1.01,5,N,38929
1.3,1.11,1.11,1,N,38930
1.3,1.11,1.11,2,N,38931
1.3,1.11,1.11,3,N,38932
1.3,1.11,1.11,4,N,38933
1.3,1.11,1.11,5,N,38934
1.3,1.11,1.3,1,N,38935
1.3,1.11,1.3,2,N,38936
1.3,1.11,1.3,3,N,38937
1.3,1.11,1.3,4,N,38938
1.3,1.11,1.3,5,N,38939
1.3,1.11,1.6,1,N,38940
1.3,1.11,1.6,2,N,38941
1.3,1.11,1.6,3,N,38942
1.3,1.11,1.6,4,N,38943
1.3,1.11,1.6,5,N,38944
1.3,1.11,1.9,1,N,38945
1.3,1.11,1.9,2,N,38946
1.3,1.11,1.9,3,N,38947
1.3,1.11,1.9,4,N,38948
1.3,1.11,1.9,5,N,38949
1.3,1.11,2.2,1,N,38950
1.3,1.11,2.2,2,N,38951
1.3,1.11,2.2,3,N,38952
1.3,1.11,2.2,4,N,38953
1.3,1.11,2.2,5,N,38954
1.3,1.11,2.5,1,N,38955
1.3,1.11,2.5,2,N,38956
1.3,1.11,2.5,3,N,38957
1.3,1.11,2.5,4,N,38958
1.3,1.11,2.5,5,N,38959
1.3,1.11,2.8000000000000003,1,N,38960
1.3,1.11,2.8000000000000003,2,N,38961
1.3,1.11,2.8000000000000003,3,N,38962
1.3,1.11,2.8000000000000003,4,N,38963
1.3,1.11,2.8000000000000003,5,N,38964
1.3,1.11,3.1000000000000005,1,N,38965
1.3,1.11,3.1000000000000005,2,N,38966
1.3,1.11,3.1000000000000005,3,N,38967
1.3,1.11,3.1000000000000005,4,N,38968
1.3,1.11,3.1000000000000005,5,N,38969
1.3,1.11,3.4000000000000004,1,N,38970
1.3,1.11,3.4000000000000004,2,N,38971
1.3,1.11,3.4000000000000004,3,N,38972
1.3,1.11,3.4000000000000004,4,N,38973
1.3,1.11,3.4000000000000004,5,N,38974
1.3,1.11,3.7,1,N,38975
1.3,1.11,3.7,2,N,38976
1.3,1.11,3.7,3,N,38977
1.3,1.11,3.7,4,N,38978
1.3,1.11,3.7,5,N,38979
1.3,1.11,4.0,1,N,38980
1.3,1.11,4.0,2,N,38981
1.3,1.11,4.0,3,N,38982
1.3,1.11,4.0,4,N,38983
1.3,1.11,4.0,5,N,38984
1.3,1.11,4.300000000000002,1,N,38985
1.3,1.11,4.300000000000002,2,N,38986
1.3,1.11,4.300000000000002,3,N,38987
1.3,1.11,4.300000000000002,4,N,38988
1.3,1.11,4.300000000000002,5,N,38989
1.3,1.11,4.6000000000000005,1,N,38990
1.3,1.11,4.6000000000000005,2,N,38991
1.3,1.11,4.6000000000000005,3,N,38992
1.3,1.11,4.6000000000000005,4,N,38993
1.3,1.11,4.6000000000000005,5,N,38994
1.3,1.11,4.9,1,N,38995
1.3,1.11,4.9,2,N,38996
1.3,1.11,4.9,3,N,38997
1.3,1.11,4.9,4,N,38998
1.3,1.11,4.9,5,N,38999
1.3,1.3,0.01,1,N,39000
1.3,1.3,0.01,2,N,39001
1.3,1.3,0.01,3,N,39002
1.3,1.3,0.01,4,N,39003
1.3,1.3,0.01,5,N,39004
1.3,1.3,0.11,1,N,39005
1.3,1.3,0.11,2,N,39006
1.3,1.3,0.11,3,N,39007
1.3,1.3,0.11,4,N,39008
1.3,1.3,0.11,5,N,39009
1.3,1.3,0.21,1,N,39010
1.3,1.3,0.21,2,N,39011
1.3,1.3,0.21,3,N,39012
1.3,1.3,0.21,4,N,39013
1.3,1.3,0.21,5,N,39014
1.3,1.3,0.31000000000000005,1,N,39015
1.3,1.3,0.31000000000000005,2,N,39016
1.3,1.3,0.31000000000000005,3,N,39017
1.3,1.3,0.31000000000000005,4,N,39018
1.3,1.3,0.31000000000000005,5,N,39019
1.3,1.3,0.41,1,N,39020
1.3,1.3,0.41,2,N,39021
1.3,1.3,0.41,3,N,39022
1.3,1.3,0.41,4,N,39023
1.3,1.3,0.41,5,N,39024
1.3,1.3,0.51,1,N,39025
1.3,1.3,0.51,2,N,39026
1.3,1.3,0.51,3,N,39027
1.3,1.3,0.51,4,N,39028
1.3,1.3,0.51,5,N,39029
1.3,1.3,0.6100000000000001,1,N,39030
1.3,1.3,0.6100000000000001,2,N,39031
1.3,1.3,0.6100000000000001,3,N,39032
1.3,1.3,0.6100000000000001,4,N,39033
1.3,1.3,0.6100000000000001,5,N,39034
1.3,1.3,0.7100000000000001,1,N,39035
1.3,1.3,0.7100000000000001,2,N,39036
1.3,1.3,0.7100000000000001,3,N,39037
1.3,1.3,0.7100000000000001,4,N,39038
1.3,1.3,0.7100000000000001,5,N,39039
1.3,1.3,0.81,1,N,39040
1.3,1.3,0.81,2,N,39041
1.3,1.3,0.81,3,N,39042
1.3,1.3,0.81,4,N,39043
1.3,1.3,0.81,5,N,39044
1.3,1.3,0.91,1,N,39045
1.3,1.3,0.91,2,N,39046
1.3,1.3,0.91,3,N,39047
1.3,1.3,0.91,4,N,39048
1.3,1.3,0.91,5,N,39049
1.3,1.3,1.01,1,N,39050
1.3,1.3,1.01,2,N,39051
1.3,1.3,1.01,3,N,39052
1.3,1.3,1.01,4,N,39053
1.3,1.3,1.01,5,N,39054
1.3,1.3,1.11,1,N,39055
1.3,1.3,1.11,2,N,39056
1.3,1.3,1.11,3,N,39057
1.3,1.3,1.11,4,N,39058
1.3,1.3,1.11,5,N,39059
1.3,1.3,1.3,1,N,39060
1.3,1.3,1.3,2,N,39061
1.3,1.3,1.3,3,N,39062
1.3,1.3,1.3,4,N,39063
1.3,1.3,1.3,5,N,39064
1.3,1.3,1.6,1,N,39065
1.3,1.3,1.6,2,N,39066
1.3,1.3,1.6,3,N,39067
1.3,1.3,1.6,4,N,39068
1.3,1.3,1.6,5,N,39069
1.3,1.3,1.9,1,N,39070
1.3,1.3,1.9,2,N,39071
1.3,1.3,1.9,3,N,39072
1.3,1.3,1.9,4,N,39073
1.3,1.3,1.9,5,N,39074
1.3,1.3,2.2,1,N,39075
1.3,1.3,2.2,2,N,39076
1.3,1.3,2.2,3,N,39077
1.3,1.3,2.2,4,N,39078
1.3,1.3,2.2,5,N,39079
1.3,1.3,2.5,1,N,39080
1.3,1.3,2.5,2,N,39081
1.3,1.3,2.5,3,N,39082
1.3,1.3,2.5,4,N,39083
1.3,1.3,2.5,5,N,39084
1.3,1.3,2.8000000000000003,1,N,39085
1.3,1.3,2.8000000000000003,2,N,39086
1.3,1.3,2.8000000000000003,3,N,39087
1.3,1.3,2.8000000000000003,4,N,39088
1.3,1.3,2.8000000000000003,5,N,39089
1.3,1.3,3.1000000000000005,1,N,39090
1.3,1.3,3.1000000000000005,2,N,39091
1.3,1.3,3.1000000000000005,3,N,39092
1.3,1.3,3.1000000000000005,4,N,39093
1.3,1.3,3.1000000000000005,5,N,39094
1.3,1.3,3.4000000000000004,1,N,39095
1.3,1.3,3.4000000000000004,2,N,39096
1.3,1.3,3.4000000000000004,3,N,39097
1.3,1.3,3.4000000000000004,4,N,39098
1.3,1.3,3.4000000000000004,5,N,39099
1.3,1.3,3.7,1,N,39100
1.3,1.3,3.7,2,N,39101
1.3,1.3,3.7,3,N,39102
1.3,1.3,3.7,4,N,39103
1.3,1.3,3.7,5,N,39104
1.3,1.3,4.0,1,N,39105
1.3,1.3,4.0,2,N,39106
1.3,1.3,4.0,3,N,39107
1.3,1.3,4.0,4,N,39108
1.3,1.3,4.0,5,N,39109
1.3,1.3,4.300000000000002,1,N,39110
1.3,1.3,4.300000000000002,2,N,39111
1.3,1.3,4.300000000000002,3,N,39112
1.3,1.3,4.300000000000002,4,N,39113
1.3,1.3,4.300000000000002,5,N,39114
1.3,1.3,4.6000000000000005,1,N,39115
1.3,1.3,4.6000000000000005,2,N,39116
1.3,1.3,4.6000000000000005,3,N,39117
1.3,1.3,4.6000000000000005,4,N,39118
1.3,1.3,4.6000000000000005,5,N,39119
1.3,1.3,4.9,1,N,39120
1.3,1.3,4.9,2,N,39121
1.3,1.3,4.9,3,N,39122
1.3,1.3,4.9,4,N,39123
1.3,1.3,4.9,5,N,39124
1.3,1.6,0.01,1,N,39125
1.3,1.6,0.01,2,N,39126
1.3,1.6,0.01,3,N,39127
1.3,1.6,0.01,4,N,39128
1.3,1.6,0.01,5,N,39129
1.3,1.6,0.11,1,N,39130
1.3,1.6,0.11,2,N,39131
1.3,1.6,0.11,3,N,39132
1.3,1.6,0.11,4,N,39133
1.3,1.6,0.11,5,N,39134
1.3,1.6,0.21,1,N,39135
1.3,1.6,0.21,2,N,39136
1.3,1.6,0.21,3,N,39137
1.3,1.6,0.21,4,N,39138
1.3,1.6,0.21,5,N,39139
1.3,1.6,0.31000000000000005,1,N,39140
1.3,1.6,0.31000000000000005,2,N,39141
1.3,1.6,0.31000000000000005,3,N,39142
1.3,1.6,0.31000000000000005,4,N,39143
1.3,1.6,0.31000000000000005,5,N,39144
1.3,1.6,0.41,1,N,39145
1.3,1.6,0.41,2,N,39146
1.3,1.6,0.41,3,N,39147
1.3,1.6,0.41,4,N,39148
1.3,1.6,0.41,5,N,39149
1.3,1.6,0.51,1,N,39150
1.3,1.6,0.51,2,N,39151
1.3,1.6,0.51,3,N,39152
1.3,1.6,0.51,4,N,39153
1.3,1.6,0.51,5,N,39154
1.3,1.6,0.6100000000000001,1,N,39155
1.3,1.6,0.6100000000000001,2,N,39156
1.3,1.6,0.6100000000000001,3,N,39157
1.3,1.6,0.6100000000000001,4,N,39158
1.3,1.6,0.6100000000000001,5,N,39159
1.3,1.6,0.7100000000000001,1,N,39160
1.3,1.6,0.7100000000000001,2,N,39161
1.3,1.6,0.7100000000000001,3,N,39162
1.3,1.6,0.7100000000000001,4,N,39163
1.3,1.6,0.7100000000000001,5,N,39164
1.3,1.6,0.81,1,N,39165
1.3,1.6,0.81,2,N,39166
1.3,1.6,0.81,3,N,39167
1.3,1.6,0.81,4,N,39168
1.3,1.6,0.81,5,N,39169
1.3,1.6,0.91,1,N,39170
1.3,1.6,0.91,2,N,39171
1.3,1.6,0.91,3,N,39172
1.3,1.6,0.91,4,N,39173
1.3,1.6,0.91,5,N,39174
1.3,1.6,1.01,1,N,39175
1.3,1.6,1.01,2,N,39176
1.3,1.6,1.01,3,N,39177
1.3,1.6,1.01,4,N,39178
1.3,1.6,1.01,5,N,39179
1.3,1.6,1.11,1,N,39180
1.3,1.6,1.11,2,N,39181
1.3,1.6,1.11,3,N,39182
1.3,1.6,1.11,4,N,39183
1.3,1.6,1.11,5,N,39184
1.3,1.6,1.3,1,N,39185
1.3,1.6,1.3,2,N,39186
1.3,1.6,1.3,3,N,39187
1.3,1.6,1.3,4,N,39188
1.3,1.6,1.3,5,N,39189
1.3,1.6,1.6,1,N,39190
1.3,1.6,1.6,2,N,39191
1.3,1.6,1.6,3,N,39192
1.3,1.6,1.6,4,N,39193
1.3,1.6,1.6,5,N,39194
1.3,1.6,1.9,1,N,39195
1.3,1.6,1.9,2,N,39196
1.3,1.6,1.9,3,N,39197
1.3,1.6,1.9,4,N,39198
1.3,1.6,1.9,5,N,39199
1.3,1.6,2.2,1,N,39200
1.3,1.6,2.2,2,N,39201
1.3,1.6,2.2,3,N,39202
1.3,1.6,2.2,4,N,39203
1.3,1.6,2.2,5,N,39204
1.3,1.6,2.5,1,N,39205
1.3,1.6,2.5,2,N,39206
1.3,1.6,2.5,3,N,39207
1.3,1.6,2.5,4,N,39208
1.3,1.6,2.5,5,N,39209
1.3,1.6,2.8000000000000003,1,N,39210
1.3,1.6,2.8000000000000003,2,N,39211
1.3,1.6,2.8000000000000003,3,N,39212
1.3,1.6,2.8000000000000003,4,N,39213
1.3,1.6,2.8000000000000003,5,N,39214
1.3,1.6,3.1000000000000005,1,N,39215
1.3,1.6,3.1000000000000005,2,N,39216
1.3,1.6,3.1000000000000005,3,N,39217
1.3,1.6,3.1000000000000005,4,N,39218
1.3,1.6,3.1000000000000005,5,N,39219
1.3,1.6,3.4000000000000004,1,N,39220
1.3,1.6,3.4000000000000004,2,N,39221
1.3,1.6,3.4000000000000004,3,N,39222
1.3,1.6,3.4000000000000004,4,N,39223
1.3,1.6,3.4000000000000004,5,N,39224
1.3,1.6,3.7,1,N,39225
1.3,1.6,3.7,2,N,39226
1.3,1.6,3.7,3,N,39227
1.3,1.6,3.7,4,N,39228
1.3,1.6,3.7,5,N,39229
1.3,1.6,4.0,1,N,39230
1.3,1.6,4.0,2,N,39231
1.3,1.6,4.0,3,N,39232
1.3,1.6,4.0,4,N,39233
1.3,1.6,4.0,5,N,39234
1.3,1.6,4.300000000000002,1,N,39235
1.3,1.6,4.300000000000002,2,N,39236
1.3,1.6,4.300000000000002,3,N,39237
1.3,1.6,4.300000000000002,4,N,39238
1.3,1.6,4.300000000000002,5,N,39239
1.3,1.6,4.6000000000000005,1,N,39240
1.3,1.6,4.6000000000000005,2,N,39241
1.3,1.6,4.6000000000000005,3,N,39242
1.3,1.6,4.6000000000000005,4,N,39243
1.3,1.6,4.6000000000000005,5,N,39244
1.3,1.6,4.9,1,N,39245
1.3,1.6,4.9,2,N,39246
1.3,1.6,4.9,3,N,39247
1.3,1.6,4.9,4,N,39248
1.3,1.6,4.9,5,N,39249
1.3,1.9,0.01,1,N,39250
1.3,1.9,0.01,2,N,39251
1.3,1.9,0.01,3,N,39252
1.3,1.9,0.01,4,N,39253
1.3,1.9,0.01,5,N,39254
1.3,1.9,0.11,1,N,39255
1.3,1.9,0.11,2,N,39256
1.3,1.9,0.11,3,N,39257
1.3,1.9,0.11,4,N,39258
1.3,1.9,0.11,5,N,39259
1.3,1.9,0.21,1,N,39260
1.3,1.9,0.21,2,N,39261
1.3,1.9,0.21,3,N,39262
1.3,1.9,0.21,4,N,39263
1.3,1.9,0.21,5,N,39264
1.3,1.9,0.31000000000000005,1,N,39265
1.3,1.9,0.31000000000000005,2,N,39266
1.3,1.9,0.31000000000000005,3,N,39267
1.3,1.9,0.31000000000000005,4,N,39268
1.3,1.9,0.31000000000000005,5,N,39269
1.3,1.9,0.41,1,N,39270
1.3,1.9,0.41,2,N,39271
1.3,1.9,0.41,3,N,39272
1.3,1.9,0.41,4,N,39273
1.3,1.9,0.41,5,N,39274
1.3,1.9,0.51,1,N,39275
1.3,1.9,0.51,2,N,39276
1.3,1.9,0.51,3,N,39277
1.3,1.9,0.51,4,N,39278
1.3,1.9,0.51,5,N,39279
1.3,1.9,0.6100000000000001,1,N,39280
1.3,1.9,0.6100000000000001,2,N,39281
1.3,1.9,0.6100000000000001,3,N,39282
1.3,1.9,0.6100000000000001,4,N,39283
1.3,1.9,0.6100000000000001,5,N,39284
1.3,1.9,0.7100000000000001,1,N,39285
1.3,1.9,0.7100000000000001,2,N,39286
1.3,1.9,0.7100000000000001,3,N,39287
1.3,1.9,0.7100000000000001,4,N,39288
1.3,1.9,0.7100000000000001,5,N,39289
1.3,1.9,0.81,1,N,39290
1.3,1.9,0.81,2,N,39291
1.3,1.9,0.81,3,N,39292
1.3,1.9,0.81,4,N,39293
1.3,1.9,0.81,5,N,39294
1.3,1.9,0.91,1,N,39295
1.3,1.9,0.91,2,N,39296
1.3,1.9,0.91,3,N,39297
1.3,1.9,0.91,4,N,39298
1.3,1.9,0.91,5,N,39299
1.3,1.9,1.01,1,N,39300
1.3,1.9,1.01,2,N,39301
1.3,1.9,1.01,3,N,39302
1.3,1.9,1.01,4,N,39303
1.3,1.9,1.01,5,N,39304
1.3,1.9,1.11,1,N,39305
1.3,1.9,1.11,2,N,39306
1.3,1.9,1.11,3,N,39307
1.3,1.9,1.11,4,N,39308
1.3,1.9,1.11,5,N,39309
1.3,1.9,1.3,1,N,39310
1.3,1.9,1.3,2,N,39311
1.3,1.9,1.3,3,N,39312
1.3,1.9,1.3,4,N,39313
1.3,1.9,1.3,5,N,39314
1.3,1.9,1.6,1,N,39315
1.3,1.9,1.6,2,N,39316
1.3,1.9,1.6,3,N,39317
1.3,1.9,1.6,4,N,39318
1.3,1.9,1.6,5,N,39319
1.3,1.9,1.9,1,N,39320
1.3,1.9,1.9,2,N,39321
1.3,1.9,1.9,3,N,39322
1.3,1.9,1.9,4,N,39323
1.3,1.9,1.9,5,N,39324
1.3,1.9,2.2,1,N,39325
1.3,1.9,2.2,2,N,39326
1.3,1.9,2.2,3,N,39327
1.3,1.9,2.2,4,N,39328
1.3,1.9,2.2,5,N,39329
1.3,1.9,2.5,1,N,39330
1.3,1.9,2.5,2,N,39331
1.3,1.9,2.5,3,N,39332
1.3,1.9,2.5,4,N,39333
1.3,1.9,2.5,5,N,39334
1.3,1.9,2.8000000000000003,1,N,39335
1.3,1.9,2.8000000000000003,2,N,39336
1.3,1.9,2.8000000000000003,3,N,39337
1.3,1.9,2.8000000000000003,4,N,39338
1.3,1.9,2.8000000000000003,5,N,39339
1.3,1.9,3.1000000000000005,1,N,39340
1.3,1.9,3.1000000000000005,2,N,39341
1.3,1.9,3.1000000000000005,3,N,39342
1.3,1.9,3.1000000000000005,4,N,39343
1.3,1.9,3.1000000000000005,5,N,39344
1.3,1.9,3.4000000000000004,1,N,39345
1.3,1.9,3.4000000000000004,2,N,39346
1.3,1.9,3.4000000000000004,3,N,39347
1.3,1.9,3.4000000000000004,4,N,39348
1.3,1.9,3.4000000000000004,5,N,39349
1.3,1.9,3.7,1,N,39350
1.3,1.9,3.7,2,N,39351
1.3,1.9,3.7,3,N,39352
1.3,1.9,3.7,4,N,39353
1.3,1.9,3.7,5,N,39354
1.3,1.9,4.0,1,N,39355
1.3,1.9,4.0,2,N,39356
1.3,1.9,4.0,3,N,39357
1.3,1.9,4.0,4,N,39358
1.3,1.9,4.0,5,N,39359
1.3,1.9,4.300000000000002,1,N,39360
1.3,1.9,4.300000000000002,2,N,39361
1.3,1.9,4.300000000000002,3,N,39362
1.3,1.9,4.300000000000002,4,N,39363
1.3,1.9,4.300000000000002,5,N,39364
1.3,1.9,4.6000000000000005,1,N,39365
1.3,1.9,4.6000000000000005,2,N,39366
1.3,1.9,4.6000000000000005,3,N,39367
1.3,1.9,4.6000000000000005,4,N,39368
1.3,1.9,4.6000000000000005,5,N,39369
1.3,1.9,4.9,1,N,39370
1.3,1.9,4.9,2,N,39371
1.3,1.9,4.9,3,N,39372
1.3,1.9,4.9,4,N,39373
1.3,1.9,4.9,5,N,39374
1.3,2.2,0.01,1,N,39375
1.3,2.2,0.01,2,N,39376
1.3,2.2,0.01,3,N,39377
1.3,2.2,0.01,4,N,39378
1.3,2.2,0.01,5,N,39379
1.3,2.2,0.11,1,N,39380
1.3,2.2,0.11,2,N,39381
1.3,2.2,0.11,3,N,39382
1.3,2.2,0.11,4,N,39383
1.3,2.2,0.11,5,N,39384
1.3,2.2,0.21,1,N,39385
1.3,2.2,0.21,2,N,39386
1.3,2.2,0.21,3,N,39387
1.3,2.2,0.21,4,N,39388
1.3,2.2,0.21,5,N,39389
1.3,2.2,0.31000000000000005,1,N,39390
1.3,2.2,0.31000000000000005,2,N,39391
1.3,2.2,0.31000000000000005,3,N,39392
1.3,2.2,0.31000000000000005,4,N,39393
1.3,2.2,0.31000000000000005,5,N,39394
1.3,2.2,0.41,1,N,39395
1.3,2.2,0.41,2,N,39396
1.3,2.2,0.41,3,N,39397
1.3,2.2,0.41,4,N,39398
1.3,2.2,0.41,5,N,39399
1.3,2.2,0.51,1,N,39400
1.3,2.2,0.51,2,N,39401
1.3,2.2,0.51,3,N,39402
1.3,2.2,0.51,4,N,39403
1.3,2.2,0.51,5,N,39404
1.3,2.2,0.6100000000000001,1,N,39405
1.3,2.2,0.6100000000000001,2,N,39406
1.3,2.2,0.6100000000000001,3,N,39407
1.3,2.2,0.6100000000000001,4,N,39408
1.3,2.2,0.6100000000000001,5,N,39409
1.3,2.2,0.7100000000000001,1,N,39410
1.3,2.2,0.7100000000000001,2,N,39411
1.3,2.2,0.7100000000000001,3,N,39412
1.3,2.2,0.7100000000000001,4,N,39413
1.3,2.2,0.7100000000000001,5,N,39414
1.3,2.2,0.81,1,N,39415
1.3,2.2,0.81,2,N,39416
1.3,2.2,0.81,3,N,39417
1.3,2.2,0.81,4,N,39418
1.3,2.2,0.81,5,N,39419
1.3,2.2,0.91,1,N,39420
1.3,2.2,0.91,2,N,39421
1.3,2.2,0.91,3,N,39422
1.3,2.2,0.91,4,N,39423
1.3,2.2,0.91,5,N,39424
1.3,2.2,1.01,1,N,39425
1.3,2.2,1.01,2,N,39426
1.3,2.2,1.01,3,N,39427
1.3,2.2,1.01,4,N,39428
1.3,2.2,1.01,5,N,39429
1.3,2.2,1.11,1,N,39430
1.3,2.2,1.11,2,N,39431
1.3,2.2,1.11,3,N,39432
1.3,2.2,1.11,4,N,39433
1.3,2.2,1.11,5,N,39434
1.3,2.2,1.3,1,N,39435
1.3,2.2,1.3,2,N,39436
1.3,2.2,1.3,3,N,39437
1.3,2.2,1.3,4,N,39438
1.3,2.2,1.3,5,N,39439
1.3,2.2,1.6,1,N,39440
1.3,2.2,1.6,2,N,39441
1.3,2.2,1.6,3,N,39442
1.3,2.2,1.6,4,N,39443
1.3,2.2,1.6,5,N,39444
1.3,2.2,1.9,1,N,39445
1.3,2.2,1.9,2,N,39446
1.3,2.2,1.9,3,N,39447
1.3,2.2,1.9,4,N,39448
1.3,2.2,1.9,5,N,39449
1.3,2.2,2.2,1,N,39450
1.3,2.2,2.2,2,N,39451
1.3,2.2,2.2,3,N,39452
1.3,2.2,2.2,4,N,39453
1.3,2.2,2.2,5,N,39454
1.3,2.2,2.5,1,N,39455
1.3,2.2,2.5,2,N,39456
1.3,2.2,2.5,3,N,39457
1.3,2.2,2.5,4,N,39458
1.3,2.2,2.5,5,N,39459
1.3,2.2,2.8000000000000003,1,N,39460
1.3,2.2,2.8000000000000003,2,N,39461
1.3,2.2,2.8000000000000003,3,N,39462
1.3,2.2,2.8000000000000003,4,N,39463
1.3,2.2,2.8000000000000003,5,N,39464
1.3,2.2,3.1000000000000005,1,N,39465
1.3,2.2,3.1000000000000005,2,N,39466
1.3,2.2,3.1000000000000005,3,N,39467
1.3,2.2,3.1000000000000005,4,N,39468
1.3,2.2,3.1000000000000005,5,N,39469
1.3,2.2,3.4000000000000004,1,N,39470
1.3,2.2,3.4000000000000004,2,N,39471
1.3,2.2,3.4000000000000004,3,N,39472
1.3,2.2,3.4000000000000004,4,N,39473
1.3,2.2,3.4000000000000004,5,N,39474
1.3,2.2,3.7,1,N,39475
1.3,2.2,3.7,2,N,39476
1.3,2.2,3.7,3,N,39477
1.3,2.2,3.7,4,N,39478
1.3,2.2,3.7,5,N,39479
1.3,2.2,4.0,1,N,39480
1.3,2.2,4.0,2,N,39481
1.3,2.2,4.0,3,N,39482
1.3,2.2,4.0,4,N,39483
1.3,2.2,4.0,5,N,39484
1.3,2.2,4.300000000000002,1,N,39485
1.3,2.2,4.300000000000002,2,N,39486
1.3,2.2,4.300000000000002,3,N,39487
1.3,2.2,4.300000000000002,4,N,39488
1.3,2.2,4.300000000000002,5,N,39489
1.3,2.2,4.6000000000000005,1,N,39490
1.3,2.2,4.6000000000000005,2,N,39491
1.3,2.2,4.6000000000000005,3,N,39492
1.3,2.2,4.6000000000000005,4,N,39493
1.3,2.2,4.6000000000000005,5,N,39494
1.3,2.2,4.9,1,N,39495
1.3,2.2,4.9,2,N,39496
1.3,2.2,4.9,3,N,39497
1.3,2.2,4.9,4,N,39498
1.3,2.2,4.9,5,N,39499
1.3,2.5,0.01,1,N,39500
1.3,2.5,0.01,2,N,39501
1.3,2.5,0.01,3,N,39502
1.3,2.5,0.01,4,N,39503
1.3,2.5,0.01,5,N,39504
1.3,2.5,0.11,1,N,39505
1.3,2.5,0.11,2,N,39506
1.3,2.5,0.11,3,N,39507
1.3,2.5,0.11,4,N,39508
1.3,2.5,0.11,5,N,39509
1.3,2.5,0.21,1,N,39510
1.3,2.5,0.21,2,N,39511
1.3,2.5,0.21,3,N,39512
1.3,2.5,0.21,4,N,39513
1.3,2.5,0.21,5,N,39514
1.3,2.5,0.31000000000000005,1,N,39515
1.3,2.5,0.31000000000000005,2,N,39516
1.3,2.5,0.31000000000000005,3,N,39517
1.3,2.5,0.31000000000000005,4,N,39518
1.3,2.5,0.31000000000000005,5,N,39519
1.3,2.5,0.41,1,N,39520
1.3,2.5,0.41,2,N,39521
1.3,2.5,0.41,3,N,39522
1.3,2.5,0.41,4,N,39523
1.3,2.5,0.41,5,N,39524
1.3,2.5,0.51,1,N,39525
1.3,2.5,0.51,2,N,39526
1.3,2.5,0.51,3,N,39527
1.3,2.5,0.51,4,N,39528
1.3,2.5,0.51,5,N,39529
1.3,2.5,0.6100000000000001,1,N,39530
1.3,2.5,0.6100000000000001,2,N,39531
1.3,2.5,0.6100000000000001,3,N,39532
1.3,2.5,0.6100000000000001,4,N,39533
1.3,2.5,0.6100000000000001,5,N,39534
1.3,2.5,0.7100000000000001,1,N,39535
1.3,2.5,0.7100000000000001,2,N,39536
1.3,2.5,0.7100000000000001,3,N,39537
1.3,2.5,0.7100000000000001,4,N,39538
1.3,2.5,0.7100000000000001,5,N,39539
1.3,2.5,0.81,1,N,39540
1.3,2.5,0.81,2,N,39541
1.3,2.5,0.81,3,N,39542
1.3,2.5,0.81,4,N,39543
1.3,2.5,0.81,5,N,39544
1.3,2.5,0.91,1,N,39545
1.3,2.5,0.91,2,N,39546
1.3,2.5,0.91,3,N,39547
1.3,2.5,0.91,4,N,39548
1.3,2.5,0.91,5,N,39549
1.3,2.5,1.01,1,N,39550
1.3,2.5,1.01,2,N,39551
1.3,2.5,1.01,3,N,39552
1.3,2.5,1.01,4,N,39553
1.3,2.5,1.01,5,N,39554
1.3,2.5,1.11,1,N,39555
1.3,2.5,1.11,2,N,39556
1.3,2.5,1.11,3,N,39557
1.3,2.5,1.11,4,N,39558
1.3,2.5,1.11,5,N,39559
1.3,2.5,1.3,1,N,39560
1.3,2.5,1.3,2,N,39561
1.3,2.5,1.3,3,N,39562
1.3,2.5,1.3,4,N,39563
1.3,2.5,1.3,5,N,39564
1.3,2.5,1.6,1,N,39565
1.3,2.5,1.6,2,N,39566
1.3,2.5,1.6,3,N,39567
1.3,2.5,1.6,4,N,39568
1.3,2.5,1.6,5,N,39569
1.3,2.5,1.9,1,N,39570
1.3,2.5,1.9,2,N,39571
1.3,2.5,1.9,3,N,39572
1.3,2.5,1.9,4,N,39573
1.3,2.5,1.9,5,N,39574
1.3,2.5,2.2,1,N,39575
1.3,2.5,2.2,2,N,39576
1.3,2.5,2.2,3,N,39577
1.3,2.5,2.2,4,N,39578
1.3,2.5,2.2,5,N,39579
1.3,2.5,2.5,1,N,39580
1.3,2.5,2.5,2,N,39581
1.3,2.5,2.5,3,N,39582
1.3,2.5,2.5,4,N,39583
1.3,2.5,2.5,5,N,39584
1.3,2.5,2.8000000000000003,1,N,39585
1.3,2.5,2.8000000000000003,2,N,39586
1.3,2.5,2.8000000000000003,3,N,39587
1.3,2.5,2.8000000000000003,4,N,39588
1.3,2.5,2.8000000000000003,5,N,39589
1.3,2.5,3.1000000000000005,1,N,39590
1.3,2.5,3.1000000000000005,2,N,39591
1.3,2.5,3.1000000000000005,3,N,39592
1.3,2.5,3.1000000000000005,4,N,39593
1.3,2.5,3.1000000000000005,5,N,39594
1.3,2.5,3.4000000000000004,1,N,39595
1.3,2.5,3.4000000000000004,2,N,39596
1.3,2.5,3.4000000000000004,3,N,39597
1.3,2.5,3.4000000000000004,4,N,39598
1.3,2.5,3.4000000000000004,5,N,39599
1.3,2.5,3.7,1,N,39600
1.3,2.5,3.7,2,N,39601
1.3,2.5,3.7,3,N,39602
1.3,2.5,3.7,4,N,39603
1.3,2.5,3.7,5,N,39604
1.3,2.5,4.0,1,N,39605
1.3,2.5,4.0,2,N,39606
1.3,2.5,4.0,3,N,39607
1.3,2.5,4.0,4,N,39608
1.3,2.5,4.0,5,N,39609
1.3,2.5,4.300000000000002,1,N,39610
1.3,2.5,4.300000000000002,2,N,39611
1.3,2.5,4.300000000000002,3,N,39612
1.3,2.5,4.300000000000002,4,N,39613
1.3,2.5,4.300000000000002,5,N,39614
1.3,2.5,4.6000000000000005,1,N,39615
1.3,2.5,4.6000000000000005,2,N,39616
1.3,2.5,4.6000000000000005,3,N,39617
1.3,2.5,4.6000000000000005,4,N,39618
1.3,2.5,4.6000000000000005,5,N,39619
1.3,2.5,4.9,1,N,39620
1.3,2.5,4.9,2,N,39621
1.3,2.5,4.9,3,N,39622
1.3,2.5,4.9,4,N,39623
1.3,2.5,4.9,5,N,39624
1.3,2.8000000000000003,0.01,1,N,39625
1.3,2.8000000000000003,0.01,2,N,39626
1.3,2.8000000000000003,0.01,3,N,39627
1.3,2.8000000000000003,0.01,4,N,39628
1.3,2.8000000000000003,0.01,5,N,39629
1.3,2.8000000000000003,0.11,1,N,39630
1.3,2.8000000000000003,0.11,2,N,39631
1.3,2.8000000000000003,0.11,3,N,39632
1.3,2.8000000000000003,0.11,4,N,39633
1.3,2.8000000000000003,0.11,5,N,39634
1.3,2.8000000000000003,0.21,1,N,39635
1.3,2.8000000000000003,0.21,2,N,39636
1.3,2.8000000000000003,0.21,3,N,39637
1.3,2.8000000000000003,0.21,4,N,39638
1.3,2.8000000000000003,0.21,5,N,39639
1.3,2.8000000000000003,0.31000000000000005,1,N,39640
1.3,2.8000000000000003,0.31000000000000005,2,N,39641
1.3,2.8000000000000003,0.31000000000000005,3,N,39642
1.3,2.8000000000000003,0.31000000000000005,4,N,39643
1.3,2.8000000000000003,0.31000000000000005,5,N,39644
1.3,2.8000000000000003,0.41,1,N,39645
1.3,2.8000000000000003,0.41,2,N,39646
1.3,2.8000000000000003,0.41,3,N,39647
1.3,2.8000000000000003,0.41,4,N,39648
1.3,2.8000000000000003,0.41,5,N,39649
1.3,2.8000000000000003,0.51,1,N,39650
1.3,2.8000000000000003,0.51,2,N,39651
1.3,2.8000000000000003,0.51,3,N,39652
1.3,2.8000000000000003,0.51,4,N,39653
1.3,2.8000000000000003,0.51,5,N,39654
1.3,2.8000000000000003,0.6100000000000001,1,N,39655
1.3,2.8000000000000003,0.6100000000000001,2,N,39656
1.3,2.8000000000000003,0.6100000000000001,3,N,39657
1.3,2.8000000000000003,0.6100000000000001,4,N,39658
1.3,2.8000000000000003,0.6100000000000001,5,N,39659
1.3,2.8000000000000003,0.7100000000000001,1,N,39660
1.3,2.8000000000000003,0.7100000000000001,2,N,39661
1.3,2.8000000000000003,0.7100000000000001,3,N,39662
1.3,2.8000000000000003,0.7100000000000001,4,N,39663
1.3,2.8000000000000003,0.7100000000000001,5,N,39664
1.3,2.8000000000000003,0.81,1,N,39665
1.3,2.8000000000000003,0.81,2,N,39666
1.3,2.8000000000000003,0.81,3,N,39667
1.3,2.8000000000000003,0.81,4,N,39668
1.3,2.8000000000000003,0.81,5,N,39669
1.3,2.8000000000000003,0.91,1,N,39670
1.3,2.8000000000000003,0.91,2,N,39671
1.3,2.8000000000000003,0.91,3,N,39672
1.3,2.8000000000000003,0.91,4,N,39673
1.3,2.8000000000000003,0.91,5,N,39674
1.3,2.8000000000000003,1.01,1,N,39675
1.3,2.8000000000000003,1.01,2,N,39676
1.3,2.8000000000000003,1.01,3,N,39677
1.3,2.8000000000000003,1.01,4,N,39678
1.3,2.8000000000000003,1.01,5,N,39679
1.3,2.8000000000000003,1.11,1,N,39680
1.3,2.8000000000000003,1.11,2,N,39681
1.3,2.8000000000000003,1.11,3,N,39682
1.3,2.8000000000000003,1.11,4,N,39683
1.3,2.8000000000000003,1.11,5,N,39684
1.3,2.8000000000000003,1.3,1,N,39685
1.3,2.8000000000000003,1.3,2,N,39686
1.3,2.8000000000000003,1.3,3,N,39687
1.3,2.8000000000000003,1.3,4,N,39688
1.3,2.8000000000000003,1.3,5,N,39689
1.3,2.8000000000000003,1.6,1,N,39690
1.3,2.8000000000000003,1.6,2,N,39691
1.3,2.8000000000000003,1.6,3,N,39692
1.3,2.8000000000000003,1.6,4,N,39693
1.3,2.8000000000000003,1.6,5,N,39694
1.3,2.8000000000000003,1.9,1,N,39695
1.3,2.8000000000000003,1.9,2,N,39696
1.3,2.8000000000000003,1.9,3,N,39697
1.3,2.8000000000000003,1.9,4,N,39698
1.3,2.8000000000000003,1.9,5,N,39699
1.3,2.8000000000000003,2.2,1,N,39700
1.3,2.8000000000000003,2.2,2,N,39701
1.3,2.8000000000000003,2.2,3,N,39702
1.3,2.8000000000000003,2.2,4,N,39703
1.3,2.8000000000000003,2.2,5,N,39704
1.3,2.8000000000000003,2.5,1,N,39705
1.3,2.8000000000000003,2.5,2,N,39706
1.3,2.8000000000000003,2.5,3,N,39707
1.3,2.8000000000000003,2.5,4,N,39708
1.3,2.8000000000000003,2.5,5,N,39709
1.3,2.8000000000000003,2.8000000000000003,1,N,39710
1.3,2.8000000000000003,2.8000000000000003,2,N,39711
1.3,2.8000000000000003,2.8000000000000003,3,N,39712
1.3,2.8000000000000003,2.8000000000000003,4,N,39713
1.3,2.8000000000000003,2.8000000000000003,5,N,39714
1.3,2.8000000000000003,3.1000000000000005,1,N,39715
1.3,2.8000000000000003,3.1000000000000005,2,N,39716
1.3,2.8000000000000003,3.1000000000000005,3,N,39717
1.3,2.8000000000000003,3.1000000000000005,4,N,39718
1.3,2.8000000000000003,3.1000000000000005,5,N,39719
1.3,2.8000000000000003,3.4000000000000004,1,N,39720
1.3,2.8000000000000003,3.4000000000000004,2,N,39721
1.3,2.8000000000000003,3.4000000000000004,3,N,39722
1.3,2.8000000000000003,3.4000000000000004,4,N,39723
1.3,2.8000000000000003,3.4000000000000004,5,N,39724
1.3,2.8000000000000003,3.7,1,N,39725
1.3,2.8000000000000003,3.7,2,N,39726
1.3,2.8000000000000003,3.7,3,N,39727
1.3,2.8000000000000003,3.7,4,N,39728
1.3,2.8000000000000003,3.7,5,N,39729
1.3,2.8000000000000003,4.0,1,N,39730
1.3,2.8000000000000003,4.0,2,N,39731
1.3,2.8000000000000003,4.0,3,N,39732
1.3,2.8000000000000003,4.0,4,N,39733
1.3,2.8000000000000003,4.0,5,N,39734
1.3,2.8000000000000003,4.300000000000002,1,N,39735
1.3,2.8000000000000003,4.300000000000002,2,N,39736
1.3,2.8000000000000003,4.300000000000002,3,N,39737
1.3,2.8000000000000003,4.300000000000002,4,N,39738
1.3,2.8000000000000003,4.300000000000002,5,N,39739
1.3,2.8000000000000003,4.6000000000000005,1,N,39740
1.3,2.8000000000000003,4.6000000000000005,2,N,39741
1.3,2.8000000000000003,4.6000000000000005,3,N,39742
1.3,2.8000000000000003,4.6000000000000005,4,N,39743
1.3,2.8000000000000003,4.6000000000000005,5,N,39744
1.3,2.8000000000000003,4.9,1,N,39745
1.3,2.8000000000000003,4.9,2,N,39746
1.3,2.8000000000000003,4.9,3,N,39747
1.3,2.8000000000000003,4.9,4,N,39748
1.3,2.8000000000000003,4.9,5,N,39749
1.3,3.1000000000000005,0.01,1,N,39750
1.3,3.1000000000000005,0.01,2,N,39751
1.3,3.1000000000000005,0.01,3,N,39752
1.3,3.1000000000000005,0.01,4,N,39753
1.3,3.1000000000000005,0.01,5,N,39754
1.3,3.1000000000000005,0.11,1,N,39755
1.3,3.1000000000000005,0.11,2,N,39756
1.3,3.1000000000000005,0.11,3,N,39757
1.3,3.1000000000000005,0.11,4,N,39758
1.3,3.1000000000000005,0.11,5,N,39759
1.3,3.1000000000000005,0.21,1,N,39760
1.3,3.1000000000000005,0.21,2,N,39761
1.3,3.1000000000000005,0.21,3,N,39762
1.3,3.1000000000000005,0.21,4,N,39763
1.3,3.1000000000000005,0.21,5,N,39764
1.3,3.1000000000000005,0.31000000000000005,1,N,39765
1.3,3.1000000000000005,0.31000000000000005,2,N,39766
1.3,3.1000000000000005,0.31000000000000005,3,N,39767
1.3,3.1000000000000005,0.31000000000000005,4,N,39768
1.3,3.1000000000000005,0.31000000000000005,5,N,39769
1.3,3.1000000000000005,0.41,1,N,39770
1.3,3.1000000000000005,0.41,2,N,39771
1.3,3.1000000000000005,0.41,3,N,39772
1.3,3.1000000000000005,0.41,4,N,39773
1.3,3.1000000000000005,0.41,5,N,39774
1.3,3.1000000000000005,0.51,1,N,39775
1.3,3.1000000000000005,0.51,2,N,39776
1.3,3.1000000000000005,0.51,3,N,39777
1.3,3.1000000000000005,0.51,4,N,39778
1.3,3.1000000000000005,0.51,5,N,39779
1.3,3.1000000000000005,0.6100000000000001,1,N,39780
1.3,3.1000000000000005,0.6100000000000001,2,N,39781
1.3,3.1000000000000005,0.6100000000000001,3,N,39782
1.3,3.1000000000000005,0.6100000000000001,4,N,39783
1.3,3.1000000000000005,0.6100000000000001,5,N,39784
1.3,3.1000000000000005,0.7100000000000001,1,N,39785
1.3,3.1000000000000005,0.7100000000000001,2,N,39786
1.3,3.1000000000000005,0.7100000000000001,3,N,39787
1.3,3.1000000000000005,0.7100000000000001,4,N,39788
1.3,3.1000000000000005,0.7100000000000001,5,N,39789
1.3,3.1000000000000005,0.81,1,N,39790
1.3,3.1000000000000005,0.81,2,N,39791
1.3,3.1000000000000005,0.81,3,N,39792
1.3,3.1000000000000005,0.81,4,N,39793
1.3,3.1000000000000005,0.81,5,N,39794
1.3,3.1000000000000005,0.91,1,N,39795
1.3,3.1000000000000005,0.91,2,N,39796
1.3,3.1000000000000005,0.91,3,N,39797
1.3,3.1000000000000005,0.91,4,N,39798
1.3,3.1000000000000005,0.91,5,N,39799
1.3,3.1000000000000005,1.01,1,N,39800
1.3,3.1000000000000005,1.01,2,N,39801
1.3,3.1000000000000005,1.01,3,N,39802
1.3,3.1000000000000005,1.01,4,N,39803
1.3,3.1000000000000005,1.01,5,N,39804
1.3,3.1000000000000005,1.11,1,N,39805
1.3,3.1000000000000005,1.11,2,N,39806
1.3,3.1000000000000005,1.11,3,N,39807
1.3,3.1000000000000005,1.11,4,N,39808
1.3,3.1000000000000005,1.11,5,N,39809
1.3,3.1000000000000005,1.3,1,N,39810
1.3,3.1000000000000005,1.3,2,N,39811
1.3,3.1000000000000005,1.3,3,N,39812
1.3,3.1000000000000005,1.3,4,N,39813
1.3,3.1000000000000005,1.3,5,N,39814
1.3,3.1000000000000005,1.6,1,N,39815
1.3,3.1000000000000005,1.6,2,N,39816
1.3,3.1000000000000005,1.6,3,N,39817
1.3,3.1000000000000005,1.6,4,N,39818
1.3,3.1000000000000005,1.6,5,N,39819
1.3,3.1000000000000005,1.9,1,N,39820
1.3,3.1000000000000005,1.9,2,N,39821
1.3,3.1000000000000005,1.9,3,N,39822
1.3,3.1000000000000005,1.9,4,N,39823
1.3,3.1000000000000005,1.9,5,N,39824
1.3,3.1000000000000005,2.2,1,N,39825
1.3,3.1000000000000005,2.2,2,N,39826
1.3,3.1000000000000005,2.2,3,N,39827
1.3,3.1000000000000005,2.2,4,N,39828
1.3,3.1000000000000005,2.2,5,N,39829
1.3,3.1000000000000005,2.5,1,N,39830
1.3,3.1000000000000005,2.5,2,N,39831
1.3,3.1000000000000005,2.5,3,N,39832
1.3,3.1000000000000005,2.5,4,N,39833
1.3,3.1000000000000005,2.5,5,N,39834
1.3,3.1000000000000005,2.8000000000000003,1,N,39835
1.3,3.1000000000000005,2.8000000000000003,2,N,39836
1.3,3.1000000000000005,2.8000000000000003,3,N,39837
1.3,3.1000000000000005,2.8000000000000003,4,N,39838
1.3,3.1000000000000005,2.8000000000000003,5,N,39839
1.3,3.1000000000000005,3.1000000000000005,1,N,39840
1.3,3.1000000000000005,3.1000000000000005,2,N,39841
1.3,3.1000000000000005,3.1000000000000005,3,N,39842
1.3,3.1000000000000005,3.1000000000000005,4,N,39843
1.3,3.1000000000000005,3.1000000000000005,5,N,39844
1.3,3.1000000000000005,3.4000000000000004,1,N,39845
1.3,3.1000000000000005,3.4000000000000004,2,N,39846
1.3,3.1000000000000005,3.4000000000000004,3,N,39847
1.3,3.1000000000000005,3.4000000000000004,4,N,39848
1.3,3.1000000000000005,3.4000000000000004,5,N,39849
1.3,3.1000000000000005,3.7,1,N,39850
1.3,3.1000000000000005,3.7,2,N,39851
1.3,3.1000000000000005,3.7,3,N,39852
1.3,3.1000000000000005,3.7,4,N,39853
1.3,3.1000000000000005,3.7,5,N,39854
1.3,3.1000000000000005,4.0,1,N,39855
1.3,3.1000000000000005,4.0,2,N,39856
1.3,3.1000000000000005,4.0,3,N,39857
1.3,3.1000000000000005,4.0,4,N,39858
1.3,3.1000000000000005,4.0,5,N,39859
1.3,3.1000000000000005,4.300000000000002,1,N,39860
1.3,3.1000000000000005,4.300000000000002,2,N,39861
1.3,3.1000000000000005,4.300000000000002,3,N,39862
1.3,3.1000000000000005,4.300000000000002,4,N,39863
1.3,3.1000000000000005,4.300000000000002,5,N,39864
1.3,3.1000000000000005,4.6000000000000005,1,N,39865
1.3,3.1000000000000005,4.6000000000000005,2,N,39866
1.3,3.1000000000000005,4.6000000000000005,3,N,39867
1.3,3.1000000000000005,4.6000000000000005,4,N,39868
1.3,3.1000000000000005,4.6000000000000005,5,N,39869
1.3,3.1000000000000005,4.9,1,N,39870
1.3,3.1000000000000005,4.9,2,N,39871
1.3,3.1000000000000005,4.9,3,N,39872
1.3,3.1000000000000005,4.9,4,N,39873
1.3,3.1000000000000005,4.9,5,N,39874
1.3,3.4000000000000004,0.01,1,N,39875
1.3,3.4000000000000004,0.01,2,N,39876
1.3,3.4000000000000004,0.01,3,N,39877
1.3,3.4000000000000004,0.01,4,N,39878
1.3,3.4000000000000004,0.01,5,N,39879
1.3,3.4000000000000004,0.11,1,N,39880
1.3,3.4000000000000004,0.11,2,N,39881
1.3,3.4000000000000004,0.11,3,N,39882
1.3,3.4000000000000004,0.11,4,N,39883
1.3,3.4000000000000004,0.11,5,N,39884
1.3,3.4000000000000004,0.21,1,N,39885
1.3,3.4000000000000004,0.21,2,N,39886
1.3,3.4000000000000004,0.21,3,N,39887
1.3,3.4000000000000004,0.21,4,N,39888
1.3,3.4000000000000004,0.21,5,N,39889
1.3,3.4000000000000004,0.31000000000000005,1,N,39890
1.3,3.4000000000000004,0.31000000000000005,2,N,39891
1.3,3.4000000000000004,0.31000000000000005,3,N,39892
1.3,3.4000000000000004,0.31000000000000005,4,N,39893
1.3,3.4000000000000004,0.31000000000000005,5,N,39894
1.3,3.4000000000000004,0.41,1,N,39895
1.3,3.4000000000000004,0.41,2,N,39896
1.3,3.4000000000000004,0.41,3,N,39897
1.3,3.4000000000000004,0.41,4,N,39898
1.3,3.4000000000000004,0.41,5,N,39899
1.3,3.4000000000000004,0.51,1,N,39900
1.3,3.4000000000000004,0.51,2,N,39901
1.3,3.4000000000000004,0.51,3,N,39902
1.3,3.4000000000000004,0.51,4,N,39903
1.3,3.4000000000000004,0.51,5,N,39904
1.3,3.4000000000000004,0.6100000000000001,1,N,39905
1.3,3.4000000000000004,0.6100000000000001,2,N,39906
1.3,3.4000000000000004,0.6100000000000001,3,N,39907
1.3,3.4000000000000004,0.6100000000000001,4,N,39908
1.3,3.4000000000000004,0.6100000000000001,5,N,39909
1.3,3.4000000000000004,0.7100000000000001,1,N,39910
1.3,3.4000000000000004,0.7100000000000001,2,N,39911
1.3,3.4000000000000004,0.7100000000000001,3,N,39912
1.3,3.4000000000000004,0.7100000000000001,4,N,39913
1.3,3.4000000000000004,0.7100000000000001,5,N,39914
1.3,3.4000000000000004,0.81,1,N,39915
1.3,3.4000000000000004,0.81,2,N,39916
1.3,3.4000000000000004,0.81,3,N,39917
1.3,3.4000000000000004,0.81,4,N,39918
1.3,3.4000000000000004,0.81,5,N,39919
1.3,3.4000000000000004,0.91,1,N,39920
1.3,3.4000000000000004,0.91,2,N,39921
1.3,3.4000000000000004,0.91,3,N,39922
1.3,3.4000000000000004,0.91,4,N,39923
1.3,3.4000000000000004,0.91,5,N,39924
1.3,3.4000000000000004,1.01,1,N,39925
1.3,3.4000000000000004,1.01,2,N,39926
1.3,3.4000000000000004,1.01,3,N,39927
1.3,3.4000000000000004,1.01,4,N,39928
1.3,3.4000000000000004,1.01,5,N,39929
1.3,3.4000000000000004,1.11,1,N,39930
1.3,3.4000000000000004,1.11,2,N,39931
1.3,3.4000000000000004,1.11,3,N,39932
1.3,3.4000000000000004,1.11,4,N,39933
1.3,3.4000000000000004,1.11,5,N,39934
1.3,3.4000000000000004,1.3,1,N,39935
1.3,3.4000000000000004,1.3,2,N,39936
1.3,3.4000000000000004,1.3,3,N,39937
1.3,3.4000000000000004,1.3,4,N,39938
1.3,3.4000000000000004,1.3,5,N,39939
1.3,3.4000000000000004,1.6,1,N,39940
1.3,3.4000000000000004,1.6,2,N,39941
1.3,3.4000000000000004,1.6,3,N,39942
1.3,3.4000000000000004,1.6,4,N,39943
1.3,3.4000000000000004,1.6,5,N,39944
1.3,3.4000000000000004,1.9,1,N,39945
1.3,3.4000000000000004,1.9,2,N,39946
1.3,3.4000000000000004,1.9,3,N,39947
1.3,3.4000000000000004,1.9,4,N,39948
1.3,3.4000000000000004,1.9,5,N,39949
1.3,3.4000000000000004,2.2,1,N,39950
1.3,3.4000000000000004,2.2,2,N,39951
1.3,3.4000000000000004,2.2,3,N,39952
1.3,3.4000000000000004,2.2,4,N,39953
1.3,3.4000000000000004,2.2,5,N,39954
1.3,3.4000000000000004,2.5,1,N,39955
1.3,3.4000000000000004,2.5,2,N,39956
1.3,3.4000000000000004,2.5,3,N,39957
1.3,3.4000000000000004,2.5,4,N,39958
1.3,3.4000000000000004,2.5,5,N,39959
1.3,3.4000000000000004,2.8000000000000003,1,N,39960
1.3,3.4000000000000004,2.8000000000000003,2,N,39961
1.3,3.4000000000000004,2.8000000000000003,3,N,39962
1.3,3.4000000000000004,2.8000000000000003,4,N,39963
1.3,3.4000000000000004,2.8000000000000003,5,N,39964
1.3,3.4000000000000004,3.1000000000000005,1,N,39965
1.3,3.4000000000000004,3.1000000000000005,2,N,39966
1.3,3.4000000000000004,3.1000000000000005,3,N,39967
1.3,3.4000000000000004,3.1000000000000005,4,N,39968
1.3,3.4000000000000004,3.1000000000000005,5,N,39969
1.3,3.4000000000000004,3.4000000000000004,1,N,39970
1.3,3.4000000000000004,3.4000000000000004,2,N,39971
1.3,3.4000000000000004,3.4000000000000004,3,N,39972
1.3,3.4000000000000004,3.4000000000000004,4,N,39973
1.3,3.4000000000000004,3.4000000000000004,5,N,39974
1.3,3.4000000000000004,3.7,1,N,39975
1.3,3.4000000000000004,3.7,2,N,39976
1.3,3.4000000000000004,3.7,3,N,39977
1.3,3.4000000000000004,3.7,4,N,39978
1.3,3.4000000000000004,3.7,5,N,39979
1.3,3.4000000000000004,4.0,1,N,39980
1.3,3.4000000000000004,4.0,2,N,39981
1.3,3.4000000000000004,4.0,3,N,39982
1.3,3.4000000000000004,4.0,4,N,39983
1.3,3.4000000000000004,4.0,5,N,39984
1.3,3.4000000000000004,4.300000000000002,1,N,39985
1.3,3.4000000000000004,4.300000000000002,2,N,39986
1.3,3.4000000000000004,4.300000000000002,3,N,39987
1.3,3.4000000000000004,4.300000000000002,4,N,39988
1.3,3.4000000000000004,4.300000000000002,5,N,39989
1.3,3.4000000000000004,4.6000000000000005,1,N,39990
1.3,3.4000000000000004,4.6000000000000005,2,N,39991
1.3,3.4000000000000004,4.6000000000000005,3,N,39992
1.3,3.4000000000000004,4.6000000000000005,4,N,39993
1.3,3.4000000000000004,4.6000000000000005,5,N,39994
1.3,3.4000000000000004,4.9,1,N,39995
1.3,3.4000000000000004,4.9,2,N,39996
1.3,3.4000000000000004,4.9,3,N,39997
1.3,3.4000000000000004,4.9,4,N,39998
1.3,3.4000000000000004,4.9,5,N,39999
1.3,3.7,0.01,1,N,40000
1.3,3.7,0.01,2,N,40001
1.3,3.7,0.01,3,N,40002
1.3,3.7,0.01,4,N,40003
1.3,3.7,0.01,5,N,40004
1.3,3.7,0.11,1,N,40005
1.3,3.7,0.11,2,N,40006
1.3,3.7,0.11,3,N,40007
1.3,3.7,0.11,4,N,40008
1.3,3.7,0.11,5,N,40009
1.3,3.7,0.21,1,N,40010
1.3,3.7,0.21,2,N,40011
1.3,3.7,0.21,3,N,40012
1.3,3.7,0.21,4,N,40013
1.3,3.7,0.21,5,N,40014
1.3,3.7,0.31000000000000005,1,N,40015
1.3,3.7,0.31000000000000005,2,N,40016
1.3,3.7,0.31000000000000005,3,N,40017
1.3,3.7,0.31000000000000005,4,N,40018
1.3,3.7,0.31000000000000005,5,N,40019
1.3,3.7,0.41,1,N,40020
1.3,3.7,0.41,2,N,40021
1.3,3.7,0.41,3,N,40022
1.3,3.7,0.41,4,N,40023
1.3,3.7,0.41,5,N,40024
1.3,3.7,0.51,1,N,40025
1.3,3.7,0.51,2,N,40026
1.3,3.7,0.51,3,N,40027
1.3,3.7,0.51,4,N,40028
1.3,3.7,0.51,5,N,40029
1.3,3.7,0.6100000000000001,1,N,40030
1.3,3.7,0.6100000000000001,2,N,40031
1.3,3.7,0.6100000000000001,3,N,40032
1.3,3.7,0.6100000000000001,4,N,40033
1.3,3.7,0.6100000000000001,5,N,40034
1.3,3.7,0.7100000000000001,1,N,40035
1.3,3.7,0.7100000000000001,2,N,40036
1.3,3.7,0.7100000000000001,3,N,40037
1.3,3.7,0.7100000000000001,4,N,40038
1.3,3.7,0.7100000000000001,5,N,40039
1.3,3.7,0.81,1,N,40040
1.3,3.7,0.81,2,N,40041
1.3,3.7,0.81,3,N,40042
1.3,3.7,0.81,4,N,40043
1.3,3.7,0.81,5,N,40044
1.3,3.7,0.91,1,N,40045
1.3,3.7,0.91,2,N,40046
1.3,3.7,0.91,3,N,40047
1.3,3.7,0.91,4,N,40048
1.3,3.7,0.91,5,N,40049
1.3,3.7,1.01,1,N,40050
1.3,3.7,1.01,2,N,40051
1.3,3.7,1.01,3,N,40052
1.3,3.7,1.01,4,N,40053
1.3,3.7,1.01,5,N,40054
1.3,3.7,1.11,1,N,40055
1.3,3.7,1.11,2,N,40056
1.3,3.7,1.11,3,N,40057
1.3,3.7,1.11,4,N,40058
1.3,3.7,1.11,5,N,40059
1.3,3.7,1.3,1,N,40060
1.3,3.7,1.3,2,N,40061
1.3,3.7,1.3,3,N,40062
1.3,3.7,1.3,4,N,40063
1.3,3.7,1.3,5,N,40064
1.3,3.7,1.6,1,N,40065
1.3,3.7,1.6,2,N,40066
1.3,3.7,1.6,3,N,40067
1.3,3.7,1.6,4,N,40068
1.3,3.7,1.6,5,N,40069
1.3,3.7,1.9,1,N,40070
1.3,3.7,1.9,2,N,40071
1.3,3.7,1.9,3,N,40072
1.3,3.7,1.9,4,N,40073
1.3,3.7,1.9,5,N,40074
1.3,3.7,2.2,1,N,40075
1.3,3.7,2.2,2,N,40076
1.3,3.7,2.2,3,N,40077
1.3,3.7,2.2,4,N,40078
1.3,3.7,2.2,5,N,40079
1.3,3.7,2.5,1,N,40080
1.3,3.7,2.5,2,N,40081
1.3,3.7,2.5,3,N,40082
1.3,3.7,2.5,4,N,40083
1.3,3.7,2.5,5,N,40084
1.3,3.7,2.8000000000000003,1,N,40085
1.3,3.7,2.8000000000000003,2,N,40086
1.3,3.7,2.8000000000000003,3,N,40087
1.3,3.7,2.8000000000000003,4,N,40088
1.3,3.7,2.8000000000000003,5,N,40089
1.3,3.7,3.1000000000000005,1,N,40090
1.3,3.7,3.1000000000000005,2,N,40091
1.3,3.7,3.1000000000000005,3,N,40092
1.3,3.7,3.1000000000000005,4,N,40093
1.3,3.7,3.1000000000000005,5,N,40094
1.3,3.7,3.4000000000000004,1,N,40095
1.3,3.7,3.4000000000000004,2,N,40096
1.3,3.7,3.4000000000000004,3,N,40097
1.3,3.7,3.4000000000000004,4,N,40098
1.3,3.7,3.4000000000000004,5,N,40099
1.3,3.7,3.7,1,N,40100
1.3,3.7,3.7,2,N,40101
1.3,3.7,3.7,3,N,40102
1.3,3.7,3.7,4,N,40103
1.3,3.7,3.7,5,N,40104
1.3,3.7,4.0,1,N,40105
1.3,3.7,4.0,2,N,40106
1.3,3.7,4.0,3,N,40107
1.3,3.7,4.0,4,N,40108
1.3,3.7,4.0,5,N,40109
1.3,3.7,4.300000000000002,1,N,40110
1.3,3.7,4.300000000000002,2,N,40111
1.3,3.7,4.300000000000002,3,N,40112
1.3,3.7,4.300000000000002,4,N,40113
1.3,3.7,4.300000000000002,5,N,40114
1.3,3.7,4.6000000000000005,1,N,40115
1.3,3.7,4.6000000000000005,2,N,40116
1.3,3.7,4.6000000000000005,3,N,40117
1.3,3.7,4.6000000000000005,4,N,40118
1.3,3.7,4.6000000000000005,5,N,40119
1.3,3.7,4.9,1,N,40120
1.3,3.7,4.9,2,N,40121
1.3,3.7,4.9,3,N,40122
1.3,3.7,4.9,4,N,40123
1.3,3.7,4.9,5,N,40124
1.3,4.0,0.01,1,N,40125
1.3,4.0,0.01,2,N,40126
1.3,4.0,0.01,3,N,40127
1.3,4.0,0.01,4,N,40128
1.3,4.0,0.01,5,N,40129
1.3,4.0,0.11,1,N,40130
1.3,4.0,0.11,2,N,40131
1.3,4.0,0.11,3,N,40132
1.3,4.0,0.11,4,N,40133
1.3,4.0,0.11,5,N,40134
1.3,4.0,0.21,1,N,40135
1.3,4.0,0.21,2,N,40136
1.3,4.0,0.21,3,N,40137
1.3,4.0,0.21,4,N,40138
1.3,4.0,0.21,5,N,40139
1.3,4.0,0.31000000000000005,1,N,40140
1.3,4.0,0.31000000000000005,2,N,40141
1.3,4.0,0.31000000000000005,3,N,40142
1.3,4.0,0.31000000000000005,4,N,40143
1.3,4.0,0.31000000000000005,5,N,40144
1.3,4.0,0.41,1,N,40145
1.3,4.0,0.41,2,N,40146
1.3,4.0,0.41,3,N,40147
1.3,4.0,0.41,4,N,40148
1.3,4.0,0.41,5,N,40149
1.3,4.0,0.51,1,N,40150
1.3,4.0,0.51,2,N,40151
1.3,4.0,0.51,3,N,40152
1.3,4.0,0.51,4,N,40153
1.3,4.0,0.51,5,N,40154
1.3,4.0,0.6100000000000001,1,N,40155
1.3,4.0,0.6100000000000001,2,N,40156
1.3,4.0,0.6100000000000001,3,N,40157
1.3,4.0,0.6100000000000001,4,N,40158
1.3,4.0,0.6100000000000001,5,N,40159
1.3,4.0,0.7100000000000001,1,N,40160
1.3,4.0,0.7100000000000001,2,N,40161
1.3,4.0,0.7100000000000001,3,N,40162
1.3,4.0,0.7100000000000001,4,N,40163
1.3,4.0,0.7100000000000001,5,N,40164
1.3,4.0,0.81,1,N,40165
1.3,4.0,0.81,2,N,40166
1.3,4.0,0.81,3,N,40167
1.3,4.0,0.81,4,N,40168
1.3,4.0,0.81,5,N,40169
1.3,4.0,0.91,1,N,40170
1.3,4.0,0.91,2,N,40171
1.3,4.0,0.91,3,N,40172
1.3,4.0,0.91,4,N,40173
1.3,4.0,0.91,5,N,40174
1.3,4.0,1.01,1,N,40175
1.3,4.0,1.01,2,N,40176
1.3,4.0,1.01,3,N,40177
1.3,4.0,1.01,4,N,40178
1.3,4.0,1.01,5,N,40179
1.3,4.0,1.11,1,N,40180
1.3,4.0,1.11,2,N,40181
1.3,4.0,1.11,3,N,40182
1.3,4.0,1.11,4,N,40183
1.3,4.0,1.11,5,N,40184
1.3,4.0,1.3,1,N,40185
1.3,4.0,1.3,2,N,40186
1.3,4.0,1.3,3,N,40187
1.3,4.0,1.3,4,N,40188
1.3,4.0,1.3,5,N,40189
1.3,4.0,1.6,1,N,40190
1.3,4.0,1.6,2,N,40191
1.3,4.0,1.6,3,N,40192
1.3,4.0,1.6,4,N,40193
1.3,4.0,1.6,5,N,40194
1.3,4.0,1.9,1,N,40195
1.3,4.0,1.9,2,N,40196
1.3,4.0,1.9,3,N,40197
1.3,4.0,1.9,4,N,40198
1.3,4.0,1.9,5,N,40199
1.3,4.0,2.2,1,N,40200
1.3,4.0,2.2,2,N,40201
1.3,4.0,2.2,3,N,40202
1.3,4.0,2.2,4,N,40203
1.3,4.0,2.2,5,N,40204
1.3,4.0,2.5,1,N,40205
1.3,4.0,2.5,2,N,40206
1.3,4.0,2.5,3,N,40207
1.3,4.0,2.5,4,N,40208
1.3,4.0,2.5,5,N,40209
1.3,4.0,2.8000000000000003,1,N,40210
1.3,4.0,2.8000000000000003,2,N,40211
1.3,4.0,2.8000000000000003,3,N,40212
1.3,4.0,2.8000000000000003,4,N,40213
1.3,4.0,2.8000000000000003,5,N,40214
1.3,4.0,3.1000000000000005,1,N,40215
1.3,4.0,3.1000000000000005,2,N,40216
1.3,4.0,3.1000000000000005,3,N,40217
1.3,4.0,3.1000000000000005,4,N,40218
1.3,4.0,3.1000000000000005,5,N,40219
1.3,4.0,3.4000000000000004,1,N,40220
1.3,4.0,3.4000000000000004,2,N,40221
1.3,4.0,3.4000000000000004,3,N,40222
1.3,4.0,3.4000000000000004,4,N,40223
1.3,4.0,3.4000000000000004,5,N,40224
1.3,4.0,3.7,1,N,40225
1.3,4.0,3.7,2,N,40226
1.3,4.0,3.7,3,N,40227
1.3,4.0,3.7,4,N,40228
1.3,4.0,3.7,5,N,40229
1.3,4.0,4.0,1,N,40230
1.3,4.0,4.0,2,N,40231
1.3,4.0,4.0,3,N,40232
1.3,4.0,4.0,4,N,40233
1.3,4.0,4.0,5,N,40234
1.3,4.0,4.300000000000002,1,N,40235
1.3,4.0,4.300000000000002,2,N,40236
1.3,4.0,4.300000000000002,3,N,40237
1.3,4.0,4.300000000000002,4,N,40238
1.3,4.0,4.300000000000002,5,N,40239
1.3,4.0,4.6000000000000005,1,N,40240
1.3,4.0,4.6000000000000005,2,N,40241
1.3,4.0,4.6000000000000005,3,N,40242
1.3,4.0,4.6000000000000005,4,N,40243
1.3,4.0,4.6000000000000005,5,N,40244
1.3,4.0,4.9,1,N,40245
1.3,4.0,4.9,2,N,40246
1.3,4.0,4.9,3,N,40247
1.3,4.0,4.9,4,N,40248
1.3,4.0,4.9,5,N,40249
1.3,4.300000000000002,0.01,1,N,40250
1.3,4.300000000000002,0.01,2,N,40251
1.3,4.300000000000002,0.01,3,N,40252
1.3,4.300000000000002,0.01,4,N,40253
1.3,4.300000000000002,0.01,5,N,40254
1.3,4.300000000000002,0.11,1,N,40255
1.3,4.300000000000002,0.11,2,N,40256
1.3,4.300000000000002,0.11,3,N,40257
1.3,4.300000000000002,0.11,4,N,40258
1.3,4.300000000000002,0.11,5,N,40259
1.3,4.300000000000002,0.21,1,N,40260
1.3,4.300000000000002,0.21,2,N,40261
1.3,4.300000000000002,0.21,3,N,40262
1.3,4.300000000000002,0.21,4,N,40263
1.3,4.300000000000002,0.21,5,N,40264
1.3,4.300000000000002,0.31000000000000005,1,N,40265
1.3,4.300000000000002,0.31000000000000005,2,N,40266
1.3,4.300000000000002,0.31000000000000005,3,N,40267
1.3,4.300000000000002,0.31000000000000005,4,N,40268
1.3,4.300000000000002,0.31000000000000005,5,N,40269
1.3,4.300000000000002,0.41,1,N,40270
1.3,4.300000000000002,0.41,2,N,40271
1.3,4.300000000000002,0.41,3,N,40272
1.3,4.300000000000002,0.41,4,N,40273
1.3,4.300000000000002,0.41,5,N,40274
1.3,4.300000000000002,0.51,1,N,40275
1.3,4.300000000000002,0.51,2,N,40276
1.3,4.300000000000002,0.51,3,N,40277
1.3,4.300000000000002,0.51,4,N,40278
1.3,4.300000000000002,0.51,5,N,40279
1.3,4.300000000000002,0.6100000000000001,1,N,40280
1.3,4.300000000000002,0.6100000000000001,2,N,40281
1.3,4.300000000000002,0.6100000000000001,3,N,40282
1.3,4.300000000000002,0.6100000000000001,4,N,40283
1.3,4.300000000000002,0.6100000000000001,5,N,40284
1.3,4.300000000000002,0.7100000000000001,1,N,40285
1.3,4.300000000000002,0.7100000000000001,2,N,40286
1.3,4.300000000000002,0.7100000000000001,3,N,40287
1.3,4.300000000000002,0.7100000000000001,4,N,40288
1.3,4.300000000000002,0.7100000000000001,5,N,40289
1.3,4.300000000000002,0.81,1,N,40290
1.3,4.300000000000002,0.81,2,N,40291
1.3,4.300000000000002,0.81,3,N,40292
1.3,4.300000000000002,0.81,4,N,40293
1.3,4.300000000000002,0.81,5,N,40294
1.3,4.300000000000002,0.91,1,N,40295
1.3,4.300000000000002,0.91,2,N,40296
1.3,4.300000000000002,0.91,3,N,40297
1.3,4.300000000000002,0.91,4,N,40298
1.3,4.300000000000002,0.91,5,N,40299
1.3,4.300000000000002,1.01,1,N,40300
1.3,4.300000000000002,1.01,2,N,40301
1.3,4.300000000000002,1.01,3,N,40302
1.3,4.300000000000002,1.01,4,N,40303
1.3,4.300000000000002,1.01,5,N,40304
1.3,4.300000000000002,1.11,1,N,40305
1.3,4.300000000000002,1.11,2,N,40306
1.3,4.300000000000002,1.11,3,N,40307
1.3,4.300000000000002,1.11,4,N,40308
1.3,4.300000000000002,1.11,5,N,40309
1.3,4.300000000000002,1.3,1,N,40310
1.3,4.300000000000002,1.3,2,N,40311
1.3,4.300000000000002,1.3,3,N,40312
1.3,4.300000000000002,1.3,4,N,40313
1.3,4.300000000000002,1.3,5,N,40314
1.3,4.300000000000002,1.6,1,N,40315
1.3,4.300000000000002,1.6,2,N,40316
1.3,4.300000000000002,1.6,3,N,40317
1.3,4.300000000000002,1.6,4,N,40318
1.3,4.300000000000002,1.6,5,N,40319
1.3,4.300000000000002,1.9,1,N,40320
1.3,4.300000000000002,1.9,2,N,40321
1.3,4.300000000000002,1.9,3,N,40322
1.3,4.300000000000002,1.9,4,N,40323
1.3,4.300000000000002,1.9,5,N,40324
1.3,4.300000000000002,2.2,1,N,40325
1.3,4.300000000000002,2.2,2,N,40326
1.3,4.300000000000002,2.2,3,N,40327
1.3,4.300000000000002,2.2,4,N,40328
1.3,4.300000000000002,2.2,5,N,40329
1.3,4.300000000000002,2.5,1,N,40330
1.3,4.300000000000002,2.5,2,N,40331
1.3,4.300000000000002,2.5,3,N,40332
1.3,4.300000000000002,2.5,4,N,40333
1.3,4.300000000000002,2.5,5,N,40334
1.3,4.300000000000002,2.8000000000000003,1,N,40335
1.3,4.300000000000002,2.8000000000000003,2,N,40336
1.3,4.300000000000002,2.8000000000000003,3,N,40337
1.3,4.300000000000002,2.8000000000000003,4,N,40338
1.3,4.300000000000002,2.8000000000000003,5,N,40339
1.3,4.300000000000002,3.1000000000000005,1,N,40340
1.3,4.300000000000002,3.1000000000000005,2,N,40341
1.3,4.300000000000002,3.1000000000000005,3,N,40342
1.3,4.300000000000002,3.1000000000000005,4,N,40343
1.3,4.300000000000002,3.1000000000000005,5,N,40344
1.3,4.300000000000002,3.4000000000000004,1,N,40345
1.3,4.300000000000002,3.4000000000000004,2,N,40346
1.3,4.300000000000002,3.4000000000000004,3,N,40347
1.3,4.300000000000002,3.4000000000000004,4,N,40348
1.3,4.300000000000002,3.4000000000000004,5,N,40349
1.3,4.300000000000002,3.7,1,N,40350
1.3,4.300000000000002,3.7,2,N,40351
1.3,4.300000000000002,3.7,3,N,40352
1.3,4.300000000000002,3.7,4,N,40353
1.3,4.300000000000002,3.7,5,N,40354
1.3,4.300000000000002,4.0,1,N,40355
1.3,4.300000000000002,4.0,2,N,40356
1.3,4.300000000000002,4.0,3,N,40357
1.3,4.300000000000002,4.0,4,N,40358
1.3,4.300000000000002,4.0,5,N,40359
1.3,4.300000000000002,4.300000000000002,1,N,40360
1.3,4.300000000000002,4.300000000000002,2,N,40361
1.3,4.300000000000002,4.300000000000002,3,N,40362
1.3,4.300000000000002,4.300000000000002,4,N,40363
1.3,4.300000000000002,4.300000000000002,5,N,40364
1.3,4.300000000000002,4.6000000000000005,1,N,40365
1.3,4.300000000000002,4.6000000000000005,2,N,40366
1.3,4.300000000000002,4.6000000000000005,3,N,40367
1.3,4.300000000000002,4.6000000000000005,4,N,40368
1.3,4.300000000000002,4.6000000000000005,5,N,40369
1.3,4.300000000000002,4.9,1,N,40370
1.3,4.300000000000002,4.9,2,N,40371
1.3,4.300000000000002,4.9,3,N,40372
1.3,4.300000000000002,4.9,4,N,40373
1.3,4.300000000000002,4.9,5,N,40374
1.3,4.6000000000000005,0.01,1,N,40375
1.3,4.6000000000000005,0.01,2,N,40376
1.3,4.6000000000000005,0.01,3,N,40377
1.3,4.6000000000000005,0.01,4,N,40378
1.3,4.6000000000000005,0.01,5,N,40379
1.3,4.6000000000000005,0.11,1,N,40380
1.3,4.6000000000000005,0.11,2,N,40381
1.3,4.6000000000000005,0.11,3,N,40382
1.3,4.6000000000000005,0.11,4,N,40383
1.3,4.6000000000000005,0.11,5,N,40384
1.3,4.6000000000000005,0.21,1,N,40385
1.3,4.6000000000000005,0.21,2,N,40386
1.3,4.6000000000000005,0.21,3,N,40387
1.3,4.6000000000000005,0.21,4,N,40388
1.3,4.6000000000000005,0.21,5,N,40389
1.3,4.6000000000000005,0.31000000000000005,1,N,40390
1.3,4.6000000000000005,0.31000000000000005,2,N,40391
1.3,4.6000000000000005,0.31000000000000005,3,N,40392
1.3,4.6000000000000005,0.31000000000000005,4,N,40393
1.3,4.6000000000000005,0.31000000000000005,5,N,40394
1.3,4.6000000000000005,0.41,1,N,40395
1.3,4.6000000000000005,0.41,2,N,40396
1.3,4.6000000000000005,0.41,3,N,40397
1.3,4.6000000000000005,0.41,4,N,40398
1.3,4.6000000000000005,0.41,5,N,40399
1.3,4.6000000000000005,0.51,1,N,40400
1.3,4.6000000000000005,0.51,2,N,40401
1.3,4.6000000000000005,0.51,3,N,40402
1.3,4.6000000000000005,0.51,4,N,40403
1.3,4.6000000000000005,0.51,5,N,40404
1.3,4.6000000000000005,0.6100000000000001,1,N,40405
1.3,4.6000000000000005,0.6100000000000001,2,N,40406
1.3,4.6000000000000005,0.6100000000000001,3,N,40407
1.3,4.6000000000000005,0.6100000000000001,4,N,40408
1.3,4.6000000000000005,0.6100000000000001,5,N,40409
1.3,4.6000000000000005,0.7100000000000001,1,N,40410
1.3,4.6000000000000005,0.7100000000000001,2,N,40411
1.3,4.6000000000000005,0.7100000000000001,3,N,40412
1.3,4.6000000000000005,0.7100000000000001,4,N,40413
1.3,4.6000000000000005,0.7100000000000001,5,N,40414
1.3,4.6000000000000005,0.81,1,N,40415
1.3,4.6000000000000005,0.81,2,N,40416
1.3,4.6000000000000005,0.81,3,N,40417
1.3,4.6000000000000005,0.81,4,N,40418
1.3,4.6000000000000005,0.81,5,N,40419
1.3,4.6000000000000005,0.91,1,N,40420
1.3,4.6000000000000005,0.91,2,N,40421
1.3,4.6000000000000005,0.91,3,N,40422
1.3,4.6000000000000005,0.91,4,N,40423
1.3,4.6000000000000005,0.91,5,N,40424
1.3,4.6000000000000005,1.01,1,N,40425
1.3,4.6000000000000005,1.01,2,N,40426
1.3,4.6000000000000005,1.01,3,N,40427
1.3,4.6000000000000005,1.01,4,N,40428
1.3,4.6000000000000005,1.01,5,N,40429
1.3,4.6000000000000005,1.11,1,N,40430
1.3,4.6000000000000005,1.11,2,N,40431
1.3,4.6000000000000005,1.11,3,N,40432
1.3,4.6000000000000005,1.11,4,N,40433
1.3,4.6000000000000005,1.11,5,N,40434
1.3,4.6000000000000005,1.3,1,N,40435
1.3,4.6000000000000005,1.3,2,N,40436
1.3,4.6000000000000005,1.3,3,N,40437
1.3,4.6000000000000005,1.3,4,N,40438
1.3,4.6000000000000005,1.3,5,N,40439
1.3,4.6000000000000005,1.6,1,N,40440
1.3,4.6000000000000005,1.6,2,N,40441
1.3,4.6000000000000005,1.6,3,N,40442
1.3,4.6000000000000005,1.6,4,N,40443
1.3,4.6000000000000005,1.6,5,N,40444
1.3,4.6000000000000005,1.9,1,N,40445
1.3,4.6000000000000005,1.9,2,N,40446
1.3,4.6000000000000005,1.9,3,N,40447
1.3,4.6000000000000005,1.9,4,N,40448
1.3,4.6000000000000005,1.9,5,N,40449
1.3,4.6000000000000005,2.2,1,N,40450
1.3,4.6000000000000005,2.2,2,N,40451
1.3,4.6000000000000005,2.2,3,N,40452
1.3,4.6000000000000005,2.2,4,N,40453
1.3,4.6000000000000005,2.2,5,N,40454
1.3,4.6000000000000005,2.5,1,N,40455
1.3,4.6000000000000005,2.5,2,N,40456
1.3,4.6000000000000005,2.5,3,N,40457
1.3,4.6000000000000005,2.5,4,N,40458
1.3,4.6000000000000005,2.5,5,N,40459
1.3,4.6000000000000005,2.8000000000000003,1,N,40460
1.3,4.6000000000000005,2.8000000000000003,2,N,40461
1.3,4.6000000000000005,2.8000000000000003,3,N,40462
1.3,4.6000000000000005,2.8000000000000003,4,N,40463
1.3,4.6000000000000005,2.8000000000000003,5,N,40464
1.3,4.6000000000000005,3.1000000000000005,1,N,40465
1.3,4.6000000000000005,3.1000000000000005,2,N,40466
1.3,4.6000000000000005,3.1000000000000005,3,N,40467
1.3,4.6000000000000005,3.1000000000000005,4,N,40468
1.3,4.6000000000000005,3.1000000000000005,5,N,40469
1.3,4.6000000000000005,3.4000000000000004,1,N,40470
1.3,4.6000000000000005,3.4000000000000004,2,N,40471
1.3,4.6000000000000005,3.4000000000000004,3,N,40472
1.3,4.6000000000000005,3.4000000000000004,4,N,40473
1.3,4.6000000000000005,3.4000000000000004,5,N,40474
1.3,4.6000000000000005,3.7,1,N,40475
1.3,4.6000000000000005,3.7,2,N,40476
1.3,4.6000000000000005,3.7,3,N,40477
1.3,4.6000000000000005,3.7,4,N,40478
1.3,4.6000000000000005,3.7,5,N,40479
1.3,4.6000000000000005,4.0,1,N,40480
1.3,4.6000000000000005,4.0,2,N,40481
1.3,4.6000000000000005,4.0,3,N,40482
1.3,4.6000000000000005,4.0,4,N,40483
1.3,4.6000000000000005,4.0,5,N,40484
1.3,4.6000000000000005,4.300000000000002,1,N,40485
1.3,4.6000000000000005,4.300000000000002,2,N,40486
1.3,4.6000000000000005,4.300000000000002,3,N,40487
1.3,4.6000000000000005,4.300000000000002,4,N,40488
1.3,4.6000000000000005,4.300000000000002,5,N,40489
1.3,4.6000000000000005,4.6000000000000005,1,N,40490
1.3,4.6000000000000005,4.6000000000000005,2,N,40491
1.3,4.6000000000000005,4.6000000000000005,3,N,40492
1.3,4.6000000000000005,4.6000000000000005,4,N,40493
1.3,4.6000000000000005,4.6000000000000005,5,N,40494
1.3,4.6000000000000005,4.9,1,N,40495
1.3,4.6000000000000005,4.9,2,N,40496
1.3,4.6000000000000005,4.9,3,N,40497
1.3,4.6000000000000005,4.9,4,N,40498
1.3,4.6000000000000005,4.9,5,N,40499
1.3,4.9,0.01,1,N,40500
1.3,4.9,0.01,2,N,40501
1.3,4.9,0.01,3,N,40502
1.3,4.9,0.01,4,N,40503
1.3,4.9,0.01,5,N,40504
1.3,4.9,0.11,1,N,40505
1.3,4.9,0.11,2,N,40506
1.3,4.9,0.11,3,N,40507
1.3,4.9,0.11,4,N,40508
1.3,4.9,0.11,5,N,40509
1.3,4.9,0.21,1,N,40510
1.3,4.9,0.21,2,N,40511
1.3,4.9,0.21,3,N,40512
1.3,4.9,0.21,4,N,40513
1.3,4.9,0.21,5,N,40514
1.3,4.9,0.31000000000000005,1,N,40515
1.3,4.9,0.31000000000000005,2,N,40516
1.3,4.9,0.31000000000000005,3,N,40517
1.3,4.9,0.31000000000000005,4,N,40518
1.3,4.9,0.31000000000000005,5,N,40519
1.3,4.9,0.41,1,N,40520
1.3,4.9,0.41,2,N,40521
1.3,4.9,0.41,3,N,40522
1.3,4.9,0.41,4,N,40523
1.3,4.9,0.41,5,N,40524
1.3,4.9,0.51,1,N,40525
1.3,4.9,0.51,2,N,40526
1.3,4.9,0.51,3,N,40527
1.3,4.9,0.51,4,N,40528
1.3,4.9,0.51,5,N,40529
1.3,4.9,0.6100000000000001,1,N,40530
1.3,4.9,0.6100000000000001,2,N,40531
1.3,4.9,0.6100000000000001,3,N,40532
1.3,4.9,0.6100000000000001,4,N,40533
1.3,4.9,0.6100000000000001,5,N,40534
1.3,4.9,0.7100000000000001,1,N,40535
1.3,4.9,0.7100000000000001,2,N,40536
1.3,4.9,0.7100000000000001,3,N,40537
1.3,4.9,0.7100000000000001,4,N,40538
1.3,4.9,0.7100000000000001,5,N,40539
1.3,4.9,0.81,1,N,40540
1.3,4.9,0.81,2,N,40541
1.3,4.9,0.81,3,N,40542
1.3,4.9,0.81,4,N,40543
1.3,4.9,0.81,5,N,40544
1.3,4.9,0.91,1,N,40545
1.3,4.9,0.91,2,N,40546
1.3,4.9,0.91,3,N,40547
1.3,4.9,0.91,4,N,40548
1.3,4.9,0.91,5,N,40549
1.3,4.9,1.01,1,N,40550
1.3,4.9,1.01,2,N,40551
1.3,4.9,1.01,3,N,40552
1.3,4.9,1.01,4,N,40553
1.3,4.9,1.01,5,N,40554
1.3,4.9,1.11,1,N,40555
1.3,4.9,1.11,2,N,40556
1.3,4.9,1.11,3,N,40557
1.3,4.9,1.11,4,N,40558
1.3,4.9,1.11,5,N,40559
1.3,4.9,1.3,1,N,40560
1.3,4.9,1.3,2,N,40561
1.3,4.9,1.3,3,N,40562
1.3,4.9,1.3,4,N,40563
1.3,4.9,1.3,5,N,40564
1.3,4.9,1.6,1,N,40565
1.3,4.9,1.6,2,N,40566
1.3,4.9,1.6,3,N,40567
1.3,4.9,1.6,4,N,40568
1.3,4.9,1.6,5,N,40569
1.3,4.9,1.9,1,N,40570
1.3,4.9,1.9,2,N,40571
1.3,4.9,1.9,3,N,40572
1.3,4.9,1.9,4,N,40573
1.3,4.9,1.9,5,N,40574
1.3,4.9,2.2,1,N,40575
1.3,4.9,2.2,2,N,40576
1.3,4.9,2.2,3,N,40577
1.3,4.9,2.2,4,N,40578
1.3,4.9,2.2,5,N,40579
1.3,4.9,2.5,1,N,40580
1.3,4.9,2.5,2,N,40581
1.3,4.9,2.5,3,N,40582
1.3,4.9,2.5,4,N,40583
1.3,4.9,2.5,5,N,40584
1.3,4.9,2.8000000000000003,1,N,40585
1.3,4.9,2.8000000000000003,2,N,40586
1.3,4.9,2.8000000000000003,3,N,40587
1.3,4.9,2.8000000000000003,4,N,40588
1.3,4.9,2.8000000000000003,5,N,40589
1.3,4.9,3.1000000000000005,1,N,40590
1.3,4.9,3.1000000000000005,2,N,40591
1.3,4.9,3.1000000000000005,3,N,40592
1.3,4.9,3.1000000000000005,4,N,40593
1.3,4.9,3.1000000000000005,5,N,40594
1.3,4.9,3.4000000000000004,1,N,40595
1.3,4.9,3.4000000000000004,2,N,40596
1.3,4.9,3.4000000000000004,3,N,40597
1.3,4.9,3.4000000000000004,4,N,40598
1.3,4.9,3.4000000000000004,5,N,40599
1.3,4.9,3.7,1,N,40600
1.3,4.9,3.7,2,N,40601
1.3,4.9,3.7,3,N,40602
1.3,4.9,3.7,4,N,40603
1.3,4.9,3.7,5,N,40604
1.3,4.9,4.0,1,N,40605
1.3,4.9,4.0,2,N,40606
1.3,4.9,4.0,3,N,40607
1.3,4.9,4.0,4,N,40608
1.3,4.9,4.0,5,N,40609
1.3,4.9,4.300000000000002,1,N,40610
1.3,4.9,4.300000000000002,2,N,40611
1.3,4.9,4.300000000000002,3,N,40612
1.3,4.9,4.300000000000002,4,N,40613
1.3,4.9,4.300000000000002,5,N,40614
1.3,4.9,4.6000000000000005,1,N,40615
1.3,4.9,4.6000000000000005,2,N,40616
1.3,4.9,4.6000000000000005,3,N,40617
1.3,4.9,4.6000000000000005,4,N,40618
1.3,4.9,4.6000000000000005,5,N,40619
1.3,4.9,4.9,1,N,40620
1.3,4.9,4.9,2,N,40621
1.3,4.9,4.9,3,N,40622
1.3,4.9,4.9,4,N,40623
1.3,4.9,4.9,5,N,40624
1.6,0.01,0.01,1,N,40625
1.6,0.01,0.01,2,N,40626
1.6,0.01,0.01,3,N,40627
1.6,0.01,0.01,4,N,40628
1.6,0.01,0.01,5,N,40629
1.6,0.01,0.11,1,N,40630
1.6,0.01,0.11,2,N,40631
1.6,0.01,0.11,3,N,40632
1.6,0.01,0.11,4,N,40633
1.6,0.01,0.11,5,N,40634
1.6,0.01,0.21,1,N,40635
1.6,0.01,0.21,2,N,40636
1.6,0.01,0.21,3,N,40637
1.6,0.01,0.21,4,N,40638
1.6,0.01,0.21,5,N,40639
1.6,0.01,0.31000000000000005,1,N,40640
1.6,0.01,0.31000000000000005,2,N,40641
1.6,0.01,0.31000000000000005,3,N,40642
1.6,0.01,0.31000000000000005,4,N,40643
1.6,0.01,0.31000000000000005,5,N,40644
1.6,0.01,0.41,1,N,40645
1.6,0.01,0.41,2,N,40646
1.6,0.01,0.41,3,N,40647
1.6,0.01,0.41,4,N,40648
1.6,0.01,0.41,5,N,40649
1.6,0.01,0.51,1,N,40650
1.6,0.01,0.51,2,N,40651
1.6,0.01,0.51,3,N,40652
1.6,0.01,0.51,4,N,40653
1.6,0.01,0.51,5,N,40654
1.6,0.01,0.6100000000000001,1,N,40655
1.6,0.01,0.6100000000000001,2,N,40656
1.6,0.01,0.6100000000000001,3,N,40657
1.6,0.01,0.6100000000000001,4,N,40658
1.6,0.01,0.6100000000000001,5,N,40659
1.6,0.01,0.7100000000000001,1,N,40660
1.6,0.01,0.7100000000000001,2,N,40661
1.6,0.01,0.7100000000000001,3,N,40662
1.6,0.01,0.7100000000000001,4,N,40663
1.6,0.01,0.7100000000000001,5,N,40664
1.6,0.01,0.81,1,N,40665
1.6,0.01,0.81,2,N,40666
1.6,0.01,0.81,3,N,40667
1.6,0.01,0.81,4,N,40668
1.6,0.01,0.81,5,N,40669
1.6,0.01,0.91,1,N,40670
1.6,0.01,0.91,2,N,40671
1.6,0.01,0.91,3,N,40672
1.6,0.01,0.91,4,N,40673
1.6,0.01,0.91,5,N,40674
1.6,0.01,1.01,1,N,40675
1.6,0.01,1.01,2,N,40676
1.6,0.01,1.01,3,N,40677
1.6,0.01,1.01,4,N,40678
1.6,0.01,1.01,5,N,40679
1.6,0.01,1.11,1,N,40680
1.6,0.01,1.11,2,N,40681
1.6,0.01,1.11,3,N,40682
1.6,0.01,1.11,4,N,40683
1.6,0.01,1.11,5,N,40684
1.6,0.01,1.3,1,N,40685
1.6,0.01,1.3,2,N,40686
1.6,0.01,1.3,3,N,40687
1.6,0.01,1.3,4,N,40688
1.6,0.01,1.3,5,N,40689
1.6,0.01,1.6,1,N,40690
1.6,0.01,1.6,2,N,40691
1.6,0.01,1.6,3,N,40692
1.6,0.01,1.6,4,N,40693
1.6,0.01,1.6,5,N,40694
1.6,0.01,1.9,1,N,40695
1.6,0.01,1.9,2,N,40696
1.6,0.01,1.9,3,N,40697
1.6,0.01,1.9,4,N,40698
1.6,0.01,1.9,5,N,40699
1.6,0.01,2.2,1,N,40700
1.6,0.01,2.2,2,N,40701
1.6,0.01,2.2,3,N,40702
1.6,0.01,2.2,4,N,40703
1.6,0.01,2.2,5,N,40704
1.6,0.01,2.5,1,N,40705
1.6,0.01,2.5,2,N,40706
1.6,0.01,2.5,3,N,40707
1.6,0.01,2.5,4,N,40708
1.6,0.01,2.5,5,N,40709
1.6,0.01,2.8000000000000003,1,N,40710
1.6,0.01,2.8000000000000003,2,N,40711
1.6,0.01,2.8000000000000003,3,N,40712
1.6,0.01,2.8000000000000003,4,N,40713
1.6,0.01,2.8000000000000003,5,N,40714
1.6,0.01,3.1000000000000005,1,N,40715
1.6,0.01,3.1000000000000005,2,N,40716
1.6,0.01,3.1000000000000005,3,N,40717
1.6,0.01,3.1000000000000005,4,N,40718
1.6,0.01,3.1000000000000005,5,N,40719
1.6,0.01,3.4000000000000004,1,N,40720
1.6,0.01,3.4000000000000004,2,N,40721
1.6,0.01,3.4000000000000004,3,N,40722
1.6,0.01,3.4000000000000004,4,N,40723
1.6,0.01,3.4000000000000004,5,N,40724
1.6,0.01,3.7,1,N,40725
1.6,0.01,3.7,2,N,40726
1.6,0.01,3.7,3,N,40727
1.6,0.01,3.7,4,N,40728
1.6,0.01,3.7,5,N,40729
1.6,0.01,4.0,1,N,40730
1.6,0.01,4.0,2,N,40731
1.6,0.01,4.0,3,N,40732
1.6,0.01,4.0,4,N,40733
1.6,0.01,4.0,5,N,40734
1.6,0.01,4.300000000000002,1,N,40735
1.6,0.01,4.300000000000002,2,N,40736
1.6,0.01,4.300000000000002,3,N,40737
1.6,0.01,4.300000000000002,4,N,40738
1.6,0.01,4.300000000000002,5,N,40739
1.6,0.01,4.6000000000000005,1,N,40740
1.6,0.01,4.6000000000000005,2,N,40741
1.6,0.01,4.6000000000000005,3,N,40742
1.6,0.01,4.6000000000000005,4,N,40743
1.6,0.01,4.6000000000000005,5,N,40744
1.6,0.01,4.9,1,N,40745
1.6,0.01,4.9,2,N,40746
1.6,0.01,4.9,3,N,40747
1.6,0.01,4.9,4,N,40748
1.6,0.01,4.9,5,N,40749
1.6,0.11,0.01,1,N,40750
1.6,0.11,0.01,2,N,40751
1.6,0.11,0.01,3,N,40752
1.6,0.11,0.01,4,N,40753
1.6,0.11,0.01,5,N,40754
1.6,0.11,0.11,1,N,40755
1.6,0.11,0.11,2,N,40756
1.6,0.11,0.11,3,N,40757
1.6,0.11,0.11,4,N,40758
1.6,0.11,0.11,5,N,40759
1.6,0.11,0.21,1,N,40760
1.6,0.11,0.21,2,N,40761
1.6,0.11,0.21,3,N,40762
1.6,0.11,0.21,4,N,40763
1.6,0.11,0.21,5,N,40764
1.6,0.11,0.31000000000000005,1,N,40765
1.6,0.11,0.31000000000000005,2,N,40766
1.6,0.11,0.31000000000000005,3,N,40767
1.6,0.11,0.31000000000000005,4,N,40768
1.6,0.11,0.31000000000000005,5,N,40769
1.6,0.11,0.41,1,N,40770
1.6,0.11,0.41,2,N,40771
1.6,0.11,0.41,3,N,40772
1.6,0.11,0.41,4,N,40773
1.6,0.11,0.41,5,N,40774
1.6,0.11,0.51,1,N,40775
1.6,0.11,0.51,2,N,40776
1.6,0.11,0.51,3,N,40777
1.6,0.11,0.51,4,N,40778
1.6,0.11,0.51,5,N,40779
1.6,0.11,0.6100000000000001,1,N,40780
1.6,0.11,0.6100000000000001,2,N,40781
1.6,0.11,0.6100000000000001,3,N,40782
1.6,0.11,0.6100000000000001,4,N,40783
1.6,0.11,0.6100000000000001,5,N,40784
1.6,0.11,0.7100000000000001,1,N,40785
1.6,0.11,0.7100000000000001,2,N,40786
1.6,0.11,0.7100000000000001,3,N,40787
1.6,0.11,0.7100000000000001,4,N,40788
1.6,0.11,0.7100000000000001,5,N,40789
1.6,0.11,0.81,1,N,40790
1.6,0.11,0.81,2,N,40791
1.6,0.11,0.81,3,N,40792
1.6,0.11,0.81,4,N,40793
1.6,0.11,0.81,5,N,40794
1.6,0.11,0.91,1,N,40795
1.6,0.11,0.91,2,N,40796
1.6,0.11,0.91,3,N,40797
1.6,0.11,0.91,4,N,40798
1.6,0.11,0.91,5,N,40799
1.6,0.11,1.01,1,N,40800
1.6,0.11,1.01,2,N,40801
1.6,0.11,1.01,3,N,40802
1.6,0.11,1.01,4,N,40803
1.6,0.11,1.01,5,N,40804
1.6,0.11,1.11,1,N,40805
1.6,0.11,1.11,2,N,40806
1.6,0.11,1.11,3,N,40807
1.6,0.11,1.11,4,N,40808
1.6,0.11,1.11,5,N,40809
1.6,0.11,1.3,1,N,40810
1.6,0.11,1.3,2,N,40811
1.6,0.11,1.3,3,N,40812
1.6,0.11,1.3,4,N,40813
1.6,0.11,1.3,5,N,40814
1.6,0.11,1.6,1,N,40815
1.6,0.11,1.6,2,N,40816
1.6,0.11,1.6,3,N,40817
1.6,0.11,1.6,4,N,40818
1.6,0.11,1.6,5,N,40819
1.6,0.11,1.9,1,N,40820
1.6,0.11,1.9,2,N,40821
1.6,0.11,1.9,3,N,40822
1.6,0.11,1.9,4,N,40823
1.6,0.11,1.9,5,N,40824
1.6,0.11,2.2,1,N,40825
1.6,0.11,2.2,2,N,40826
1.6,0.11,2.2,3,N,40827
1.6,0.11,2.2,4,N,40828
1.6,0.11,2.2,5,N,40829
1.6,0.11,2.5,1,N,40830
1.6,0.11,2.5,2,N,40831
1.6,0.11,2.5,3,N,40832
1.6,0.11,2.5,4,N,40833
1.6,0.11,2.5,5,N,40834
1.6,0.11,2.8000000000000003,1,N,40835
1.6,0.11,2.8000000000000003,2,N,40836
1.6,0.11,2.8000000000000003,3,N,40837
1.6,0.11,2.8000000000000003,4,N,40838
1.6,0.11,2.8000000000000003,5,N,40839
1.6,0.11,3.1000000000000005,1,N,40840
1.6,0.11,3.1000000000000005,2,N,40841
1.6,0.11,3.1000000000000005,3,N,40842
1.6,0.11,3.1000000000000005,4,N,40843
1.6,0.11,3.1000000000000005,5,N,40844
1.6,0.11,3.4000000000000004,1,N,40845
1.6,0.11,3.4000000000000004,2,N,40846
1.6,0.11,3.4000000000000004,3,N,40847
1.6,0.11,3.4000000000000004,4,N,40848
1.6,0.11,3.4000000000000004,5,N,40849
1.6,0.11,3.7,1,N,40850
1.6,0.11,3.7,2,N,40851
1.6,0.11,3.7,3,N,40852
1.6,0.11,3.7,4,N,40853
1.6,0.11,3.7,5,N,40854
1.6,0.11,4.0,1,N,40855
1.6,0.11,4.0,2,N,40856
1.6,0.11,4.0,3,N,40857
1.6,0.11,4.0,4,N,40858
1.6,0.11,4.0,5,N,40859
1.6,0.11,4.300000000000002,1,N,40860
1.6,0.11,4.300000000000002,2,N,40861
1.6,0.11,4.300000000000002,3,N,40862
1.6,0.11,4.300000000000002,4,N,40863
1.6,0.11,4.300000000000002,5,N,40864
1.6,0.11,4.6000000000000005,1,N,40865
1.6,0.11,4.6000000000000005,2,N,40866
1.6,0.11,4.6000000000000005,3,N,40867
1.6,0.11,4.6000000000000005,4,N,40868
1.6,0.11,4.6000000000000005,5,N,40869
1.6,0.11,4.9,1,N,40870
1.6,0.11,4.9,2,N,40871
1.6,0.11,4.9,3,N,40872
1.6,0.11,4.9,4,N,40873
1.6,0.11,4.9,5,N,40874
1.6,0.21,0.01,1,N,40875
1.6,0.21,0.01,2,N,40876
1.6,0.21,0.01,3,N,40877
1.6,0.21,0.01,4,N,40878
1.6,0.21,0.01,5,N,40879
1.6,0.21,0.11,1,N,40880
1.6,0.21,0.11,2,N,40881
1.6,0.21,0.11,3,N,40882
1.6,0.21,0.11,4,N,40883
1.6,0.21,0.11,5,N,40884
1.6,0.21,0.21,1,N,40885
1.6,0.21,0.21,2,N,40886
1.6,0.21,0.21,3,N,40887
1.6,0.21,0.21,4,N,40888
1.6,0.21,0.21,5,N,40889
1.6,0.21,0.31000000000000005,1,N,40890
1.6,0.21,0.31000000000000005,2,N,40891
1.6,0.21,0.31000000000000005,3,N,40892
1.6,0.21,0.31000000000000005,4,N,40893
1.6,0.21,0.31000000000000005,5,N,40894
1.6,0.21,0.41,1,N,40895
1.6,0.21,0.41,2,N,40896
1.6,0.21,0.41,3,N,40897
1.6,0.21,0.41,4,N,40898
1.6,0.21,0.41,5,N,40899
1.6,0.21,0.51,1,N,40900
1.6,0.21,0.51,2,N,40901
1.6,0.21,0.51,3,N,40902
1.6,0.21,0.51,4,N,40903
1.6,0.21,0.51,5,N,40904
1.6,0.21,0.6100000000000001,1,N,40905
1.6,0.21,0.6100000000000001,2,N,40906
1.6,0.21,0.6100000000000001,3,N,40907
1.6,0.21,0.6100000000000001,4,N,40908
1.6,0.21,0.6100000000000001,5,N,40909
1.6,0.21,0.7100000000000001,1,N,40910
1.6,0.21,0.7100000000000001,2,N,40911
1.6,0.21,0.7100000000000001,3,N,40912
1.6,0.21,0.7100000000000001,4,N,40913
1.6,0.21,0.7100000000000001,5,N,40914
1.6,0.21,0.81,1,N,40915
1.6,0.21,0.81,2,N,40916
1.6,0.21,0.81,3,N,40917
1.6,0.21,0.81,4,N,40918
1.6,0.21,0.81,5,N,40919
1.6,0.21,0.91,1,N,40920
1.6,0.21,0.91,2,N,40921
1.6,0.21,0.91,3,N,40922
1.6,0.21,0.91,4,N,40923
1.6,0.21,0.91,5,N,40924
1.6,0.21,1.01,1,N,40925
1.6,0.21,1.01,2,N,40926
1.6,0.21,1.01,3,N,40927
1.6,0.21,1.01,4,N,40928
1.6,0.21,1.01,5,N,40929
1.6,0.21,1.11,1,N,40930
1.6,0.21,1.11,2,N,40931
1.6,0.21,1.11,3,N,40932
1.6,0.21,1.11,4,N,40933
1.6,0.21,1.11,5,N,40934
1.6,0.21,1.3,1,N,40935
1.6,0.21,1.3,2,N,40936
1.6,0.21,1.3,3,N,40937
1.6,0.21,1.3,4,N,40938
1.6,0.21,1.3,5,N,40939
1.6,0.21,1.6,1,N,40940
1.6,0.21,1.6,2,N,40941
1.6,0.21,1.6,3,N,40942
1.6,0.21,1.6,4,N,40943
1.6,0.21,1.6,5,N,40944
1.6,0.21,1.9,1,N,40945
1.6,0.21,1.9,2,N,40946
1.6,0.21,1.9,3,N,40947
1.6,0.21,1.9,4,N,40948
1.6,0.21,1.9,5,N,40949
1.6,0.21,2.2,1,N,40950
1.6,0.21,2.2,2,N,40951
1.6,0.21,2.2,3,N,40952
1.6,0.21,2.2,4,N,40953
1.6,0.21,2.2,5,N,40954
1.6,0.21,2.5,1,N,40955
1.6,0.21,2.5,2,N,40956
1.6,0.21,2.5,3,N,40957
1.6,0.21,2.5,4,N,40958
1.6,0.21,2.5,5,N,40959
1.6,0.21,2.8000000000000003,1,N,40960
1.6,0.21,2.8000000000000003,2,N,40961
1.6,0.21,2.8000000000000003,3,N,40962
1.6,0.21,2.8000000000000003,4,N,40963
1.6,0.21,2.8000000000000003,5,N,40964
1.6,0.21,3.1000000000000005,1,N,40965
1.6,0.21,3.1000000000000005,2,N,40966
1.6,0.21,3.1000000000000005,3,N,40967
1.6,0.21,3.1000000000000005,4,N,40968
1.6,0.21,3.1000000000000005,5,N,40969
1.6,0.21,3.4000000000000004,1,N,40970
1.6,0.21,3.4000000000000004,2,N,40971
1.6,0.21,3.4000000000000004,3,N,40972
1.6,0.21,3.4000000000000004,4,N,40973
1.6,0.21,3.4000000000000004,5,N,40974
1.6,0.21,3.7,1,N,40975
1.6,0.21,3.7,2,N,40976
1.6,0.21,3.7,3,N,40977
1.6,0.21,3.7,4,N,40978
1.6,0.21,3.7,5,N,40979
1.6,0.21,4.0,1,N,40980
1.6,0.21,4.0,2,N,40981
1.6,0.21,4.0,3,N,40982
1.6,0.21,4.0,4,N,40983
1.6,0.21,4.0,5,N,40984
1.6,0.21,4.300000000000002,1,N,40985
1.6,0.21,4.300000000000002,2,N,40986
1.6,0.21,4.300000000000002,3,N,40987
1.6,0.21,4.300000000000002,4,N,40988
1.6,0.21,4.300000000000002,5,N,40989
1.6,0.21,4.6000000000000005,1,N,40990
1.6,0.21,4.6000000000000005,2,N,40991
1.6,0.21,4.6000000000000005,3,N,40992
1.6,0.21,4.6000000000000005,4,N,40993
1.6,0.21,4.6000000000000005,5,N,40994
1.6,0.21,4.9,1,N,40995
1.6,0.21,4.9,2,N,40996
1.6,0.21,4.9,3,N,40997
1.6,0.21,4.9,4,N,40998
1.6,0.21,4.9,5,N,40999
1.6,0.31000000000000005,0.01,1,N,41000
1.6,0.31000000000000005,0.01,2,N,41001
1.6,0.31000000000000005,0.01,3,N,41002
1.6,0.31000000000000005,0.01,4,N,41003
1.6,0.31000000000000005,0.01,5,N,41004
1.6,0.31000000000000005,0.11,1,N,41005
1.6,0.31000000000000005,0.11,2,N,41006
1.6,0.31000000000000005,0.11,3,N,41007
1.6,0.31000000000000005,0.11,4,N,41008
1.6,0.31000000000000005,0.11,5,N,41009
1.6,0.31000000000000005,0.21,1,N,41010
1.6,0.31000000000000005,0.21,2,N,41011
1.6,0.31000000000000005,0.21,3,N,41012
1.6,0.31000000000000005,0.21,4,N,41013
1.6,0.31000000000000005,0.21,5,N,41014
1.6,0.31000000000000005,0.31000000000000005,1,N,41015
1.6,0.31000000000000005,0.31000000000000005,2,N,41016
1.6,0.31000000000000005,0.31000000000000005,3,N,41017
1.6,0.31000000000000005,0.31000000000000005,4,N,41018
1.6,0.31000000000000005,0.31000000000000005,5,N,41019
1.6,0.31000000000000005,0.41,1,N,41020
1.6,0.31000000000000005,0.41,2,N,41021
1.6,0.31000000000000005,0.41,3,N,41022
1.6,0.31000000000000005,0.41,4,N,41023
1.6,0.31000000000000005,0.41,5,N,41024
1.6,0.31000000000000005,0.51,1,N,41025
1.6,0.31000000000000005,0.51,2,N,41026
1.6,0.31000000000000005,0.51,3,N,41027
1.6,0.31000000000000005,0.51,4,N,41028
1.6,0.31000000000000005,0.51,5,N,41029
1.6,0.31000000000000005,0.6100000000000001,1,N,41030
1.6,0.31000000000000005,0.6100000000000001,2,N,41031
1.6,0.31000000000000005,0.6100000000000001,3,N,41032
1.6,0.31000000000000005,0.6100000000000001,4,N,41033
1.6,0.31000000000000005,0.6100000000000001,5,N,41034
1.6,0.31000000000000005,0.7100000000000001,1,N,41035
1.6,0.31000000000000005,0.7100000000000001,2,N,41036
1.6,0.31000000000000005,0.7100000000000001,3,N,41037
1.6,0.31000000000000005,0.7100000000000001,4,N,41038
1.6,0.31000000000000005,0.7100000000000001,5,N,41039
1.6,0.31000000000000005,0.81,1,N,41040
1.6,0.31000000000000005,0.81,2,N,41041
1.6,0.31000000000000005,0.81,3,N,41042
1.6,0.31000000000000005,0.81,4,N,41043
1.6,0.31000000000000005,0.81,5,N,41044
1.6,0.31000000000000005,0.91,1,N,41045
1.6,0.31000000000000005,0.91,2,N,41046
1.6,0.31000000000000005,0.91,3,N,41047
1.6,0.31000000000000005,0.91,4,N,41048
1.6,0.31000000000000005,0.91,5,N,41049
1.6,0.31000000000000005,1.01,1,N,41050
1.6,0.31000000000000005,1.01,2,N,41051
1.6,0.31000000000000005,1.01,3,N,41052
1.6,0.31000000000000005,1.01,4,N,41053
1.6,0.31000000000000005,1.01,5,N,41054
1.6,0.31000000000000005,1.11,1,N,41055
1.6,0.31000000000000005,1.11,2,N,41056
1.6,0.31000000000000005,1.11,3,N,41057
1.6,0.31000000000000005,1.11,4,N,41058
1.6,0.31000000000000005,1.11,5,N,41059
1.6,0.31000000000000005,1.3,1,N,41060
1.6,0.31000000000000005,1.3,2,N,41061
1.6,0.31000000000000005,1.3,3,N,41062
1.6,0.31000000000000005,1.3,4,N,41063
1.6,0.31000000000000005,1.3,5,N,41064
1.6,0.31000000000000005,1.6,1,N,41065
1.6,0.31000000000000005,1.6,2,N,41066
1.6,0.31000000000000005,1.6,3,N,41067
1.6,0.31000000000000005,1.6,4,N,41068
1.6,0.31000000000000005,1.6,5,N,41069
1.6,0.31000000000000005,1.9,1,N,41070
1.6,0.31000000000000005,1.9,2,N,41071
1.6,0.31000000000000005,1.9,3,N,41072
1.6,0.31000000000000005,1.9,4,N,41073
1.6,0.31000000000000005,1.9,5,N,41074
1.6,0.31000000000000005,2.2,1,N,41075
1.6,0.31000000000000005,2.2,2,N,41076
1.6,0.31000000000000005,2.2,3,N,41077
1.6,0.31000000000000005,2.2,4,N,41078
1.6,0.31000000000000005,2.2,5,N,41079
1.6,0.31000000000000005,2.5,1,N,41080
1.6,0.31000000000000005,2.5,2,N,41081
1.6,0.31000000000000005,2.5,3,N,41082
1.6,0.31000000000000005,2.5,4,N,41083
1.6,0.31000000000000005,2.5,5,N,41084
1.6,0.31000000000000005,2.8000000000000003,1,N,41085
1.6,0.31000000000000005,2.8000000000000003,2,N,41086
1.6,0.31000000000000005,2.8000000000000003,3,N,41087
1.6,0.31000000000000005,2.8000000000000003,4,N,41088
1.6,0.31000000000000005,2.8000000000000003,5,N,41089
1.6,0.31000000000000005,3.1000000000000005,1,N,41090
1.6,0.31000000000000005,3.1000000000000005,2,N,41091
1.6,0.31000000000000005,3.1000000000000005,3,N,41092
1.6,0.31000000000000005,3.1000000000000005,4,N,41093
1.6,0.31000000000000005,3.1000000000000005,5,N,41094
1.6,0.31000000000000005,3.4000000000000004,1,N,41095
1.6,0.31000000000000005,3.4000000000000004,2,N,41096
1.6,0.31000000000000005,3.4000000000000004,3,N,41097
1.6,0.31000000000000005,3.4000000000000004,4,N,41098
1.6,0.31000000000000005,3.4000000000000004,5,N,41099
1.6,0.31000000000000005,3.7,1,N,41100
1.6,0.31000000000000005,3.7,2,N,41101
1.6,0.31000000000000005,3.7,3,N,41102
1.6,0.31000000000000005,3.7,4,N,41103
1.6,0.31000000000000005,3.7,5,N,41104
1.6,0.31000000000000005,4.0,1,N,41105
1.6,0.31000000000000005,4.0,2,N,41106
1.6,0.31000000000000005,4.0,3,N,41107
1.6,0.31000000000000005,4.0,4,N,41108
1.6,0.31000000000000005,4.0,5,N,41109
1.6,0.31000000000000005,4.300000000000002,1,N,41110
1.6,0.31000000000000005,4.300000000000002,2,N,41111
1.6,0.31000000000000005,4.300000000000002,3,N,41112
1.6,0.31000000000000005,4.300000000000002,4,N,41113
1.6,0.31000000000000005,4.300000000000002,5,N,41114
1.6,0.31000000000000005,4.6000000000000005,1,N,41115
1.6,0.31000000000000005,4.6000000000000005,2,N,41116
1.6,0.31000000000000005,4.6000000000000005,3,N,41117
1.6,0.31000000000000005,4.6000000000000005,4,N,41118
1.6,0.31000000000000005,4.6000000000000005,5,N,41119
1.6,0.31000000000000005,4.9,1,N,41120
1.6,0.31000000000000005,4.9,2,N,41121
1.6,0.31000000000000005,4.9,3,N,41122
1.6,0.31000000000000005,4.9,4,N,41123
1.6,0.31000000000000005,4.9,5,N,41124
1.6,0.41,0.01,1,N,41125
1.6,0.41,0.01,2,N,41126
1.6,0.41,0.01,3,N,41127
1.6,0.41,0.01,4,N,41128
1.6,0.41,0.01,5,N,41129
1.6,0.41,0.11,1,N,41130
1.6,0.41,0.11,2,N,41131
1.6,0.41,0.11,3,N,41132
1.6,0.41,0.11,4,N,41133
1.6,0.41,0.11,5,N,41134
1.6,0.41,0.21,1,N,41135
1.6,0.41,0.21,2,N,41136
1.6,0.41,0.21,3,N,41137
1.6,0.41,0.21,4,N,41138
1.6,0.41,0.21,5,N,41139
1.6,0.41,0.31000000000000005,1,N,41140
1.6,0.41,0.31000000000000005,2,N,41141
1.6,0.41,0.31000000000000005,3,N,41142
1.6,0.41,0.31000000000000005,4,N,41143
1.6,0.41,0.31000000000000005,5,N,41144
1.6,0.41,0.41,1,N,41145
1.6,0.41,0.41,2,N,41146
1.6,0.41,0.41,3,N,41147
1.6,0.41,0.41,4,N,41148
1.6,0.41,0.41,5,N,41149
1.6,0.41,0.51,1,N,41150
1.6,0.41,0.51,2,N,41151
1.6,0.41,0.51,3,N,41152
1.6,0.41,0.51,4,N,41153
1.6,0.41,0.51,5,N,41154
1.6,0.41,0.6100000000000001,1,N,41155
1.6,0.41,0.6100000000000001,2,N,41156
1.6,0.41,0.6100000000000001,3,N,41157
1.6,0.41,0.6100000000000001,4,N,41158
1.6,0.41,0.6100000000000001,5,N,41159
1.6,0.41,0.7100000000000001,1,N,41160
1.6,0.41,0.7100000000000001,2,N,41161
1.6,0.41,0.7100000000000001,3,N,41162
1.6,0.41,0.7100000000000001,4,N,41163
1.6,0.41,0.7100000000000001,5,N,41164
1.6,0.41,0.81,1,N,41165
1.6,0.41,0.81,2,N,41166
1.6,0.41,0.81,3,N,41167
1.6,0.41,0.81,4,N,41168
1.6,0.41,0.81,5,N,41169
1.6,0.41,0.91,1,N,41170
1.6,0.41,0.91,2,N,41171
1.6,0.41,0.91,3,N,41172
1.6,0.41,0.91,4,N,41173
1.6,0.41,0.91,5,N,41174
1.6,0.41,1.01,1,N,41175
1.6,0.41,1.01,2,N,41176
1.6,0.41,1.01,3,N,41177
1.6,0.41,1.01,4,N,41178
1.6,0.41,1.01,5,N,41179
1.6,0.41,1.11,1,N,41180
1.6,0.41,1.11,2,N,41181
1.6,0.41,1.11,3,N,41182
1.6,0.41,1.11,4,N,41183
1.6,0.41,1.11,5,N,41184
1.6,0.41,1.3,1,N,41185
1.6,0.41,1.3,2,N,41186
1.6,0.41,1.3,3,N,41187
1.6,0.41,1.3,4,N,41188
1.6,0.41,1.3,5,N,41189
1.6,0.41,1.6,1,N,41190
1.6,0.41,1.6,2,N,41191
1.6,0.41,1.6,3,N,41192
1.6,0.41,1.6,4,N,41193
1.6,0.41,1.6,5,N,41194
1.6,0.41,1.9,1,N,41195
1.6,0.41,1.9,2,N,41196
1.6,0.41,1.9,3,N,41197
1.6,0.41,1.9,4,N,41198
1.6,0.41,1.9,5,N,41199
1.6,0.41,2.2,1,N,41200
1.6,0.41,2.2,2,N,41201
1.6,0.41,2.2,3,N,41202
1.6,0.41,2.2,4,N,41203
1.6,0.41,2.2,5,N,41204
1.6,0.41,2.5,1,N,41205
1.6,0.41,2.5,2,N,41206
1.6,0.41,2.5,3,N,41207
1.6,0.41,2.5,4,N,41208
1.6,0.41,2.5,5,N,41209
1.6,0.41,2.8000000000000003,1,N,41210
1.6,0.41,2.8000000000000003,2,N,41211
1.6,0.41,2.8000000000000003,3,N,41212
1.6,0.41,2.8000000000000003,4,N,41213
1.6,0.41,2.8000000000000003,5,N,41214
1.6,0.41,3.1000000000000005,1,N,41215
1.6,0.41,3.1000000000000005,2,N,41216
1.6,0.41,3.1000000000000005,3,N,41217
1.6,0.41,3.1000000000000005,4,N,41218
1.6,0.41,3.1000000000000005,5,N,41219
1.6,0.41,3.4000000000000004,1,N,41220
1.6,0.41,3.4000000000000004,2,N,41221
1.6,0.41,3.4000000000000004,3,N,41222
1.6,0.41,3.4000000000000004,4,N,41223
1.6,0.41,3.4000000000000004,5,N,41224
1.6,0.41,3.7,1,N,41225
1.6,0.41,3.7,2,N,41226
1.6,0.41,3.7,3,N,41227
1.6,0.41,3.7,4,N,41228
1.6,0.41,3.7,5,N,41229
1.6,0.41,4.0,1,N,41230
1.6,0.41,4.0,2,N,41231
1.6,0.41,4.0,3,N,41232
1.6,0.41,4.0,4,N,41233
1.6,0.41,4.0,5,N,41234
1.6,0.41,4.300000000000002,1,N,41235
1.6,0.41,4.300000000000002,2,N,41236
1.6,0.41,4.300000000000002,3,N,41237
1.6,0.41,4.300000000000002,4,N,41238
1.6,0.41,4.300000000000002,5,N,41239
1.6,0.41,4.6000000000000005,1,N,41240
1.6,0.41,4.6000000000000005,2,N,41241
1.6,0.41,4.6000000000000005,3,N,41242
1.6,0.41,4.6000000000000005,4,N,41243
1.6,0.41,4.6000000000000005,5,N,41244
1.6,0.41,4.9,1,N,41245
1.6,0.41,4.9,2,N,41246
1.6,0.41,4.9,3,N,41247
1.6,0.41,4.9,4,N,41248
1.6,0.41,4.9,5,N,41249
1.6,0.51,0.01,1,N,41250
1.6,0.51,0.01,2,N,41251
1.6,0.51,0.01,3,N,41252
1.6,0.51,0.01,4,N,41253
1.6,0.51,0.01,5,N,41254
1.6,0.51,0.11,1,N,41255
1.6,0.51,0.11,2,N,41256
1.6,0.51,0.11,3,N,41257
1.6,0.51,0.11,4,N,41258
1.6,0.51,0.11,5,N,41259
1.6,0.51,0.21,1,N,41260
1.6,0.51,0.21,2,N,41261
1.6,0.51,0.21,3,N,41262
1.6,0.51,0.21,4,N,41263
1.6,0.51,0.21,5,N,41264
1.6,0.51,0.31000000000000005,1,N,41265
1.6,0.51,0.31000000000000005,2,N,41266
1.6,0.51,0.31000000000000005,3,N,41267
1.6,0.51,0.31000000000000005,4,N,41268
1.6,0.51,0.31000000000000005,5,N,41269
1.6,0.51,0.41,1,N,41270
1.6,0.51,0.41,2,N,41271
1.6,0.51,0.41,3,N,41272
1.6,0.51,0.41,4,N,41273
1.6,0.51,0.41,5,N,41274
1.6,0.51,0.51,1,N,41275
1.6,0.51,0.51,2,N,41276
1.6,0.51,0.51,3,N,41277
1.6,0.51,0.51,4,N,41278
1.6,0.51,0.51,5,N,41279
1.6,0.51,0.6100000000000001,1,N,41280
1.6,0.51,0.6100000000000001,2,N,41281
1.6,0.51,0.6100000000000001,3,N,41282
1.6,0.51,0.6100000000000001,4,N,41283
1.6,0.51,0.6100000000000001,5,N,41284
1.6,0.51,0.7100000000000001,1,N,41285
1.6,0.51,0.7100000000000001,2,N,41286
1.6,0.51,0.7100000000000001,3,N,41287
1.6,0.51,0.7100000000000001,4,N,41288
1.6,0.51,0.7100000000000001,5,N,41289
1.6,0.51,0.81,1,N,41290
1.6,0.51,0.81,2,N,41291
1.6,0.51,0.81,3,N,41292
1.6,0.51,0.81,4,N,41293
1.6,0.51,0.81,5,N,41294
1.6,0.51,0.91,1,N,41295
1.6,0.51,0.91,2,N,41296
1.6,0.51,0.91,3,N,41297
1.6,0.51,0.91,4,N,41298
1.6,0.51,0.91,5,N,41299
1.6,0.51,1.01,1,N,41300
1.6,0.51,1.01,2,N,41301
1.6,0.51,1.01,3,N,41302
1.6,0.51,1.01,4,N,41303
1.6,0.51,1.01,5,N,41304
1.6,0.51,1.11,1,N,41305
1.6,0.51,1.11,2,N,41306
1.6,0.51,1.11,3,N,41307
1.6,0.51,1.11,4,N,41308
1.6,0.51,1.11,5,N,41309
1.6,0.51,1.3,1,N,41310
1.6,0.51,1.3,2,N,41311
1.6,0.51,1.3,3,N,41312
1.6,0.51,1.3,4,N,41313
1.6,0.51,1.3,5,N,41314
1.6,0.51,1.6,1,N,41315
1.6,0.51,1.6,2,N,41316
1.6,0.51,1.6,3,N,41317
1.6,0.51,1.6,4,N,41318
1.6,0.51,1.6,5,N,41319
1.6,0.51,1.9,1,N,41320
1.6,0.51,1.9,2,N,41321
1.6,0.51,1.9,3,N,41322
1.6,0.51,1.9,4,N,41323
1.6,0.51,1.9,5,N,41324
1.6,0.51,2.2,1,N,41325
1.6,0.51,2.2,2,N,41326
1.6,0.51,2.2,3,N,41327
1.6,0.51,2.2,4,N,41328
1.6,0.51,2.2,5,N,41329
1.6,0.51,2.5,1,N,41330
1.6,0.51,2.5,2,N,41331
1.6,0.51,2.5,3,N,41332
1.6,0.51,2.5,4,N,41333
1.6,0.51,2.5,5,N,41334
1.6,0.51,2.8000000000000003,1,N,41335
1.6,0.51,2.8000000000000003,2,N,41336
1.6,0.51,2.8000000000000003,3,N,41337
1.6,0.51,2.8000000000000003,4,N,41338
1.6,0.51,2.8000000000000003,5,N,41339
1.6,0.51,3.1000000000000005,1,N,41340
1.6,0.51,3.1000000000000005,2,N,41341
1.6,0.51,3.1000000000000005,3,N,41342
1.6,0.51,3.1000000000000005,4,N,41343
1.6,0.51,3.1000000000000005,5,N,41344
1.6,0.51,3.4000000000000004,1,N,41345
1.6,0.51,3.4000000000000004,2,N,41346
1.6,0.51,3.4000000000000004,3,N,41347
1.6,0.51,3.4000000000000004,4,N,41348
1.6,0.51,3.4000000000000004,5,N,41349
1.6,0.51,3.7,1,N,41350
1.6,0.51,3.7,2,N,41351
1.6,0.51,3.7,3,N,41352
1.6,0.51,3.7,4,N,41353
1.6,0.51,3.7,5,N,41354
1.6,0.51,4.0,1,N,41355
1.6,0.51,4.0,2,N,41356
1.6,0.51,4.0,3,N,41357
1.6,0.51,4.0,4,N,41358
1.6,0.51,4.0,5,N,41359
1.6,0.51,4.300000000000002,1,N,41360
1.6,0.51,4.300000000000002,2,N,41361
1.6,0.51,4.300000000000002,3,N,41362
1.6,0.51,4.300000000000002,4,N,41363
1.6,0.51,4.300000000000002,5,N,41364
1.6,0.51,4.6000000000000005,1,N,41365
1.6,0.51,4.6000000000000005,2,N,41366
1.6,0.51,4.6000000000000005,3,N,41367
1.6,0.51,4.6000000000000005,4,N,41368
1.6,0.51,4.6000000000000005,5,N,41369
1.6,0.51,4.9,1,N,41370
1.6,0.51,4.9,2,N,41371
1.6,0.51,4.9,3,N,41372
1.6,0.51,4.9,4,N,41373
1.6,0.51,4.9,5,N,41374
1.6,0.6100000000000001,0.01,1,N,41375
1.6,0.6100000000000001,0.01,2,N,41376
1.6,0.6100000000000001,0.01,3,N,41377
1.6,0.6100000000000001,0.01,4,N,41378
1.6,0.6100000000000001,0.01,5,N,41379
1.6,0.6100000000000001,0.11,1,N,41380
1.6,0.6100000000000001,0.11,2,N,41381
1.6,0.6100000000000001,0.11,3,N,41382
1.6,0.6100000000000001,0.11,4,N,41383
1.6,0.6100000000000001,0.11,5,N,41384
1.6,0.6100000000000001,0.21,1,N,41385
1.6,0.6100000000000001,0.21,2,N,41386
1.6,0.6100000000000001,0.21,3,N,41387
1.6,0.6100000000000001,0.21,4,N,41388
1.6,0.6100000000000001,0.21,5,N,41389
1.6,0.6100000000000001,0.31000000000000005,1,N,41390
1.6,0.6100000000000001,0.31000000000000005,2,N,41391
1.6,0.6100000000000001,0.31000000000000005,3,N,41392
1.6,0.6100000000000001,0.31000000000000005,4,N,41393
1.6,0.6100000000000001,0.31000000000000005,5,N,41394
1.6,0.6100000000000001,0.41,1,N,41395
1.6,0.6100000000000001,0.41,2,N,41396
1.6,0.6100000000000001,0.41,3,N,41397
1.6,0.6100000000000001,0.41,4,N,41398
1.6,0.6100000000000001,0.41,5,N,41399
1.6,0.6100000000000001,0.51,1,N,41400
1.6,0.6100000000000001,0.51,2,N,41401
1.6,0.6100000000000001,0.51,3,N,41402
1.6,0.6100000000000001,0.51,4,N,41403
1.6,0.6100000000000001,0.51,5,N,41404
1.6,0.6100000000000001,0.6100000000000001,1,N,41405
1.6,0.6100000000000001,0.6100000000000001,2,N,41406
1.6,0.6100000000000001,0.6100000000000001,3,N,41407
1.6,0.6100000000000001,0.6100000000000001,4,N,41408
1.6,0.6100000000000001,0.6100000000000001,5,N,41409
1.6,0.6100000000000001,0.7100000000000001,1,N,41410
1.6,0.6100000000000001,0.7100000000000001,2,N,41411
1.6,0.6100000000000001,0.7100000000000001,3,N,41412
1.6,0.6100000000000001,0.7100000000000001,4,N,41413
1.6,0.6100000000000001,0.7100000000000001,5,N,41414
1.6,0.6100000000000001,0.81,1,N,41415
1.6,0.6100000000000001,0.81,2,N,41416
1.6,0.6100000000000001,0.81,3,N,41417
1.6,0.6100000000000001,0.81,4,N,41418
1.6,0.6100000000000001,0.81,5,N,41419
1.6,0.6100000000000001,0.91,1,N,41420
1.6,0.6100000000000001,0.91,2,N,41421
1.6,0.6100000000000001,0.91,3,N,41422
1.6,0.6100000000000001,0.91,4,N,41423
1.6,0.6100000000000001,0.91,5,N,41424
1.6,0.6100000000000001,1.01,1,N,41425
1.6,0.6100000000000001,1.01,2,N,41426
1.6,0.6100000000000001,1.01,3,N,41427
1.6,0.6100000000000001,1.01,4,N,41428
1.6,0.6100000000000001,1.01,5,N,41429
1.6,0.6100000000000001,1.11,1,N,41430
1.6,0.6100000000000001,1.11,2,N,41431
1.6,0.6100000000000001,1.11,3,N,41432
1.6,0.6100000000000001,1.11,4,N,41433
1.6,0.6100000000000001,1.11,5,N,41434
1.6,0.6100000000000001,1.3,1,N,41435
1.6,0.6100000000000001,1.3,2,N,41436
1.6,0.6100000000000001,1.3,3,N,41437
1.6,0.6100000000000001,1.3,4,N,41438
1.6,0.6100000000000001,1.3,5,N,41439
1.6,0.6100000000000001,1.6,1,N,41440
1.6,0.6100000000000001,1.6,2,N,41441
1.6,0.6100000000000001,1.6,3,N,41442
1.6,0.6100000000000001,1.6,4,N,41443
1.6,0.6100000000000001,1.6,5,N,41444
1.6,0.6100000000000001,1.9,1,N,41445
1.6,0.6100000000000001,1.9,2,N,41446
1.6,0.6100000000000001,1.9,3,N,41447
1.6,0.6100000000000001,1.9,4,N,41448
1.6,0.6100000000000001,1.9,5,N,41449
1.6,0.6100000000000001,2.2,1,N,41450
1.6,0.6100000000000001,2.2,2,N,41451
1.6,0.6100000000000001,2.2,3,N,41452
1.6,0.6100000000000001,2.2,4,N,41453
1.6,0.6100000000000001,2.2,5,N,41454
1.6,0.6100000000000001,2.5,1,N,41455
1.6,0.6100000000000001,2.5,2,N,41456
1.6,0.6100000000000001,2.5,3,N,41457
1.6,0.6100000000000001,2.5,4,N,41458
1.6,0.6100000000000001,2.5,5,N,41459
1.6,0.6100000000000001,2.8000000000000003,1,N,41460
1.6,0.6100000000000001,2.8000000000000003,2,N,41461
1.6,0.6100000000000001,2.8000000000000003,3,N,41462
1.6,0.6100000000000001,2.8000000000000003,4,N,41463
1.6,0.6100000000000001,2.8000000000000003,5,N,41464
1.6,0.6100000000000001,3.1000000000000005,1,N,41465
1.6,0.6100000000000001,3.1000000000000005,2,N,41466
1.6,0.6100000000000001,3.1000000000000005,3,N,41467
1.6,0.6100000000000001,3.1000000000000005,4,N,41468
1.6,0.6100000000000001,3.1000000000000005,5,N,41469
1.6,0.6100000000000001,3.4000000000000004,1,N,41470
1.6,0.6100000000000001,3.4000000000000004,2,N,41471
1.6,0.6100000000000001,3.4000000000000004,3,N,41472
1.6,0.6100000000000001,3.4000000000000004,4,N,41473
1.6,0.6100000000000001,3.4000000000000004,5,N,41474
1.6,0.6100000000000001,3.7,1,N,41475
1.6,0.6100000000000001,3.7,2,N,41476
1.6,0.6100000000000001,3.7,3,N,41477
1.6,0.6100000000000001,3.7,4,N,41478
1.6,0.6100000000000001,3.7,5,N,41479
1.6,0.6100000000000001,4.0,1,N,41480
1.6,0.6100000000000001,4.0,2,N,41481
1.6,0.6100000000000001,4.0,3,N,41482
1.6,0.6100000000000001,4.0,4,N,41483
1.6,0.6100000000000001,4.0,5,N,41484
1.6,0.6100000000000001,4.300000000000002,1,N,41485
1.6,0.6100000000000001,4.300000000000002,2,N,41486
1.6,0.6100000000000001,4.300000000000002,3,N,41487
1.6,0.6100000000000001,4.300000000000002,4,N,41488
1.6,0.6100000000000001,4.300000000000002,5,N,41489
1.6,0.6100000000000001,4.6000000000000005,1,N,41490
1.6,0.6100000000000001,4.6000000000000005,2,N,41491
1.6,0.6100000000000001,4.6000000000000005,3,N,41492
1.6,0.6100000000000001,4.6000000000000005,4,N,41493
1.6,0.6100000000000001,4.6000000000000005,5,N,41494
1.6,0.6100000000000001,4.9,1,N,41495
1.6,0.6100000000000001,4.9,2,N,41496
1.6,0.6100000000000001,4.9,3,N,41497
1.6,0.6100000000000001,4.9,4,N,41498
1.6,0.6100000000000001,4.9,5,N,41499
1.6,0.7100000000000001,0.01,1,N,41500
1.6,0.7100000000000001,0.01,2,N,41501
1.6,0.7100000000000001,0.01,3,N,41502
1.6,0.7100000000000001,0.01,4,N,41503
1.6,0.7100000000000001,0.01,5,N,41504
1.6,0.7100000000000001,0.11,1,N,41505
1.6,0.7100000000000001,0.11,2,N,41506
1.6,0.7100000000000001,0.11,3,N,41507
1.6,0.7100000000000001,0.11,4,N,41508
1.6,0.7100000000000001,0.11,5,N,41509
1.6,0.7100000000000001,0.21,1,N,41510
1.6,0.7100000000000001,0.21,2,N,41511
1.6,0.7100000000000001,0.21,3,N,41512
1.6,0.7100000000000001,0.21,4,N,41513
1.6,0.7100000000000001,0.21,5,N,41514
1.6,0.7100000000000001,0.31000000000000005,1,N,41515
1.6,0.7100000000000001,0.31000000000000005,2,N,41516
1.6,0.7100000000000001,0.31000000000000005,3,N,41517
1.6,0.7100000000000001,0.31000000000000005,4,N,41518
1.6,0.7100000000000001,0.31000000000000005,5,N,41519
1.6,0.7100000000000001,0.41,1,N,41520
1.6,0.7100000000000001,0.41,2,N,41521
1.6,0.7100000000000001,0.41,3,N,41522
1.6,0.7100000000000001,0.41,4,N,41523
1.6,0.7100000000000001,0.41,5,N,41524
1.6,0.7100000000000001,0.51,1,N,41525
1.6,0.7100000000000001,0.51,2,N,41526
1.6,0.7100000000000001,0.51,3,N,41527
1.6,0.7100000000000001,0.51,4,N,41528
1.6,0.7100000000000001,0.51,5,N,41529
1.6,0.7100000000000001,0.6100000000000001,1,N,41530
1.6,0.7100000000000001,0.6100000000000001,2,N,41531
1.6,0.7100000000000001,0.6100000000000001,3,N,41532
1.6,0.7100000000000001,0.6100000000000001,4,N,41533
1.6,0.7100000000000001,0.6100000000000001,5,N,41534
1.6,0.7100000000000001,0.7100000000000001,1,N,41535
1.6,0.7100000000000001,0.7100000000000001,2,N,41536
1.6,0.7100000000000001,0.7100000000000001,3,N,41537
1.6,0.7100000000000001,0.7100000000000001,4,N,41538
1.6,0.7100000000000001,0.7100000000000001,5,N,41539
1.6,0.7100000000000001,0.81,1,N,41540
1.6,0.7100000000000001,0.81,2,N,41541
1.6,0.7100000000000001,0.81,3,N,41542
1.6,0.7100000000000001,0.81,4,N,41543
1.6,0.7100000000000001,0.81,5,N,41544
1.6,0.7100000000000001,0.91,1,N,41545
1.6,0.7100000000000001,0.91,2,N,41546
1.6,0.7100000000000001,0.91,3,N,41547
1.6,0.7100000000000001,0.91,4,N,41548
1.6,0.7100000000000001,0.91,5,N,41549
1.6,0.7100000000000001,1.01,1,N,41550
1.6,0.7100000000000001,1.01,2,N,41551
1.6,0.7100000000000001,1.01,3,N,41552
1.6,0.7100000000000001,1.01,4,N,41553
1.6,0.7100000000000001,1.01,5,N,41554
1.6,0.7100000000000001,1.11,1,N,41555
1.6,0.7100000000000001,1.11,2,N,41556
1.6,0.7100000000000001,1.11,3,N,41557
1.6,0.7100000000000001,1.11,4,N,41558
1.6,0.7100000000000001,1.11,5,N,41559
1.6,0.7100000000000001,1.3,1,N,41560
1.6,0.7100000000000001,1.3,2,N,41561
1.6,0.7100000000000001,1.3,3,N,41562
1.6,0.7100000000000001,1.3,4,N,41563
1.6,0.7100000000000001,1.3,5,N,41564
1.6,0.7100000000000001,1.6,1,N,41565
1.6,0.7100000000000001,1.6,2,N,41566
1.6,0.7100000000000001,1.6,3,N,41567
1.6,0.7100000000000001,1.6,4,N,41568
1.6,0.7100000000000001,1.6,5,N,41569
1.6,0.7100000000000001,1.9,1,N,41570
1.6,0.7100000000000001,1.9,2,N,41571
1.6,0.7100000000000001,1.9,3,N,41572
1.6,0.7100000000000001,1.9,4,N,41573
1.6,0.7100000000000001,1.9,5,N,41574
1.6,0.7100000000000001,2.2,1,N,41575
1.6,0.7100000000000001,2.2,2,N,41576
1.6,0.7100000000000001,2.2,3,N,41577
1.6,0.7100000000000001,2.2,4,N,41578
1.6,0.7100000000000001,2.2,5,N,41579
1.6,0.7100000000000001,2.5,1,N,41580
1.6,0.7100000000000001,2.5,2,N,41581
1.6,0.7100000000000001,2.5,3,N,41582
1.6,0.7100000000000001,2.5,4,N,41583
1.6,0.7100000000000001,2.5,5,N,41584
1.6,0.7100000000000001,2.8000000000000003,1,N,41585
1.6,0.7100000000000001,2.8000000000000003,2,N,41586
1.6,0.7100000000000001,2.8000000000000003,3,N,41587
1.6,0.7100000000000001,2.8000000000000003,4,N,41588
1.6,0.7100000000000001,2.8000000000000003,5,N,41589
1.6,0.7100000000000001,3.1000000000000005,1,N,41590
1.6,0.7100000000000001,3.1000000000000005,2,N,41591
1.6,0.7100000000000001,3.1000000000000005,3,N,41592
1.6,0.7100000000000001,3.1000000000000005,4,N,41593
1.6,0.7100000000000001,3.1000000000000005,5,N,41594
1.6,0.7100000000000001,3.4000000000000004,1,N,41595
1.6,0.7100000000000001,3.4000000000000004,2,N,41596
1.6,0.7100000000000001,3.4000000000000004,3,N,41597
1.6,0.7100000000000001,3.4000000000000004,4,N,41598
1.6,0.7100000000000001,3.4000000000000004,5,N,41599
1.6,0.7100000000000001,3.7,1,N,41600
1.6,0.7100000000000001,3.7,2,N,41601
1.6,0.7100000000000001,3.7,3,N,41602
1.6,0.7100000000000001,3.7,4,N,41603
1.6,0.7100000000000001,3.7,5,N,41604
1.6,0.7100000000000001,4.0,1,N,41605
1.6,0.7100000000000001,4.0,2,N,41606
1.6,0.7100000000000001,4.0,3,N,41607
1.6,0.7100000000000001,4.0,4,N,41608
1.6,0.7100000000000001,4.0,5,N,41609
1.6,0.7100000000000001,4.300000000000002,1,N,41610
1.6,0.7100000000000001,4.300000000000002,2,N,41611
1.6,0.7100000000000001,4.300000000000002,3,N,41612
1.6,0.7100000000000001,4.300000000000002,4,N,41613
1.6,0.7100000000000001,4.300000000000002,5,N,41614
1.6,0.7100000000000001,4.6000000000000005,1,N,41615
1.6,0.7100000000000001,4.6000000000000005,2,N,41616
1.6,0.7100000000000001,4.6000000000000005,3,N,41617
1.6,0.7100000000000001,4.6000000000000005,4,N,41618
1.6,0.7100000000000001,4.6000000000000005,5,N,41619
1.6,0.7100000000000001,4.9,1,N,41620
1.6,0.7100000000000001,4.9,2,N,41621
1.6,0.7100000000000001,4.9,3,N,41622
1.6,0.7100000000000001,4.9,4,N,41623
1.6,0.7100000000000001,4.9,5,N,41624
1.6,0.81,0.01,1,N,41625
1.6,0.81,0.01,2,N,41626
1.6,0.81,0.01,3,N,41627
1.6,0.81,0.01,4,N,41628
1.6,0.81,0.01,5,N,41629
1.6,0.81,0.11,1,N,41630
1.6,0.81,0.11,2,N,41631
1.6,0.81,0.11,3,N,41632
1.6,0.81,0.11,4,N,41633
1.6,0.81,0.11,5,N,41634
1.6,0.81,0.21,1,N,41635
1.6,0.81,0.21,2,N,41636
1.6,0.81,0.21,3,N,41637
1.6,0.81,0.21,4,N,41638
1.6,0.81,0.21,5,N,41639
1.6,0.81,0.31000000000000005,1,N,41640
1.6,0.81,0.31000000000000005,2,N,41641
1.6,0.81,0.31000000000000005,3,N,41642
1.6,0.81,0.31000000000000005,4,N,41643
1.6,0.81,0.31000000000000005,5,N,41644
1.6,0.81,0.41,1,N,41645
1.6,0.81,0.41,2,N,41646
1.6,0.81,0.41,3,N,41647
1.6,0.81,0.41,4,N,41648
1.6,0.81,0.41,5,N,41649
1.6,0.81,0.51,1,N,41650
1.6,0.81,0.51,2,N,41651
1.6,0.81,0.51,3,N,41652
1.6,0.81,0.51,4,N,41653
1.6,0.81,0.51,5,N,41654
1.6,0.81,0.6100000000000001,1,N,41655
1.6,0.81,0.6100000000000001,2,N,41656
1.6,0.81,0.6100000000000001,3,N,41657
1.6,0.81,0.6100000000000001,4,N,41658
1.6,0.81,0.6100000000000001,5,N,41659
1.6,0.81,0.7100000000000001,1,N,41660
1.6,0.81,0.7100000000000001,2,N,41661
1.6,0.81,0.7100000000000001,3,N,41662
1.6,0.81,0.7100000000000001,4,N,41663
1.6,0.81,0.7100000000000001,5,N,41664
1.6,0.81,0.81,1,N,41665
1.6,0.81,0.81,2,N,41666
1.6,0.81,0.81,3,N,41667
1.6,0.81,0.81,4,N,41668
1.6,0.81,0.81,5,N,41669
1.6,0.81,0.91,1,N,41670
1.6,0.81,0.91,2,N,41671
1.6,0.81,0.91,3,N,41672
1.6,0.81,0.91,4,N,41673
1.6,0.81,0.91,5,N,41674
1.6,0.81,1.01,1,N,41675
1.6,0.81,1.01,2,N,41676
1.6,0.81,1.01,3,N,41677
1.6,0.81,1.01,4,N,41678
1.6,0.81,1.01,5,N,41679
1.6,0.81,1.11,1,N,41680
1.6,0.81,1.11,2,N,41681
1.6,0.81,1.11,3,N,41682
1.6,0.81,1.11,4,N,41683
1.6,0.81,1.11,5,N,41684
1.6,0.81,1.3,1,N,41685
1.6,0.81,1.3,2,N,41686
1.6,0.81,1.3,3,N,41687
1.6,0.81,1.3,4,N,41688
1.6,0.81,1.3,5,N,41689
1.6,0.81,1.6,1,N,41690
1.6,0.81,1.6,2,N,41691
1.6,0.81,1.6,3,N,41692
1.6,0.81,1.6,4,N,41693
1.6,0.81,1.6,5,N,41694
1.6,0.81,1.9,1,N,41695
1.6,0.81,1.9,2,N,41696
1.6,0.81,1.9,3,N,41697
1.6,0.81,1.9,4,N,41698
1.6,0.81,1.9,5,N,41699
1.6,0.81,2.2,1,N,41700
1.6,0.81,2.2,2,N,41701
1.6,0.81,2.2,3,N,41702
1.6,0.81,2.2,4,N,41703
1.6,0.81,2.2,5,N,41704
1.6,0.81,2.5,1,N,41705
1.6,0.81,2.5,2,N,41706
1.6,0.81,2.5,3,N,41707
1.6,0.81,2.5,4,N,41708
1.6,0.81,2.5,5,N,41709
1.6,0.81,2.8000000000000003,1,N,41710
1.6,0.81,2.8000000000000003,2,N,41711
1.6,0.81,2.8000000000000003,3,N,41712
1.6,0.81,2.8000000000000003,4,N,41713
1.6,0.81,2.8000000000000003,5,N,41714
1.6,0.81,3.1000000000000005,1,N,41715
1.6,0.81,3.1000000000000005,2,N,41716
1.6,0.81,3.1000000000000005,3,N,41717
1.6,0.81,3.1000000000000005,4,N,41718
1.6,0.81,3.1000000000000005,5,N,41719
1.6,0.81,3.4000000000000004,1,N,41720
1.6,0.81,3.4000000000000004,2,N,41721
1.6,0.81,3.4000000000000004,3,N,41722
1.6,0.81,3.4000000000000004,4,N,41723
1.6,0.81,3.4000000000000004,5,N,41724
1.6,0.81,3.7,1,N,41725
1.6,0.81,3.7,2,N,41726
1.6,0.81,3.7,3,N,41727
1.6,0.81,3.7,4,N,41728
1.6,0.81,3.7,5,N,41729
1.6,0.81,4.0,1,N,41730
1.6,0.81,4.0,2,N,41731
1.6,0.81,4.0,3,N,41732
1.6,0.81,4.0,4,N,41733
1.6,0.81,4.0,5,N,41734
1.6,0.81,4.300000000000002,1,N,41735
1.6,0.81,4.300000000000002,2,N,41736
1.6,0.81,4.300000000000002,3,N,41737
1.6,0.81,4.300000000000002,4,N,41738
1.6,0.81,4.300000000000002,5,N,41739
1.6,0.81,4.6000000000000005,1,N,41740
1.6,0.81,4.6000000000000005,2,N,41741
1.6,0.81,4.6000000000000005,3,N,41742
1.6,0.81,4.6000000000000005,4,N,41743
1.6,0.81,4.6000000000000005,5,N,41744
1.6,0.81,4.9,1,N,41745
1.6,0.81,4.9,2,N,41746
1.6,0.81,4.9,3,N,41747
1.6,0.81,4.9,4,N,41748
1.6,0.81,4.9,5,N,41749
1.6,0.91,0.01,1,N,41750
1.6,0.91,0.01,2,N,41751
1.6,0.91,0.01,3,N,41752
1.6,0.91,0.01,4,N,41753
1.6,0.91,0.01,5,N,41754
1.6,0.91,0.11,1,N,41755
1.6,0.91,0.11,2,N,41756
1.6,0.91,0.11,3,N,41757
1.6,0.91,0.11,4,N,41758
1.6,0.91,0.11,5,N,41759
1.6,0.91,0.21,1,N,41760
1.6,0.91,0.21,2,N,41761
1.6,0.91,0.21,3,N,41762
1.6,0.91,0.21,4,N,41763
1.6,0.91,0.21,5,N,41764
1.6,0.91,0.31000000000000005,1,N,41765
1.6,0.91,0.31000000000000005,2,N,41766
1.6,0.91,0.31000000000000005,3,N,41767
1.6,0.91,0.31000000000000005,4,N,41768
1.6,0.91,0.31000000000000005,5,N,41769
1.6,0.91,0.41,1,N,41770
1.6,0.91,0.41,2,N,41771
1.6,0.91,0.41,3,N,41772
1.6,0.91,0.41,4,N,41773
1.6,0.91,0.41,5,N,41774
1.6,0.91,0.51,1,N,41775
1.6,0.91,0.51,2,N,41776
1.6,0.91,0.51,3,N,41777
1.6,0.91,0.51,4,N,41778
1.6,0.91,0.51,5,N,41779
1.6,0.91,0.6100000000000001,1,N,41780
1.6,0.91,0.6100000000000001,2,N,41781
1.6,0.91,0.6100000000000001,3,N,41782
1.6,0.91,0.6100000000000001,4,N,41783
1.6,0.91,0.6100000000000001,5,N,41784
1.6,0.91,0.7100000000000001,1,N,41785
1.6,0.91,0.7100000000000001,2,N,41786
1.6,0.91,0.7100000000000001,3,N,41787
1.6,0.91,0.7100000000000001,4,N,41788
1.6,0.91,0.7100000000000001,5,N,41789
1.6,0.91,0.81,1,N,41790
1.6,0.91,0.81,2,N,41791
1.6,0.91,0.81,3,N,41792
1.6,0.91,0.81,4,N,41793
1.6,0.91,0.81,5,N,41794
1.6,0.91,0.91,1,N,41795
1.6,0.91,0.91,2,N,41796
1.6,0.91,0.91,3,N,41797
1.6,0.91,0.91,4,N,41798
1.6,0.91,0.91,5,N,41799
1.6,0.91,1.01,1,N,41800
1.6,0.91,1.01,2,N,41801
1.6,0.91,1.01,3,N,41802
1.6,0.91,1.01,4,N,41803
1.6,0.91,1.01,5,N,41804
1.6,0.91,1.11,1,N,41805
1.6,0.91,1.11,2,N,41806
1.6,0.91,1.11,3,N,41807
1.6,0.91,1.11,4,N,41808
1.6,0.91,1.11,5,N,41809
1.6,0.91,1.3,1,N,41810
1.6,0.91,1.3,2,N,41811
1.6,0.91,1.3,3,N,41812
1.6,0.91,1.3,4,N,41813
1.6,0.91,1.3,5,N,41814
1.6,0.91,1.6,1,N,41815
1.6,0.91,1.6,2,N,41816
1.6,0.91,1.6,3,N,41817
1.6,0.91,1.6,4,N,41818
1.6,0.91,1.6,5,N,41819
1.6,0.91,1.9,1,N,41820
1.6,0.91,1.9,2,N,41821
1.6,0.91,1.9,3,N,41822
1.6,0.91,1.9,4,N,41823
1.6,0.91,1.9,5,N,41824
1.6,0.91,2.2,1,N,41825
1.6,0.91,2.2,2,N,41826
1.6,0.91,2.2,3,N,41827
1.6,0.91,2.2,4,N,41828
1.6,0.91,2.2,5,N,41829
1.6,0.91,2.5,1,N,41830
1.6,0.91,2.5,2,N,41831
1.6,0.91,2.5,3,N,41832
1.6,0.91,2.5,4,N,41833
1.6,0.91,2.5,5,N,41834
1.6,0.91,2.8000000000000003,1,N,41835
1.6,0.91,2.8000000000000003,2,N,41836
1.6,0.91,2.8000000000000003,3,N,41837
1.6,0.91,2.8000000000000003,4,N,41838
1.6,0.91,2.8000000000000003,5,N,41839
1.6,0.91,3.1000000000000005,1,N,41840
1.6,0.91,3.1000000000000005,2,N,41841
1.6,0.91,3.1000000000000005,3,N,41842
1.6,0.91,3.1000000000000005,4,N,41843
1.6,0.91,3.1000000000000005,5,N,41844
1.6,0.91,3.4000000000000004,1,N,41845
1.6,0.91,3.4000000000000004,2,N,41846
1.6,0.91,3.4000000000000004,3,N,41847
1.6,0.91,3.4000000000000004,4,N,41848
1.6,0.91,3.4000000000000004,5,N,41849
1.6,0.91,3.7,1,N,41850
1.6,0.91,3.7,2,N,41851
1.6,0.91,3.7,3,N,41852
1.6,0.91,3.7,4,N,41853
1.6,0.91,3.7,5,N,41854
1.6,0.91,4.0,1,N,41855
1.6,0.91,4.0,2,N,41856
1.6,0.91,4.0,3,N,41857
1.6,0.91,4.0,4,N,41858
1.6,0.91,4.0,5,N,41859
1.6,0.91,4.300000000000002,1,N,41860
1.6,0.91,4.300000000000002,2,N,41861
1.6,0.91,4.300000000000002,3,N,41862
1.6,0.91,4.300000000000002,4,N,41863
1.6,0.91,4.300000000000002,5,N,41864
1.6,0.91,4.6000000000000005,1,N,41865
1.6,0.91,4.6000000000000005,2,N,41866
1.6,0.91,4.6000000000000005,3,N,41867
1.6,0.91,4.6000000000000005,4,N,41868
1.6,0.91,4.6000000000000005,5,N,41869
1.6,0.91,4.9,1,N,41870
1.6,0.91,4.9,2,N,41871
1.6,0.91,4.9,3,N,41872
1.6,0.91,4.9,4,N,41873
1.6,0.91,4.9,5,N,41874
1.6,1.01,0.01,1,N,41875
1.6,1.01,0.01,2,N,41876
1.6,1.01,0.01,3,N,41877
1.6,1.01,0.01,4,N,41878
1.6,1.01,0.01,5,N,41879
1.6,1.01,0.11,1,N,41880
1.6,1.01,0.11,2,N,41881
1.6,1.01,0.11,3,N,41882
1.6,1.01,0.11,4,N,41883
1.6,1.01,0.11,5,N,41884
1.6,1.01,0.21,1,N,41885
1.6,1.01,0.21,2,N,41886
1.6,1.01,0.21,3,N,41887
1.6,1.01,0.21,4,N,41888
1.6,1.01,0.21,5,N,41889
1.6,1.01,0.31000000000000005,1,N,41890
1.6,1.01,0.31000000000000005,2,N,41891
1.6,1.01,0.31000000000000005,3,N,41892
1.6,1.01,0.31000000000000005,4,N,41893
1.6,1.01,0.31000000000000005,5,N,41894
1.6,1.01,0.41,1,N,41895
1.6,1.01,0.41,2,N,41896
1.6,1.01,0.41,3,N,41897
1.6,1.01,0.41,4,N,41898
1.6,1.01,0.41,5,N,41899
1.6,1.01,0.51,1,N,41900
1.6,1.01,0.51,2,N,41901
1.6,1.01,0.51,3,N,41902
1.6,1.01,0.51,4,N,41903
1.6,1.01,0.51,5,N,41904
1.6,1.01,0.6100000000000001,1,N,41905
1.6,1.01,0.6100000000000001,2,N,41906
1.6,1.01,0.6100000000000001,3,N,41907
1.6,1.01,0.6100000000000001,4,N,41908
1.6,1.01,0.6100000000000001,5,N,41909
1.6,1.01,0.7100000000000001,1,N,41910
1.6,1.01,0.7100000000000001,2,N,41911
1.6,1.01,0.7100000000000001,3,N,41912
1.6,1.01,0.7100000000000001,4,N,41913
1.6,1.01,0.7100000000000001,5,N,41914
1.6,1.01,0.81,1,N,41915
1.6,1.01,0.81,2,N,41916
1.6,1.01,0.81,3,N,41917
1.6,1.01,0.81,4,N,41918
1.6,1.01,0.81,5,N,41919
1.6,1.01,0.91,1,N,41920
1.6,1.01,0.91,2,N,41921
1.6,1.01,0.91,3,N,41922
1.6,1.01,0.91,4,N,41923
1.6,1.01,0.91,5,N,41924
1.6,1.01,1.01,1,N,41925
1.6,1.01,1.01,2,N,41926
1.6,1.01,1.01,3,N,41927
1.6,1.01,1.01,4,N,41928
1.6,1.01,1.01,5,N,41929
1.6,1.01,1.11,1,N,41930
1.6,1.01,1.11,2,N,41931
1.6,1.01,1.11,3,N,41932
1.6,1.01,1.11,4,N,41933
1.6,1.01,1.11,5,N,41934
1.6,1.01,1.3,1,N,41935
1.6,1.01,1.3,2,N,41936
1.6,1.01,1.3,3,N,41937
1.6,1.01,1.3,4,N,41938
1.6,1.01,1.3,5,N,41939
1.6,1.01,1.6,1,N,41940
1.6,1.01,1.6,2,N,41941
1.6,1.01,1.6,3,N,41942
1.6,1.01,1.6,4,N,41943
1.6,1.01,1.6,5,N,41944
1.6,1.01,1.9,1,N,41945
1.6,1.01,1.9,2,N,41946
1.6,1.01,1.9,3,N,41947
1.6,1.01,1.9,4,N,41948
1.6,1.01,1.9,5,N,41949
1.6,1.01,2.2,1,N,41950
1.6,1.01,2.2,2,N,41951
1.6,1.01,2.2,3,N,41952
1.6,1.01,2.2,4,N,41953
1.6,1.01,2.2,5,N,41954
1.6,1.01,2.5,1,N,41955
1.6,1.01,2.5,2,N,41956
1.6,1.01,2.5,3,N,41957
1.6,1.01,2.5,4,N,41958
1.6,1.01,2.5,5,N,41959
1.6,1.01,2.8000000000000003,1,N,41960
1.6,1.01,2.8000000000000003,2,N,41961
1.6,1.01,2.8000000000000003,3,N,41962
1.6,1.01,2.8000000000000003,4,N,41963
1.6,1.01,2.8000000000000003,5,N,41964
1.6,1.01,3.1000000000000005,1,N,41965
1.6,1.01,3.1000000000000005,2,N,41966
1.6,1.01,3.1000000000000005,3,N,41967
1.6,1.01,3.1000000000000005,4,N,41968
1.6,1.01,3.1000000000000005,5,N,41969
1.6,1.01,3.4000000000000004,1,N,41970
1.6,1.01,3.4000000000000004,2,N,41971
1.6,1.01,3.4000000000000004,3,N,41972
1.6,1.01,3.4000000000000004,4,N,41973
1.6,1.01,3.4000000000000004,5,N,41974
1.6,1.01,3.7,1,N,41975
1.6,1.01,3.7,2,N,41976
1.6,1.01,3.7,3,N,41977
1.6,1.01,3.7,4,N,41978
1.6,1.01,3.7,5,N,41979
1.6,1.01,4.0,1,N,41980
1.6,1.01,4.0,2,N,41981
1.6,1.01,4.0,3,N,41982
1.6,1.01,4.0,4,N,41983
1.6,1.01,4.0,5,N,41984
1.6,1.01,4.300000000000002,1,N,41985
1.6,1.01,4.300000000000002,2,N,41986
1.6,1.01,4.300000000000002,3,N,41987
1.6,1.01,4.300000000000002,4,N,41988
1.6,1.01,4.300000000000002,5,N,41989
1.6,1.01,4.6000000000000005,1,N,41990
1.6,1.01,4.6000000000000005,2,N,41991
1.6,1.01,4.6000000000000005,3,N,41992
1.6,1.01,4.6000000000000005,4,N,41993
1.6,1.01,4.6000000000000005,5,N,41994
1.6,1.01,4.9,1,N,41995
1.6,1.01,4.9,2,N,41996
1.6,1.01,4.9,3,N,41997
1.6,1.01,4.9,4,N,41998
1.6,1.01,4.9,5,N,41999
1.6,1.11,0.01,1,N,42000
1.6,1.11,0.01,2,N,42001
1.6,1.11,0.01,3,N,42002
1.6,1.11,0.01,4,N,42003
1.6,1.11,0.01,5,N,42004
1.6,1.11,0.11,1,N,42005
1.6,1.11,0.11,2,N,42006
1.6,1.11,0.11,3,N,42007
1.6,1.11,0.11,4,N,42008
1.6,1.11,0.11,5,N,42009
1.6,1.11,0.21,1,N,42010
1.6,1.11,0.21,2,N,42011
1.6,1.11,0.21,3,N,42012
1.6,1.11,0.21,4,N,42013
1.6,1.11,0.21,5,N,42014
1.6,1.11,0.31000000000000005,1,N,42015
1.6,1.11,0.31000000000000005,2,N,42016
1.6,1.11,0.31000000000000005,3,N,42017
1.6,1.11,0.31000000000000005,4,N,42018
1.6,1.11,0.31000000000000005,5,N,42019
1.6,1.11,0.41,1,N,42020
1.6,1.11,0.41,2,N,42021
1.6,1.11,0.41,3,N,42022
1.6,1.11,0.41,4,N,42023
1.6,1.11,0.41,5,N,42024
1.6,1.11,0.51,1,N,42025
1.6,1.11,0.51,2,N,42026
1.6,1.11,0.51,3,N,42027
1.6,1.11,0.51,4,N,42028
1.6,1.11,0.51,5,N,42029
1.6,1.11,0.6100000000000001,1,N,42030
1.6,1.11,0.6100000000000001,2,N,42031
1.6,1.11,0.6100000000000001,3,N,42032
1.6,1.11,0.6100000000000001,4,N,42033
1.6,1.11,0.6100000000000001,5,N,42034
1.6,1.11,0.7100000000000001,1,N,42035
1.6,1.11,0.7100000000000001,2,N,42036
1.6,1.11,0.7100000000000001,3,N,42037
1.6,1.11,0.7100000000000001,4,N,42038
1.6,1.11,0.7100000000000001,5,N,42039
1.6,1.11,0.81,1,N,42040
1.6,1.11,0.81,2,N,42041
1.6,1.11,0.81,3,N,42042
1.6,1.11,0.81,4,N,42043
1.6,1.11,0.81,5,N,42044
1.6,1.11,0.91,1,N,42045
1.6,1.11,0.91,2,N,42046
1.6,1.11,0.91,3,N,42047
1.6,1.11,0.91,4,N,42048
1.6,1.11,0.91,5,N,42049
1.6,1.11,1.01,1,N,42050
1.6,1.11,1.01,2,N,42051
1.6,1.11,1.01,3,N,42052
1.6,1.11,1.01,4,N,42053
1.6,1.11,1.01,5,N,42054
1.6,1.11,1.11,1,N,42055
1.6,1.11,1.11,2,N,42056
1.6,1.11,1.11,3,N,42057
1.6,1.11,1.11,4,N,42058
1.6,1.11,1.11,5,N,42059
1.6,1.11,1.3,1,N,42060
1.6,1.11,1.3,2,N,42061
1.6,1.11,1.3,3,N,42062
1.6,1.11,1.3,4,N,42063
1.6,1.11,1.3,5,N,42064
1.6,1.11,1.6,1,N,42065
1.6,1.11,1.6,2,N,42066
1.6,1.11,1.6,3,N,42067
1.6,1.11,1.6,4,N,42068
1.6,1.11,1.6,5,N,42069
1.6,1.11,1.9,1,N,42070
1.6,1.11,1.9,2,N,42071
1.6,1.11,1.9,3,N,42072
1.6,1.11,1.9,4,N,42073
1.6,1.11,1.9,5,N,42074
1.6,1.11,2.2,1,N,42075
1.6,1.11,2.2,2,N,42076
1.6,1.11,2.2,3,N,42077
1.6,1.11,2.2,4,N,42078
1.6,1.11,2.2,5,N,42079
1.6,1.11,2.5,1,N,42080
1.6,1.11,2.5,2,N,42081
1.6,1.11,2.5,3,N,42082
1.6,1.11,2.5,4,N,42083
1.6,1.11,2.5,5,N,42084
1.6,1.11,2.8000000000000003,1,N,42085
1.6,1.11,2.8000000000000003,2,N,42086
1.6,1.11,2.8000000000000003,3,N,42087
1.6,1.11,2.8000000000000003,4,N,42088
1.6,1.11,2.8000000000000003,5,N,42089
1.6,1.11,3.1000000000000005,1,N,42090
1.6,1.11,3.1000000000000005,2,N,42091
1.6,1.11,3.1000000000000005,3,N,42092
1.6,1.11,3.1000000000000005,4,N,42093
1.6,1.11,3.1000000000000005,5,N,42094
1.6,1.11,3.4000000000000004,1,N,42095
1.6,1.11,3.4000000000000004,2,N,42096
1.6,1.11,3.4000000000000004,3,N,42097
1.6,1.11,3.4000000000000004,4,N,42098
1.6,1.11,3.4000000000000004,5,N,42099
1.6,1.11,3.7,1,N,42100
1.6,1.11,3.7,2,N,42101
1.6,1.11,3.7,3,N,42102
1.6,1.11,3.7,4,N,42103
1.6,1.11,3.7,5,N,42104
1.6,1.11,4.0,1,N,42105
1.6,1.11,4.0,2,N,42106
1.6,1.11,4.0,3,N,42107
1.6,1.11,4.0,4,N,42108
1.6,1.11,4.0,5,N,42109
1.6,1.11,4.300000000000002,1,N,42110
1.6,1.11,4.300000000000002,2,N,42111
1.6,1.11,4.300000000000002,3,N,42112
1.6,1.11,4.300000000000002,4,N,42113
1.6,1.11,4.300000000000002,5,N,42114
1.6,1.11,4.6000000000000005,1,N,42115
1.6,1.11,4.6000000000000005,2,N,42116
1.6,1.11,4.6000000000000005,3,N,42117
1.6,1.11,4.6000000000000005,4,N,42118
1.6,1.11,4.6000000000000005,5,N,42119
1.6,1.11,4.9,1,N,42120
1.6,1.11,4.9,2,N,42121
1.6,1.11,4.9,3,N,42122
1.6,1.11,4.9,4,N,42123
1.6,1.11,4.9,5,N,42124
1.6,1.3,0.01,1,N,42125
1.6,1.3,0.01,2,N,42126
1.6,1.3,0.01,3,N,42127
1.6,1.3,0.01,4,N,42128
1.6,1.3,0.01,5,N,42129
1.6,1.3,0.11,1,N,42130
1.6,1.3,0.11,2,N,42131
1.6,1.3,0.11,3,N,42132
1.6,1.3,0.11,4,N,42133
1.6,1.3,0.11,5,N,42134
1.6,1.3,0.21,1,N,42135
1.6,1.3,0.21,2,N,42136
1.6,1.3,0.21,3,N,42137
1.6,1.3,0.21,4,N,42138
1.6,1.3,0.21,5,N,42139
1.6,1.3,0.31000000000000005,1,N,42140
1.6,1.3,0.31000000000000005,2,N,42141
1.6,1.3,0.31000000000000005,3,N,42142
1.6,1.3,0.31000000000000005,4,N,42143
1.6,1.3,0.31000000000000005,5,N,42144
1.6,1.3,0.41,1,N,42145
1.6,1.3,0.41,2,N,42146
1.6,1.3,0.41,3,N,42147
1.6,1.3,0.41,4,N,42148
1.6,1.3,0.41,5,N,42149
1.6,1.3,0.51,1,N,42150
1.6,1.3,0.51,2,N,42151
1.6,1.3,0.51,3,N,42152
1.6,1.3,0.51,4,N,42153
1.6,1.3,0.51,5,N,42154
1.6,1.3,0.6100000000000001,1,N,42155
1.6,1.3,0.6100000000000001,2,N,42156
1.6,1.3,0.6100000000000001,3,N,42157
1.6,1.3,0.6100000000000001,4,N,42158
1.6,1.3,0.6100000000000001,5,N,42159
1.6,1.3,0.7100000000000001,1,N,42160
1.6,1.3,0.7100000000000001,2,N,42161
1.6,1.3,0.7100000000000001,3,N,42162
1.6,1.3,0.7100000000000001,4,N,42163
1.6,1.3,0.7100000000000001,5,N,42164
1.6,1.3,0.81,1,N,42165
1.6,1.3,0.81,2,N,42166
1.6,1.3,0.81,3,N,42167
1.6,1.3,0.81,4,N,42168
1.6,1.3,0.81,5,N,42169
1.6,1.3,0.91,1,N,42170
1.6,1.3,0.91,2,N,42171
1.6,1.3,0.91,3,N,42172
1.6,1.3,0.91,4,N,42173
1.6,1.3,0.91,5,N,42174
1.6,1.3,1.01,1,N,42175
1.6,1.3,1.01,2,N,42176
1.6,1.3,1.01,3,N,42177
1.6,1.3,1.01,4,N,42178
1.6,1.3,1.01,5,N,42179
1.6,1.3,1.11,1,N,42180
1.6,1.3,1.11,2,N,42181
1.6,1.3,1.11,3,N,42182
1.6,1.3,1.11,4,N,42183
1.6,1.3,1.11,5,N,42184
1.6,1.3,1.3,1,N,42185
1.6,1.3,1.3,2,N,42186
1.6,1.3,1.3,3,N,42187
1.6,1.3,1.3,4,N,42188
1.6,1.3,1.3,5,N,42189
1.6,1.3,1.6,1,N,42190
1.6,1.3,1.6,2,N,42191
1.6,1.3,1.6,3,N,42192
1.6,1.3,1.6,4,N,42193
1.6,1.3,1.6,5,N,42194
1.6,1.3,1.9,1,N,42195
1.6,1.3,1.9,2,N,42196
1.6,1.3,1.9,3,N,42197
1.6,1.3,1.9,4,N,42198
1.6,1.3,1.9,5,N,42199
1.6,1.3,2.2,1,N,42200
1.6,1.3,2.2,2,N,42201
1.6,1.3,2.2,3,N,42202
1.6,1.3,2.2,4,N,42203
1.6,1.3,2.2,5,N,42204
1.6,1.3,2.5,1,N,42205
1.6,1.3,2.5,2,N,42206
1.6,1.3,2.5,3,N,42207
1.6,1.3,2.5,4,N,42208
1.6,1.3,2.5,5,N,42209
1.6,1.3,2.8000000000000003,1,N,42210
1.6,1.3,2.8000000000000003,2,N,42211
1.6,1.3,2.8000000000000003,3,N,42212
1.6,1.3,2.8000000000000003,4,N,42213
1.6,1.3,2.8000000000000003,5,N,42214
1.6,1.3,3.1000000000000005,1,N,42215
1.6,1.3,3.1000000000000005,2,N,42216
1.6,1.3,3.1000000000000005,3,N,42217
1.6,1.3,3.1000000000000005,4,N,42218
1.6,1.3,3.1000000000000005,5,N,42219
1.6,1.3,3.4000000000000004,1,N,42220
1.6,1.3,3.4000000000000004,2,N,42221
1.6,1.3,3.4000000000000004,3,N,42222
1.6,1.3,3.4000000000000004,4,N,42223
1.6,1.3,3.4000000000000004,5,N,42224
1.6,1.3,3.7,1,N,42225
1.6,1.3,3.7,2,N,42226
1.6,1.3,3.7,3,N,42227
1.6,1.3,3.7,4,N,42228
1.6,1.3,3.7,5,N,42229
1.6,1.3,4.0,1,N,42230
1.6,1.3,4.0,2,N,42231
1.6,1.3,4.0,3,N,42232
1.6,1.3,4.0,4,N,42233
1.6,1.3,4.0,5,N,42234
1.6,1.3,4.300000000000002,1,N,42235
1.6,1.3,4.300000000000002,2,N,42236
1.6,1.3,4.300000000000002,3,N,42237
1.6,1.3,4.300000000000002,4,N,42238
1.6,1.3,4.300000000000002,5,N,42239
1.6,1.3,4.6000000000000005,1,N,42240
1.6,1.3,4.6000000000000005,2,N,42241
1.6,1.3,4.6000000000000005,3,N,42242
1.6,1.3,4.6000000000000005,4,N,42243
1.6,1.3,4.6000000000000005,5,N,42244
1.6,1.3,4.9,1,N,42245
1.6,1.3,4.9,2,N,42246
1.6,1.3,4.9,3,N,42247
1.6,1.3,4.9,4,N,42248
1.6,1.3,4.9,5,N,42249
1.6,1.6,0.01,1,N,42250
1.6,1.6,0.01,2,N,42251
1.6,1.6,0.01,3,N,42252
1.6,1.6,0.01,4,N,42253
1.6,1.6,0.01,5,N,42254
1.6,1.6,0.11,1,N,42255
1.6,1.6,0.11,2,N,42256
1.6,1.6,0.11,3,N,42257
1.6,1.6,0.11,4,N,42258
1.6,1.6,0.11,5,N,42259
1.6,1.6,0.21,1,N,42260
1.6,1.6,0.21,2,N,42261
1.6,1.6,0.21,3,N,42262
1.6,1.6,0.21,4,N,42263
1.6,1.6,0.21,5,N,42264
1.6,1.6,0.31000000000000005,1,N,42265
1.6,1.6,0.31000000000000005,2,N,42266
1.6,1.6,0.31000000000000005,3,N,42267
1.6,1.6,0.31000000000000005,4,N,42268
1.6,1.6,0.31000000000000005,5,N,42269
1.6,1.6,0.41,1,N,42270
1.6,1.6,0.41,2,N,42271
1.6,1.6,0.41,3,N,42272
1.6,1.6,0.41,4,N,42273
1.6,1.6,0.41,5,N,42274
1.6,1.6,0.51,1,N,42275
1.6,1.6,0.51,2,N,42276
1.6,1.6,0.51,3,N,42277
1.6,1.6,0.51,4,N,42278
1.6,1.6,0.51,5,N,42279
1.6,1.6,0.6100000000000001,1,N,42280
1.6,1.6,0.6100000000000001,2,N,42281
1.6,1.6,0.6100000000000001,3,N,42282
1.6,1.6,0.6100000000000001,4,N,42283
1.6,1.6,0.6100000000000001,5,N,42284
1.6,1.6,0.7100000000000001,1,N,42285
1.6,1.6,0.7100000000000001,2,N,42286
1.6,1.6,0.7100000000000001,3,N,42287
1.6,1.6,0.7100000000000001,4,N,42288
1.6,1.6,0.7100000000000001,5,N,42289
1.6,1.6,0.81,1,N,42290
1.6,1.6,0.81,2,N,42291
1.6,1.6,0.81,3,N,42292
1.6,1.6,0.81,4,N,42293
1.6,1.6,0.81,5,N,42294
1.6,1.6,0.91,1,N,42295
1.6,1.6,0.91,2,N,42296
1.6,1.6,0.91,3,N,42297
1.6,1.6,0.91,4,N,42298
1.6,1.6,0.91,5,N,42299
1.6,1.6,1.01,1,N,42300
1.6,1.6,1.01,2,N,42301
1.6,1.6,1.01,3,N,42302
1.6,1.6,1.01,4,N,42303
1.6,1.6,1.01,5,N,42304
1.6,1.6,1.11,1,N,42305
1.6,1.6,1.11,2,N,42306
1.6,1.6,1.11,3,N,42307
1.6,1.6,1.11,4,N,42308
1.6,1.6,1.11,5,N,42309
1.6,1.6,1.3,1,N,42310
1.6,1.6,1.3,2,N,42311
1.6,1.6,1.3,3,N,42312
1.6,1.6,1.3,4,N,42313
1.6,1.6,1.3,5,N,42314
1.6,1.6,1.6,1,N,42315
1.6,1.6,1.6,2,N,42316
1.6,1.6,1.6,3,N,42317
1.6,1.6,1.6,4,N,42318
1.6,1.6,1.6,5,N,42319
1.6,1.6,1.9,1,N,42320
1.6,1.6,1.9,2,N,42321
1.6,1.6,1.9,3,N,42322
1.6,1.6,1.9,4,N,42323
1.6,1.6,1.9,5,N,42324
1.6,1.6,2.2,1,N,42325
1.6,1.6,2.2,2,N,42326
1.6,1.6,2.2,3,N,42327
1.6,1.6,2.2,4,N,42328
1.6,1.6,2.2,5,N,42329
1.6,1.6,2.5,1,N,42330
1.6,1.6,2.5,2,N,42331
1.6,1.6,2.5,3,N,42332
1.6,1.6,2.5,4,N,42333
1.6,1.6,2.5,5,N,42334
1.6,1.6,2.8000000000000003,1,N,42335
1.6,1.6,2.8000000000000003,2,N,42336
1.6,1.6,2.8000000000000003,3,N,42337
1.6,1.6,2.8000000000000003,4,N,42338
1.6,1.6,2.8000000000000003,5,N,42339
1.6,1.6,3.1000000000000005,1,N,42340
1.6,1.6,3.1000000000000005,2,N,42341
1.6,1.6,3.1000000000000005,3,N,42342
1.6,1.6,3.1000000000000005,4,N,42343
1.6,1.6,3.1000000000000005,5,N,42344
1.6,1.6,3.4000000000000004,1,N,42345
1.6,1.6,3.4000000000000004,2,N,42346
1.6,1.6,3.4000000000000004,3,N,42347
1.6,1.6,3.4000000000000004,4,N,42348
1.6,1.6,3.4000000000000004,5,N,42349
1.6,1.6,3.7,1,N,42350
1.6,1.6,3.7,2,N,42351
1.6,1.6,3.7,3,N,42352
1.6,1.6,3.7,4,N,42353
1.6,1.6,3.7,5,N,42354
1.6,1.6,4.0,1,N,42355
1.6,1.6,4.0,2,N,42356
1.6,1.6,4.0,3,N,42357
1.6,1.6,4.0,4,N,42358
1.6,1.6,4.0,5,N,42359
1.6,1.6,4.300000000000002,1,N,42360
1.6,1.6,4.300000000000002,2,N,42361
1.6,1.6,4.300000000000002,3,N,42362
1.6,1.6,4.300000000000002,4,N,42363
1.6,1.6,4.300000000000002,5,N,42364
1.6,1.6,4.6000000000000005,1,N,42365
1.6,1.6,4.6000000000000005,2,N,42366
1.6,1.6,4.6000000000000005,3,N,42367
1.6,1.6,4.6000000000000005,4,N,42368
1.6,1.6,4.6000000000000005,5,N,42369
1.6,1.6,4.9,1,N,42370
1.6,1.6,4.9,2,N,42371
1.6,1.6,4.9,3,N,42372
1.6,1.6,4.9,4,N,42373
1.6,1.6,4.9,5,N,42374
1.6,1.9,0.01,1,N,42375
1.6,1.9,0.01,2,N,42376
1.6,1.9,0.01,3,N,42377
1.6,1.9,0.01,4,N,42378
1.6,1.9,0.01,5,N,42379
1.6,1.9,0.11,1,N,42380
1.6,1.9,0.11,2,N,42381
1.6,1.9,0.11,3,N,42382
1.6,1.9,0.11,4,N,42383
1.6,1.9,0.11,5,N,42384
1.6,1.9,0.21,1,N,42385
1.6,1.9,0.21,2,N,42386
1.6,1.9,0.21,3,N,42387
1.6,1.9,0.21,4,N,42388
1.6,1.9,0.21,5,N,42389
1.6,1.9,0.31000000000000005,1,N,42390
1.6,1.9,0.31000000000000005,2,N,42391
1.6,1.9,0.31000000000000005,3,N,42392
1.6,1.9,0.31000000000000005,4,N,42393
1.6,1.9,0.31000000000000005,5,N,42394
1.6,1.9,0.41,1,N,42395
1.6,1.9,0.41,2,N,42396
1.6,1.9,0.41,3,N,42397
1.6,1.9,0.41,4,N,42398
1.6,1.9,0.41,5,N,42399
1.6,1.9,0.51,1,N,42400
1.6,1.9,0.51,2,N,42401
1.6,1.9,0.51,3,N,42402
1.6,1.9,0.51,4,N,42403
1.6,1.9,0.51,5,N,42404
1.6,1.9,0.6100000000000001,1,N,42405
1.6,1.9,0.6100000000000001,2,N,42406
1.6,1.9,0.6100000000000001,3,N,42407
1.6,1.9,0.6100000000000001,4,N,42408
1.6,1.9,0.6100000000000001,5,N,42409
1.6,1.9,0.7100000000000001,1,N,42410
1.6,1.9,0.7100000000000001,2,N,42411
1.6,1.9,0.7100000000000001,3,N,42412
1.6,1.9,0.7100000000000001,4,N,42413
1.6,1.9,0.7100000000000001,5,N,42414
1.6,1.9,0.81,1,N,42415
1.6,1.9,0.81,2,N,42416
1.6,1.9,0.81,3,N,42417
1.6,1.9,0.81,4,N,42418
1.6,1.9,0.81,5,N,42419
1.6,1.9,0.91,1,N,42420
1.6,1.9,0.91,2,N,42421
1.6,1.9,0.91,3,N,42422
1.6,1.9,0.91,4,N,42423
1.6,1.9,0.91,5,N,42424
1.6,1.9,1.01,1,N,42425
1.6,1.9,1.01,2,N,42426
1.6,1.9,1.01,3,N,42427
1.6,1.9,1.01,4,N,42428
1.6,1.9,1.01,5,N,42429
1.6,1.9,1.11,1,N,42430
1.6,1.9,1.11,2,N,42431
1.6,1.9,1.11,3,N,42432
1.6,1.9,1.11,4,N,42433
1.6,1.9,1.11,5,N,42434
1.6,1.9,1.3,1,N,42435
1.6,1.9,1.3,2,N,42436
1.6,1.9,1.3,3,N,42437
1.6,1.9,1.3,4,N,42438
1.6,1.9,1.3,5,N,42439
1.6,1.9,1.6,1,N,42440
1.6,1.9,1.6,2,N,42441
1.6,1.9,1.6,3,N,42442
1.6,1.9,1.6,4,N,42443
1.6,1.9,1.6,5,N,42444
1.6,1.9,1.9,1,N,42445
1.6,1.9,1.9,2,N,42446
1.6,1.9,1.9,3,N,42447
1.6,1.9,1.9,4,N,42448
1.6,1.9,1.9,5,N,42449
1.6,1.9,2.2,1,N,42450
1.6,1.9,2.2,2,N,42451
1.6,1.9,2.2,3,N,42452
1.6,1.9,2.2,4,N,42453
1.6,1.9,2.2,5,N,42454
1.6,1.9,2.5,1,N,42455
1.6,1.9,2.5,2,N,42456
1.6,1.9,2.5,3,N,42457
1.6,1.9,2.5,4,N,42458
1.6,1.9,2.5,5,N,42459
1.6,1.9,2.8000000000000003,1,N,42460
1.6,1.9,2.8000000000000003,2,N,42461
1.6,1.9,2.8000000000000003,3,N,42462
1.6,1.9,2.8000000000000003,4,N,42463
1.6,1.9,2.8000000000000003,5,N,42464
1.6,1.9,3.1000000000000005,1,N,42465
1.6,1.9,3.1000000000000005,2,N,42466
1.6,1.9,3.1000000000000005,3,N,42467
1.6,1.9,3.1000000000000005,4,N,42468
1.6,1.9,3.1000000000000005,5,N,42469
1.6,1.9,3.4000000000000004,1,N,42470
1.6,1.9,3.4000000000000004,2,N,42471
1.6,1.9,3.4000000000000004,3,N,42472
1.6,1.9,3.4000000000000004,4,N,42473
1.6,1.9,3.4000000000000004,5,N,42474
1.6,1.9,3.7,1,N,42475
1.6,1.9,3.7,2,N,42476
1.6,1.9,3.7,3,N,42477
1.6,1.9,3.7,4,N,42478
1.6,1.9,3.7,5,N,42479
1.6,1.9,4.0,1,N,42480
1.6,1.9,4.0,2,N,42481
1.6,1.9,4.0,3,N,42482
1.6,1.9,4.0,4,N,42483
1.6,1.9,4.0,5,N,42484
1.6,1.9,4.300000000000002,1,N,42485
1.6,1.9,4.300000000000002,2,N,42486
1.6,1.9,4.300000000000002,3,N,42487
1.6,1.9,4.300000000000002,4,N,42488
1.6,1.9,4.300000000000002,5,N,42489
1.6,1.9,4.6000000000000005,1,N,42490
1.6,1.9,4.6000000000000005,2,N,42491
1.6,1.9,4.6000000000000005,3,N,42492
1.6,1.9,4.6000000000000005,4,N,42493
1.6,1.9,4.6000000000000005,5,N,42494
1.6,1.9,4.9,1,N,42495
1.6,1.9,4.9,2,N,42496
1.6,1.9,4.9,3,N,42497
1.6,1.9,4.9,4,N,42498
1.6,1.9,4.9,5,N,42499
1.6,2.2,0.01,1,N,42500
1.6,2.2,0.01,2,N,42501
1.6,2.2,0.01,3,N,42502
1.6,2.2,0.01,4,N,42503
1.6,2.2,0.01,5,N,42504
1.6,2.2,0.11,1,N,42505
1.6,2.2,0.11,2,N,42506
1.6,2.2,0.11,3,N,42507
1.6,2.2,0.11,4,N,42508
1.6,2.2,0.11,5,N,42509
1.6,2.2,0.21,1,N,42510
1.6,2.2,0.21,2,N,42511
1.6,2.2,0.21,3,N,42512
1.6,2.2,0.21,4,N,42513
1.6,2.2,0.21,5,N,42514
1.6,2.2,0.31000000000000005,1,N,42515
1.6,2.2,0.31000000000000005,2,N,42516
1.6,2.2,0.31000000000000005,3,N,42517
1.6,2.2,0.31000000000000005,4,N,42518
1.6,2.2,0.31000000000000005,5,N,42519
1.6,2.2,0.41,1,N,42520
1.6,2.2,0.41,2,N,42521
1.6,2.2,0.41,3,N,42522
1.6,2.2,0.41,4,N,42523
1.6,2.2,0.41,5,N,42524
1.6,2.2,0.51,1,N,42525
1.6,2.2,0.51,2,N,42526
1.6,2.2,0.51,3,N,42527
1.6,2.2,0.51,4,N,42528
1.6,2.2,0.51,5,N,42529
1.6,2.2,0.6100000000000001,1,N,42530
1.6,2.2,0.6100000000000001,2,N,42531
1.6,2.2,0.6100000000000001,3,N,42532
1.6,2.2,0.6100000000000001,4,N,42533
1.6,2.2,0.6100000000000001,5,N,42534
1.6,2.2,0.7100000000000001,1,N,42535
1.6,2.2,0.7100000000000001,2,N,42536
1.6,2.2,0.7100000000000001,3,N,42537
1.6,2.2,0.7100000000000001,4,N,42538
1.6,2.2,0.7100000000000001,5,N,42539
1.6,2.2,0.81,1,N,42540
1.6,2.2,0.81,2,N,42541
1.6,2.2,0.81,3,N,42542
1.6,2.2,0.81,4,N,42543
1.6,2.2,0.81,5,N,42544
1.6,2.2,0.91,1,N,42545
1.6,2.2,0.91,2,N,42546
1.6,2.2,0.91,3,N,42547
1.6,2.2,0.91,4,N,42548
1.6,2.2,0.91,5,N,42549
1.6,2.2,1.01,1,N,42550
1.6,2.2,1.01,2,N,42551
1.6,2.2,1.01,3,N,42552
1.6,2.2,1.01,4,N,42553
1.6,2.2,1.01,5,N,42554
1.6,2.2,1.11,1,N,42555
1.6,2.2,1.11,2,N,42556
1.6,2.2,1.11,3,N,42557
1.6,2.2,1.11,4,N,42558
1.6,2.2,1.11,5,N,42559
1.6,2.2,1.3,1,N,42560
1.6,2.2,1.3,2,N,42561
1.6,2.2,1.3,3,N,42562
1.6,2.2,1.3,4,N,42563
1.6,2.2,1.3,5,N,42564
1.6,2.2,1.6,1,N,42565
1.6,2.2,1.6,2,N,42566
1.6,2.2,1.6,3,N,42567
1.6,2.2,1.6,4,N,42568
1.6,2.2,1.6,5,N,42569
1.6,2.2,1.9,1,N,42570
1.6,2.2,1.9,2,N,42571
1.6,2.2,1.9,3,N,42572
1.6,2.2,1.9,4,N,42573
1.6,2.2,1.9,5,N,42574
1.6,2.2,2.2,1,N,42575
1.6,2.2,2.2,2,N,42576
1.6,2.2,2.2,3,N,42577
1.6,2.2,2.2,4,N,42578
1.6,2.2,2.2,5,N,42579
1.6,2.2,2.5,1,N,42580
1.6,2.2,2.5,2,N,42581
1.6,2.2,2.5,3,N,42582
1.6,2.2,2.5,4,N,42583
1.6,2.2,2.5,5,N,42584
1.6,2.2,2.8000000000000003,1,N,42585
1.6,2.2,2.8000000000000003,2,N,42586
1.6,2.2,2.8000000000000003,3,N,42587
1.6,2.2,2.8000000000000003,4,N,42588
1.6,2.2,2.8000000000000003,5,N,42589
1.6,2.2,3.1000000000000005,1,N,42590
1.6,2.2,3.1000000000000005,2,N,42591
1.6,2.2,3.1000000000000005,3,N,42592
1.6,2.2,3.1000000000000005,4,N,42593
1.6,2.2,3.1000000000000005,5,N,42594
1.6,2.2,3.4000000000000004,1,N,42595
1.6,2.2,3.4000000000000004,2,N,42596
1.6,2.2,3.4000000000000004,3,N,42597
1.6,2.2,3.4000000000000004,4,N,42598
1.6,2.2,3.4000000000000004,5,N,42599
1.6,2.2,3.7,1,N,42600
1.6,2.2,3.7,2,N,42601
1.6,2.2,3.7,3,N,42602
1.6,2.2,3.7,4,N,42603
1.6,2.2,3.7,5,N,42604
1.6,2.2,4.0,1,N,42605
1.6,2.2,4.0,2,N,42606
1.6,2.2,4.0,3,N,42607
1.6,2.2,4.0,4,N,42608
1.6,2.2,4.0,5,N,42609
1.6,2.2,4.300000000000002,1,N,42610
1.6,2.2,4.300000000000002,2,N,42611
1.6,2.2,4.300000000000002,3,N,42612
1.6,2.2,4.300000000000002,4,N,42613
1.6,2.2,4.300000000000002,5,N,42614
1.6,2.2,4.6000000000000005,1,N,42615
1.6,2.2,4.6000000000000005,2,N,42616
1.6,2.2,4.6000000000000005,3,N,42617
1.6,2.2,4.6000000000000005,4,N,42618
1.6,2.2,4.6000000000000005,5,N,42619
1.6,2.2,4.9,1,N,42620
1.6,2.2,4.9,2,N,42621
1.6,2.2,4.9,3,N,42622
1.6,2.2,4.9,4,N,42623
1.6,2.2,4.9,5,N,42624
1.6,2.5,0.01,1,N,42625
1.6,2.5,0.01,2,N,42626
1.6,2.5,0.01,3,N,42627
1.6,2.5,0.01,4,N,42628
1.6,2.5,0.01,5,N,42629
1.6,2.5,0.11,1,N,42630
1.6,2.5,0.11,2,N,42631
1.6,2.5,0.11,3,N,42632
1.6,2.5,0.11,4,N,42633
1.6,2.5,0.11,5,N,42634
1.6,2.5,0.21,1,N,42635
1.6,2.5,0.21,2,N,42636
1.6,2.5,0.21,3,N,42637
1.6,2.5,0.21,4,N,42638
1.6,2.5,0.21,5,N,42639
1.6,2.5,0.31000000000000005,1,N,42640
1.6,2.5,0.31000000000000005,2,N,42641
1.6,2.5,0.31000000000000005,3,N,42642
1.6,2.5,0.31000000000000005,4,N,42643
1.6,2.5,0.31000000000000005,5,N,42644
1.6,2.5,0.41,1,N,42645
1.6,2.5,0.41,2,N,42646
1.6,2.5,0.41,3,N,42647
1.6,2.5,0.41,4,N,42648
1.6,2.5,0.41,5,N,42649
1.6,2.5,0.51,1,N,42650
1.6,2.5,0.51,2,N,42651
1.6,2.5,0.51,3,N,42652
1.6,2.5,0.51,4,N,42653
1.6,2.5,0.51,5,N,42654
1.6,2.5,0.6100000000000001,1,N,42655
1.6,2.5,0.6100000000000001,2,N,42656
1.6,2.5,0.6100000000000001,3,N,42657
1.6,2.5,0.6100000000000001,4,N,42658
1.6,2.5,0.6100000000000001,5,N,42659
1.6,2.5,0.7100000000000001,1,N,42660
1.6,2.5,0.7100000000000001,2,N,42661
1.6,2.5,0.7100000000000001,3,N,42662
1.6,2.5,0.7100000000000001,4,N,42663
1.6,2.5,0.7100000000000001,5,N,42664
1.6,2.5,0.81,1,N,42665
1.6,2.5,0.81,2,N,42666
1.6,2.5,0.81,3,N,42667
1.6,2.5,0.81,4,N,42668
1.6,2.5,0.81,5,N,42669
1.6,2.5,0.91,1,N,42670
1.6,2.5,0.91,2,N,42671
1.6,2.5,0.91,3,N,42672
1.6,2.5,0.91,4,N,42673
1.6,2.5,0.91,5,N,42674
1.6,2.5,1.01,1,N,42675
1.6,2.5,1.01,2,N,42676
1.6,2.5,1.01,3,N,42677
1.6,2.5,1.01,4,N,42678
1.6,2.5,1.01,5,N,42679
1.6,2.5,1.11,1,N,42680
1.6,2.5,1.11,2,N,42681
1.6,2.5,1.11,3,N,42682
1.6,2.5,1.11,4,N,42683
1.6,2.5,1.11,5,N,42684
1.6,2.5,1.3,1,N,42685
1.6,2.5,1.3,2,N,42686
1.6,2.5,1.3,3,N,42687
1.6,2.5,1.3,4,N,42688
1.6,2.5,1.3,5,N,42689
1.6,2.5,1.6,1,N,42690
1.6,2.5,1.6,2,N,42691
1.6,2.5,1.6,3,N,42692
1.6,2.5,1.6,4,N,42693
1.6,2.5,1.6,5,N,42694
1.6,2.5,1.9,1,N,42695
1.6,2.5,1.9,2,N,42696
1.6,2.5,1.9,3,N,42697
1.6,2.5,1.9,4,N,42698
1.6,2.5,1.9,5,N,42699
1.6,2.5,2.2,1,N,42700
1.6,2.5,2.2,2,N,42701
1.6,2.5,2.2,3,N,42702
1.6,2.5,2.2,4,N,42703
1.6,2.5,2.2,5,N,42704
1.6,2.5,2.5,1,N,42705
1.6,2.5,2.5,2,N,42706
1.6,2.5,2.5,3,N,42707
1.6,2.5,2.5,4,N,42708
1.6,2.5,2.5,5,N,42709
1.6,2.5,2.8000000000000003,1,N,42710
1.6,2.5,2.8000000000000003,2,N,42711
1.6,2.5,2.8000000000000003,3,N,42712
1.6,2.5,2.8000000000000003,4,N,42713
1.6,2.5,2.8000000000000003,5,N,42714
1.6,2.5,3.1000000000000005,1,N,42715
1.6,2.5,3.1000000000000005,2,N,42716
1.6,2.5,3.1000000000000005,3,N,42717
1.6,2.5,3.1000000000000005,4,N,42718
1.6,2.5,3.1000000000000005,5,N,42719
1.6,2.5,3.4000000000000004,1,N,42720
1.6,2.5,3.4000000000000004,2,N,42721
1.6,2.5,3.4000000000000004,3,N,42722
1.6,2.5,3.4000000000000004,4,N,42723
1.6,2.5,3.4000000000000004,5,N,42724
1.6,2.5,3.7,1,N,42725
1.6,2.5,3.7,2,N,42726
1.6,2.5,3.7,3,N,42727
1.6,2.5,3.7,4,N,42728
1.6,2.5,3.7,5,N,42729
1.6,2.5,4.0,1,N,42730
1.6,2.5,4.0,2,N,42731
1.6,2.5,4.0,3,N,42732
1.6,2.5,4.0,4,N,42733
1.6,2.5,4.0,5,N,42734
1.6,2.5,4.300000000000002,1,N,42735
1.6,2.5,4.300000000000002,2,N,42736
1.6,2.5,4.300000000000002,3,N,42737
1.6,2.5,4.300000000000002,4,N,42738
1.6,2.5,4.300000000000002,5,N,42739
1.6,2.5,4.6000000000000005,1,N,42740
1.6,2.5,4.6000000000000005,2,N,42741
1.6,2.5,4.6000000000000005,3,N,42742
1.6,2.5,4.6000000000000005,4,N,42743
1.6,2.5,4.6000000000000005,5,N,42744
1.6,2.5,4.9,1,N,42745
1.6,2.5,4.9,2,N,42746
1.6,2.5,4.9,3,N,42747
1.6,2.5,4.9,4,N,42748
1.6,2.5,4.9,5,N,42749
1.6,2.8000000000000003,0.01,1,N,42750
1.6,2.8000000000000003,0.01,2,N,42751
1.6,2.8000000000000003,0.01,3,N,42752
1.6,2.8000000000000003,0.01,4,N,42753
1.6,2.8000000000000003,0.01,5,N,42754
1.6,2.8000000000000003,0.11,1,N,42755
1.6,2.8000000000000003,0.11,2,N,42756
1.6,2.8000000000000003,0.11,3,N,42757
1.6,2.8000000000000003,0.11,4,N,42758
1.6,2.8000000000000003,0.11,5,N,42759
1.6,2.8000000000000003,0.21,1,N,42760
1.6,2.8000000000000003,0.21,2,N,42761
1.6,2.8000000000000003,0.21,3,N,42762
1.6,2.8000000000000003,0.21,4,N,42763
1.6,2.8000000000000003,0.21,5,N,42764
1.6,2.8000000000000003,0.31000000000000005,1,N,42765
1.6,2.8000000000000003,0.31000000000000005,2,N,42766
1.6,2.8000000000000003,0.31000000000000005,3,N,42767
1.6,2.8000000000000003,0.31000000000000005,4,N,42768
1.6,2.8000000000000003,0.31000000000000005,5,N,42769
1.6,2.8000000000000003,0.41,1,N,42770
1.6,2.8000000000000003,0.41,2,N,42771
1.6,2.8000000000000003,0.41,3,N,42772
1.6,2.8000000000000003,0.41,4,N,42773
1.6,2.8000000000000003,0.41,5,N,42774
1.6,2.8000000000000003,0.51,1,N,42775
1.6,2.8000000000000003,0.51,2,N,42776
1.6,2.8000000000000003,0.51,3,N,42777
1.6,2.8000000000000003,0.51,4,N,42778
1.6,2.8000000000000003,0.51,5,N,42779
1.6,2.8000000000000003,0.6100000000000001,1,N,42780
1.6,2.8000000000000003,0.6100000000000001,2,N,42781
1.6,2.8000000000000003,0.6100000000000001,3,N,42782
1.6,2.8000000000000003,0.6100000000000001,4,N,42783
1.6,2.8000000000000003,0.6100000000000001,5,N,42784
1.6,2.8000000000000003,0.7100000000000001,1,N,42785
1.6,2.8000000000000003,0.7100000000000001,2,N,42786
1.6,2.8000000000000003,0.7100000000000001,3,N,42787
1.6,2.8000000000000003,0.7100000000000001,4,N,42788
1.6,2.8000000000000003,0.7100000000000001,5,N,42789
1.6,2.8000000000000003,0.81,1,N,42790
1.6,2.8000000000000003,0.81,2,N,42791
1.6,2.8000000000000003,0.81,3,N,42792
1.6,2.8000000000000003,0.81,4,N,42793
1.6,2.8000000000000003,0.81,5,N,42794
1.6,2.8000000000000003,0.91,1,N,42795
1.6,2.8000000000000003,0.91,2,N,42796
1.6,2.8000000000000003,0.91,3,N,42797
1.6,2.8000000000000003,0.91,4,N,42798
1.6,2.8000000000000003,0.91,5,N,42799
1.6,2.8000000000000003,1.01,1,N,42800
1.6,2.8000000000000003,1.01,2,N,42801
1.6,2.8000000000000003,1.01,3,N,42802
1.6,2.8000000000000003,1.01,4,N,42803
1.6,2.8000000000000003,1.01,5,N,42804
1.6,2.8000000000000003,1.11,1,N,42805
1.6,2.8000000000000003,1.11,2,N,42806
1.6,2.8000000000000003,1.11,3,N,42807
1.6,2.8000000000000003,1.11,4,N,42808
1.6,2.8000000000000003,1.11,5,N,42809
1.6,2.8000000000000003,1.3,1,N,42810
1.6,2.8000000000000003,1.3,2,N,42811
1.6,2.8000000000000003,1.3,3,N,42812
1.6,2.8000000000000003,1.3,4,N,42813
1.6,2.8000000000000003,1.3,5,N,42814
1.6,2.8000000000000003,1.6,1,N,42815
1.6,2.8000000000000003,1.6,2,N,42816
1.6,2.8000000000000003,1.6,3,N,42817
1.6,2.8000000000000003,1.6,4,N,42818
1.6,2.8000000000000003,1.6,5,N,42819
1.6,2.8000000000000003,1.9,1,N,42820
1.6,2.8000000000000003,1.9,2,N,42821
1.6,2.8000000000000003,1.9,3,N,42822
1.6,2.8000000000000003,1.9,4,N,42823
1.6,2.8000000000000003,1.9,5,N,42824
1.6,2.8000000000000003,2.2,1,N,42825
1.6,2.8000000000000003,2.2,2,N,42826
1.6,2.8000000000000003,2.2,3,N,42827
1.6,2.8000000000000003,2.2,4,N,42828
1.6,2.8000000000000003,2.2,5,N,42829
1.6,2.8000000000000003,2.5,1,N,42830
1.6,2.8000000000000003,2.5,2,N,42831
1.6,2.8000000000000003,2.5,3,N,42832
1.6,2.8000000000000003,2.5,4,N,42833
1.6,2.8000000000000003,2.5,5,N,42834
1.6,2.8000000000000003,2.8000000000000003,1,N,42835
1.6,2.8000000000000003,2.8000000000000003,2,N,42836
1.6,2.8000000000000003,2.8000000000000003,3,N,42837
1.6,2.8000000000000003,2.8000000000000003,4,N,42838
1.6,2.8000000000000003,2.8000000000000003,5,N,42839
1.6,2.8000000000000003,3.1000000000000005,1,N,42840
1.6,2.8000000000000003,3.1000000000000005,2,N,42841
1.6,2.8000000000000003,3.1000000000000005,3,N,42842
1.6,2.8000000000000003,3.1000000000000005,4,N,42843
1.6,2.8000000000000003,3.1000000000000005,5,N,42844
1.6,2.8000000000000003,3.4000000000000004,1,N,42845
1.6,2.8000000000000003,3.4000000000000004,2,N,42846
1.6,2.8000000000000003,3.4000000000000004,3,N,42847
1.6,2.8000000000000003,3.4000000000000004,4,N,42848
1.6,2.8000000000000003,3.4000000000000004,5,N,42849
1.6,2.8000000000000003,3.7,1,N,42850
1.6,2.8000000000000003,3.7,2,N,42851
1.6,2.8000000000000003,3.7,3,N,42852
1.6,2.8000000000000003,3.7,4,N,42853
1.6,2.8000000000000003,3.7,5,N,42854
1.6,2.8000000000000003,4.0,1,N,42855
1.6,2.8000000000000003,4.0,2,N,42856
1.6,2.8000000000000003,4.0,3,N,42857
1.6,2.8000000000000003,4.0,4,N,42858
1.6,2.8000000000000003,4.0,5,N,42859
1.6,2.8000000000000003,4.300000000000002,1,N,42860
1.6,2.8000000000000003,4.300000000000002,2,N,42861
1.6,2.8000000000000003,4.300000000000002,3,N,42862
1.6,2.8000000000000003,4.300000000000002,4,N,42863
1.6,2.8000000000000003,4.300000000000002,5,N,42864
1.6,2.8000000000000003,4.6000000000000005,1,N,42865
1.6,2.8000000000000003,4.6000000000000005,2,N,42866
1.6,2.8000000000000003,4.6000000000000005,3,N,42867
1.6,2.8000000000000003,4.6000000000000005,4,N,42868
1.6,2.8000000000000003,4.6000000000000005,5,N,42869
1.6,2.8000000000000003,4.9,1,N,42870
1.6,2.8000000000000003,4.9,2,N,42871
1.6,2.8000000000000003,4.9,3,N,42872
1.6,2.8000000000000003,4.9,4,N,42873
1.6,2.8000000000000003,4.9,5,N,42874
1.6,3.1000000000000005,0.01,1,N,42875
1.6,3.1000000000000005,0.01,2,N,42876
1.6,3.1000000000000005,0.01,3,N,42877
1.6,3.1000000000000005,0.01,4,N,42878
1.6,3.1000000000000005,0.01,5,N,42879
1.6,3.1000000000000005,0.11,1,N,42880
1.6,3.1000000000000005,0.11,2,N,42881
1.6,3.1000000000000005,0.11,3,N,42882
1.6,3.1000000000000005,0.11,4,N,42883
1.6,3.1000000000000005,0.11,5,N,42884
1.6,3.1000000000000005,0.21,1,N,42885
1.6,3.1000000000000005,0.21,2,N,42886
1.6,3.1000000000000005,0.21,3,N,42887
1.6,3.1000000000000005,0.21,4,N,42888
1.6,3.1000000000000005,0.21,5,N,42889
1.6,3.1000000000000005,0.31000000000000005,1,N,42890
1.6,3.1000000000000005,0.31000000000000005,2,N,42891
1.6,3.1000000000000005,0.31000000000000005,3,N,42892
1.6,3.1000000000000005,0.31000000000000005,4,N,42893
1.6,3.1000000000000005,0.31000000000000005,5,N,42894
1.6,3.1000000000000005,0.41,1,N,42895
1.6,3.1000000000000005,0.41,2,N,42896
1.6,3.1000000000000005,0.41,3,N,42897
1.6,3.1000000000000005,0.41,4,N,42898
1.6,3.1000000000000005,0.41,5,N,42899
1.6,3.1000000000000005,0.51,1,N,42900
1.6,3.1000000000000005,0.51,2,N,42901
1.6,3.1000000000000005,0.51,3,N,42902
1.6,3.1000000000000005,0.51,4,N,42903
1.6,3.1000000000000005,0.51,5,N,42904
1.6,3.1000000000000005,0.6100000000000001,1,N,42905
1.6,3.1000000000000005,0.6100000000000001,2,N,42906
1.6,3.1000000000000005,0.6100000000000001,3,N,42907
1.6,3.1000000000000005,0.6100000000000001,4,N,42908
1.6,3.1000000000000005,0.6100000000000001,5,N,42909
1.6,3.1000000000000005,0.7100000000000001,1,N,42910
1.6,3.1000000000000005,0.7100000000000001,2,N,42911
1.6,3.1000000000000005,0.7100000000000001,3,N,42912
1.6,3.1000000000000005,0.7100000000000001,4,N,42913
1.6,3.1000000000000005,0.7100000000000001,5,N,42914
1.6,3.1000000000000005,0.81,1,N,42915
1.6,3.1000000000000005,0.81,2,N,42916
1.6,3.1000000000000005,0.81,3,N,42917
1.6,3.1000000000000005,0.81,4,N,42918
1.6,3.1000000000000005,0.81,5,N,42919
1.6,3.1000000000000005,0.91,1,N,42920
1.6,3.1000000000000005,0.91,2,N,42921
1.6,3.1000000000000005,0.91,3,N,42922
1.6,3.1000000000000005,0.91,4,N,42923
1.6,3.1000000000000005,0.91,5,N,42924
1.6,3.1000000000000005,1.01,1,N,42925
1.6,3.1000000000000005,1.01,2,N,42926
1.6,3.1000000000000005,1.01,3,N,42927
1.6,3.1000000000000005,1.01,4,N,42928
1.6,3.1000000000000005,1.01,5,N,42929
1.6,3.1000000000000005,1.11,1,N,42930
1.6,3.1000000000000005,1.11,2,N,42931
1.6,3.1000000000000005,1.11,3,N,42932
1.6,3.1000000000000005,1.11,4,N,42933
1.6,3.1000000000000005,1.11,5,N,42934
1.6,3.1000000000000005,1.3,1,N,42935
1.6,3.1000000000000005,1.3,2,N,42936
1.6,3.1000000000000005,1.3,3,N,42937
1.6,3.1000000000000005,1.3,4,N,42938
1.6,3.1000000000000005,1.3,5,N,42939
1.6,3.1000000000000005,1.6,1,N,42940
1.6,3.1000000000000005,1.6,2,N,42941
1.6,3.1000000000000005,1.6,3,N,42942
1.6,3.1000000000000005,1.6,4,N,42943
1.6,3.1000000000000005,1.6,5,N,42944
1.6,3.1000000000000005,1.9,1,N,42945
1.6,3.1000000000000005,1.9,2,N,42946
1.6,3.1000000000000005,1.9,3,N,42947
1.6,3.1000000000000005,1.9,4,N,42948
1.6,3.1000000000000005,1.9,5,N,42949
1.6,3.1000000000000005,2.2,1,N,42950
1.6,3.1000000000000005,2.2,2,N,42951
1.6,3.1000000000000005,2.2,3,N,42952
1.6,3.1000000000000005,2.2,4,N,42953
1.6,3.1000000000000005,2.2,5,N,42954
1.6,3.1000000000000005,2.5,1,N,42955
1.6,3.1000000000000005,2.5,2,N,42956
1.6,3.1000000000000005,2.5,3,N,42957
1.6,3.1000000000000005,2.5,4,N,42958
1.6,3.1000000000000005,2.5,5,N,42959
1.6,3.1000000000000005,2.8000000000000003,1,N,42960
1.6,3.1000000000000005,2.8000000000000003,2,N,42961
1.6,3.1000000000000005,2.8000000000000003,3,N,42962
1.6,3.1000000000000005,2.8000000000000003,4,N,42963
1.6,3.1000000000000005,2.8000000000000003,5,N,42964
1.6,3.1000000000000005,3.1000000000000005,1,N,42965
1.6,3.1000000000000005,3.1000000000000005,2,N,42966
1.6,3.1000000000000005,3.1000000000000005,3,N,42967
1.6,3.1000000000000005,3.1000000000000005,4,N,42968
1.6,3.1000000000000005,3.1000000000000005,5,N,42969
1.6,3.1000000000000005,3.4000000000000004,1,N,42970
1.6,3.1000000000000005,3.4000000000000004,2,N,42971
1.6,3.1000000000000005,3.4000000000000004,3,N,42972
1.6,3.1000000000000005,3.4000000000000004,4,N,42973
1.6,3.1000000000000005,3.4000000000000004,5,N,42974
1.6,3.1000000000000005,3.7,1,N,42975
1.6,3.1000000000000005,3.7,2,N,42976
1.6,3.1000000000000005,3.7,3,N,42977
1.6,3.1000000000000005,3.7,4,N,42978
1.6,3.1000000000000005,3.7,5,N,42979
1.6,3.1000000000000005,4.0,1,N,42980
1.6,3.1000000000000005,4.0,2,N,42981
1.6,3.1000000000000005,4.0,3,N,42982
1.6,3.1000000000000005,4.0,4,N,42983
1.6,3.1000000000000005,4.0,5,N,42984
1.6,3.1000000000000005,4.300000000000002,1,N,42985
1.6,3.1000000000000005,4.300000000000002,2,N,42986
1.6,3.1000000000000005,4.300000000000002,3,N,42987
1.6,3.1000000000000005,4.300000000000002,4,N,42988
1.6,3.1000000000000005,4.300000000000002,5,N,42989
1.6,3.1000000000000005,4.6000000000000005,1,N,42990
1.6,3.1000000000000005,4.6000000000000005,2,N,42991
1.6,3.1000000000000005,4.6000000000000005,3,N,42992
1.6,3.1000000000000005,4.6000000000000005,4,N,42993
1.6,3.1000000000000005,4.6000000000000005,5,N,42994
1.6,3.1000000000000005,4.9,1,N,42995
1.6,3.1000000000000005,4.9,2,N,42996
1.6,3.1000000000000005,4.9,3,N,42997
1.6,3.1000000000000005,4.9,4,N,42998
1.6,3.1000000000000005,4.9,5,N,42999
1.6,3.4000000000000004,0.01,1,N,43000
1.6,3.4000000000000004,0.01,2,N,43001
1.6,3.4000000000000004,0.01,3,N,43002
1.6,3.4000000000000004,0.01,4,N,43003
1.6,3.4000000000000004,0.01,5,N,43004
1.6,3.4000000000000004,0.11,1,N,43005
1.6,3.4000000000000004,0.11,2,N,43006
1.6,3.4000000000000004,0.11,3,N,43007
1.6,3.4000000000000004,0.11,4,N,43008
1.6,3.4000000000000004,0.11,5,N,43009
1.6,3.4000000000000004,0.21,1,N,43010
1.6,3.4000000000000004,0.21,2,N,43011
1.6,3.4000000000000004,0.21,3,N,43012
1.6,3.4000000000000004,0.21,4,N,43013
1.6,3.4000000000000004,0.21,5,N,43014
1.6,3.4000000000000004,0.31000000000000005,1,N,43015
1.6,3.4000000000000004,0.31000000000000005,2,N,43016
1.6,3.4000000000000004,0.31000000000000005,3,N,43017
1.6,3.4000000000000004,0.31000000000000005,4,N,43018
1.6,3.4000000000000004,0.31000000000000005,5,N,43019
1.6,3.4000000000000004,0.41,1,N,43020
1.6,3.4000000000000004,0.41,2,N,43021
1.6,3.4000000000000004,0.41,3,N,43022
1.6,3.4000000000000004,0.41,4,N,43023
1.6,3.4000000000000004,0.41,5,N,43024
1.6,3.4000000000000004,0.51,1,N,43025
1.6,3.4000000000000004,0.51,2,N,43026
1.6,3.4000000000000004,0.51,3,N,43027
1.6,3.4000000000000004,0.51,4,N,43028
1.6,3.4000000000000004,0.51,5,N,43029
1.6,3.4000000000000004,0.6100000000000001,1,N,43030
1.6,3.4000000000000004,0.6100000000000001,2,N,43031
1.6,3.4000000000000004,0.6100000000000001,3,N,43032
1.6,3.4000000000000004,0.6100000000000001,4,N,43033
1.6,3.4000000000000004,0.6100000000000001,5,N,43034
1.6,3.4000000000000004,0.7100000000000001,1,N,43035
1.6,3.4000000000000004,0.7100000000000001,2,N,43036
1.6,3.4000000000000004,0.7100000000000001,3,N,43037
1.6,3.4000000000000004,0.7100000000000001,4,N,43038
1.6,3.4000000000000004,0.7100000000000001,5,N,43039
1.6,3.4000000000000004,0.81,1,N,43040
1.6,3.4000000000000004,0.81,2,N,43041
1.6,3.4000000000000004,0.81,3,N,43042
1.6,3.4000000000000004,0.81,4,N,43043
1.6,3.4000000000000004,0.81,5,N,43044
1.6,3.4000000000000004,0.91,1,N,43045
1.6,3.4000000000000004,0.91,2,N,43046
1.6,3.4000000000000004,0.91,3,N,43047
1.6,3.4000000000000004,0.91,4,N,43048
1.6,3.4000000000000004,0.91,5,N,43049
1.6,3.4000000000000004,1.01,1,N,43050
1.6,3.4000000000000004,1.01,2,N,43051
1.6,3.4000000000000004,1.01,3,N,43052
1.6,3.4000000000000004,1.01,4,N,43053
1.6,3.4000000000000004,1.01,5,N,43054
1.6,3.4000000000000004,1.11,1,N,43055
1.6,3.4000000000000004,1.11,2,N,43056
1.6,3.4000000000000004,1.11,3,N,43057
1.6,3.4000000000000004,1.11,4,N,43058
1.6,3.4000000000000004,1.11,5,N,43059
1.6,3.4000000000000004,1.3,1,N,43060
1.6,3.4000000000000004,1.3,2,N,43061
1.6,3.4000000000000004,1.3,3,N,43062
1.6,3.4000000000000004,1.3,4,N,43063
1.6,3.4000000000000004,1.3,5,N,43064
1.6,3.4000000000000004,1.6,1,N,43065
1.6,3.4000000000000004,1.6,2,N,43066
1.6,3.4000000000000004,1.6,3,N,43067
1.6,3.4000000000000004,1.6,4,N,43068
1.6,3.4000000000000004,1.6,5,N,43069
1.6,3.4000000000000004,1.9,1,N,43070
1.6,3.4000000000000004,1.9,2,N,43071
1.6,3.4000000000000004,1.9,3,N,43072
1.6,3.4000000000000004,1.9,4,N,43073
1.6,3.4000000000000004,1.9,5,N,43074
1.6,3.4000000000000004,2.2,1,N,43075
1.6,3.4000000000000004,2.2,2,N,43076
1.6,3.4000000000000004,2.2,3,N,43077
1.6,3.4000000000000004,2.2,4,N,43078
1.6,3.4000000000000004,2.2,5,N,43079
1.6,3.4000000000000004,2.5,1,N,43080
1.6,3.4000000000000004,2.5,2,N,43081
1.6,3.4000000000000004,2.5,3,N,43082
1.6,3.4000000000000004,2.5,4,N,43083
1.6,3.4000000000000004,2.5,5,N,43084
1.6,3.4000000000000004,2.8000000000000003,1,N,43085
1.6,3.4000000000000004,2.8000000000000003,2,N,43086
1.6,3.4000000000000004,2.8000000000000003,3,N,43087
1.6,3.4000000000000004,2.8000000000000003,4,N,43088
1.6,3.4000000000000004,2.8000000000000003,5,N,43089
1.6,3.4000000000000004,3.1000000000000005,1,N,43090
1.6,3.4000000000000004,3.1000000000000005,2,N,43091
1.6,3.4000000000000004,3.1000000000000005,3,N,43092
1.6,3.4000000000000004,3.1000000000000005,4,N,43093
1.6,3.4000000000000004,3.1000000000000005,5,N,43094
1.6,3.4000000000000004,3.4000000000000004,1,N,43095
1.6,3.4000000000000004,3.4000000000000004,2,N,43096
1.6,3.4000000000000004,3.4000000000000004,3,N,43097
1.6,3.4000000000000004,3.4000000000000004,4,N,43098
1.6,3.4000000000000004,3.4000000000000004,5,N,43099
1.6,3.4000000000000004,3.7,1,N,43100
1.6,3.4000000000000004,3.7,2,N,43101
1.6,3.4000000000000004,3.7,3,N,43102
1.6,3.4000000000000004,3.7,4,N,43103
1.6,3.4000000000000004,3.7,5,N,43104
1.6,3.4000000000000004,4.0,1,N,43105
1.6,3.4000000000000004,4.0,2,N,43106
1.6,3.4000000000000004,4.0,3,N,43107
1.6,3.4000000000000004,4.0,4,N,43108
1.6,3.4000000000000004,4.0,5,N,43109
1.6,3.4000000000000004,4.300000000000002,1,N,43110
1.6,3.4000000000000004,4.300000000000002,2,N,43111
1.6,3.4000000000000004,4.300000000000002,3,N,43112
1.6,3.4000000000000004,4.300000000000002,4,N,43113
1.6,3.4000000000000004,4.300000000000002,5,N,43114
1.6,3.4000000000000004,4.6000000000000005,1,N,43115
1.6,3.4000000000000004,4.6000000000000005,2,N,43116
1.6,3.4000000000000004,4.6000000000000005,3,N,43117
1.6,3.4000000000000004,4.6000000000000005,4,N,43118
1.6,3.4000000000000004,4.6000000000000005,5,N,43119
1.6,3.4000000000000004,4.9,1,N,43120
1.6,3.4000000000000004,4.9,2,N,43121
1.6,3.4000000000000004,4.9,3,N,43122
1.6,3.4000000000000004,4.9,4,N,43123
1.6,3.4000000000000004,4.9,5,N,43124
1.6,3.7,0.01,1,N,43125
1.6,3.7,0.01,2,N,43126
1.6,3.7,0.01,3,N,43127
1.6,3.7,0.01,4,N,43128
1.6,3.7,0.01,5,N,43129
1.6,3.7,0.11,1,N,43130
1.6,3.7,0.11,2,N,43131
1.6,3.7,0.11,3,N,43132
1.6,3.7,0.11,4,N,43133
1.6,3.7,0.11,5,N,43134
1.6,3.7,0.21,1,N,43135
1.6,3.7,0.21,2,N,43136
1.6,3.7,0.21,3,N,43137
1.6,3.7,0.21,4,N,43138
1.6,3.7,0.21,5,N,43139
1.6,3.7,0.31000000000000005,1,N,43140
1.6,3.7,0.31000000000000005,2,N,43141
1.6,3.7,0.31000000000000005,3,N,43142
1.6,3.7,0.31000000000000005,4,N,43143
1.6,3.7,0.31000000000000005,5,N,43144
1.6,3.7,0.41,1,N,43145
1.6,3.7,0.41,2,N,43146
1.6,3.7,0.41,3,N,43147
1.6,3.7,0.41,4,N,43148
1.6,3.7,0.41,5,N,43149
1.6,3.7,0.51,1,N,43150
1.6,3.7,0.51,2,N,43151
1.6,3.7,0.51,3,N,43152
1.6,3.7,0.51,4,N,43153
1.6,3.7,0.51,5,N,43154
1.6,3.7,0.6100000000000001,1,N,43155
1.6,3.7,0.6100000000000001,2,N,43156
1.6,3.7,0.6100000000000001,3,N,43157
1.6,3.7,0.6100000000000001,4,N,43158
1.6,3.7,0.6100000000000001,5,N,43159
1.6,3.7,0.7100000000000001,1,N,43160
1.6,3.7,0.7100000000000001,2,N,43161
1.6,3.7,0.7100000000000001,3,N,43162
1.6,3.7,0.7100000000000001,4,N,43163
1.6,3.7,0.7100000000000001,5,N,43164
1.6,3.7,0.81,1,N,43165
1.6,3.7,0.81,2,N,43166
1.6,3.7,0.81,3,N,43167
1.6,3.7,0.81,4,N,43168
1.6,3.7,0.81,5,N,43169
1.6,3.7,0.91,1,N,43170
1.6,3.7,0.91,2,N,43171
1.6,3.7,0.91,3,N,43172
1.6,3.7,0.91,4,N,43173
1.6,3.7,0.91,5,N,43174
1.6,3.7,1.01,1,N,43175
1.6,3.7,1.01,2,N,43176
1.6,3.7,1.01,3,N,43177
1.6,3.7,1.01,4,N,43178
1.6,3.7,1.01,5,N,43179
1.6,3.7,1.11,1,N,43180
1.6,3.7,1.11,2,N,43181
1.6,3.7,1.11,3,N,43182
1.6,3.7,1.11,4,N,43183
1.6,3.7,1.11,5,N,43184
1.6,3.7,1.3,1,N,43185
1.6,3.7,1.3,2,N,43186
1.6,3.7,1.3,3,N,43187
1.6,3.7,1.3,4,N,43188
1.6,3.7,1.3,5,N,43189
1.6,3.7,1.6,1,N,43190
1.6,3.7,1.6,2,N,43191
1.6,3.7,1.6,3,N,43192
1.6,3.7,1.6,4,N,43193
1.6,3.7,1.6,5,N,43194
1.6,3.7,1.9,1,N,43195
1.6,3.7,1.9,2,N,43196
1.6,3.7,1.9,3,N,43197
1.6,3.7,1.9,4,N,43198
1.6,3.7,1.9,5,N,43199
1.6,3.7,2.2,1,N,43200
1.6,3.7,2.2,2,N,43201
1.6,3.7,2.2,3,N,43202
1.6,3.7,2.2,4,N,43203
1.6,3.7,2.2,5,N,43204
1.6,3.7,2.5,1,N,43205
1.6,3.7,2.5,2,N,43206
1.6,3.7,2.5,3,N,43207
1.6,3.7,2.5,4,N,43208
1.6,3.7,2.5,5,N,43209
1.6,3.7,2.8000000000000003,1,N,43210
1.6,3.7,2.8000000000000003,2,N,43211
1.6,3.7,2.8000000000000003,3,N,43212
1.6,3.7,2.8000000000000003,4,N,43213
1.6,3.7,2.8000000000000003,5,N,43214
1.6,3.7,3.1000000000000005,1,N,43215
1.6,3.7,3.1000000000000005,2,N,43216
1.6,3.7,3.1000000000000005,3,N,43217
1.6,3.7,3.1000000000000005,4,N,43218
1.6,3.7,3.1000000000000005,5,N,43219
1.6,3.7,3.4000000000000004,1,N,43220
1.6,3.7,3.4000000000000004,2,N,43221
1.6,3.7,3.4000000000000004,3,N,43222
1.6,3.7,3.4000000000000004,4,N,43223
1.6,3.7,3.4000000000000004,5,N,43224
1.6,3.7,3.7,1,N,43225
1.6,3.7,3.7,2,N,43226
1.6,3.7,3.7,3,N,43227
1.6,3.7,3.7,4,N,43228
1.6,3.7,3.7,5,N,43229
1.6,3.7,4.0,1,N,43230
1.6,3.7,4.0,2,N,43231
1.6,3.7,4.0,3,N,43232
1.6,3.7,4.0,4,N,43233
1.6,3.7,4.0,5,N,43234
1.6,3.7,4.300000000000002,1,N,43235
1.6,3.7,4.300000000000002,2,N,43236
1.6,3.7,4.300000000000002,3,N,43237
1.6,3.7,4.300000000000002,4,N,43238
1.6,3.7,4.300000000000002,5,N,43239
1.6,3.7,4.6000000000000005,1,N,43240
1.6,3.7,4.6000000000000005,2,N,43241
1.6,3.7,4.6000000000000005,3,N,43242
1.6,3.7,4.6000000000000005,4,N,43243
1.6,3.7,4.6000000000000005,5,N,43244
1.6,3.7,4.9,1,N,43245
1.6,3.7,4.9,2,N,43246
1.6,3.7,4.9,3,N,43247
1.6,3.7,4.9,4,N,43248
1.6,3.7,4.9,5,N,43249
1.6,4.0,0.01,1,N,43250
1.6,4.0,0.01,2,N,43251
1.6,4.0,0.01,3,N,43252
1.6,4.0,0.01,4,N,43253
1.6,4.0,0.01,5,N,43254
1.6,4.0,0.11,1,N,43255
1.6,4.0,0.11,2,N,43256
1.6,4.0,0.11,3,N,43257
1.6,4.0,0.11,4,N,43258
1.6,4.0,0.11,5,N,43259
1.6,4.0,0.21,1,N,43260
1.6,4.0,0.21,2,N,43261
1.6,4.0,0.21,3,N,43262
1.6,4.0,0.21,4,N,43263
1.6,4.0,0.21,5,N,43264
1.6,4.0,0.31000000000000005,1,N,43265
1.6,4.0,0.31000000000000005,2,N,43266
1.6,4.0,0.31000000000000005,3,N,43267
1.6,4.0,0.31000000000000005,4,N,43268
1.6,4.0,0.31000000000000005,5,N,43269
1.6,4.0,0.41,1,N,43270
1.6,4.0,0.41,2,N,43271
1.6,4.0,0.41,3,N,43272
1.6,4.0,0.41,4,N,43273
1.6,4.0,0.41,5,N,43274
1.6,4.0,0.51,1,N,43275
1.6,4.0,0.51,2,N,43276
1.6,4.0,0.51,3,N,43277
1.6,4.0,0.51,4,N,43278
1.6,4.0,0.51,5,N,43279
1.6,4.0,0.6100000000000001,1,N,43280
1.6,4.0,0.6100000000000001,2,N,43281
1.6,4.0,0.6100000000000001,3,N,43282
1.6,4.0,0.6100000000000001,4,N,43283
1.6,4.0,0.6100000000000001,5,N,43284
1.6,4.0,0.7100000000000001,1,N,43285
1.6,4.0,0.7100000000000001,2,N,43286
1.6,4.0,0.7100000000000001,3,N,43287
1.6,4.0,0.7100000000000001,4,N,43288
1.6,4.0,0.7100000000000001,5,N,43289
1.6,4.0,0.81,1,N,43290
1.6,4.0,0.81,2,N,43291
1.6,4.0,0.81,3,N,43292
1.6,4.0,0.81,4,N,43293
1.6,4.0,0.81,5,N,43294
1.6,4.0,0.91,1,N,43295
1.6,4.0,0.91,2,N,43296
1.6,4.0,0.91,3,N,43297
1.6,4.0,0.91,4,N,43298
1.6,4.0,0.91,5,N,43299
1.6,4.0,1.01,1,N,43300
1.6,4.0,1.01,2,N,43301
1.6,4.0,1.01,3,N,43302
1.6,4.0,1.01,4,N,43303
1.6,4.0,1.01,5,N,43304
1.6,4.0,1.11,1,N,43305
1.6,4.0,1.11,2,N,43306
1.6,4.0,1.11,3,N,43307
1.6,4.0,1.11,4,N,43308
1.6,4.0,1.11,5,N,43309
1.6,4.0,1.3,1,N,43310
1.6,4.0,1.3,2,N,43311
1.6,4.0,1.3,3,N,43312
1.6,4.0,1.3,4,N,43313
1.6,4.0,1.3,5,N,43314
1.6,4.0,1.6,1,N,43315
1.6,4.0,1.6,2,N,43316
1.6,4.0,1.6,3,N,43317
1.6,4.0,1.6,4,N,43318
1.6,4.0,1.6,5,N,43319
1.6,4.0,1.9,1,N,43320
1.6,4.0,1.9,2,N,43321
1.6,4.0,1.9,3,N,43322
1.6,4.0,1.9,4,N,43323
1.6,4.0,1.9,5,N,43324
1.6,4.0,2.2,1,N,43325
1.6,4.0,2.2,2,N,43326
1.6,4.0,2.2,3,N,43327
1.6,4.0,2.2,4,N,43328
1.6,4.0,2.2,5,N,43329
1.6,4.0,2.5,1,N,43330
1.6,4.0,2.5,2,N,43331
1.6,4.0,2.5,3,N,43332
1.6,4.0,2.5,4,N,43333
1.6,4.0,2.5,5,N,43334
1.6,4.0,2.8000000000000003,1,N,43335
1.6,4.0,2.8000000000000003,2,N,43336
1.6,4.0,2.8000000000000003,3,N,43337
1.6,4.0,2.8000000000000003,4,N,43338
1.6,4.0,2.8000000000000003,5,N,43339
1.6,4.0,3.1000000000000005,1,N,43340
1.6,4.0,3.1000000000000005,2,N,43341
1.6,4.0,3.1000000000000005,3,N,43342
1.6,4.0,3.1000000000000005,4,N,43343
1.6,4.0,3.1000000000000005,5,N,43344
1.6,4.0,3.4000000000000004,1,N,43345
1.6,4.0,3.4000000000000004,2,N,43346
1.6,4.0,3.4000000000000004,3,N,43347
1.6,4.0,3.4000000000000004,4,N,43348
1.6,4.0,3.4000000000000004,5,N,43349
1.6,4.0,3.7,1,N,43350
1.6,4.0,3.7,2,N,43351
1.6,4.0,3.7,3,N,43352
1.6,4.0,3.7,4,N,43353
1.6,4.0,3.7,5,N,43354
1.6,4.0,4.0,1,N,43355
1.6,4.0,4.0,2,N,43356
1.6,4.0,4.0,3,N,43357
1.6,4.0,4.0,4,N,43358
1.6,4.0,4.0,5,N,43359
1.6,4.0,4.300000000000002,1,N,43360
1.6,4.0,4.300000000000002,2,N,43361
1.6,4.0,4.300000000000002,3,N,43362
1.6,4.0,4.300000000000002,4,N,43363
1.6,4.0,4.300000000000002,5,N,43364
1.6,4.0,4.6000000000000005,1,N,43365
1.6,4.0,4.6000000000000005,2,N,43366
1.6,4.0,4.6000000000000005,3,N,43367
1.6,4.0,4.6000000000000005,4,N,43368
1.6,4.0,4.6000000000000005,5,N,43369
1.6,4.0,4.9,1,N,43370
1.6,4.0,4.9,2,N,43371
1.6,4.0,4.9,3,N,43372
1.6,4.0,4.9,4,N,43373
1.6,4.0,4.9,5,N,43374
1.6,4.300000000000002,0.01,1,N,43375
1.6,4.300000000000002,0.01,2,N,43376
1.6,4.300000000000002,0.01,3,N,43377
1.6,4.300000000000002,0.01,4,N,43378
1.6,4.300000000000002,0.01,5,N,43379
1.6,4.300000000000002,0.11,1,N,43380
1.6,4.300000000000002,0.11,2,N,43381
1.6,4.300000000000002,0.11,3,N,43382
1.6,4.300000000000002,0.11,4,N,43383
1.6,4.300000000000002,0.11,5,N,43384
1.6,4.300000000000002,0.21,1,N,43385
1.6,4.300000000000002,0.21,2,N,43386
1.6,4.300000000000002,0.21,3,N,43387
1.6,4.300000000000002,0.21,4,N,43388
1.6,4.300000000000002,0.21,5,N,43389
1.6,4.300000000000002,0.31000000000000005,1,N,43390
1.6,4.300000000000002,0.31000000000000005,2,N,43391
1.6,4.300000000000002,0.31000000000000005,3,N,43392
1.6,4.300000000000002,0.31000000000000005,4,N,43393
1.6,4.300000000000002,0.31000000000000005,5,N,43394
1.6,4.300000000000002,0.41,1,N,43395
1.6,4.300000000000002,0.41,2,N,43396
1.6,4.300000000000002,0.41,3,N,43397
1.6,4.300000000000002,0.41,4,N,43398
1.6,4.300000000000002,0.41,5,N,43399
1.6,4.300000000000002,0.51,1,N,43400
1.6,4.300000000000002,0.51,2,N,43401
1.6,4.300000000000002,0.51,3,N,43402
1.6,4.300000000000002,0.51,4,N,43403
1.6,4.300000000000002,0.51,5,N,43404
1.6,4.300000000000002,0.6100000000000001,1,N,43405
1.6,4.300000000000002,0.6100000000000001,2,N,43406
1.6,4.300000000000002,0.6100000000000001,3,N,43407
1.6,4.300000000000002,0.6100000000000001,4,N,43408
1.6,4.300000000000002,0.6100000000000001,5,N,43409
1.6,4.300000000000002,0.7100000000000001,1,N,43410
1.6,4.300000000000002,0.7100000000000001,2,N,43411
1.6,4.300000000000002,0.7100000000000001,3,N,43412
1.6,4.300000000000002,0.7100000000000001,4,N,43413
1.6,4.300000000000002,0.7100000000000001,5,N,43414
1.6,4.300000000000002,0.81,1,N,43415
1.6,4.300000000000002,0.81,2,N,43416
1.6,4.300000000000002,0.81,3,N,43417
1.6,4.300000000000002,0.81,4,N,43418
1.6,4.300000000000002,0.81,5,N,43419
1.6,4.300000000000002,0.91,1,N,43420
1.6,4.300000000000002,0.91,2,N,43421
1.6,4.300000000000002,0.91,3,N,43422
1.6,4.300000000000002,0.91,4,N,43423
1.6,4.300000000000002,0.91,5,N,43424
1.6,4.300000000000002,1.01,1,N,43425
1.6,4.300000000000002,1.01,2,N,43426
1.6,4.300000000000002,1.01,3,N,43427
1.6,4.300000000000002,1.01,4,N,43428
1.6,4.300000000000002,1.01,5,N,43429
1.6,4.300000000000002,1.11,1,N,43430
1.6,4.300000000000002,1.11,2,N,43431
1.6,4.300000000000002,1.11,3,N,43432
1.6,4.300000000000002,1.11,4,N,43433
1.6,4.300000000000002,1.11,5,N,43434
1.6,4.300000000000002,1.3,1,N,43435
1.6,4.300000000000002,1.3,2,N,43436
1.6,4.300000000000002,1.3,3,N,43437
1.6,4.300000000000002,1.3,4,N,43438
1.6,4.300000000000002,1.3,5,N,43439
1.6,4.300000000000002,1.6,1,N,43440
1.6,4.300000000000002,1.6,2,N,43441
1.6,4.300000000000002,1.6,3,N,43442
1.6,4.300000000000002,1.6,4,N,43443
1.6,4.300000000000002,1.6,5,N,43444
1.6,4.300000000000002,1.9,1,N,43445
1.6,4.300000000000002,1.9,2,N,43446
1.6,4.300000000000002,1.9,3,N,43447
1.6,4.300000000000002,1.9,4,N,43448
1.6,4.300000000000002,1.9,5,N,43449
1.6,4.300000000000002,2.2,1,N,43450
1.6,4.300000000000002,2.2,2,N,43451
1.6,4.300000000000002,2.2,3,N,43452
1.6,4.300000000000002,2.2,4,N,43453
1.6,4.300000000000002,2.2,5,N,43454
1.6,4.300000000000002,2.5,1,N,43455
1.6,4.300000000000002,2.5,2,N,43456
1.6,4.300000000000002,2.5,3,N,43457
1.6,4.300000000000002,2.5,4,N,43458
1.6,4.300000000000002,2.5,5,N,43459
1.6,4.300000000000002,2.8000000000000003,1,N,43460
1.6,4.300000000000002,2.8000000000000003,2,N,43461
1.6,4.300000000000002,2.8000000000000003,3,N,43462
1.6,4.300000000000002,2.8000000000000003,4,N,43463
1.6,4.300000000000002,2.8000000000000003,5,N,43464
1.6,4.300000000000002,3.1000000000000005,1,N,43465
1.6,4.300000000000002,3.1000000000000005,2,N,43466
1.6,4.300000000000002,3.1000000000000005,3,N,43467
1.6,4.300000000000002,3.1000000000000005,4,N,43468
1.6,4.300000000000002,3.1000000000000005,5,N,43469
1.6,4.300000000000002,3.4000000000000004,1,N,43470
1.6,4.300000000000002,3.4000000000000004,2,N,43471
1.6,4.300000000000002,3.4000000000000004,3,N,43472
1.6,4.300000000000002,3.4000000000000004,4,N,43473
1.6,4.300000000000002,3.4000000000000004,5,N,43474
1.6,4.300000000000002,3.7,1,N,43475
1.6,4.300000000000002,3.7,2,N,43476
1.6,4.300000000000002,3.7,3,N,43477
1.6,4.300000000000002,3.7,4,N,43478
1.6,4.300000000000002,3.7,5,N,43479
1.6,4.300000000000002,4.0,1,N,43480
1.6,4.300000000000002,4.0,2,N,43481
1.6,4.300000000000002,4.0,3,N,43482
1.6,4.300000000000002,4.0,4,N,43483
1.6,4.300000000000002,4.0,5,N,43484
1.6,4.300000000000002,4.300000000000002,1,N,43485
1.6,4.300000000000002,4.300000000000002,2,N,43486
1.6,4.300000000000002,4.300000000000002,3,N,43487
1.6,4.300000000000002,4.300000000000002,4,N,43488
1.6,4.300000000000002,4.300000000000002,5,N,43489
1.6,4.300000000000002,4.6000000000000005,1,N,43490
1.6,4.300000000000002,4.6000000000000005,2,N,43491
1.6,4.300000000000002,4.6000000000000005,3,N,43492
1.6,4.300000000000002,4.6000000000000005,4,N,43493
1.6,4.300000000000002,4.6000000000000005,5,N,43494
1.6,4.300000000000002,4.9,1,N,43495
1.6,4.300000000000002,4.9,2,N,43496
1.6,4.300000000000002,4.9,3,N,43497
1.6,4.300000000000002,4.9,4,N,43498
1.6,4.300000000000002,4.9,5,N,43499
1.6,4.6000000000000005,0.01,1,N,43500
1.6,4.6000000000000005,0.01,2,N,43501
1.6,4.6000000000000005,0.01,3,N,43502
1.6,4.6000000000000005,0.01,4,N,43503
1.6,4.6000000000000005,0.01,5,N,43504
1.6,4.6000000000000005,0.11,1,N,43505
1.6,4.6000000000000005,0.11,2,N,43506
1.6,4.6000000000000005,0.11,3,N,43507
1.6,4.6000000000000005,0.11,4,N,43508
1.6,4.6000000000000005,0.11,5,N,43509
1.6,4.6000000000000005,0.21,1,N,43510
1.6,4.6000000000000005,0.21,2,N,43511
1.6,4.6000000000000005,0.21,3,N,43512
1.6,4.6000000000000005,0.21,4,N,43513
1.6,4.6000000000000005,0.21,5,N,43514
1.6,4.6000000000000005,0.31000000000000005,1,N,43515
1.6,4.6000000000000005,0.31000000000000005,2,N,43516
1.6,4.6000000000000005,0.31000000000000005,3,N,43517
1.6,4.6000000000000005,0.31000000000000005,4,N,43518
1.6,4.6000000000000005,0.31000000000000005,5,N,43519
1.6,4.6000000000000005,0.41,1,N,43520
1.6,4.6000000000000005,0.41,2,N,43521
1.6,4.6000000000000005,0.41,3,N,43522
1.6,4.6000000000000005,0.41,4,N,43523
1.6,4.6000000000000005,0.41,5,N,43524
1.6,4.6000000000000005,0.51,1,N,43525
1.6,4.6000000000000005,0.51,2,N,43526
1.6,4.6000000000000005,0.51,3,N,43527
1.6,4.6000000000000005,0.51,4,N,43528
1.6,4.6000000000000005,0.51,5,N,43529
1.6,4.6000000000000005,0.6100000000000001,1,N,43530
1.6,4.6000000000000005,0.6100000000000001,2,N,43531
1.6,4.6000000000000005,0.6100000000000001,3,N,43532
1.6,4.6000000000000005,0.6100000000000001,4,N,43533
1.6,4.6000000000000005,0.6100000000000001,5,N,43534
1.6,4.6000000000000005,0.7100000000000001,1,N,43535
1.6,4.6000000000000005,0.7100000000000001,2,N,43536
1.6,4.6000000000000005,0.7100000000000001,3,N,43537
1.6,4.6000000000000005,0.7100000000000001,4,N,43538
1.6,4.6000000000000005,0.7100000000000001,5,N,43539
1.6,4.6000000000000005,0.81,1,N,43540
1.6,4.6000000000000005,0.81,2,N,43541
1.6,4.6000000000000005,0.81,3,N,43542
1.6,4.6000000000000005,0.81,4,N,43543
1.6,4.6000000000000005,0.81,5,N,43544
1.6,4.6000000000000005,0.91,1,N,43545
1.6,4.6000000000000005,0.91,2,N,43546
1.6,4.6000000000000005,0.91,3,N,43547
1.6,4.6000000000000005,0.91,4,N,43548
1.6,4.6000000000000005,0.91,5,N,43549
1.6,4.6000000000000005,1.01,1,N,43550
1.6,4.6000000000000005,1.01,2,N,43551
1.6,4.6000000000000005,1.01,3,N,43552
1.6,4.6000000000000005,1.01,4,N,43553
1.6,4.6000000000000005,1.01,5,N,43554
1.6,4.6000000000000005,1.11,1,N,43555
1.6,4.6000000000000005,1.11,2,N,43556
1.6,4.6000000000000005,1.11,3,N,43557
1.6,4.6000000000000005,1.11,4,N,43558
1.6,4.6000000000000005,1.11,5,N,43559
1.6,4.6000000000000005,1.3,1,N,43560
1.6,4.6000000000000005,1.3,2,N,43561
1.6,4.6000000000000005,1.3,3,N,43562
1.6,4.6000000000000005,1.3,4,N,43563
1.6,4.6000000000000005,1.3,5,N,43564
1.6,4.6000000000000005,1.6,1,N,43565
1.6,4.6000000000000005,1.6,2,N,43566
1.6,4.6000000000000005,1.6,3,N,43567
1.6,4.6000000000000005,1.6,4,N,43568
1.6,4.6000000000000005,1.6,5,N,43569
1.6,4.6000000000000005,1.9,1,N,43570
1.6,4.6000000000000005,1.9,2,N,43571
1.6,4.6000000000000005,1.9,3,N,43572
1.6,4.6000000000000005,1.9,4,N,43573
1.6,4.6000000000000005,1.9,5,N,43574
1.6,4.6000000000000005,2.2,1,N,43575
1.6,4.6000000000000005,2.2,2,N,43576
1.6,4.6000000000000005,2.2,3,N,43577
1.6,4.6000000000000005,2.2,4,N,43578
1.6,4.6000000000000005,2.2,5,N,43579
1.6,4.6000000000000005,2.5,1,N,43580
1.6,4.6000000000000005,2.5,2,N,43581
1.6,4.6000000000000005,2.5,3,N,43582
1.6,4.6000000000000005,2.5,4,N,43583
1.6,4.6000000000000005,2.5,5,N,43584
1.6,4.6000000000000005,2.8000000000000003,1,N,43585
1.6,4.6000000000000005,2.8000000000000003,2,N,43586
1.6,4.6000000000000005,2.8000000000000003,3,N,43587
1.6,4.6000000000000005,2.8000000000000003,4,N,43588
1.6,4.6000000000000005,2.8000000000000003,5,N,43589
1.6,4.6000000000000005,3.1000000000000005,1,N,43590
1.6,4.6000000000000005,3.1000000000000005,2,N,43591
1.6,4.6000000000000005,3.1000000000000005,3,N,43592
1.6,4.6000000000000005,3.1000000000000005,4,N,43593
1.6,4.6000000000000005,3.1000000000000005,5,N,43594
1.6,4.6000000000000005,3.4000000000000004,1,N,43595
1.6,4.6000000000000005,3.4000000000000004,2,N,43596
1.6,4.6000000000000005,3.4000000000000004,3,N,43597
1.6,4.6000000000000005,3.4000000000000004,4,N,43598
1.6,4.6000000000000005,3.4000000000000004,5,N,43599
1.6,4.6000000000000005,3.7,1,N,43600
1.6,4.6000000000000005,3.7,2,N,43601
1.6,4.6000000000000005,3.7,3,N,43602
1.6,4.6000000000000005,3.7,4,N,43603
1.6,4.6000000000000005,3.7,5,N,43604
1.6,4.6000000000000005,4.0,1,N,43605
1.6,4.6000000000000005,4.0,2,N,43606
1.6,4.6000000000000005,4.0,3,N,43607
1.6,4.6000000000000005,4.0,4,N,43608
1.6,4.6000000000000005,4.0,5,N,43609
1.6,4.6000000000000005,4.300000000000002,1,N,43610
1.6,4.6000000000000005,4.300000000000002,2,N,43611
1.6,4.6000000000000005,4.300000000000002,3,N,43612
1.6,4.6000000000000005,4.300000000000002,4,N,43613
1.6,4.6000000000000005,4.300000000000002,5,N,43614
1.6,4.6000000000000005,4.6000000000000005,1,N,43615
1.6,4.6000000000000005,4.6000000000000005,2,N,43616
1.6,4.6000000000000005,4.6000000000000005,3,N,43617
1.6,4.6000000000000005,4.6000000000000005,4,N,43618
1.6,4.6000000000000005,4.6000000000000005,5,N,43619
1.6,4.6000000000000005,4.9,1,N,43620
1.6,4.6000000000000005,4.9,2,N,43621
1.6,4.6000000000000005,4.9,3,N,43622
1.6,4.6000000000000005,4.9,4,N,43623
1.6,4.6000000000000005,4.9,5,N,43624
1.6,4.9,0.01,1,N,43625
1.6,4.9,0.01,2,N,43626
1.6,4.9,0.01,3,N,43627
1.6,4.9,0.01,4,N,43628
1.6,4.9,0.01,5,N,43629
1.6,4.9,0.11,1,N,43630
1.6,4.9,0.11,2,N,43631
1.6,4.9,0.11,3,N,43632
1.6,4.9,0.11,4,N,43633
1.6,4.9,0.11,5,N,43634
1.6,4.9,0.21,1,N,43635
1.6,4.9,0.21,2,N,43636
1.6,4.9,0.21,3,N,43637
1.6,4.9,0.21,4,N,43638
1.6,4.9,0.21,5,N,43639
1.6,4.9,0.31000000000000005,1,N,43640
1.6,4.9,0.31000000000000005,2,N,43641
1.6,4.9,0.31000000000000005,3,N,43642
1.6,4.9,0.31000000000000005,4,N,43643
1.6,4.9,0.31000000000000005,5,N,43644
1.6,4.9,0.41,1,N,43645
1.6,4.9,0.41,2,N,43646
1.6,4.9,0.41,3,N,43647
1.6,4.9,0.41,4,N,43648
1.6,4.9,0.41,5,N,43649
1.6,4.9,0.51,1,N,43650
1.6,4.9,0.51,2,N,43651
1.6,4.9,0.51,3,N,43652
1.6,4.9,0.51,4,N,43653
1.6,4.9,0.51,5,N,43654
1.6,4.9,0.6100000000000001,1,N,43655
1.6,4.9,0.6100000000000001,2,N,43656
1.6,4.9,0.6100000000000001,3,N,43657
1.6,4.9,0.6100000000000001,4,N,43658
1.6,4.9,0.6100000000000001,5,N,43659
1.6,4.9,0.7100000000000001,1,N,43660
1.6,4.9,0.7100000000000001,2,N,43661
1.6,4.9,0.7100000000000001,3,N,43662
1.6,4.9,0.7100000000000001,4,N,43663
1.6,4.9,0.7100000000000001,5,N,43664
1.6,4.9,0.81,1,N,43665
1.6,4.9,0.81,2,N,43666
1.6,4.9,0.81,3,N,43667
1.6,4.9,0.81,4,N,43668
1.6,4.9,0.81,5,N,43669
1.6,4.9,0.91,1,N,43670
1.6,4.9,0.91,2,N,43671
1.6,4.9,0.91,3,N,43672
1.6,4.9,0.91,4,N,43673
1.6,4.9,0.91,5,N,43674
1.6,4.9,1.01,1,N,43675
1.6,4.9,1.01,2,N,43676
1.6,4.9,1.01,3,N,43677
1.6,4.9,1.01,4,N,43678
1.6,4.9,1.01,5,N,43679
1.6,4.9,1.11,1,N,43680
1.6,4.9,1.11,2,N,43681
1.6,4.9,1.11,3,N,43682
1.6,4.9,1.11,4,N,43683
1.6,4.9,1.11,5,N,43684
1.6,4.9,1.3,1,N,43685
1.6,4.9,1.3,2,N,43686
1.6,4.9,1.3,3,N,43687
1.6,4.9,1.3,4,N,43688
1.6,4.9,1.3,5,N,43689
1.6,4.9,1.6,1,N,43690
1.6,4.9,1.6,2,N,43691
1.6,4.9,1.6,3,N,43692
1.6,4.9,1.6,4,N,43693
1.6,4.9,1.6,5,N,43694
1.6,4.9,1.9,1,N,43695
1.6,4.9,1.9,2,N,43696
1.6,4.9,1.9,3,N,43697
1.6,4.9,1.9,4,N,43698
1.6,4.9,1.9,5,N,43699
1.6,4.9,2.2,1,N,43700
1.6,4.9,2.2,2,N,43701
1.6,4.9,2.2,3,N,43702
1.6,4.9,2.2,4,N,43703
1.6,4.9,2.2,5,N,43704
1.6,4.9,2.5,1,N,43705
1.6,4.9,2.5,2,N,43706
1.6,4.9,2.5,3,N,43707
1.6,4.9,2.5,4,N,43708
1.6,4.9,2.5,5,N,43709
1.6,4.9,2.8000000000000003,1,N,43710
1.6,4.9,2.8000000000000003,2,N,43711
1.6,4.9,2.8000000000000003,3,N,43712
1.6,4.9,2.8000000000000003,4,N,43713
1.6,4.9,2.8000000000000003,5,N,43714
1.6,4.9,3.1000000000000005,1,N,43715
1.6,4.9,3.1000000000000005,2,N,43716
1.6,4.9,3.1000000000000005,3,N,43717
1.6,4.9,3.1000000000000005,4,N,43718
1.6,4.9,3.1000000000000005,5,N,43719
1.6,4.9,3.4000000000000004,1,N,43720
1.6,4.9,3.4000000000000004,2,N,43721
1.6,4.9,3.4000000000000004,3,N,43722
1.6,4.9,3.4000000000000004,4,N,43723
1.6,4.9,3.4000000000000004,5,N,43724
1.6,4.9,3.7,1,N,43725
1.6,4.9,3.7,2,N,43726
1.6,4.9,3.7,3,N,43727
1.6,4.9,3.7,4,N,43728
1.6,4.9,3.7,5,N,43729
1.6,4.9,4.0,1,N,43730
1.6,4.9,4.0,2,N,43731
1.6,4.9,4.0,3,N,43732
1.6,4.9,4.0,4,N,43733
1.6,4.9,4.0,5,N,43734
1.6,4.9,4.300000000000002,1,N,43735
1.6,4.9,4.300000000000002,2,N,43736
1.6,4.9,4.300000000000002,3,N,43737
1.6,4.9,4.300000000000002,4,N,43738
1.6,4.9,4.300000000000002,5,N,43739
1.6,4.9,4.6000000000000005,1,N,43740
1.6,4.9,4.6000000000000005,2,N,43741
1.6,4.9,4.6000000000000005,3,N,43742
1.6,4.9,4.6000000000000005,4,N,43743
1.6,4.9,4.6000000000000005,5,N,43744
1.6,4.9,4.9,1,N,43745
1.6,4.9,4.9,2,N,43746
1.6,4.9,4.9,3,N,43747
1.6,4.9,4.9,4,N,43748
1.6,4.9,4.9,5,N,43749
1.9,0.01,0.01,1,N,43750
1.9,0.01,0.01,2,N,43751
1.9,0.01,0.01,3,N,43752
1.9,0.01,0.01,4,N,43753
1.9,0.01,0.01,5,N,43754
1.9,0.01,0.11,1,N,43755
1.9,0.01,0.11,2,N,43756
1.9,0.01,0.11,3,N,43757
1.9,0.01,0.11,4,N,43758
1.9,0.01,0.11,5,N,43759
1.9,0.01,0.21,1,N,43760
1.9,0.01,0.21,2,N,43761
1.9,0.01,0.21,3,N,43762
1.9,0.01,0.21,4,N,43763
1.9,0.01,0.21,5,N,43764
1.9,0.01,0.31000000000000005,1,N,43765
1.9,0.01,0.31000000000000005,2,N,43766
1.9,0.01,0.31000000000000005,3,N,43767
1.9,0.01,0.31000000000000005,4,N,43768
1.9,0.01,0.31000000000000005,5,N,43769
1.9,0.01,0.41,1,N,43770
1.9,0.01,0.41,2,N,43771
1.9,0.01,0.41,3,N,43772
1.9,0.01,0.41,4,N,43773
1.9,0.01,0.41,5,N,43774
1.9,0.01,0.51,1,N,43775
1.9,0.01,0.51,2,N,43776
1.9,0.01,0.51,3,N,43777
1.9,0.01,0.51,4,N,43778
1.9,0.01,0.51,5,N,43779
1.9,0.01,0.6100000000000001,1,N,43780
1.9,0.01,0.6100000000000001,2,N,43781
1.9,0.01,0.6100000000000001,3,N,43782
1.9,0.01,0.6100000000000001,4,N,43783
1.9,0.01,0.6100000000000001,5,N,43784
1.9,0.01,0.7100000000000001,1,N,43785
1.9,0.01,0.7100000000000001,2,N,43786
1.9,0.01,0.7100000000000001,3,N,43787
1.9,0.01,0.7100000000000001,4,N,43788
1.9,0.01,0.7100000000000001,5,N,43789
1.9,0.01,0.81,1,N,43790
1.9,0.01,0.81,2,N,43791
1.9,0.01,0.81,3,N,43792
1.9,0.01,0.81,4,N,43793
1.9,0.01,0.81,5,N,43794
1.9,0.01,0.91,1,N,43795
1.9,0.01,0.91,2,N,43796
1.9,0.01,0.91,3,N,43797
1.9,0.01,0.91,4,N,43798
1.9,0.01,0.91,5,N,43799
1.9,0.01,1.01,1,N,43800
1.9,0.01,1.01,2,N,43801
1.9,0.01,1.01,3,N,43802
1.9,0.01,1.01,4,N,43803
1.9,0.01,1.01,5,N,43804
1.9,0.01,1.11,1,N,43805
1.9,0.01,1.11,2,N,43806
1.9,0.01,1.11,3,N,43807
1.9,0.01,1.11,4,N,43808
1.9,0.01,1.11,5,N,43809
1.9,0.01,1.3,1,N,43810
1.9,0.01,1.3,2,N,43811
1.9,0.01,1.3,3,N,43812
1.9,0.01,1.3,4,N,43813
1.9,0.01,1.3,5,N,43814
1.9,0.01,1.6,1,N,43815
1.9,0.01,1.6,2,N,43816
1.9,0.01,1.6,3,N,43817
1.9,0.01,1.6,4,N,43818
1.9,0.01,1.6,5,N,43819
1.9,0.01,1.9,1,N,43820
1.9,0.01,1.9,2,N,43821
1.9,0.01,1.9,3,N,43822
1.9,0.01,1.9,4,N,43823
1.9,0.01,1.9,5,N,43824
1.9,0.01,2.2,1,N,43825
1.9,0.01,2.2,2,N,43826
1.9,0.01,2.2,3,N,43827
1.9,0.01,2.2,4,N,43828
1.9,0.01,2.2,5,N,43829
1.9,0.01,2.5,1,N,43830
1.9,0.01,2.5,2,N,43831
1.9,0.01,2.5,3,N,43832
1.9,0.01,2.5,4,N,43833
1.9,0.01,2.5,5,N,43834
1.9,0.01,2.8000000000000003,1,N,43835
1.9,0.01,2.8000000000000003,2,N,43836
1.9,0.01,2.8000000000000003,3,N,43837
1.9,0.01,2.8000000000000003,4,N,43838
1.9,0.01,2.8000000000000003,5,N,43839
1.9,0.01,3.1000000000000005,1,N,43840
1.9,0.01,3.1000000000000005,2,N,43841
1.9,0.01,3.1000000000000005,3,N,43842
1.9,0.01,3.1000000000000005,4,N,43843
1.9,0.01,3.1000000000000005,5,N,43844
1.9,0.01,3.4000000000000004,1,N,43845
1.9,0.01,3.4000000000000004,2,N,43846
1.9,0.01,3.4000000000000004,3,N,43847
1.9,0.01,3.4000000000000004,4,N,43848
1.9,0.01,3.4000000000000004,5,N,43849
1.9,0.01,3.7,1,N,43850
1.9,0.01,3.7,2,N,43851
1.9,0.01,3.7,3,N,43852
1.9,0.01,3.7,4,N,43853
1.9,0.01,3.7,5,N,43854
1.9,0.01,4.0,1,N,43855
1.9,0.01,4.0,2,N,43856
1.9,0.01,4.0,3,N,43857
1.9,0.01,4.0,4,N,43858
1.9,0.01,4.0,5,N,43859
1.9,0.01,4.300000000000002,1,N,43860
1.9,0.01,4.300000000000002,2,N,43861
1.9,0.01,4.300000000000002,3,N,43862
1.9,0.01,4.300000000000002,4,N,43863
1.9,0.01,4.300000000000002,5,N,43864
1.9,0.01,4.6000000000000005,1,N,43865
1.9,0.01,4.6000000000000005,2,N,43866
1.9,0.01,4.6000000000000005,3,N,43867
1.9,0.01,4.6000000000000005,4,N,43868
1.9,0.01,4.6000000000000005,5,N,43869
1.9,0.01,4.9,1,N,43870
1.9,0.01,4.9,2,N,43871
1.9,0.01,4.9,3,N,43872
1.9,0.01,4.9,4,N,43873
1.9,0.01,4.9,5,N,43874
1.9,0.11,0.01,1,N,43875
1.9,0.11,0.01,2,N,43876
1.9,0.11,0.01,3,N,43877
1.9,0.11,0.01,4,N,43878
1.9,0.11,0.01,5,N,43879
1.9,0.11,0.11,1,N,43880
1.9,0.11,0.11,2,N,43881
1.9,0.11,0.11,3,N,43882
1.9,0.11,0.11,4,N,43883
1.9,0.11,0.11,5,N,43884
1.9,0.11,0.21,1,N,43885
1.9,0.11,0.21,2,N,43886
1.9,0.11,0.21,3,N,43887
1.9,0.11,0.21,4,N,43888
1.9,0.11,0.21,5,N,43889
1.9,0.11,0.31000000000000005,1,N,43890
1.9,0.11,0.31000000000000005,2,N,43891
1.9,0.11,0.31000000000000005,3,N,43892
1.9,0.11,0.31000000000000005,4,N,43893
1.9,0.11,0.31000000000000005,5,N,43894
1.9,0.11,0.41,1,N,43895
1.9,0.11,0.41,2,N,43896
1.9,0.11,0.41,3,N,43897
1.9,0.11,0.41,4,N,43898
1.9,0.11,0.41,5,N,43899
1.9,0.11,0.51,1,N,43900
1.9,0.11,0.51,2,N,43901
1.9,0.11,0.51,3,N,43902
1.9,0.11,0.51,4,N,43903
1.9,0.11,0.51,5,N,43904
1.9,0.11,0.6100000000000001,1,N,43905
1.9,0.11,0.6100000000000001,2,N,43906
1.9,0.11,0.6100000000000001,3,N,43907
1.9,0.11,0.6100000000000001,4,N,43908
1.9,0.11,0.6100000000000001,5,N,43909
1.9,0.11,0.7100000000000001,1,N,43910
1.9,0.11,0.7100000000000001,2,N,43911
1.9,0.11,0.7100000000000001,3,N,43912
1.9,0.11,0.7100000000000001,4,N,43913
1.9,0.11,0.7100000000000001,5,N,43914
1.9,0.11,0.81,1,N,43915
1.9,0.11,0.81,2,N,43916
1.9,0.11,0.81,3,N,43917
1.9,0.11,0.81,4,N,43918
1.9,0.11,0.81,5,N,43919
1.9,0.11,0.91,1,N,43920
1.9,0.11,0.91,2,N,43921
1.9,0.11,0.91,3,N,43922
1.9,0.11,0.91,4,N,43923
1.9,0.11,0.91,5,N,43924
1.9,0.11,1.01,1,N,43925
1.9,0.11,1.01,2,N,43926
1.9,0.11,1.01,3,N,43927
1.9,0.11,1.01,4,N,43928
1.9,0.11,1.01,5,N,43929
1.9,0.11,1.11,1,N,43930
1.9,0.11,1.11,2,N,43931
1.9,0.11,1.11,3,N,43932
1.9,0.11,1.11,4,N,43933
1.9,0.11,1.11,5,N,43934
1.9,0.11,1.3,1,N,43935
1.9,0.11,1.3,2,N,43936
1.9,0.11,1.3,3,N,43937
1.9,0.11,1.3,4,N,43938
1.9,0.11,1.3,5,N,43939
1.9,0.11,1.6,1,N,43940
1.9,0.11,1.6,2,N,43941
1.9,0.11,1.6,3,N,43942
1.9,0.11,1.6,4,N,43943
1.9,0.11,1.6,5,N,43944
1.9,0.11,1.9,1,N,43945
1.9,0.11,1.9,2,N,43946
1.9,0.11,1.9,3,N,43947
1.9,0.11,1.9,4,N,43948
1.9,0.11,1.9,5,N,43949
1.9,0.11,2.2,1,N,43950
1.9,0.11,2.2,2,N,43951
1.9,0.11,2.2,3,N,43952
1.9,0.11,2.2,4,N,43953
1.9,0.11,2.2,5,N,43954
1.9,0.11,2.5,1,N,43955
1.9,0.11,2.5,2,N,43956
1.9,0.11,2.5,3,N,43957
1.9,0.11,2.5,4,N,43958
1.9,0.11,2.5,5,N,43959
1.9,0.11,2.8000000000000003,1,N,43960
1.9,0.11,2.8000000000000003,2,N,43961
1.9,0.11,2.8000000000000003,3,N,43962
1.9,0.11,2.8000000000000003,4,N,43963
1.9,0.11,2.8000000000000003,5,N,43964
1.9,0.11,3.1000000000000005,1,N,43965
1.9,0.11,3.1000000000000005,2,N,43966
1.9,0.11,3.1000000000000005,3,N,43967
1.9,0.11,3.1000000000000005,4,N,43968
1.9,0.11,3.1000000000000005,5,N,43969
1.9,0.11,3.4000000000000004,1,N,43970
1.9,0.11,3.4000000000000004,2,N,43971
1.9,0.11,3.4000000000000004,3,N,43972
1.9,0.11,3.4000000000000004,4,N,43973
1.9,0.11,3.4000000000000004,5,N,43974
1.9,0.11,3.7,1,N,43975
1.9,0.11,3.7,2,N,43976
1.9,0.11,3.7,3,N,43977
1.9,0.11,3.7,4,N,43978
1.9,0.11,3.7,5,N,43979
1.9,0.11,4.0,1,N,43980
1.9,0.11,4.0,2,N,43981
1.9,0.11,4.0,3,N,43982
1.9,0.11,4.0,4,N,43983
1.9,0.11,4.0,5,N,43984
1.9,0.11,4.300000000000002,1,N,43985
1.9,0.11,4.300000000000002,2,N,43986
1.9,0.11,4.300000000000002,3,N,43987
1.9,0.11,4.300000000000002,4,N,43988
1.9,0.11,4.300000000000002,5,N,43989
1.9,0.11,4.6000000000000005,1,N,43990
1.9,0.11,4.6000000000000005,2,N,43991
1.9,0.11,4.6000000000000005,3,N,43992
1.9,0.11,4.6000000000000005,4,N,43993
1.9,0.11,4.6000000000000005,5,N,43994
1.9,0.11,4.9,1,N,43995
1.9,0.11,4.9,2,N,43996
1.9,0.11,4.9,3,N,43997
1.9,0.11,4.9,4,N,43998
1.9,0.11,4.9,5,N,43999
1.9,0.21,0.01,1,N,44000
1.9,0.21,0.01,2,N,44001
1.9,0.21,0.01,3,N,44002
1.9,0.21,0.01,4,N,44003
1.9,0.21,0.01,5,N,44004
1.9,0.21,0.11,1,N,44005
1.9,0.21,0.11,2,N,44006
1.9,0.21,0.11,3,N,44007
1.9,0.21,0.11,4,N,44008
1.9,0.21,0.11,5,N,44009
1.9,0.21,0.21,1,N,44010
1.9,0.21,0.21,2,N,44011
1.9,0.21,0.21,3,N,44012
1.9,0.21,0.21,4,N,44013
1.9,0.21,0.21,5,N,44014
1.9,0.21,0.31000000000000005,1,N,44015
1.9,0.21,0.31000000000000005,2,N,44016
1.9,0.21,0.31000000000000005,3,N,44017
1.9,0.21,0.31000000000000005,4,N,44018
1.9,0.21,0.31000000000000005,5,N,44019
1.9,0.21,0.41,1,N,44020
1.9,0.21,0.41,2,N,44021
1.9,0.21,0.41,3,N,44022
1.9,0.21,0.41,4,N,44023
1.9,0.21,0.41,5,N,44024
1.9,0.21,0.51,1,N,44025
1.9,0.21,0.51,2,N,44026
1.9,0.21,0.51,3,N,44027
1.9,0.21,0.51,4,N,44028
1.9,0.21,0.51,5,N,44029
1.9,0.21,0.6100000000000001,1,N,44030
1.9,0.21,0.6100000000000001,2,N,44031
1.9,0.21,0.6100000000000001,3,N,44032
1.9,0.21,0.6100000000000001,4,N,44033
1.9,0.21,0.6100000000000001,5,N,44034
1.9,0.21,0.7100000000000001,1,N,44035
1.9,0.21,0.7100000000000001,2,N,44036
1.9,0.21,0.7100000000000001,3,N,44037
1.9,0.21,0.7100000000000001,4,N,44038
1.9,0.21,0.7100000000000001,5,N,44039
1.9,0.21,0.81,1,N,44040
1.9,0.21,0.81,2,N,44041
1.9,0.21,0.81,3,N,44042
1.9,0.21,0.81,4,N,44043
1.9,0.21,0.81,5,N,44044
1.9,0.21,0.91,1,N,44045
1.9,0.21,0.91,2,N,44046
1.9,0.21,0.91,3,N,44047
1.9,0.21,0.91,4,N,44048
1.9,0.21,0.91,5,N,44049
1.9,0.21,1.01,1,N,44050
1.9,0.21,1.01,2,N,44051
1.9,0.21,1.01,3,N,44052
1.9,0.21,1.01,4,N,44053
1.9,0.21,1.01,5,N,44054
1.9,0.21,1.11,1,N,44055
1.9,0.21,1.11,2,N,44056
1.9,0.21,1.11,3,N,44057
1.9,0.21,1.11,4,N,44058
1.9,0.21,1.11,5,N,44059
1.9,0.21,1.3,1,N,44060
1.9,0.21,1.3,2,N,44061
1.9,0.21,1.3,3,N,44062
1.9,0.21,1.3,4,N,44063
1.9,0.21,1.3,5,N,44064
1.9,0.21,1.6,1,N,44065
1.9,0.21,1.6,2,N,44066
1.9,0.21,1.6,3,N,44067
1.9,0.21,1.6,4,N,44068
1.9,0.21,1.6,5,N,44069
1.9,0.21,1.9,1,N,44070
1.9,0.21,1.9,2,N,44071
1.9,0.21,1.9,3,N,44072
1.9,0.21,1.9,4,N,44073
1.9,0.21,1.9,5,N,44074
1.9,0.21,2.2,1,N,44075
1.9,0.21,2.2,2,N,44076
1.9,0.21,2.2,3,N,44077
1.9,0.21,2.2,4,N,44078
1.9,0.21,2.2,5,N,44079
1.9,0.21,2.5,1,N,44080
1.9,0.21,2.5,2,N,44081
1.9,0.21,2.5,3,N,44082
1.9,0.21,2.5,4,N,44083
1.9,0.21,2.5,5,N,44084
1.9,0.21,2.8000000000000003,1,N,44085
1.9,0.21,2.8000000000000003,2,N,44086
1.9,0.21,2.8000000000000003,3,N,44087
1.9,0.21,2.8000000000000003,4,N,44088
1.9,0.21,2.8000000000000003,5,N,44089
1.9,0.21,3.1000000000000005,1,N,44090
1.9,0.21,3.1000000000000005,2,N,44091
1.9,0.21,3.1000000000000005,3,N,44092
1.9,0.21,3.1000000000000005,4,N,44093
1.9,0.21,3.1000000000000005,5,N,44094
1.9,0.21,3.4000000000000004,1,N,44095
1.9,0.21,3.4000000000000004,2,N,44096
1.9,0.21,3.4000000000000004,3,N,44097
1.9,0.21,3.4000000000000004,4,N,44098
1.9,0.21,3.4000000000000004,5,N,44099
1.9,0.21,3.7,1,N,44100
1.9,0.21,3.7,2,N,44101
1.9,0.21,3.7,3,N,44102
1.9,0.21,3.7,4,N,44103
1.9,0.21,3.7,5,N,44104
1.9,0.21,4.0,1,N,44105
1.9,0.21,4.0,2,N,44106
1.9,0.21,4.0,3,N,44107
1.9,0.21,4.0,4,N,44108
1.9,0.21,4.0,5,N,44109
1.9,0.21,4.300000000000002,1,N,44110
1.9,0.21,4.300000000000002,2,N,44111
1.9,0.21,4.300000000000002,3,N,44112
1.9,0.21,4.300000000000002,4,N,44113
1.9,0.21,4.300000000000002,5,N,44114
1.9,0.21,4.6000000000000005,1,N,44115
1.9,0.21,4.6000000000000005,2,N,44116
1.9,0.21,4.6000000000000005,3,N,44117
1.9,0.21,4.6000000000000005,4,N,44118
1.9,0.21,4.6000000000000005,5,N,44119
1.9,0.21,4.9,1,N,44120
1.9,0.21,4.9,2,N,44121
1.9,0.21,4.9,3,N,44122
1.9,0.21,4.9,4,N,44123
1.9,0.21,4.9,5,N,44124
1.9,0.31000000000000005,0.01,1,N,44125
1.9,0.31000000000000005,0.01,2,N,44126
1.9,0.31000000000000005,0.01,3,N,44127
1.9,0.31000000000000005,0.01,4,N,44128
1.9,0.31000000000000005,0.01,5,N,44129
1.9,0.31000000000000005,0.11,1,N,44130
1.9,0.31000000000000005,0.11,2,N,44131
1.9,0.31000000000000005,0.11,3,N,44132
1.9,0.31000000000000005,0.11,4,N,44133
1.9,0.31000000000000005,0.11,5,N,44134
1.9,0.31000000000000005,0.21,1,N,44135
1.9,0.31000000000000005,0.21,2,N,44136
1.9,0.31000000000000005,0.21,3,N,44137
1.9,0.31000000000000005,0.21,4,N,44138
1.9,0.31000000000000005,0.21,5,N,44139
1.9,0.31000000000000005,0.31000000000000005,1,N,44140
1.9,0.31000000000000005,0.31000000000000005,2,N,44141
1.9,0.31000000000000005,0.31000000000000005,3,N,44142
1.9,0.31000000000000005,0.31000000000000005,4,N,44143
1.9,0.31000000000000005,0.31000000000000005,5,N,44144
1.9,0.31000000000000005,0.41,1,N,44145
1.9,0.31000000000000005,0.41,2,N,44146
1.9,0.31000000000000005,0.41,3,N,44147
1.9,0.31000000000000005,0.41,4,N,44148
1.9,0.31000000000000005,0.41,5,N,44149
1.9,0.31000000000000005,0.51,1,N,44150
1.9,0.31000000000000005,0.51,2,N,44151
1.9,0.31000000000000005,0.51,3,N,44152
1.9,0.31000000000000005,0.51,4,N,44153
1.9,0.31000000000000005,0.51,5,N,44154
1.9,0.31000000000000005,0.6100000000000001,1,N,44155
1.9,0.31000000000000005,0.6100000000000001,2,N,44156
1.9,0.31000000000000005,0.6100000000000001,3,N,44157
1.9,0.31000000000000005,0.6100000000000001,4,N,44158
1.9,0.31000000000000005,0.6100000000000001,5,N,44159
1.9,0.31000000000000005,0.7100000000000001,1,N,44160
1.9,0.31000000000000005,0.7100000000000001,2,N,44161
1.9,0.31000000000000005,0.7100000000000001,3,N,44162
1.9,0.31000000000000005,0.7100000000000001,4,N,44163
1.9,0.31000000000000005,0.7100000000000001,5,N,44164
1.9,0.31000000000000005,0.81,1,N,44165
1.9,0.31000000000000005,0.81,2,N,44166
1.9,0.31000000000000005,0.81,3,N,44167
1.9,0.31000000000000005,0.81,4,N,44168
1.9,0.31000000000000005,0.81,5,N,44169
1.9,0.31000000000000005,0.91,1,N,44170
1.9,0.31000000000000005,0.91,2,N,44171
1.9,0.31000000000000005,0.91,3,N,44172
1.9,0.31000000000000005,0.91,4,N,44173
1.9,0.31000000000000005,0.91,5,N,44174
1.9,0.31000000000000005,1.01,1,N,44175
1.9,0.31000000000000005,1.01,2,N,44176
1.9,0.31000000000000005,1.01,3,N,44177
1.9,0.31000000000000005,1.01,4,N,44178
1.9,0.31000000000000005,1.01,5,N,44179
1.9,0.31000000000000005,1.11,1,N,44180
1.9,0.31000000000000005,1.11,2,N,44181
1.9,0.31000000000000005,1.11,3,N,44182
1.9,0.31000000000000005,1.11,4,N,44183
1.9,0.31000000000000005,1.11,5,N,44184
1.9,0.31000000000000005,1.3,1,N,44185
1.9,0.31000000000000005,1.3,2,N,44186
1.9,0.31000000000000005,1.3,3,N,44187
1.9,0.31000000000000005,1.3,4,N,44188
1.9,0.31000000000000005,1.3,5,N,44189
1.9,0.31000000000000005,1.6,1,N,44190
1.9,0.31000000000000005,1.6,2,N,44191
1.9,0.31000000000000005,1.6,3,N,44192
1.9,0.31000000000000005,1.6,4,N,44193
1.9,0.31000000000000005,1.6,5,N,44194
1.9,0.31000000000000005,1.9,1,N,44195
1.9,0.31000000000000005,1.9,2,N,44196
1.9,0.31000000000000005,1.9,3,N,44197
1.9,0.31000000000000005,1.9,4,N,44198
1.9,0.31000000000000005,1.9,5,N,44199
1.9,0.31000000000000005,2.2,1,N,44200
1.9,0.31000000000000005,2.2,2,N,44201
1.9,0.31000000000000005,2.2,3,N,44202
1.9,0.31000000000000005,2.2,4,N,44203
1.9,0.31000000000000005,2.2,5,N,44204
1.9,0.31000000000000005,2.5,1,N,44205
1.9,0.31000000000000005,2.5,2,N,44206
1.9,0.31000000000000005,2.5,3,N,44207
1.9,0.31000000000000005,2.5,4,N,44208
1.9,0.31000000000000005,2.5,5,N,44209
1.9,0.31000000000000005,2.8000000000000003,1,N,44210
1.9,0.31000000000000005,2.8000000000000003,2,N,44211
1.9,0.31000000000000005,2.8000000000000003,3,N,44212
1.9,0.31000000000000005,2.8000000000000003,4,N,44213
1.9,0.31000000000000005,2.8000000000000003,5,N,44214
1.9,0.31000000000000005,3.1000000000000005,1,N,44215
1.9,0.31000000000000005,3.1000000000000005,2,N,44216
1.9,0.31000000000000005,3.1000000000000005,3,N,44217
1.9,0.31000000000000005,3.1000000000000005,4,N,44218
1.9,0.31000000000000005,3.1000000000000005,5,N,44219
1.9,0.31000000000000005,3.4000000000000004,1,N,44220
1.9,0.31000000000000005,3.4000000000000004,2,N,44221
1.9,0.31000000000000005,3.4000000000000004,3,N,44222
1.9,0.31000000000000005,3.4000000000000004,4,N,44223
1.9,0.31000000000000005,3.4000000000000004,5,N,44224
1.9,0.31000000000000005,3.7,1,N,44225
1.9,0.31000000000000005,3.7,2,N,44226
1.9,0.31000000000000005,3.7,3,N,44227
1.9,0.31000000000000005,3.7,4,N,44228
1.9,0.31000000000000005,3.7,5,N,44229
1.9,0.31000000000000005,4.0,1,N,44230
1.9,0.31000000000000005,4.0,2,N,44231
1.9,0.31000000000000005,4.0,3,N,44232
1.9,0.31000000000000005,4.0,4,N,44233
1.9,0.31000000000000005,4.0,5,N,44234
1.9,0.31000000000000005,4.300000000000002,1,N,44235
1.9,0.31000000000000005,4.300000000000002,2,N,44236
1.9,0.31000000000000005,4.300000000000002,3,N,44237
1.9,0.31000000000000005,4.300000000000002,4,N,44238
1.9,0.31000000000000005,4.300000000000002,5,N,44239
1.9,0.31000000000000005,4.6000000000000005,1,N,44240
1.9,0.31000000000000005,4.6000000000000005,2,N,44241
1.9,0.31000000000000005,4.6000000000000005,3,N,44242
1.9,0.31000000000000005,4.6000000000000005,4,N,44243
1.9,0.31000000000000005,4.6000000000000005,5,N,44244
1.9,0.31000000000000005,4.9,1,N,44245
1.9,0.31000000000000005,4.9,2,N,44246
1.9,0.31000000000000005,4.9,3,N,44247
1.9,0.31000000000000005,4.9,4,N,44248
1.9,0.31000000000000005,4.9,5,N,44249
1.9,0.41,0.01,1,N,44250
1.9,0.41,0.01,2,N,44251
1.9,0.41,0.01,3,N,44252
1.9,0.41,0.01,4,N,44253
1.9,0.41,0.01,5,N,44254
1.9,0.41,0.11,1,N,44255
1.9,0.41,0.11,2,N,44256
1.9,0.41,0.11,3,N,44257
1.9,0.41,0.11,4,N,44258
1.9,0.41,0.11,5,N,44259
1.9,0.41,0.21,1,N,44260
1.9,0.41,0.21,2,N,44261
1.9,0.41,0.21,3,N,44262
1.9,0.41,0.21,4,N,44263
1.9,0.41,0.21,5,N,44264
1.9,0.41,0.31000000000000005,1,N,44265
1.9,0.41,0.31000000000000005,2,N,44266
1.9,0.41,0.31000000000000005,3,N,44267
1.9,0.41,0.31000000000000005,4,N,44268
1.9,0.41,0.31000000000000005,5,N,44269
1.9,0.41,0.41,1,N,44270
1.9,0.41,0.41,2,N,44271
1.9,0.41,0.41,3,N,44272
1.9,0.41,0.41,4,N,44273
1.9,0.41,0.41,5,N,44274
1.9,0.41,0.51,1,N,44275
1.9,0.41,0.51,2,N,44276
1.9,0.41,0.51,3,N,44277
1.9,0.41,0.51,4,N,44278
1.9,0.41,0.51,5,N,44279
1.9,0.41,0.6100000000000001,1,N,44280
1.9,0.41,0.6100000000000001,2,N,44281
1.9,0.41,0.6100000000000001,3,N,44282
1.9,0.41,0.6100000000000001,4,N,44283
1.9,0.41,0.6100000000000001,5,N,44284
1.9,0.41,0.7100000000000001,1,N,44285
1.9,0.41,0.7100000000000001,2,N,44286
1.9,0.41,0.7100000000000001,3,N,44287
1.9,0.41,0.7100000000000001,4,N,44288
1.9,0.41,0.7100000000000001,5,N,44289
1.9,0.41,0.81,1,N,44290
1.9,0.41,0.81,2,N,44291
1.9,0.41,0.81,3,N,44292
1.9,0.41,0.81,4,N,44293
1.9,0.41,0.81,5,N,44294
1.9,0.41,0.91,1,N,44295
1.9,0.41,0.91,2,N,44296
1.9,0.41,0.91,3,N,44297
1.9,0.41,0.91,4,N,44298
1.9,0.41,0.91,5,N,44299
1.9,0.41,1.01,1,N,44300
1.9,0.41,1.01,2,N,44301
1.9,0.41,1.01,3,N,44302
1.9,0.41,1.01,4,N,44303
1.9,0.41,1.01,5,N,44304
1.9,0.41,1.11,1,N,44305
1.9,0.41,1.11,2,N,44306
1.9,0.41,1.11,3,N,44307
1.9,0.41,1.11,4,N,44308
1.9,0.41,1.11,5,N,44309
1.9,0.41,1.3,1,N,44310
1.9,0.41,1.3,2,N,44311
1.9,0.41,1.3,3,N,44312
1.9,0.41,1.3,4,N,44313
1.9,0.41,1.3,5,N,44314
1.9,0.41,1.6,1,N,44315
1.9,0.41,1.6,2,N,44316
1.9,0.41,1.6,3,N,44317
1.9,0.41,1.6,4,N,44318
1.9,0.41,1.6,5,N,44319
1.9,0.41,1.9,1,N,44320
1.9,0.41,1.9,2,N,44321
1.9,0.41,1.9,3,N,44322
1.9,0.41,1.9,4,N,44323
1.9,0.41,1.9,5,N,44324
1.9,0.41,2.2,1,N,44325
1.9,0.41,2.2,2,N,44326
1.9,0.41,2.2,3,N,44327
1.9,0.41,2.2,4,N,44328
1.9,0.41,2.2,5,N,44329
1.9,0.41,2.5,1,N,44330
1.9,0.41,2.5,2,N,44331
1.9,0.41,2.5,3,N,44332
1.9,0.41,2.5,4,N,44333
1.9,0.41,2.5,5,N,44334
1.9,0.41,2.8000000000000003,1,N,44335
1.9,0.41,2.8000000000000003,2,N,44336
1.9,0.41,2.8000000000000003,3,N,44337
1.9,0.41,2.8000000000000003,4,N,44338
1.9,0.41,2.8000000000000003,5,N,44339
1.9,0.41,3.1000000000000005,1,N,44340
1.9,0.41,3.1000000000000005,2,N,44341
1.9,0.41,3.1000000000000005,3,N,44342
1.9,0.41,3.1000000000000005,4,N,44343
1.9,0.41,3.1000000000000005,5,N,44344
1.9,0.41,3.4000000000000004,1,N,44345
1.9,0.41,3.4000000000000004,2,N,44346
1.9,0.41,3.4000000000000004,3,N,44347
1.9,0.41,3.4000000000000004,4,N,44348
1.9,0.41,3.4000000000000004,5,N,44349
1.9,0.41,3.7,1,N,44350
1.9,0.41,3.7,2,N,44351
1.9,0.41,3.7,3,N,44352
1.9,0.41,3.7,4,N,44353
1.9,0.41,3.7,5,N,44354
1.9,0.41,4.0,1,N,44355
1.9,0.41,4.0,2,N,44356
1.9,0.41,4.0,3,N,44357
1.9,0.41,4.0,4,N,44358
1.9,0.41,4.0,5,N,44359
1.9,0.41,4.300000000000002,1,N,44360
1.9,0.41,4.300000000000002,2,N,44361
1.9,0.41,4.300000000000002,3,N,44362
1.9,0.41,4.300000000000002,4,N,44363
1.9,0.41,4.300000000000002,5,N,44364
1.9,0.41,4.6000000000000005,1,N,44365
1.9,0.41,4.6000000000000005,2,N,44366
1.9,0.41,4.6000000000000005,3,N,44367
1.9,0.41,4.6000000000000005,4,N,44368
1.9,0.41,4.6000000000000005,5,N,44369
1.9,0.41,4.9,1,N,44370
1.9,0.41,4.9,2,N,44371
1.9,0.41,4.9,3,N,44372
1.9,0.41,4.9,4,N,44373
1.9,0.41,4.9,5,N,44374
1.9,0.51,0.01,1,N,44375
1.9,0.51,0.01,2,N,44376
1.9,0.51,0.01,3,N,44377
1.9,0.51,0.01,4,N,44378
1.9,0.51,0.01,5,N,44379
1.9,0.51,0.11,1,N,44380
1.9,0.51,0.11,2,N,44381
1.9,0.51,0.11,3,N,44382
1.9,0.51,0.11,4,N,44383
1.9,0.51,0.11,5,N,44384
1.9,0.51,0.21,1,N,44385
1.9,0.51,0.21,2,N,44386
1.9,0.51,0.21,3,N,44387
1.9,0.51,0.21,4,N,44388
1.9,0.51,0.21,5,N,44389
1.9,0.51,0.31000000000000005,1,N,44390
1.9,0.51,0.31000000000000005,2,N,44391
1.9,0.51,0.31000000000000005,3,N,44392
1.9,0.51,0.31000000000000005,4,N,44393
1.9,0.51,0.31000000000000005,5,N,44394
1.9,0.51,0.41,1,N,44395
1.9,0.51,0.41,2,N,44396
1.9,0.51,0.41,3,N,44397
1.9,0.51,0.41,4,N,44398
1.9,0.51,0.41,5,N,44399
1.9,0.51,0.51,1,N,44400
1.9,0.51,0.51,2,N,44401
1.9,0.51,0.51,3,N,44402
1.9,0.51,0.51,4,N,44403
1.9,0.51,0.51,5,N,44404
1.9,0.51,0.6100000000000001,1,N,44405
1.9,0.51,0.6100000000000001,2,N,44406
1.9,0.51,0.6100000000000001,3,N,44407
1.9,0.51,0.6100000000000001,4,N,44408
1.9,0.51,0.6100000000000001,5,N,44409
1.9,0.51,0.7100000000000001,1,N,44410
1.9,0.51,0.7100000000000001,2,N,44411
1.9,0.51,0.7100000000000001,3,N,44412
1.9,0.51,0.7100000000000001,4,N,44413
1.9,0.51,0.7100000000000001,5,N,44414
1.9,0.51,0.81,1,N,44415
1.9,0.51,0.81,2,N,44416
1.9,0.51,0.81,3,N,44417
1.9,0.51,0.81,4,N,44418
1.9,0.51,0.81,5,N,44419
1.9,0.51,0.91,1,N,44420
1.9,0.51,0.91,2,N,44421
1.9,0.51,0.91,3,N,44422
1.9,0.51,0.91,4,N,44423
1.9,0.51,0.91,5,N,44424
1.9,0.51,1.01,1,N,44425
1.9,0.51,1.01,2,N,44426
1.9,0.51,1.01,3,N,44427
1.9,0.51,1.01,4,N,44428
1.9,0.51,1.01,5,N,44429
1.9,0.51,1.11,1,N,44430
1.9,0.51,1.11,2,N,44431
1.9,0.51,1.11,3,N,44432
1.9,0.51,1.11,4,N,44433
1.9,0.51,1.11,5,N,44434
1.9,0.51,1.3,1,N,44435
1.9,0.51,1.3,2,N,44436
1.9,0.51,1.3,3,N,44437
1.9,0.51,1.3,4,N,44438
1.9,0.51,1.3,5,N,44439
1.9,0.51,1.6,1,N,44440
1.9,0.51,1.6,2,N,44441
1.9,0.51,1.6,3,N,44442
1.9,0.51,1.6,4,N,44443
1.9,0.51,1.6,5,N,44444
1.9,0.51,1.9,1,N,44445
1.9,0.51,1.9,2,N,44446
1.9,0.51,1.9,3,N,44447
1.9,0.51,1.9,4,N,44448
1.9,0.51,1.9,5,N,44449
1.9,0.51,2.2,1,N,44450
1.9,0.51,2.2,2,N,44451
1.9,0.51,2.2,3,N,44452
1.9,0.51,2.2,4,N,44453
1.9,0.51,2.2,5,N,44454
1.9,0.51,2.5,1,N,44455
1.9,0.51,2.5,2,N,44456
1.9,0.51,2.5,3,N,44457
1.9,0.51,2.5,4,N,44458
1.9,0.51,2.5,5,N,44459
1.9,0.51,2.8000000000000003,1,N,44460
1.9,0.51,2.8000000000000003,2,N,44461
1.9,0.51,2.8000000000000003,3,N,44462
1.9,0.51,2.8000000000000003,4,N,44463
1.9,0.51,2.8000000000000003,5,N,44464
1.9,0.51,3.1000000000000005,1,N,44465
1.9,0.51,3.1000000000000005,2,N,44466
1.9,0.51,3.1000000000000005,3,N,44467
1.9,0.51,3.1000000000000005,4,N,44468
1.9,0.51,3.1000000000000005,5,N,44469
1.9,0.51,3.4000000000000004,1,N,44470
1.9,0.51,3.4000000000000004,2,N,44471
1.9,0.51,3.4000000000000004,3,N,44472
1.9,0.51,3.4000000000000004,4,N,44473
1.9,0.51,3.4000000000000004,5,N,44474
1.9,0.51,3.7,1,N,44475
1.9,0.51,3.7,2,N,44476
1.9,0.51,3.7,3,N,44477
1.9,0.51,3.7,4,N,44478
1.9,0.51,3.7,5,N,44479
1.9,0.51,4.0,1,N,44480
1.9,0.51,4.0,2,N,44481
1.9,0.51,4.0,3,N,44482
1.9,0.51,4.0,4,N,44483
1.9,0.51,4.0,5,N,44484
1.9,0.51,4.300000000000002,1,N,44485
1.9,0.51,4.300000000000002,2,N,44486
1.9,0.51,4.300000000000002,3,N,44487
1.9,0.51,4.300000000000002,4,N,44488
1.9,0.51,4.300000000000002,5,N,44489
1.9,0.51,4.6000000000000005,1,N,44490
1.9,0.51,4.6000000000000005,2,N,44491
1.9,0.51,4.6000000000000005,3,N,44492
1.9,0.51,4.6000000000000005,4,N,44493
1.9,0.51,4.6000000000000005,5,N,44494
1.9,0.51,4.9,1,N,44495
1.9,0.51,4.9,2,N,44496
1.9,0.51,4.9,3,N,44497
1.9,0.51,4.9,4,N,44498
1.9,0.51,4.9,5,N,44499
1.9,0.6100000000000001,0.01,1,N,44500
1.9,0.6100000000000001,0.01,2,N,44501
1.9,0.6100000000000001,0.01,3,N,44502
1.9,0.6100000000000001,0.01,4,N,44503
1.9,0.6100000000000001,0.01,5,N,44504
1.9,0.6100000000000001,0.11,1,N,44505
1.9,0.6100000000000001,0.11,2,N,44506
1.9,0.6100000000000001,0.11,3,N,44507
1.9,0.6100000000000001,0.11,4,N,44508
1.9,0.6100000000000001,0.11,5,N,44509
1.9,0.6100000000000001,0.21,1,N,44510
1.9,0.6100000000000001,0.21,2,N,44511
1.9,0.6100000000000001,0.21,3,N,44512
1.9,0.6100000000000001,0.21,4,N,44513
1.9,0.6100000000000001,0.21,5,N,44514
1.9,0.6100000000000001,0.31000000000000005,1,N,44515
1.9,0.6100000000000001,0.31000000000000005,2,N,44516
1.9,0.6100000000000001,0.31000000000000005,3,N,44517
1.9,0.6100000000000001,0.31000000000000005,4,N,44518
1.9,0.6100000000000001,0.31000000000000005,5,N,44519
1.9,0.6100000000000001,0.41,1,N,44520
1.9,0.6100000000000001,0.41,2,N,44521
1.9,0.6100000000000001,0.41,3,N,44522
1.9,0.6100000000000001,0.41,4,N,44523
1.9,0.6100000000000001,0.41,5,N,44524
1.9,0.6100000000000001,0.51,1,N,44525
1.9,0.6100000000000001,0.51,2,N,44526
1.9,0.6100000000000001,0.51,3,N,44527
1.9,0.6100000000000001,0.51,4,N,44528
1.9,0.6100000000000001,0.51,5,N,44529
1.9,0.6100000000000001,0.6100000000000001,1,N,44530
1.9,0.6100000000000001,0.6100000000000001,2,N,44531
1.9,0.6100000000000001,0.6100000000000001,3,N,44532
1.9,0.6100000000000001,0.6100000000000001,4,N,44533
1.9,0.6100000000000001,0.6100000000000001,5,N,44534
1.9,0.6100000000000001,0.7100000000000001,1,N,44535
1.9,0.6100000000000001,0.7100000000000001,2,N,44536
1.9,0.6100000000000001,0.7100000000000001,3,N,44537
1.9,0.6100000000000001,0.7100000000000001,4,N,44538
1.9,0.6100000000000001,0.7100000000000001,5,N,44539
1.9,0.6100000000000001,0.81,1,N,44540
1.9,0.6100000000000001,0.81,2,N,44541
1.9,0.6100000000000001,0.81,3,N,44542
1.9,0.6100000000000001,0.81,4,N,44543
1.9,0.6100000000000001,0.81,5,N,44544
1.9,0.6100000000000001,0.91,1,N,44545
1.9,0.6100000000000001,0.91,2,N,44546
1.9,0.6100000000000001,0.91,3,N,44547
1.9,0.6100000000000001,0.91,4,N,44548
1.9,0.6100000000000001,0.91,5,N,44549
1.9,0.6100000000000001,1.01,1,N,44550
1.9,0.6100000000000001,1.01,2,N,44551
1.9,0.6100000000000001,1.01,3,N,44552
1.9,0.6100000000000001,1.01,4,N,44553
1.9,0.6100000000000001,1.01,5,N,44554
1.9,0.6100000000000001,1.11,1,N,44555
1.9,0.6100000000000001,1.11,2,N,44556
1.9,0.6100000000000001,1.11,3,N,44557
1.9,0.6100000000000001,1.11,4,N,44558
1.9,0.6100000000000001,1.11,5,N,44559
1.9,0.6100000000000001,1.3,1,N,44560
1.9,0.6100000000000001,1.3,2,N,44561
1.9,0.6100000000000001,1.3,3,N,44562
1.9,0.6100000000000001,1.3,4,N,44563
1.9,0.6100000000000001,1.3,5,N,44564
1.9,0.6100000000000001,1.6,1,N,44565
1.9,0.6100000000000001,1.6,2,N,44566
1.9,0.6100000000000001,1.6,3,N,44567
1.9,0.6100000000000001,1.6,4,N,44568
1.9,0.6100000000000001,1.6,5,N,44569
1.9,0.6100000000000001,1.9,1,N,44570
1.9,0.6100000000000001,1.9,2,N,44571
1.9,0.6100000000000001,1.9,3,N,44572
1.9,0.6100000000000001,1.9,4,N,44573
1.9,0.6100000000000001,1.9,5,N,44574
1.9,0.6100000000000001,2.2,1,N,44575
1.9,0.6100000000000001,2.2,2,N,44576
1.9,0.6100000000000001,2.2,3,N,44577
1.9,0.6100000000000001,2.2,4,N,44578
1.9,0.6100000000000001,2.2,5,N,44579
1.9,0.6100000000000001,2.5,1,N,44580
1.9,0.6100000000000001,2.5,2,N,44581
1.9,0.6100000000000001,2.5,3,N,44582
1.9,0.6100000000000001,2.5,4,N,44583
1.9,0.6100000000000001,2.5,5,N,44584
1.9,0.6100000000000001,2.8000000000000003,1,N,44585
1.9,0.6100000000000001,2.8000000000000003,2,N,44586
1.9,0.6100000000000001,2.8000000000000003,3,N,44587
1.9,0.6100000000000001,2.8000000000000003,4,N,44588
1.9,0.6100000000000001,2.8000000000000003,5,N,44589
1.9,0.6100000000000001,3.1000000000000005,1,N,44590
1.9,0.6100000000000001,3.1000000000000005,2,N,44591
1.9,0.6100000000000001,3.1000000000000005,3,N,44592
1.9,0.6100000000000001,3.1000000000000005,4,N,44593
1.9,0.6100000000000001,3.1000000000000005,5,N,44594
1.9,0.6100000000000001,3.4000000000000004,1,N,44595
1.9,0.6100000000000001,3.4000000000000004,2,N,44596
1.9,0.6100000000000001,3.4000000000000004,3,N,44597
1.9,0.6100000000000001,3.4000000000000004,4,N,44598
1.9,0.6100000000000001,3.4000000000000004,5,N,44599
1.9,0.6100000000000001,3.7,1,N,44600
1.9,0.6100000000000001,3.7,2,N,44601
1.9,0.6100000000000001,3.7,3,N,44602
1.9,0.6100000000000001,3.7,4,N,44603
1.9,0.6100000000000001,3.7,5,N,44604
1.9,0.6100000000000001,4.0,1,N,44605
1.9,0.6100000000000001,4.0,2,N,44606
1.9,0.6100000000000001,4.0,3,N,44607
1.9,0.6100000000000001,4.0,4,N,44608
1.9,0.6100000000000001,4.0,5,N,44609
1.9,0.6100000000000001,4.300000000000002,1,N,44610
1.9,0.6100000000000001,4.300000000000002,2,N,44611
1.9,0.6100000000000001,4.300000000000002,3,N,44612
1.9,0.6100000000000001,4.300000000000002,4,N,44613
1.9,0.6100000000000001,4.300000000000002,5,N,44614
1.9,0.6100000000000001,4.6000000000000005,1,N,44615
1.9,0.6100000000000001,4.6000000000000005,2,N,44616
1.9,0.6100000000000001,4.6000000000000005,3,N,44617
1.9,0.6100000000000001,4.6000000000000005,4,N,44618
1.9,0.6100000000000001,4.6000000000000005,5,N,44619
1.9,0.6100000000000001,4.9,1,N,44620
1.9,0.6100000000000001,4.9,2,N,44621
1.9,0.6100000000000001,4.9,3,N,44622
1.9,0.6100000000000001,4.9,4,N,44623
1.9,0.6100000000000001,4.9,5,N,44624
1.9,0.7100000000000001,0.01,1,N,44625
1.9,0.7100000000000001,0.01,2,N,44626
1.9,0.7100000000000001,0.01,3,N,44627
1.9,0.7100000000000001,0.01,4,N,44628
1.9,0.7100000000000001,0.01,5,N,44629
1.9,0.7100000000000001,0.11,1,N,44630
1.9,0.7100000000000001,0.11,2,N,44631
1.9,0.7100000000000001,0.11,3,N,44632
1.9,0.7100000000000001,0.11,4,N,44633
1.9,0.7100000000000001,0.11,5,N,44634
1.9,0.7100000000000001,0.21,1,N,44635
1.9,0.7100000000000001,0.21,2,N,44636
1.9,0.7100000000000001,0.21,3,N,44637
1.9,0.7100000000000001,0.21,4,N,44638
1.9,0.7100000000000001,0.21,5,N,44639
1.9,0.7100000000000001,0.31000000000000005,1,N,44640
1.9,0.7100000000000001,0.31000000000000005,2,N,44641
1.9,0.7100000000000001,0.31000000000000005,3,N,44642
1.9,0.7100000000000001,0.31000000000000005,4,N,44643
1.9,0.7100000000000001,0.31000000000000005,5,N,44644
1.9,0.7100000000000001,0.41,1,N,44645
1.9,0.7100000000000001,0.41,2,N,44646
1.9,0.7100000000000001,0.41,3,N,44647
1.9,0.7100000000000001,0.41,4,N,44648
1.9,0.7100000000000001,0.41,5,N,44649
1.9,0.7100000000000001,0.51,1,N,44650
1.9,0.7100000000000001,0.51,2,N,44651
1.9,0.7100000000000001,0.51,3,N,44652
1.9,0.7100000000000001,0.51,4,N,44653
1.9,0.7100000000000001,0.51,5,N,44654
1.9,0.7100000000000001,0.6100000000000001,1,N,44655
1.9,0.7100000000000001,0.6100000000000001,2,N,44656
1.9,0.7100000000000001,0.6100000000000001,3,N,44657
1.9,0.7100000000000001,0.6100000000000001,4,N,44658
1.9,0.7100000000000001,0.6100000000000001,5,N,44659
1.9,0.7100000000000001,0.7100000000000001,1,N,44660
1.9,0.7100000000000001,0.7100000000000001,2,N,44661
1.9,0.7100000000000001,0.7100000000000001,3,N,44662
1.9,0.7100000000000001,0.7100000000000001,4,N,44663
1.9,0.7100000000000001,0.7100000000000001,5,N,44664
1.9,0.7100000000000001,0.81,1,N,44665
1.9,0.7100000000000001,0.81,2,N,44666
1.9,0.7100000000000001,0.81,3,N,44667
1.9,0.7100000000000001,0.81,4,N,44668
1.9,0.7100000000000001,0.81,5,N,44669
1.9,0.7100000000000001,0.91,1,N,44670
1.9,0.7100000000000001,0.91,2,N,44671
1.9,0.7100000000000001,0.91,3,N,44672
1.9,0.7100000000000001,0.91,4,N,44673
1.9,0.7100000000000001,0.91,5,N,44674
1.9,0.7100000000000001,1.01,1,N,44675
1.9,0.7100000000000001,1.01,2,N,44676
1.9,0.7100000000000001,1.01,3,N,44677
1.9,0.7100000000000001,1.01,4,N,44678
1.9,0.7100000000000001,1.01,5,N,44679
1.9,0.7100000000000001,1.11,1,N,44680
1.9,0.7100000000000001,1.11,2,N,44681
1.9,0.7100000000000001,1.11,3,N,44682
1.9,0.7100000000000001,1.11,4,N,44683
1.9,0.7100000000000001,1.11,5,N,44684
1.9,0.7100000000000001,1.3,1,N,44685
1.9,0.7100000000000001,1.3,2,N,44686
1.9,0.7100000000000001,1.3,3,N,44687
1.9,0.7100000000000001,1.3,4,N,44688
1.9,0.7100000000000001,1.3,5,N,44689
1.9,0.7100000000000001,1.6,1,N,44690
1.9,0.7100000000000001,1.6,2,N,44691
1.9,0.7100000000000001,1.6,3,N,44692
1.9,0.7100000000000001,1.6,4,N,44693
1.9,0.7100000000000001,1.6,5,N,44694
1.9,0.7100000000000001,1.9,1,N,44695
1.9,0.7100000000000001,1.9,2,N,44696
1.9,0.7100000000000001,1.9,3,N,44697
1.9,0.7100000000000001,1.9,4,N,44698
1.9,0.7100000000000001,1.9,5,N,44699
1.9,0.7100000000000001,2.2,1,N,44700
1.9,0.7100000000000001,2.2,2,N,44701
1.9,0.7100000000000001,2.2,3,N,44702
1.9,0.7100000000000001,2.2,4,N,44703
1.9,0.7100000000000001,2.2,5,N,44704
1.9,0.7100000000000001,2.5,1,N,44705
1.9,0.7100000000000001,2.5,2,N,44706
1.9,0.7100000000000001,2.5,3,N,44707
1.9,0.7100000000000001,2.5,4,N,44708
1.9,0.7100000000000001,2.5,5,N,44709
1.9,0.7100000000000001,2.8000000000000003,1,N,44710
1.9,0.7100000000000001,2.8000000000000003,2,N,44711
1.9,0.7100000000000001,2.8000000000000003,3,N,44712
1.9,0.7100000000000001,2.8000000000000003,4,N,44713
1.9,0.7100000000000001,2.8000000000000003,5,N,44714
1.9,0.7100000000000001,3.1000000000000005,1,N,44715
1.9,0.7100000000000001,3.1000000000000005,2,N,44716
1.9,0.7100000000000001,3.1000000000000005,3,N,44717
1.9,0.7100000000000001,3.1000000000000005,4,N,44718
1.9,0.7100000000000001,3.1000000000000005,5,N,44719
1.9,0.7100000000000001,3.4000000000000004,1,N,44720
1.9,0.7100000000000001,3.4000000000000004,2,N,44721
1.9,0.7100000000000001,3.4000000000000004,3,N,44722
1.9,0.7100000000000001,3.4000000000000004,4,N,44723
1.9,0.7100000000000001,3.4000000000000004,5,N,44724
1.9,0.7100000000000001,3.7,1,N,44725
1.9,0.7100000000000001,3.7,2,N,44726
1.9,0.7100000000000001,3.7,3,N,44727
1.9,0.7100000000000001,3.7,4,N,44728
1.9,0.7100000000000001,3.7,5,N,44729
1.9,0.7100000000000001,4.0,1,N,44730
1.9,0.7100000000000001,4.0,2,N,44731
1.9,0.7100000000000001,4.0,3,N,44732
1.9,0.7100000000000001,4.0,4,N,44733
1.9,0.7100000000000001,4.0,5,N,44734
1.9,0.7100000000000001,4.300000000000002,1,N,44735
1.9,0.7100000000000001,4.300000000000002,2,N,44736
1.9,0.7100000000000001,4.300000000000002,3,N,44737
1.9,0.7100000000000001,4.300000000000002,4,N,44738
1.9,0.7100000000000001,4.300000000000002,5,N,44739
1.9,0.7100000000000001,4.6000000000000005,1,N,44740
1.9,0.7100000000000001,4.6000000000000005,2,N,44741
1.9,0.7100000000000001,4.6000000000000005,3,N,44742
1.9,0.7100000000000001,4.6000000000000005,4,N,44743
1.9,0.7100000000000001,4.6000000000000005,5,N,44744
1.9,0.7100000000000001,4.9,1,N,44745
1.9,0.7100000000000001,4.9,2,N,44746
1.9,0.7100000000000001,4.9,3,N,44747
1.9,0.7100000000000001,4.9,4,N,44748
1.9,0.7100000000000001,4.9,5,N,44749
1.9,0.81,0.01,1,N,44750
1.9,0.81,0.01,2,N,44751
1.9,0.81,0.01,3,N,44752
1.9,0.81,0.01,4,N,44753
1.9,0.81,0.01,5,N,44754
1.9,0.81,0.11,1,N,44755
1.9,0.81,0.11,2,N,44756
1.9,0.81,0.11,3,N,44757
1.9,0.81,0.11,4,N,44758
1.9,0.81,0.11,5,N,44759
1.9,0.81,0.21,1,N,44760
1.9,0.81,0.21,2,N,44761
1.9,0.81,0.21,3,N,44762
1.9,0.81,0.21,4,N,44763
1.9,0.81,0.21,5,N,44764
1.9,0.81,0.31000000000000005,1,N,44765
1.9,0.81,0.31000000000000005,2,N,44766
1.9,0.81,0.31000000000000005,3,N,44767
1.9,0.81,0.31000000000000005,4,N,44768
1.9,0.81,0.31000000000000005,5,N,44769
1.9,0.81,0.41,1,N,44770
1.9,0.81,0.41,2,N,44771
1.9,0.81,0.41,3,N,44772
1.9,0.81,0.41,4,N,44773
1.9,0.81,0.41,5,N,44774
1.9,0.81,0.51,1,N,44775
1.9,0.81,0.51,2,N,44776
1.9,0.81,0.51,3,N,44777
1.9,0.81,0.51,4,N,44778
1.9,0.81,0.51,5,N,44779
1.9,0.81,0.6100000000000001,1,N,44780
1.9,0.81,0.6100000000000001,2,N,44781
1.9,0.81,0.6100000000000001,3,N,44782
1.9,0.81,0.6100000000000001,4,N,44783
1.9,0.81,0.6100000000000001,5,N,44784
1.9,0.81,0.7100000000000001,1,N,44785
1.9,0.81,0.7100000000000001,2,N,44786
1.9,0.81,0.7100000000000001,3,N,44787
1.9,0.81,0.7100000000000001,4,N,44788
1.9,0.81,0.7100000000000001,5,N,44789
1.9,0.81,0.81,1,N,44790
1.9,0.81,0.81,2,N,44791
1.9,0.81,0.81,3,N,44792
1.9,0.81,0.81,4,N,44793
1.9,0.81,0.81,5,N,44794
1.9,0.81,0.91,1,N,44795
1.9,0.81,0.91,2,N,44796
1.9,0.81,0.91,3,N,44797
1.9,0.81,0.91,4,N,44798
1.9,0.81,0.91,5,N,44799
1.9,0.81,1.01,1,N,44800
1.9,0.81,1.01,2,N,44801
1.9,0.81,1.01,3,N,44802
1.9,0.81,1.01,4,N,44803
1.9,0.81,1.01,5,N,44804
1.9,0.81,1.11,1,N,44805
1.9,0.81,1.11,2,N,44806
1.9,0.81,1.11,3,N,44807
1.9,0.81,1.11,4,N,44808
1.9,0.81,1.11,5,N,44809
1.9,0.81,1.3,1,N,44810
1.9,0.81,1.3,2,N,44811
1.9,0.81,1.3,3,N,44812
1.9,0.81,1.3,4,N,44813
1.9,0.81,1.3,5,N,44814
1.9,0.81,1.6,1,N,44815
1.9,0.81,1.6,2,N,44816
1.9,0.81,1.6,3,N,44817
1.9,0.81,1.6,4,N,44818
1.9,0.81,1.6,5,N,44819
1.9,0.81,1.9,1,N,44820
1.9,0.81,1.9,2,N,44821
1.9,0.81,1.9,3,N,44822
1.9,0.81,1.9,4,N,44823
1.9,0.81,1.9,5,N,44824
1.9,0.81,2.2,1,N,44825
1.9,0.81,2.2,2,N,44826
1.9,0.81,2.2,3,N,44827
1.9,0.81,2.2,4,N,44828
1.9,0.81,2.2,5,N,44829
1.9,0.81,2.5,1,N,44830
1.9,0.81,2.5,2,N,44831
1.9,0.81,2.5,3,N,44832
1.9,0.81,2.5,4,N,44833
1.9,0.81,2.5,5,N,44834
1.9,0.81,2.8000000000000003,1,N,44835
1.9,0.81,2.8000000000000003,2,N,44836
1.9,0.81,2.8000000000000003,3,N,44837
1.9,0.81,2.8000000000000003,4,N,44838
1.9,0.81,2.8000000000000003,5,N,44839
1.9,0.81,3.1000000000000005,1,N,44840
1.9,0.81,3.1000000000000005,2,N,44841
1.9,0.81,3.1000000000000005,3,N,44842
1.9,0.81,3.1000000000000005,4,N,44843
1.9,0.81,3.1000000000000005,5,N,44844
1.9,0.81,3.4000000000000004,1,N,44845
1.9,0.81,3.4000000000000004,2,N,44846
1.9,0.81,3.4000000000000004,3,N,44847
1.9,0.81,3.4000000000000004,4,N,44848
1.9,0.81,3.4000000000000004,5,N,44849
1.9,0.81,3.7,1,N,44850
1.9,0.81,3.7,2,N,44851
1.9,0.81,3.7,3,N,44852
1.9,0.81,3.7,4,N,44853
1.9,0.81,3.7,5,N,44854
1.9,0.81,4.0,1,N,44855
1.9,0.81,4.0,2,N,44856
1.9,0.81,4.0,3,N,44857
1.9,0.81,4.0,4,N,44858
1.9,0.81,4.0,5,N,44859
1.9,0.81,4.300000000000002,1,N,44860
1.9,0.81,4.300000000000002,2,N,44861
1.9,0.81,4.300000000000002,3,N,44862
1.9,0.81,4.300000000000002,4,N,44863
1.9,0.81,4.300000000000002,5,N,44864
1.9,0.81,4.6000000000000005,1,N,44865
1.9,0.81,4.6000000000000005,2,N,44866
1.9,0.81,4.6000000000000005,3,N,44867
1.9,0.81,4.6000000000000005,4,N,44868
1.9,0.81,4.6000000000000005,5,N,44869
1.9,0.81,4.9,1,N,44870
1.9,0.81,4.9,2,N,44871
1.9,0.81,4.9,3,N,44872
1.9,0.81,4.9,4,N,44873
1.9,0.81,4.9,5,N,44874
1.9,0.91,0.01,1,N,44875
1.9,0.91,0.01,2,N,44876
1.9,0.91,0.01,3,N,44877
1.9,0.91,0.01,4,N,44878
1.9,0.91,0.01,5,N,44879
1.9,0.91,0.11,1,N,44880
1.9,0.91,0.11,2,N,44881
1.9,0.91,0.11,3,N,44882
1.9,0.91,0.11,4,N,44883
1.9,0.91,0.11,5,N,44884
1.9,0.91,0.21,1,N,44885
1.9,0.91,0.21,2,N,44886
1.9,0.91,0.21,3,N,44887
1.9,0.91,0.21,4,N,44888
1.9,0.91,0.21,5,N,44889
1.9,0.91,0.31000000000000005,1,N,44890
1.9,0.91,0.31000000000000005,2,N,44891
1.9,0.91,0.31000000000000005,3,N,44892
1.9,0.91,0.31000000000000005,4,N,44893
1.9,0.91,0.31000000000000005,5,N,44894
1.9,0.91,0.41,1,N,44895
1.9,0.91,0.41,2,N,44896
1.9,0.91,0.41,3,N,44897
1.9,0.91,0.41,4,N,44898
1.9,0.91,0.41,5,N,44899
1.9,0.91,0.51,1,N,44900
1.9,0.91,0.51,2,N,44901
1.9,0.91,0.51,3,N,44902
1.9,0.91,0.51,4,N,44903
1.9,0.91,0.51,5,N,44904
1.9,0.91,0.6100000000000001,1,N,44905
1.9,0.91,0.6100000000000001,2,N,44906
1.9,0.91,0.6100000000000001,3,N,44907
1.9,0.91,0.6100000000000001,4,N,44908
1.9,0.91,0.6100000000000001,5,N,44909
1.9,0.91,0.7100000000000001,1,N,44910
1.9,0.91,0.7100000000000001,2,N,44911
1.9,0.91,0.7100000000000001,3,N,44912
1.9,0.91,0.7100000000000001,4,N,44913
1.9,0.91,0.7100000000000001,5,N,44914
1.9,0.91,0.81,1,N,44915
1.9,0.91,0.81,2,N,44916
1.9,0.91,0.81,3,N,44917
1.9,0.91,0.81,4,N,44918
1.9,0.91,0.81,5,N,44919
1.9,0.91,0.91,1,N,44920
1.9,0.91,0.91,2,N,44921
1.9,0.91,0.91,3,N,44922
1.9,0.91,0.91,4,N,44923
1.9,0.91,0.91,5,N,44924
1.9,0.91,1.01,1,N,44925
1.9,0.91,1.01,2,N,44926
1.9,0.91,1.01,3,N,44927
1.9,0.91,1.01,4,N,44928
1.9,0.91,1.01,5,N,44929
1.9,0.91,1.11,1,N,44930
1.9,0.91,1.11,2,N,44931
1.9,0.91,1.11,3,N,44932
1.9,0.91,1.11,4,N,44933
1.9,0.91,1.11,5,N,44934
1.9,0.91,1.3,1,N,44935
1.9,0.91,1.3,2,N,44936
1.9,0.91,1.3,3,N,44937
1.9,0.91,1.3,4,N,44938
1.9,0.91,1.3,5,N,44939
1.9,0.91,1.6,1,N,44940
1.9,0.91,1.6,2,N,44941
1.9,0.91,1.6,3,N,44942
1.9,0.91,1.6,4,N,44943
1.9,0.91,1.6,5,N,44944
1.9,0.91,1.9,1,N,44945
1.9,0.91,1.9,2,N,44946
1.9,0.91,1.9,3,N,44947
1.9,0.91,1.9,4,N,44948
1.9,0.91,1.9,5,N,44949
1.9,0.91,2.2,1,N,44950
1.9,0.91,2.2,2,N,44951
1.9,0.91,2.2,3,N,44952
1.9,0.91,2.2,4,N,44953
1.9,0.91,2.2,5,N,44954
1.9,0.91,2.5,1,N,44955
1.9,0.91,2.5,2,N,44956
1.9,0.91,2.5,3,N,44957
1.9,0.91,2.5,4,N,44958
1.9,0.91,2.5,5,N,44959
1.9,0.91,2.8000000000000003,1,N,44960
1.9,0.91,2.8000000000000003,2,N,44961
1.9,0.91,2.8000000000000003,3,N,44962
1.9,0.91,2.8000000000000003,4,N,44963
1.9,0.91,2.8000000000000003,5,N,44964
1.9,0.91,3.1000000000000005,1,N,44965
1.9,0.91,3.1000000000000005,2,N,44966
1.9,0.91,3.1000000000000005,3,N,44967
1.9,0.91,3.1000000000000005,4,N,44968
1.9,0.91,3.1000000000000005,5,N,44969
1.9,0.91,3.4000000000000004,1,N,44970
1.9,0.91,3.4000000000000004,2,N,44971
1.9,0.91,3.4000000000000004,3,N,44972
1.9,0.91,3.4000000000000004,4,N,44973
1.9,0.91,3.4000000000000004,5,N,44974
1.9,0.91,3.7,1,N,44975
1.9,0.91,3.7,2,N,44976
1.9,0.91,3.7,3,N,44977
1.9,0.91,3.7,4,N,44978
1.9,0.91,3.7,5,N,44979
1.9,0.91,4.0,1,N,44980
1.9,0.91,4.0,2,N,44981
1.9,0.91,4.0,3,N,44982
1.9,0.91,4.0,4,N,44983
1.9,0.91,4.0,5,N,44984
1.9,0.91,4.300000000000002,1,N,44985
1.9,0.91,4.300000000000002,2,N,44986
1.9,0.91,4.300000000000002,3,N,44987
1.9,0.91,4.300000000000002,4,N,44988
1.9,0.91,4.300000000000002,5,N,44989
1.9,0.91,4.6000000000000005,1,N,44990
1.9,0.91,4.6000000000000005,2,N,44991
1.9,0.91,4.6000000000000005,3,N,44992
1.9,0.91,4.6000000000000005,4,N,44993
1.9,0.91,4.6000000000000005,5,N,44994
1.9,0.91,4.9,1,N,44995
1.9,0.91,4.9,2,N,44996
1.9,0.91,4.9,3,N,44997
1.9,0.91,4.9,4,N,44998
1.9,0.91,4.9,5,N,44999
1.9,1.01,0.01,1,N,45000
1.9,1.01,0.01,2,N,45001
1.9,1.01,0.01,3,N,45002
1.9,1.01,0.01,4,N,45003
1.9,1.01,0.01,5,N,45004
1.9,1.01,0.11,1,N,45005
1.9,1.01,0.11,2,N,45006
1.9,1.01,0.11,3,N,45007
1.9,1.01,0.11,4,N,45008
1.9,1.01,0.11,5,N,45009
1.9,1.01,0.21,1,N,45010
1.9,1.01,0.21,2,N,45011
1.9,1.01,0.21,3,N,45012
1.9,1.01,0.21,4,N,45013
1.9,1.01,0.21,5,N,45014
1.9,1.01,0.31000000000000005,1,N,45015
1.9,1.01,0.31000000000000005,2,N,45016
1.9,1.01,0.31000000000000005,3,N,45017
1.9,1.01,0.31000000000000005,4,N,45018
1.9,1.01,0.31000000000000005,5,N,45019
1.9,1.01,0.41,1,N,45020
1.9,1.01,0.41,2,N,45021
1.9,1.01,0.41,3,N,45022
1.9,1.01,0.41,4,N,45023
1.9,1.01,0.41,5,N,45024
1.9,1.01,0.51,1,N,45025
1.9,1.01,0.51,2,N,45026
1.9,1.01,0.51,3,N,45027
1.9,1.01,0.51,4,N,45028
1.9,1.01,0.51,5,N,45029
1.9,1.01,0.6100000000000001,1,N,45030
1.9,1.01,0.6100000000000001,2,N,45031
1.9,1.01,0.6100000000000001,3,N,45032
1.9,1.01,0.6100000000000001,4,N,45033
1.9,1.01,0.6100000000000001,5,N,45034
1.9,1.01,0.7100000000000001,1,N,45035
1.9,1.01,0.7100000000000001,2,N,45036
1.9,1.01,0.7100000000000001,3,N,45037
1.9,1.01,0.7100000000000001,4,N,45038
1.9,1.01,0.7100000000000001,5,N,45039
1.9,1.01,0.81,1,N,45040
1.9,1.01,0.81,2,N,45041
1.9,1.01,0.81,3,N,45042
1.9,1.01,0.81,4,N,45043
1.9,1.01,0.81,5,N,45044
1.9,1.01,0.91,1,N,45045
1.9,1.01,0.91,2,N,45046
1.9,1.01,0.91,3,N,45047
1.9,1.01,0.91,4,N,45048
1.9,1.01,0.91,5,N,45049
1.9,1.01,1.01,1,N,45050
1.9,1.01,1.01,2,N,45051
1.9,1.01,1.01,3,N,45052
1.9,1.01,1.01,4,N,45053
1.9,1.01,1.01,5,N,45054
1.9,1.01,1.11,1,N,45055
1.9,1.01,1.11,2,N,45056
1.9,1.01,1.11,3,N,45057
1.9,1.01,1.11,4,N,45058
1.9,1.01,1.11,5,N,45059
1.9,1.01,1.3,1,N,45060
1.9,1.01,1.3,2,N,45061
1.9,1.01,1.3,3,N,45062
1.9,1.01,1.3,4,N,45063
1.9,1.01,1.3,5,N,45064
1.9,1.01,1.6,1,N,45065
1.9,1.01,1.6,2,N,45066
1.9,1.01,1.6,3,N,45067
1.9,1.01,1.6,4,N,45068
1.9,1.01,1.6,5,N,45069
1.9,1.01,1.9,1,N,45070
1.9,1.01,1.9,2,N,45071
1.9,1.01,1.9,3,N,45072
1.9,1.01,1.9,4,N,45073
1.9,1.01,1.9,5,N,45074
1.9,1.01,2.2,1,N,45075
1.9,1.01,2.2,2,N,45076
1.9,1.01,2.2,3,N,45077
1.9,1.01,2.2,4,N,45078
1.9,1.01,2.2,5,N,45079
1.9,1.01,2.5,1,N,45080
1.9,1.01,2.5,2,N,45081
1.9,1.01,2.5,3,N,45082
1.9,1.01,2.5,4,N,45083
1.9,1.01,2.5,5,N,45084
1.9,1.01,2.8000000000000003,1,N,45085
1.9,1.01,2.8000000000000003,2,N,45086
1.9,1.01,2.8000000000000003,3,N,45087
1.9,1.01,2.8000000000000003,4,N,45088
1.9,1.01,2.8000000000000003,5,N,45089
1.9,1.01,3.1000000000000005,1,N,45090
1.9,1.01,3.1000000000000005,2,N,45091
1.9,1.01,3.1000000000000005,3,N,45092
1.9,1.01,3.1000000000000005,4,N,45093
1.9,1.01,3.1000000000000005,5,N,45094
1.9,1.01,3.4000000000000004,1,N,45095
1.9,1.01,3.4000000000000004,2,N,45096
1.9,1.01,3.4000000000000004,3,N,45097
1.9,1.01,3.4000000000000004,4,N,45098
1.9,1.01,3.4000000000000004,5,N,45099
1.9,1.01,3.7,1,N,45100
1.9,1.01,3.7,2,N,45101
1.9,1.01,3.7,3,N,45102
1.9,1.01,3.7,4,N,45103
1.9,1.01,3.7,5,N,45104
1.9,1.01,4.0,1,N,45105
1.9,1.01,4.0,2,N,45106
1.9,1.01,4.0,3,N,45107
1.9,1.01,4.0,4,N,45108
1.9,1.01,4.0,5,N,45109
1.9,1.01,4.300000000000002,1,N,45110
1.9,1.01,4.300000000000002,2,N,45111
1.9,1.01,4.300000000000002,3,N,45112
1.9,1.01,4.300000000000002,4,N,45113
1.9,1.01,4.300000000000002,5,N,45114
1.9,1.01,4.6000000000000005,1,N,45115
1.9,1.01,4.6000000000000005,2,N,45116
1.9,1.01,4.6000000000000005,3,N,45117
1.9,1.01,4.6000000000000005,4,N,45118
1.9,1.01,4.6000000000000005,5,N,45119
1.9,1.01,4.9,1,N,45120
1.9,1.01,4.9,2,N,45121
1.9,1.01,4.9,3,N,45122
1.9,1.01,4.9,4,N,45123
1.9,1.01,4.9,5,N,45124
1.9,1.11,0.01,1,N,45125
1.9,1.11,0.01,2,N,45126
1.9,1.11,0.01,3,N,45127
1.9,1.11,0.01,4,N,45128
1.9,1.11,0.01,5,N,45129
1.9,1.11,0.11,1,N,45130
1.9,1.11,0.11,2,N,45131
1.9,1.11,0.11,3,N,45132
1.9,1.11,0.11,4,N,45133
1.9,1.11,0.11,5,N,45134
1.9,1.11,0.21,1,N,45135
1.9,1.11,0.21,2,N,45136
1.9,1.11,0.21,3,N,45137
1.9,1.11,0.21,4,N,45138
1.9,1.11,0.21,5,N,45139
1.9,1.11,0.31000000000000005,1,N,45140
1.9,1.11,0.31000000000000005,2,N,45141
1.9,1.11,0.31000000000000005,3,N,45142
1.9,1.11,0.31000000000000005,4,N,45143
1.9,1.11,0.31000000000000005,5,N,45144
1.9,1.11,0.41,1,N,45145
1.9,1.11,0.41,2,N,45146
1.9,1.11,0.41,3,N,45147
1.9,1.11,0.41,4,N,45148
1.9,1.11,0.41,5,N,45149
1.9,1.11,0.51,1,N,45150
1.9,1.11,0.51,2,N,45151
1.9,1.11,0.51,3,N,45152
1.9,1.11,0.51,4,N,45153
1.9,1.11,0.51,5,N,45154
1.9,1.11,0.6100000000000001,1,N,45155
1.9,1.11,0.6100000000000001,2,N,45156
1.9,1.11,0.6100000000000001,3,N,45157
1.9,1.11,0.6100000000000001,4,N,45158
1.9,1.11,0.6100000000000001,5,N,45159
1.9,1.11,0.7100000000000001,1,N,45160
1.9,1.11,0.7100000000000001,2,N,45161
1.9,1.11,0.7100000000000001,3,N,45162
1.9,1.11,0.7100000000000001,4,N,45163
1.9,1.11,0.7100000000000001,5,N,45164
1.9,1.11,0.81,1,N,45165
1.9,1.11,0.81,2,N,45166
1.9,1.11,0.81,3,N,45167
1.9,1.11,0.81,4,N,45168
1.9,1.11,0.81,5,N,45169
1.9,1.11,0.91,1,N,45170
1.9,1.11,0.91,2,N,45171
1.9,1.11,0.91,3,N,45172
1.9,1.11,0.91,4,N,45173
1.9,1.11,0.91,5,N,45174
1.9,1.11,1.01,1,N,45175
1.9,1.11,1.01,2,N,45176
1.9,1.11,1.01,3,N,45177
1.9,1.11,1.01,4,N,45178
1.9,1.11,1.01,5,N,45179
1.9,1.11,1.11,1,N,45180
1.9,1.11,1.11,2,N,45181
1.9,1.11,1.11,3,N,45182
1.9,1.11,1.11,4,N,45183
1.9,1.11,1.11,5,N,45184
1.9,1.11,1.3,1,N,45185
1.9,1.11,1.3,2,N,45186
1.9,1.11,1.3,3,N,45187
1.9,1.11,1.3,4,N,45188
1.9,1.11,1.3,5,N,45189
1.9,1.11,1.6,1,N,45190
1.9,1.11,1.6,2,N,45191
1.9,1.11,1.6,3,N,45192
1.9,1.11,1.6,4,N,45193
1.9,1.11,1.6,5,N,45194
1.9,1.11,1.9,1,N,45195
1.9,1.11,1.9,2,N,45196
1.9,1.11,1.9,3,N,45197
1.9,1.11,1.9,4,N,45198
1.9,1.11,1.9,5,N,45199
1.9,1.11,2.2,1,N,45200
1.9,1.11,2.2,2,N,45201
1.9,1.11,2.2,3,N,45202
1.9,1.11,2.2,4,N,45203
1.9,1.11,2.2,5,N,45204
1.9,1.11,2.5,1,N,45205
1.9,1.11,2.5,2,N,45206
1.9,1.11,2.5,3,N,45207
1.9,1.11,2.5,4,N,45208
1.9,1.11,2.5,5,N,45209
1.9,1.11,2.8000000000000003,1,N,45210
1.9,1.11,2.8000000000000003,2,N,45211
1.9,1.11,2.8000000000000003,3,N,45212
1.9,1.11,2.8000000000000003,4,N,45213
1.9,1.11,2.8000000000000003,5,N,45214
1.9,1.11,3.1000000000000005,1,N,45215
1.9,1.11,3.1000000000000005,2,N,45216
1.9,1.11,3.1000000000000005,3,N,45217
1.9,1.11,3.1000000000000005,4,N,45218
1.9,1.11,3.1000000000000005,5,N,45219
1.9,1.11,3.4000000000000004,1,N,45220
1.9,1.11,3.4000000000000004,2,N,45221
1.9,1.11,3.4000000000000004,3,N,45222
1.9,1.11,3.4000000000000004,4,N,45223
1.9,1.11,3.4000000000000004,5,N,45224
1.9,1.11,3.7,1,N,45225
1.9,1.11,3.7,2,N,45226
1.9,1.11,3.7,3,N,45227
1.9,1.11,3.7,4,N,45228
1.9,1.11,3.7,5,N,45229
1.9,1.11,4.0,1,N,45230
1.9,1.11,4.0,2,N,45231
1.9,1.11,4.0,3,N,45232
1.9,1.11,4.0,4,N,45233
1.9,1.11,4.0,5,N,45234
1.9,1.11,4.300000000000002,1,N,45235
1.9,1.11,4.300000000000002,2,N,45236
1.9,1.11,4.300000000000002,3,N,45237
1.9,1.11,4.300000000000002,4,N,45238
1.9,1.11,4.300000000000002,5,N,45239
1.9,1.11,4.6000000000000005,1,N,45240
1.9,1.11,4.6000000000000005,2,N,45241
1.9,1.11,4.6000000000000005,3,N,45242
1.9,1.11,4.6000000000000005,4,N,45243
1.9,1.11,4.6000000000000005,5,N,45244
1.9,1.11,4.9,1,N,45245
1.9,1.11,4.9,2,N,45246
1.9,1.11,4.9,3,N,45247
1.9,1.11,4.9,4,N,45248
1.9,1.11,4.9,5,N,45249
1.9,1.3,0.01,1,N,45250
1.9,1.3,0.01,2,N,45251
1.9,1.3,0.01,3,N,45252
1.9,1.3,0.01,4,N,45253
1.9,1.3,0.01,5,N,45254
1.9,1.3,0.11,1,N,45255
1.9,1.3,0.11,2,N,45256
1.9,1.3,0.11,3,N,45257
1.9,1.3,0.11,4,N,45258
1.9,1.3,0.11,5,N,45259
1.9,1.3,0.21,1,N,45260
1.9,1.3,0.21,2,N,45261
1.9,1.3,0.21,3,N,45262
1.9,1.3,0.21,4,N,45263
1.9,1.3,0.21,5,N,45264
1.9,1.3,0.31000000000000005,1,N,45265
1.9,1.3,0.31000000000000005,2,N,45266
1.9,1.3,0.31000000000000005,3,N,45267
1.9,1.3,0.31000000000000005,4,N,45268
1.9,1.3,0.31000000000000005,5,N,45269
1.9,1.3,0.41,1,N,45270
1.9,1.3,0.41,2,N,45271
1.9,1.3,0.41,3,N,45272
1.9,1.3,0.41,4,N,45273
1.9,1.3,0.41,5,N,45274
1.9,1.3,0.51,1,N,45275
1.9,1.3,0.51,2,N,45276
1.9,1.3,0.51,3,N,45277
1.9,1.3,0.51,4,N,45278
1.9,1.3,0.51,5,N,45279
1.9,1.3,0.6100000000000001,1,N,45280
1.9,1.3,0.6100000000000001,2,N,45281
1.9,1.3,0.6100000000000001,3,N,45282
1.9,1.3,0.6100000000000001,4,N,45283
1.9,1.3,0.6100000000000001,5,N,45284
1.9,1.3,0.7100000000000001,1,N,45285
1.9,1.3,0.7100000000000001,2,N,45286
1.9,1.3,0.7100000000000001,3,N,45287
1.9,1.3,0.7100000000000001,4,N,45288
1.9,1.3,0.7100000000000001,5,N,45289
1.9,1.3,0.81,1,N,45290
1.9,1.3,0.81,2,N,45291
1.9,1.3,0.81,3,N,45292
1.9,1.3,0.81,4,N,45293
1.9,1.3,0.81,5,N,45294
1.9,1.3,0.91,1,N,45295
1.9,1.3,0.91,2,N,45296
1.9,1.3,0.91,3,N,45297
1.9,1.3,0.91,4,N,45298
1.9,1.3,0.91,5,N,45299
1.9,1.3,1.01,1,N,45300
1.9,1.3,1.01,2,N,45301
1.9,1.3,1.01,3,N,45302
1.9,1.3,1.01,4,N,45303
1.9,1.3,1.01,5,N,45304
1.9,1.3,1.11,1,N,45305
1.9,1.3,1.11,2,N,45306
1.9,1.3,1.11,3,N,45307
1.9,1.3,1.11,4,N,45308
1.9,1.3,1.11,5,N,45309
1.9,1.3,1.3,1,N,45310
1.9,1.3,1.3,2,N,45311
1.9,1.3,1.3,3,N,45312
1.9,1.3,1.3,4,N,45313
1.9,1.3,1.3,5,N,45314
1.9,1.3,1.6,1,N,45315
1.9,1.3,1.6,2,N,45316
1.9,1.3,1.6,3,N,45317
1.9,1.3,1.6,4,N,45318
1.9,1.3,1.6,5,N,45319
1.9,1.3,1.9,1,N,45320
1.9,1.3,1.9,2,N,45321
1.9,1.3,1.9,3,N,45322
1.9,1.3,1.9,4,N,45323
1.9,1.3,1.9,5,N,45324
1.9,1.3,2.2,1,N,45325
1.9,1.3,2.2,2,N,45326
1.9,1.3,2.2,3,N,45327
1.9,1.3,2.2,4,N,45328
1.9,1.3,2.2,5,N,45329
1.9,1.3,2.5,1,N,45330
1.9,1.3,2.5,2,N,45331
1.9,1.3,2.5,3,N,45332
1.9,1.3,2.5,4,N,45333
1.9,1.3,2.5,5,N,45334
1.9,1.3,2.8000000000000003,1,N,45335
1.9,1.3,2.8000000000000003,2,N,45336
1.9,1.3,2.8000000000000003,3,N,45337
1.9,1.3,2.8000000000000003,4,N,45338
1.9,1.3,2.8000000000000003,5,N,45339
1.9,1.3,3.1000000000000005,1,N,45340
1.9,1.3,3.1000000000000005,2,N,45341
1.9,1.3,3.1000000000000005,3,N,45342
1.9,1.3,3.1000000000000005,4,N,45343
1.9,1.3,3.1000000000000005,5,N,45344
1.9,1.3,3.4000000000000004,1,N,45345
1.9,1.3,3.4000000000000004,2,N,45346
1.9,1.3,3.4000000000000004,3,N,45347
1.9,1.3,3.4000000000000004,4,N,45348
1.9,1.3,3.4000000000000004,5,N,45349
1.9,1.3,3.7,1,N,45350
1.9,1.3,3.7,2,N,45351
1.9,1.3,3.7,3,N,45352
1.9,1.3,3.7,4,N,45353
1.9,1.3,3.7,5,N,45354
1.9,1.3,4.0,1,N,45355
1.9,1.3,4.0,2,N,45356
1.9,1.3,4.0,3,N,45357
1.9,1.3,4.0,4,N,45358
1.9,1.3,4.0,5,N,45359
1.9,1.3,4.300000000000002,1,N,45360
1.9,1.3,4.300000000000002,2,N,45361
1.9,1.3,4.300000000000002,3,N,45362
1.9,1.3,4.300000000000002,4,N,45363
1.9,1.3,4.300000000000002,5,N,45364
1.9,1.3,4.6000000000000005,1,N,45365
1.9,1.3,4.6000000000000005,2,N,45366
1.9,1.3,4.6000000000000005,3,N,45367
1.9,1.3,4.6000000000000005,4,N,45368
1.9,1.3,4.6000000000000005,5,N,45369
1.9,1.3,4.9,1,N,45370
1.9,1.3,4.9,2,N,45371
1.9,1.3,4.9,3,N,45372
1.9,1.3,4.9,4,N,45373
1.9,1.3,4.9,5,N,45374
1.9,1.6,0.01,1,N,45375
1.9,1.6,0.01,2,N,45376
1.9,1.6,0.01,3,N,45377
1.9,1.6,0.01,4,N,45378
1.9,1.6,0.01,5,N,45379
1.9,1.6,0.11,1,N,45380
1.9,1.6,0.11,2,N,45381
1.9,1.6,0.11,3,N,45382
1.9,1.6,0.11,4,N,45383
1.9,1.6,0.11,5,N,45384
1.9,1.6,0.21,1,N,45385
1.9,1.6,0.21,2,N,45386
1.9,1.6,0.21,3,N,45387
1.9,1.6,0.21,4,N,45388
1.9,1.6,0.21,5,N,45389
1.9,1.6,0.31000000000000005,1,N,45390
1.9,1.6,0.31000000000000005,2,N,45391
1.9,1.6,0.31000000000000005,3,N,45392
1.9,1.6,0.31000000000000005,4,N,45393
1.9,1.6,0.31000000000000005,5,N,45394
1.9,1.6,0.41,1,N,45395
1.9,1.6,0.41,2,N,45396
1.9,1.6,0.41,3,N,45397
1.9,1.6,0.41,4,N,45398
1.9,1.6,0.41,5,N,45399
1.9,1.6,0.51,1,N,45400
1.9,1.6,0.51,2,N,45401
1.9,1.6,0.51,3,N,45402
1.9,1.6,0.51,4,N,45403
1.9,1.6,0.51,5,N,45404
1.9,1.6,0.6100000000000001,1,N,45405
1.9,1.6,0.6100000000000001,2,N,45406
1.9,1.6,0.6100000000000001,3,N,45407
1.9,1.6,0.6100000000000001,4,N,45408
1.9,1.6,0.6100000000000001,5,N,45409
1.9,1.6,0.7100000000000001,1,N,45410
1.9,1.6,0.7100000000000001,2,N,45411
1.9,1.6,0.7100000000000001,3,N,45412
1.9,1.6,0.7100000000000001,4,N,45413
1.9,1.6,0.7100000000000001,5,N,45414
1.9,1.6,0.81,1,N,45415
1.9,1.6,0.81,2,N,45416
1.9,1.6,0.81,3,N,45417
1.9,1.6,0.81,4,N,45418
1.9,1.6,0.81,5,N,45419
1.9,1.6,0.91,1,N,45420
1.9,1.6,0.91,2,N,45421
1.9,1.6,0.91,3,N,45422
1.9,1.6,0.91,4,N,45423
1.9,1.6,0.91,5,N,45424
1.9,1.6,1.01,1,N,45425
1.9,1.6,1.01,2,N,45426
1.9,1.6,1.01,3,N,45427
1.9,1.6,1.01,4,N,45428
1.9,1.6,1.01,5,N,45429
1.9,1.6,1.11,1,N,45430
1.9,1.6,1.11,2,N,45431
1.9,1.6,1.11,3,N,45432
1.9,1.6,1.11,4,N,45433
1.9,1.6,1.11,5,N,45434
1.9,1.6,1.3,1,N,45435
1.9,1.6,1.3,2,N,45436
1.9,1.6,1.3,3,N,45437
1.9,1.6,1.3,4,N,45438
1.9,1.6,1.3,5,N,45439
1.9,1.6,1.6,1,N,45440
1.9,1.6,1.6,2,N,45441
1.9,1.6,1.6,3,N,45442
1.9,1.6,1.6,4,N,45443
1.9,1.6,1.6,5,N,45444
1.9,1.6,1.9,1,N,45445
1.9,1.6,1.9,2,N,45446
1.9,1.6,1.9,3,N,45447
1.9,1.6,1.9,4,N,45448
1.9,1.6,1.9,5,N,45449
1.9,1.6,2.2,1,N,45450
1.9,1.6,2.2,2,N,45451
1.9,1.6,2.2,3,N,45452
1.9,1.6,2.2,4,N,45453
1.9,1.6,2.2,5,N,45454
1.9,1.6,2.5,1,N,45455
1.9,1.6,2.5,2,N,45456
1.9,1.6,2.5,3,N,45457
1.9,1.6,2.5,4,N,45458
1.9,1.6,2.5,5,N,45459
1.9,1.6,2.8000000000000003,1,N,45460
1.9,1.6,2.8000000000000003,2,N,45461
1.9,1.6,2.8000000000000003,3,N,45462
1.9,1.6,2.8000000000000003,4,N,45463
1.9,1.6,2.8000000000000003,5,N,45464
1.9,1.6,3.1000000000000005,1,N,45465
1.9,1.6,3.1000000000000005,2,N,45466
1.9,1.6,3.1000000000000005,3,N,45467
1.9,1.6,3.1000000000000005,4,N,45468
1.9,1.6,3.1000000000000005,5,N,45469
1.9,1.6,3.4000000000000004,1,N,45470
1.9,1.6,3.4000000000000004,2,N,45471
1.9,1.6,3.4000000000000004,3,N,45472
1.9,1.6,3.4000000000000004,4,N,45473
1.9,1.6,3.4000000000000004,5,N,45474
1.9,1.6,3.7,1,N,45475
1.9,1.6,3.7,2,N,45476
1.9,1.6,3.7,3,N,45477
1.9,1.6,3.7,4,N,45478
1.9,1.6,3.7,5,N,45479
1.9,1.6,4.0,1,N,45480
1.9,1.6,4.0,2,N,45481
1.9,1.6,4.0,3,N,45482
1.9,1.6,4.0,4,N,45483
1.9,1.6,4.0,5,N,45484
1.9,1.6,4.300000000000002,1,N,45485
1.9,1.6,4.300000000000002,2,N,45486
1.9,1.6,4.300000000000002,3,N,45487
1.9,1.6,4.300000000000002,4,N,45488
1.9,1.6,4.300000000000002,5,N,45489
1.9,1.6,4.6000000000000005,1,N,45490
1.9,1.6,4.6000000000000005,2,N,45491
1.9,1.6,4.6000000000000005,3,N,45492
1.9,1.6,4.6000000000000005,4,N,45493
1.9,1.6,4.6000000000000005,5,N,45494
1.9,1.6,4.9,1,N,45495
1.9,1.6,4.9,2,N,45496
1.9,1.6,4.9,3,N,45497
1.9,1.6,4.9,4,N,45498
1.9,1.6,4.9,5,N,45499
1.9,1.9,0.01,1,N,45500
1.9,1.9,0.01,2,N,45501
1.9,1.9,0.01,3,N,45502
1.9,1.9,0.01,4,N,45503
1.9,1.9,0.01,5,N,45504
1.9,1.9,0.11,1,N,45505
1.9,1.9,0.11,2,N,45506
1.9,1.9,0.11,3,N,45507
1.9,1.9,0.11,4,N,45508
1.9,1.9,0.11,5,N,45509
1.9,1.9,0.21,1,N,45510
1.9,1.9,0.21,2,N,45511
1.9,1.9,0.21,3,N,45512
1.9,1.9,0.21,4,N,45513
1.9,1.9,0.21,5,N,45514
1.9,1.9,0.31000000000000005,1,N,45515
1.9,1.9,0.31000000000000005,2,N,45516
1.9,1.9,0.31000000000000005,3,N,45517
1.9,1.9,0.31000000000000005,4,N,45518
1.9,1.9,0.31000000000000005,5,N,45519
1.9,1.9,0.41,1,N,45520
1.9,1.9,0.41,2,N,45521
1.9,1.9,0.41,3,N,45522
1.9,1.9,0.41,4,N,45523
1.9,1.9,0.41,5,N,45524
1.9,1.9,0.51,1,N,45525
1.9,1.9,0.51,2,N,45526
1.9,1.9,0.51,3,N,45527
1.9,1.9,0.51,4,N,45528
1.9,1.9,0.51,5,N,45529
1.9,1.9,0.6100000000000001,1,N,45530
1.9,1.9,0.6100000000000001,2,N,45531
1.9,1.9,0.6100000000000001,3,N,45532
1.9,1.9,0.6100000000000001,4,N,45533
1.9,1.9,0.6100000000000001,5,N,45534
1.9,1.9,0.7100000000000001,1,N,45535
1.9,1.9,0.7100000000000001,2,N,45536
1.9,1.9,0.7100000000000001,3,N,45537
1.9,1.9,0.7100000000000001,4,N,45538
1.9,1.9,0.7100000000000001,5,N,45539
1.9,1.9,0.81,1,N,45540
1.9,1.9,0.81,2,N,45541
1.9,1.9,0.81,3,N,45542
1.9,1.9,0.81,4,N,45543
1.9,1.9,0.81,5,N,45544
1.9,1.9,0.91,1,N,45545
1.9,1.9,0.91,2,N,45546
1.9,1.9,0.91,3,N,45547
1.9,1.9,0.91,4,N,45548
1.9,1.9,0.91,5,N,45549
1.9,1.9,1.01,1,N,45550
1.9,1.9,1.01,2,N,45551
1.9,1.9,1.01,3,N,45552
1.9,1.9,1.01,4,N,45553
1.9,1.9,1.01,5,N,45554
1.9,1.9,1.11,1,N,45555
1.9,1.9,1.11,2,N,45556
1.9,1.9,1.11,3,N,45557
1.9,1.9,1.11,4,N,45558
1.9,1.9,1.11,5,N,45559
1.9,1.9,1.3,1,N,45560
1.9,1.9,1.3,2,N,45561
1.9,1.9,1.3,3,N,45562
1.9,1.9,1.3,4,N,45563
1.9,1.9,1.3,5,N,45564
1.9,1.9,1.6,1,N,45565
1.9,1.9,1.6,2,N,45566
1.9,1.9,1.6,3,N,45567
1.9,1.9,1.6,4,N,45568
1.9,1.9,1.6,5,N,45569
1.9,1.9,1.9,1,N,45570
1.9,1.9,1.9,2,N,45571
1.9,1.9,1.9,3,N,45572
1.9,1.9,1.9,4,N,45573
1.9,1.9,1.9,5,N,45574
1.9,1.9,2.2,1,N,45575
1.9,1.9,2.2,2,N,45576
1.9,1.9,2.2,3,N,45577
1.9,1.9,2.2,4,N,45578
1.9,1.9,2.2,5,N,45579
1.9,1.9,2.5,1,N,45580
1.9,1.9,2.5,2,N,45581
1.9,1.9,2.5,3,N,45582
1.9,1.9,2.5,4,N,45583
1.9,1.9,2.5,5,N,45584
1.9,1.9,2.8000000000000003,1,N,45585
1.9,1.9,2.8000000000000003,2,N,45586
1.9,1.9,2.8000000000000003,3,N,45587
1.9,1.9,2.8000000000000003,4,N,45588
1.9,1.9,2.8000000000000003,5,N,45589
1.9,1.9,3.1000000000000005,1,N,45590
1.9,1.9,3.1000000000000005,2,N,45591
1.9,1.9,3.1000000000000005,3,N,45592
1.9,1.9,3.1000000000000005,4,N,45593
1.9,1.9,3.1000000000000005,5,N,45594
1.9,1.9,3.4000000000000004,1,N,45595
1.9,1.9,3.4000000000000004,2,N,45596
1.9,1.9,3.4000000000000004,3,N,45597
1.9,1.9,3.4000000000000004,4,N,45598
1.9,1.9,3.4000000000000004,5,N,45599
1.9,1.9,3.7,1,N,45600
1.9,1.9,3.7,2,N,45601
1.9,1.9,3.7,3,N,45602
1.9,1.9,3.7,4,N,45603
1.9,1.9,3.7,5,N,45604
1.9,1.9,4.0,1,N,45605
1.9,1.9,4.0,2,N,45606
1.9,1.9,4.0,3,N,45607
1.9,1.9,4.0,4,N,45608
1.9,1.9,4.0,5,N,45609
1.9,1.9,4.300000000000002,1,N,45610
1.9,1.9,4.300000000000002,2,N,45611
1.9,1.9,4.300000000000002,3,N,45612
1.9,1.9,4.300000000000002,4,N,45613
1.9,1.9,4.300000000000002,5,N,45614
1.9,1.9,4.6000000000000005,1,N,45615
1.9,1.9,4.6000000000000005,2,N,45616
1.9,1.9,4.6000000000000005,3,N,45617
1.9,1.9,4.6000000000000005,4,N,45618
1.9,1.9,4.6000000000000005,5,N,45619
1.9,1.9,4.9,1,N,45620
1.9,1.9,4.9,2,N,45621
1.9,1.9,4.9,3,N,45622
1.9,1.9,4.9,4,N,45623
1.9,1.9,4.9,5,N,45624
1.9,2.2,0.01,1,N,45625
1.9,2.2,0.01,2,N,45626
1.9,2.2,0.01,3,N,45627
1.9,2.2,0.01,4,N,45628
1.9,2.2,0.01,5,N,45629
1.9,2.2,0.11,1,N,45630
1.9,2.2,0.11,2,N,45631
1.9,2.2,0.11,3,N,45632
1.9,2.2,0.11,4,N,45633
1.9,2.2,0.11,5,N,45634
1.9,2.2,0.21,1,N,45635
1.9,2.2,0.21,2,N,45636
1.9,2.2,0.21,3,N,45637
1.9,2.2,0.21,4,N,45638
1.9,2.2,0.21,5,N,45639
1.9,2.2,0.31000000000000005,1,N,45640
1.9,2.2,0.31000000000000005,2,N,45641
1.9,2.2,0.31000000000000005,3,N,45642
1.9,2.2,0.31000000000000005,4,N,45643
1.9,2.2,0.31000000000000005,5,N,45644
1.9,2.2,0.41,1,N,45645
1.9,2.2,0.41,2,N,45646
1.9,2.2,0.41,3,N,45647
1.9,2.2,0.41,4,N,45648
1.9,2.2,0.41,5,N,45649
1.9,2.2,0.51,1,N,45650
1.9,2.2,0.51,2,N,45651
1.9,2.2,0.51,3,N,45652
1.9,2.2,0.51,4,N,45653
1.9,2.2,0.51,5,N,45654
1.9,2.2,0.6100000000000001,1,N,45655
1.9,2.2,0.6100000000000001,2,N,45656
1.9,2.2,0.6100000000000001,3,N,45657
1.9,2.2,0.6100000000000001,4,N,45658
1.9,2.2,0.6100000000000001,5,N,45659
1.9,2.2,0.7100000000000001,1,N,45660
1.9,2.2,0.7100000000000001,2,N,45661
1.9,2.2,0.7100000000000001,3,N,45662
1.9,2.2,0.7100000000000001,4,N,45663
1.9,2.2,0.7100000000000001,5,N,45664
1.9,2.2,0.81,1,N,45665
1.9,2.2,0.81,2,N,45666
1.9,2.2,0.81,3,N,45667
1.9,2.2,0.81,4,N,45668
1.9,2.2,0.81,5,N,45669
1.9,2.2,0.91,1,N,45670
1.9,2.2,0.91,2,N,45671
1.9,2.2,0.91,3,N,45672
1.9,2.2,0.91,4,N,45673
1.9,2.2,0.91,5,N,45674
1.9,2.2,1.01,1,N,45675
1.9,2.2,1.01,2,N,45676
1.9,2.2,1.01,3,N,45677
1.9,2.2,1.01,4,N,45678
1.9,2.2,1.01,5,N,45679
1.9,2.2,1.11,1,N,45680
1.9,2.2,1.11,2,N,45681
1.9,2.2,1.11,3,N,45682
1.9,2.2,1.11,4,N,45683
1.9,2.2,1.11,5,N,45684
1.9,2.2,1.3,1,N,45685
1.9,2.2,1.3,2,N,45686
1.9,2.2,1.3,3,N,45687
1.9,2.2,1.3,4,N,45688
1.9,2.2,1.3,5,N,45689
1.9,2.2,1.6,1,N,45690
1.9,2.2,1.6,2,N,45691
1.9,2.2,1.6,3,N,45692
1.9,2.2,1.6,4,N,45693
1.9,2.2,1.6,5,N,45694
1.9,2.2,1.9,1,N,45695
1.9,2.2,1.9,2,N,45696
1.9,2.2,1.9,3,N,45697
1.9,2.2,1.9,4,N,45698
1.9,2.2,1.9,5,N,45699
1.9,2.2,2.2,1,N,45700
1.9,2.2,2.2,2,N,45701
1.9,2.2,2.2,3,N,45702
1.9,2.2,2.2,4,N,45703
1.9,2.2,2.2,5,N,45704
1.9,2.2,2.5,1,N,45705
1.9,2.2,2.5,2,N,45706
1.9,2.2,2.5,3,N,45707
1.9,2.2,2.5,4,N,45708
1.9,2.2,2.5,5,N,45709
1.9,2.2,2.8000000000000003,1,N,45710
1.9,2.2,2.8000000000000003,2,N,45711
1.9,2.2,2.8000000000000003,3,N,45712
1.9,2.2,2.8000000000000003,4,N,45713
1.9,2.2,2.8000000000000003,5,N,45714
1.9,2.2,3.1000000000000005,1,N,45715
1.9,2.2,3.1000000000000005,2,N,45716
1.9,2.2,3.1000000000000005,3,N,45717
1.9,2.2,3.1000000000000005,4,N,45718
1.9,2.2,3.1000000000000005,5,N,45719
1.9,2.2,3.4000000000000004,1,N,45720
1.9,2.2,3.4000000000000004,2,N,45721
1.9,2.2,3.4000000000000004,3,N,45722
1.9,2.2,3.4000000000000004,4,N,45723
1.9,2.2,3.4000000000000004,5,N,45724
1.9,2.2,3.7,1,N,45725
1.9,2.2,3.7,2,N,45726
1.9,2.2,3.7,3,N,45727
1.9,2.2,3.7,4,N,45728
1.9,2.2,3.7,5,N,45729
1.9,2.2,4.0,1,N,45730
1.9,2.2,4.0,2,N,45731
1.9,2.2,4.0,3,N,45732
1.9,2.2,4.0,4,N,45733
1.9,2.2,4.0,5,N,45734
1.9,2.2,4.300000000000002,1,N,45735
1.9,2.2,4.300000000000002,2,N,45736
1.9,2.2,4.300000000000002,3,N,45737
1.9,2.2,4.300000000000002,4,N,45738
1.9,2.2,4.300000000000002,5,N,45739
1.9,2.2,4.6000000000000005,1,N,45740
1.9,2.2,4.6000000000000005,2,N,45741
1.9,2.2,4.6000000000000005,3,N,45742
1.9,2.2,4.6000000000000005,4,N,45743
1.9,2.2,4.6000000000000005,5,N,45744
1.9,2.2,4.9,1,N,45745
1.9,2.2,4.9,2,N,45746
1.9,2.2,4.9,3,N,45747
1.9,2.2,4.9,4,N,45748
1.9,2.2,4.9,5,N,45749
1.9,2.5,0.01,1,N,45750
1.9,2.5,0.01,2,N,45751
1.9,2.5,0.01,3,N,45752
1.9,2.5,0.01,4,N,45753
1.9,2.5,0.01,5,N,45754
1.9,2.5,0.11,1,N,45755
1.9,2.5,0.11,2,N,45756
1.9,2.5,0.11,3,N,45757
1.9,2.5,0.11,4,N,45758
1.9,2.5,0.11,5,N,45759
1.9,2.5,0.21,1,N,45760
1.9,2.5,0.21,2,N,45761
1.9,2.5,0.21,3,N,45762
1.9,2.5,0.21,4,N,45763
1.9,2.5,0.21,5,N,45764
1.9,2.5,0.31000000000000005,1,N,45765
1.9,2.5,0.31000000000000005,2,N,45766
1.9,2.5,0.31000000000000005,3,N,45767
1.9,2.5,0.31000000000000005,4,N,45768
1.9,2.5,0.31000000000000005,5,N,45769
1.9,2.5,0.41,1,N,45770
1.9,2.5,0.41,2,N,45771
1.9,2.5,0.41,3,N,45772
1.9,2.5,0.41,4,N,45773
1.9,2.5,0.41,5,N,45774
1.9,2.5,0.51,1,N,45775
1.9,2.5,0.51,2,N,45776
1.9,2.5,0.51,3,N,45777
1.9,2.5,0.51,4,N,45778
1.9,2.5,0.51,5,N,45779
1.9,2.5,0.6100000000000001,1,N,45780
1.9,2.5,0.6100000000000001,2,N,45781
1.9,2.5,0.6100000000000001,3,N,45782
1.9,2.5,0.6100000000000001,4,N,45783
1.9,2.5,0.6100000000000001,5,N,45784
1.9,2.5,0.7100000000000001,1,N,45785
1.9,2.5,0.7100000000000001,2,N,45786
1.9,2.5,0.7100000000000001,3,N,45787
1.9,2.5,0.7100000000000001,4,N,45788
1.9,2.5,0.7100000000000001,5,N,45789
1.9,2.5,0.81,1,N,45790
1.9,2.5,0.81,2,N,45791
1.9,2.5,0.81,3,N,45792
1.9,2.5,0.81,4,N,45793
1.9,2.5,0.81,5,N,45794
1.9,2.5,0.91,1,N,45795
1.9,2.5,0.91,2,N,45796
1.9,2.5,0.91,3,N,45797
1.9,2.5,0.91,4,N,45798
1.9,2.5,0.91,5,N,45799
1.9,2.5,1.01,1,N,45800
1.9,2.5,1.01,2,N,45801
1.9,2.5,1.01,3,N,45802
1.9,2.5,1.01,4,N,45803
1.9,2.5,1.01,5,N,45804
1.9,2.5,1.11,1,N,45805
1.9,2.5,1.11,2,N,45806
1.9,2.5,1.11,3,N,45807
1.9,2.5,1.11,4,N,45808
1.9,2.5,1.11,5,N,45809
1.9,2.5,1.3,1,N,45810
1.9,2.5,1.3,2,N,45811
1.9,2.5,1.3,3,N,45812
1.9,2.5,1.3,4,N,45813
1.9,2.5,1.3,5,N,45814
1.9,2.5,1.6,1,N,45815
1.9,2.5,1.6,2,N,45816
1.9,2.5,1.6,3,N,45817
1.9,2.5,1.6,4,N,45818
1.9,2.5,1.6,5,N,45819
1.9,2.5,1.9,1,N,45820
1.9,2.5,1.9,2,N,45821
1.9,2.5,1.9,3,N,45822
1.9,2.5,1.9,4,N,45823
1.9,2.5,1.9,5,N,45824
1.9,2.5,2.2,1,N,45825
1.9,2.5,2.2,2,N,45826
1.9,2.5,2.2,3,N,45827
1.9,2.5,2.2,4,N,45828
1.9,2.5,2.2,5,N,45829
1.9,2.5,2.5,1,N,45830
1.9,2.5,2.5,2,N,45831
1.9,2.5,2.5,3,N,45832
1.9,2.5,2.5,4,N,45833
1.9,2.5,2.5,5,N,45834
1.9,2.5,2.8000000000000003,1,N,45835
1.9,2.5,2.8000000000000003,2,N,45836
1.9,2.5,2.8000000000000003,3,N,45837
1.9,2.5,2.8000000000000003,4,N,45838
1.9,2.5,2.8000000000000003,5,N,45839
1.9,2.5,3.1000000000000005,1,N,45840
1.9,2.5,3.1000000000000005,2,N,45841
1.9,2.5,3.1000000000000005,3,N,45842
1.9,2.5,3.1000000000000005,4,N,45843
1.9,2.5,3.1000000000000005,5,N,45844
1.9,2.5,3.4000000000000004,1,N,45845
1.9,2.5,3.4000000000000004,2,N,45846
1.9,2.5,3.4000000000000004,3,N,45847
1.9,2.5,3.4000000000000004,4,N,45848
1.9,2.5,3.4000000000000004,5,N,45849
1.9,2.5,3.7,1,N,45850
1.9,2.5,3.7,2,N,45851
1.9,2.5,3.7,3,N,45852
1.9,2.5,3.7,4,N,45853
1.9,2.5,3.7,5,N,45854
1.9,2.5,4.0,1,N,45855
1.9,2.5,4.0,2,N,45856
1.9,2.5,4.0,3,N,45857
1.9,2.5,4.0,4,N,45858
1.9,2.5,4.0,5,N,45859
1.9,2.5,4.300000000000002,1,N,45860
1.9,2.5,4.300000000000002,2,N,45861
1.9,2.5,4.300000000000002,3,N,45862
1.9,2.5,4.300000000000002,4,N,45863
1.9,2.5,4.300000000000002,5,N,45864
1.9,2.5,4.6000000000000005,1,N,45865
1.9,2.5,4.6000000000000005,2,N,45866
1.9,2.5,4.6000000000000005,3,N,45867
1.9,2.5,4.6000000000000005,4,N,45868
1.9,2.5,4.6000000000000005,5,N,45869
1.9,2.5,4.9,1,N,45870
1.9,2.5,4.9,2,N,45871
1.9,2.5,4.9,3,N,45872
1.9,2.5,4.9,4,N,45873
1.9,2.5,4.9,5,N,45874
1.9,2.8000000000000003,0.01,1,N,45875
1.9,2.8000000000000003,0.01,2,N,45876
1.9,2.8000000000000003,0.01,3,N,45877
1.9,2.8000000000000003,0.01,4,N,45878
1.9,2.8000000000000003,0.01,5,N,45879
1.9,2.8000000000000003,0.11,1,N,45880
1.9,2.8000000000000003,0.11,2,N,45881
1.9,2.8000000000000003,0.11,3,N,45882
1.9,2.8000000000000003,0.11,4,N,45883
1.9,2.8000000000000003,0.11,5,N,45884
1.9,2.8000000000000003,0.21,1,N,45885
1.9,2.8000000000000003,0.21,2,N,45886
1.9,2.8000000000000003,0.21,3,N,45887
1.9,2.8000000000000003,0.21,4,N,45888
1.9,2.8000000000000003,0.21,5,N,45889
1.9,2.8000000000000003,0.31000000000000005,1,N,45890
1.9,2.8000000000000003,0.31000000000000005,2,N,45891
1.9,2.8000000000000003,0.31000000000000005,3,N,45892
1.9,2.8000000000000003,0.31000000000000005,4,N,45893
1.9,2.8000000000000003,0.31000000000000005,5,N,45894
1.9,2.8000000000000003,0.41,1,N,45895
1.9,2.8000000000000003,0.41,2,N,45896
1.9,2.8000000000000003,0.41,3,N,45897
1.9,2.8000000000000003,0.41,4,N,45898
1.9,2.8000000000000003,0.41,5,N,45899
1.9,2.8000000000000003,0.51,1,N,45900
1.9,2.8000000000000003,0.51,2,N,45901
1.9,2.8000000000000003,0.51,3,N,45902
1.9,2.8000000000000003,0.51,4,N,45903
1.9,2.8000000000000003,0.51,5,N,45904
1.9,2.8000000000000003,0.6100000000000001,1,N,45905
1.9,2.8000000000000003,0.6100000000000001,2,N,45906
1.9,2.8000000000000003,0.6100000000000001,3,N,45907
1.9,2.8000000000000003,0.6100000000000001,4,N,45908
1.9,2.8000000000000003,0.6100000000000001,5,N,45909
1.9,2.8000000000000003,0.7100000000000001,1,N,45910
1.9,2.8000000000000003,0.7100000000000001,2,N,45911
1.9,2.8000000000000003,0.7100000000000001,3,N,45912
1.9,2.8000000000000003,0.7100000000000001,4,N,45913
1.9,2.8000000000000003,0.7100000000000001,5,N,45914
1.9,2.8000000000000003,0.81,1,N,45915
1.9,2.8000000000000003,0.81,2,N,45916
1.9,2.8000000000000003,0.81,3,N,45917
1.9,2.8000000000000003,0.81,4,N,45918
1.9,2.8000000000000003,0.81,5,N,45919
1.9,2.8000000000000003,0.91,1,N,45920
1.9,2.8000000000000003,0.91,2,N,45921
1.9,2.8000000000000003,0.91,3,N,45922
1.9,2.8000000000000003,0.91,4,N,45923
1.9,2.8000000000000003,0.91,5,N,45924
1.9,2.8000000000000003,1.01,1,N,45925
1.9,2.8000000000000003,1.01,2,N,45926
1.9,2.8000000000000003,1.01,3,N,45927
1.9,2.8000000000000003,1.01,4,N,45928
1.9,2.8000000000000003,1.01,5,N,45929
1.9,2.8000000000000003,1.11,1,N,45930
1.9,2.8000000000000003,1.11,2,N,45931
1.9,2.8000000000000003,1.11,3,N,45932
1.9,2.8000000000000003,1.11,4,N,45933
1.9,2.8000000000000003,1.11,5,N,45934
1.9,2.8000000000000003,1.3,1,N,45935
1.9,2.8000000000000003,1.3,2,N,45936
1.9,2.8000000000000003,1.3,3,N,45937
1.9,2.8000000000000003,1.3,4,N,45938
1.9,2.8000000000000003,1.3,5,N,45939
1.9,2.8000000000000003,1.6,1,N,45940
1.9,2.8000000000000003,1.6,2,N,45941
1.9,2.8000000000000003,1.6,3,N,45942
1.9,2.8000000000000003,1.6,4,N,45943
1.9,2.8000000000000003,1.6,5,N,45944
1.9,2.8000000000000003,1.9,1,N,45945
1.9,2.8000000000000003,1.9,2,N,45946
1.9,2.8000000000000003,1.9,3,N,45947
1.9,2.8000000000000003,1.9,4,N,45948
1.9,2.8000000000000003,1.9,5,N,45949
1.9,2.8000000000000003,2.2,1,N,45950
1.9,2.8000000000000003,2.2,2,N,45951
1.9,2.8000000000000003,2.2,3,N,45952
1.9,2.8000000000000003,2.2,4,N,45953
1.9,2.8000000000000003,2.2,5,N,45954
1.9,2.8000000000000003,2.5,1,N,45955
1.9,2.8000000000000003,2.5,2,N,45956
1.9,2.8000000000000003,2.5,3,N,45957
1.9,2.8000000000000003,2.5,4,N,45958
1.9,2.8000000000000003,2.5,5,N,45959
1.9,2.8000000000000003,2.8000000000000003,1,N,45960
1.9,2.8000000000000003,2.8000000000000003,2,N,45961
1.9,2.8000000000000003,2.8000000000000003,3,N,45962
1.9,2.8000000000000003,2.8000000000000003,4,N,45963
1.9,2.8000000000000003,2.8000000000000003,5,N,45964
1.9,2.8000000000000003,3.1000000000000005,1,N,45965
1.9,2.8000000000000003,3.1000000000000005,2,N,45966
1.9,2.8000000000000003,3.1000000000000005,3,N,45967
1.9,2.8000000000000003,3.1000000000000005,4,N,45968
1.9,2.8000000000000003,3.1000000000000005,5,N,45969
1.9,2.8000000000000003,3.4000000000000004,1,N,45970
1.9,2.8000000000000003,3.4000000000000004,2,N,45971
1.9,2.8000000000000003,3.4000000000000004,3,N,45972
1.9,2.8000000000000003,3.4000000000000004,4,N,45973
1.9,2.8000000000000003,3.4000000000000004,5,N,45974
1.9,2.8000000000000003,3.7,1,N,45975
1.9,2.8000000000000003,3.7,2,N,45976
1.9,2.8000000000000003,3.7,3,N,45977
1.9,2.8000000000000003,3.7,4,N,45978
1.9,2.8000000000000003,3.7,5,N,45979
1.9,2.8000000000000003,4.0,1,N,45980
1.9,2.8000000000000003,4.0,2,N,45981
1.9,2.8000000000000003,4.0,3,N,45982
1.9,2.8000000000000003,4.0,4,N,45983
1.9,2.8000000000000003,4.0,5,N,45984
1.9,2.8000000000000003,4.300000000000002,1,N,45985
1.9,2.8000000000000003,4.300000000000002,2,N,45986
1.9,2.8000000000000003,4.300000000000002,3,N,45987
1.9,2.8000000000000003,4.300000000000002,4,N,45988
1.9,2.8000000000000003,4.300000000000002,5,N,45989
1.9,2.8000000000000003,4.6000000000000005,1,N,45990
1.9,2.8000000000000003,4.6000000000000005,2,N,45991
1.9,2.8000000000000003,4.6000000000000005,3,N,45992
1.9,2.8000000000000003,4.6000000000000005,4,N,45993
1.9,2.8000000000000003,4.6000000000000005,5,N,45994
1.9,2.8000000000000003,4.9,1,N,45995
1.9,2.8000000000000003,4.9,2,N,45996
1.9,2.8000000000000003,4.9,3,N,45997
1.9,2.8000000000000003,4.9,4,N,45998
1.9,2.8000000000000003,4.9,5,N,45999
1.9,3.1000000000000005,0.01,1,N,46000
1.9,3.1000000000000005,0.01,2,N,46001
1.9,3.1000000000000005,0.01,3,N,46002
1.9,3.1000000000000005,0.01,4,N,46003
1.9,3.1000000000000005,0.01,5,N,46004
1.9,3.1000000000000005,0.11,1,N,46005
1.9,3.1000000000000005,0.11,2,N,46006
1.9,3.1000000000000005,0.11,3,N,46007
1.9,3.1000000000000005,0.11,4,N,46008
1.9,3.1000000000000005,0.11,5,N,46009
1.9,3.1000000000000005,0.21,1,N,46010
1.9,3.1000000000000005,0.21,2,N,46011
1.9,3.1000000000000005,0.21,3,N,46012
1.9,3.1000000000000005,0.21,4,N,46013
1.9,3.1000000000000005,0.21,5,N,46014
1.9,3.1000000000000005,0.31000000000000005,1,N,46015
1.9,3.1000000000000005,0.31000000000000005,2,N,46016
1.9,3.1000000000000005,0.31000000000000005,3,N,46017
1.9,3.1000000000000005,0.31000000000000005,4,N,46018
1.9,3.1000000000000005,0.31000000000000005,5,N,46019
1.9,3.1000000000000005,0.41,1,N,46020
1.9,3.1000000000000005,0.41,2,N,46021
1.9,3.1000000000000005,0.41,3,N,46022
1.9,3.1000000000000005,0.41,4,N,46023
1.9,3.1000000000000005,0.41,5,N,46024
1.9,3.1000000000000005,0.51,1,N,46025
1.9,3.1000000000000005,0.51,2,N,46026
1.9,3.1000000000000005,0.51,3,N,46027
1.9,3.1000000000000005,0.51,4,N,46028
1.9,3.1000000000000005,0.51,5,N,46029
1.9,3.1000000000000005,0.6100000000000001,1,N,46030
1.9,3.1000000000000005,0.6100000000000001,2,N,46031
1.9,3.1000000000000005,0.6100000000000001,3,N,46032
1.9,3.1000000000000005,0.6100000000000001,4,N,46033
1.9,3.1000000000000005,0.6100000000000001,5,N,46034
1.9,3.1000000000000005,0.7100000000000001,1,N,46035
1.9,3.1000000000000005,0.7100000000000001,2,N,46036
1.9,3.1000000000000005,0.7100000000000001,3,N,46037
1.9,3.1000000000000005,0.7100000000000001,4,N,46038
1.9,3.1000000000000005,0.7100000000000001,5,N,46039
1.9,3.1000000000000005,0.81,1,N,46040
1.9,3.1000000000000005,0.81,2,N,46041
1.9,3.1000000000000005,0.81,3,N,46042
1.9,3.1000000000000005,0.81,4,N,46043
1.9,3.1000000000000005,0.81,5,N,46044
1.9,3.1000000000000005,0.91,1,N,46045
1.9,3.1000000000000005,0.91,2,N,46046
1.9,3.1000000000000005,0.91,3,N,46047
1.9,3.1000000000000005,0.91,4,N,46048
1.9,3.1000000000000005,0.91,5,N,46049
1.9,3.1000000000000005,1.01,1,N,46050
1.9,3.1000000000000005,1.01,2,N,46051
1.9,3.1000000000000005,1.01,3,N,46052
1.9,3.1000000000000005,1.01,4,N,46053
1.9,3.1000000000000005,1.01,5,N,46054
1.9,3.1000000000000005,1.11,1,N,46055
1.9,3.1000000000000005,1.11,2,N,46056
1.9,3.1000000000000005,1.11,3,N,46057
1.9,3.1000000000000005,1.11,4,N,46058
1.9,3.1000000000000005,1.11,5,N,46059
1.9,3.1000000000000005,1.3,1,N,46060
1.9,3.1000000000000005,1.3,2,N,46061
1.9,3.1000000000000005,1.3,3,N,46062
1.9,3.1000000000000005,1.3,4,N,46063
1.9,3.1000000000000005,1.3,5,N,46064
1.9,3.1000000000000005,1.6,1,N,46065
1.9,3.1000000000000005,1.6,2,N,46066
1.9,3.1000000000000005,1.6,3,N,46067
1.9,3.1000000000000005,1.6,4,N,46068
1.9,3.1000000000000005,1.6,5,N,46069
1.9,3.1000000000000005,1.9,1,N,46070
1.9,3.1000000000000005,1.9,2,N,46071
1.9,3.1000000000000005,1.9,3,N,46072
1.9,3.1000000000000005,1.9,4,N,46073
1.9,3.1000000000000005,1.9,5,N,46074
1.9,3.1000000000000005,2.2,1,N,46075
1.9,3.1000000000000005,2.2,2,N,46076
1.9,3.1000000000000005,2.2,3,N,46077
1.9,3.1000000000000005,2.2,4,N,46078
1.9,3.1000000000000005,2.2,5,N,46079
1.9,3.1000000000000005,2.5,1,N,46080
1.9,3.1000000000000005,2.5,2,N,46081
1.9,3.1000000000000005,2.5,3,N,46082
1.9,3.1000000000000005,2.5,4,N,46083
1.9,3.1000000000000005,2.5,5,N,46084
1.9,3.1000000000000005,2.8000000000000003,1,N,46085
1.9,3.1000000000000005,2.8000000000000003,2,N,46086
1.9,3.1000000000000005,2.8000000000000003,3,N,46087
1.9,3.1000000000000005,2.8000000000000003,4,N,46088
1.9,3.1000000000000005,2.8000000000000003,5,N,46089
1.9,3.1000000000000005,3.1000000000000005,1,N,46090
1.9,3.1000000000000005,3.1000000000000005,2,N,46091
1.9,3.1000000000000005,3.1000000000000005,3,N,46092
1.9,3.1000000000000005,3.1000000000000005,4,N,46093
1.9,3.1000000000000005,3.1000000000000005,5,N,46094
1.9,3.1000000000000005,3.4000000000000004,1,N,46095
1.9,3.1000000000000005,3.4000000000000004,2,N,46096
1.9,3.1000000000000005,3.4000000000000004,3,N,46097
1.9,3.1000000000000005,3.4000000000000004,4,N,46098
1.9,3.1000000000000005,3.4000000000000004,5,N,46099
1.9,3.1000000000000005,3.7,1,N,46100
1.9,3.1000000000000005,3.7,2,N,46101
1.9,3.1000000000000005,3.7,3,N,46102
1.9,3.1000000000000005,3.7,4,N,46103
1.9,3.1000000000000005,3.7,5,N,46104
1.9,3.1000000000000005,4.0,1,N,46105
1.9,3.1000000000000005,4.0,2,N,46106
1.9,3.1000000000000005,4.0,3,N,46107
1.9,3.1000000000000005,4.0,4,N,46108
1.9,3.1000000000000005,4.0,5,N,46109
1.9,3.1000000000000005,4.300000000000002,1,N,46110
1.9,3.1000000000000005,4.300000000000002,2,N,46111
1.9,3.1000000000000005,4.300000000000002,3,N,46112
1.9,3.1000000000000005,4.300000000000002,4,N,46113
1.9,3.1000000000000005,4.300000000000002,5,N,46114
1.9,3.1000000000000005,4.6000000000000005,1,N,46115
1.9,3.1000000000000005,4.6000000000000005,2,N,46116
1.9,3.1000000000000005,4.6000000000000005,3,N,46117
1.9,3.1000000000000005,4.6000000000000005,4,N,46118
1.9,3.1000000000000005,4.6000000000000005,5,N,46119
1.9,3.1000000000000005,4.9,1,N,46120
1.9,3.1000000000000005,4.9,2,N,46121
1.9,3.1000000000000005,4.9,3,N,46122
1.9,3.1000000000000005,4.9,4,N,46123
1.9,3.1000000000000005,4.9,5,N,46124
1.9,3.4000000000000004,0.01,1,N,46125
1.9,3.4000000000000004,0.01,2,N,46126
1.9,3.4000000000000004,0.01,3,N,46127
1.9,3.4000000000000004,0.01,4,N,46128
1.9,3.4000000000000004,0.01,5,N,46129
1.9,3.4000000000000004,0.11,1,N,46130
1.9,3.4000000000000004,0.11,2,N,46131
1.9,3.4000000000000004,0.11,3,N,46132
1.9,3.4000000000000004,0.11,4,N,46133
1.9,3.4000000000000004,0.11,5,N,46134
1.9,3.4000000000000004,0.21,1,N,46135
1.9,3.4000000000000004,0.21,2,N,46136
1.9,3.4000000000000004,0.21,3,N,46137
1.9,3.4000000000000004,0.21,4,N,46138
1.9,3.4000000000000004,0.21,5,N,46139
1.9,3.4000000000000004,0.31000000000000005,1,N,46140
1.9,3.4000000000000004,0.31000000000000005,2,N,46141
1.9,3.4000000000000004,0.31000000000000005,3,N,46142
1.9,3.4000000000000004,0.31000000000000005,4,N,46143
1.9,3.4000000000000004,0.31000000000000005,5,N,46144
1.9,3.4000000000000004,0.41,1,N,46145
1.9,3.4000000000000004,0.41,2,N,46146
1.9,3.4000000000000004,0.41,3,N,46147
1.9,3.4000000000000004,0.41,4,N,46148
1.9,3.4000000000000004,0.41,5,N,46149
1.9,3.4000000000000004,0.51,1,N,46150
1.9,3.4000000000000004,0.51,2,N,46151
1.9,3.4000000000000004,0.51,3,N,46152
1.9,3.4000000000000004,0.51,4,N,46153
1.9,3.4000000000000004,0.51,5,N,46154
1.9,3.4000000000000004,0.6100000000000001,1,N,46155
1.9,3.4000000000000004,0.6100000000000001,2,N,46156
1.9,3.4000000000000004,0.6100000000000001,3,N,46157
1.9,3.4000000000000004,0.6100000000000001,4,N,46158
1.9,3.4000000000000004,0.6100000000000001,5,N,46159
1.9,3.4000000000000004,0.7100000000000001,1,N,46160
1.9,3.4000000000000004,0.7100000000000001,2,N,46161
1.9,3.4000000000000004,0.7100000000000001,3,N,46162
1.9,3.4000000000000004,0.7100000000000001,4,N,46163
1.9,3.4000000000000004,0.7100000000000001,5,N,46164
1.9,3.4000000000000004,0.81,1,N,46165
1.9,3.4000000000000004,0.81,2,N,46166
1.9,3.4000000000000004,0.81,3,N,46167
1.9,3.4000000000000004,0.81,4,N,46168
1.9,3.4000000000000004,0.81,5,N,46169
1.9,3.4000000000000004,0.91,1,N,46170
1.9,3.4000000000000004,0.91,2,N,46171
1.9,3.4000000000000004,0.91,3,N,46172
1.9,3.4000000000000004,0.91,4,N,46173
1.9,3.4000000000000004,0.91,5,N,46174
1.9,3.4000000000000004,1.01,1,N,46175
1.9,3.4000000000000004,1.01,2,N,46176
1.9,3.4000000000000004,1.01,3,N,46177
1.9,3.4000000000000004,1.01,4,N,46178
1.9,3.4000000000000004,1.01,5,N,46179
1.9,3.4000000000000004,1.11,1,N,46180
1.9,3.4000000000000004,1.11,2,N,46181
1.9,3.4000000000000004,1.11,3,N,46182
1.9,3.4000000000000004,1.11,4,N,46183
1.9,3.4000000000000004,1.11,5,N,46184
1.9,3.4000000000000004,1.3,1,N,46185
1.9,3.4000000000000004,1.3,2,N,46186
1.9,3.4000000000000004,1.3,3,N,46187
1.9,3.4000000000000004,1.3,4,N,46188
1.9,3.4000000000000004,1.3,5,N,46189
1.9,3.4000000000000004,1.6,1,N,46190
1.9,3.4000000000000004,1.6,2,N,46191
1.9,3.4000000000000004,1.6,3,N,46192
1.9,3.4000000000000004,1.6,4,N,46193
1.9,3.4000000000000004,1.6,5,N,46194
1.9,3.4000000000000004,1.9,1,N,46195
1.9,3.4000000000000004,1.9,2,N,46196
1.9,3.4000000000000004,1.9,3,N,46197
1.9,3.4000000000000004,1.9,4,N,46198
1.9,3.4000000000000004,1.9,5,N,46199
1.9,3.4000000000000004,2.2,1,N,46200
1.9,3.4000000000000004,2.2,2,N,46201
1.9,3.4000000000000004,2.2,3,N,46202
1.9,3.4000000000000004,2.2,4,N,46203
1.9,3.4000000000000004,2.2,5,N,46204
1.9,3.4000000000000004,2.5,1,N,46205
1.9,3.4000000000000004,2.5,2,N,46206
1.9,3.4000000000000004,2.5,3,N,46207
1.9,3.4000000000000004,2.5,4,N,46208
1.9,3.4000000000000004,2.5,5,N,46209
1.9,3.4000000000000004,2.8000000000000003,1,N,46210
1.9,3.4000000000000004,2.8000000000000003,2,N,46211
1.9,3.4000000000000004,2.8000000000000003,3,N,46212
1.9,3.4000000000000004,2.8000000000000003,4,N,46213
1.9,3.4000000000000004,2.8000000000000003,5,N,46214
1.9,3.4000000000000004,3.1000000000000005,1,N,46215
1.9,3.4000000000000004,3.1000000000000005,2,N,46216
1.9,3.4000000000000004,3.1000000000000005,3,N,46217
1.9,3.4000000000000004,3.1000000000000005,4,N,46218
1.9,3.4000000000000004,3.1000000000000005,5,N,46219
1.9,3.4000000000000004,3.4000000000000004,1,N,46220
1.9,3.4000000000000004,3.4000000000000004,2,N,46221
1.9,3.4000000000000004,3.4000000000000004,3,N,46222
1.9,3.4000000000000004,3.4000000000000004,4,N,46223
1.9,3.4000000000000004,3.4000000000000004,5,N,46224
1.9,3.4000000000000004,3.7,1,N,46225
1.9,3.4000000000000004,3.7,2,N,46226
1.9,3.4000000000000004,3.7,3,N,46227
1.9,3.4000000000000004,3.7,4,N,46228
1.9,3.4000000000000004,3.7,5,N,46229
1.9,3.4000000000000004,4.0,1,N,46230
1.9,3.4000000000000004,4.0,2,N,46231
1.9,3.4000000000000004,4.0,3,N,46232
1.9,3.4000000000000004,4.0,4,N,46233
1.9,3.4000000000000004,4.0,5,N,46234
1.9,3.4000000000000004,4.300000000000002,1,N,46235
1.9,3.4000000000000004,4.300000000000002,2,N,46236
1.9,3.4000000000000004,4.300000000000002,3,N,46237
1.9,3.4000000000000004,4.300000000000002,4,N,46238
1.9,3.4000000000000004,4.300000000000002,5,N,46239
1.9,3.4000000000000004,4.6000000000000005,1,N,46240
1.9,3.4000000000000004,4.6000000000000005,2,N,46241
1.9,3.4000000000000004,4.6000000000000005,3,N,46242
1.9,3.4000000000000004,4.6000000000000005,4,N,46243
1.9,3.4000000000000004,4.6000000000000005,5,N,46244
1.9,3.4000000000000004,4.9,1,N,46245
1.9,3.4000000000000004,4.9,2,N,46246
1.9,3.4000000000000004,4.9,3,N,46247
1.9,3.4000000000000004,4.9,4,N,46248
1.9,3.4000000000000004,4.9,5,N,46249
1.9,3.7,0.01,1,N,46250
1.9,3.7,0.01,2,N,46251
1.9,3.7,0.01,3,N,46252
1.9,3.7,0.01,4,N,46253
1.9,3.7,0.01,5,N,46254
1.9,3.7,0.11,1,N,46255
1.9,3.7,0.11,2,N,46256
1.9,3.7,0.11,3,N,46257
1.9,3.7,0.11,4,N,46258
1.9,3.7,0.11,5,N,46259
1.9,3.7,0.21,1,N,46260
1.9,3.7,0.21,2,N,46261
1.9,3.7,0.21,3,N,46262
1.9,3.7,0.21,4,N,46263
1.9,3.7,0.21,5,N,46264
1.9,3.7,0.31000000000000005,1,N,46265
1.9,3.7,0.31000000000000005,2,N,46266
1.9,3.7,0.31000000000000005,3,N,46267
1.9,3.7,0.31000000000000005,4,N,46268
1.9,3.7,0.31000000000000005,5,N,46269
1.9,3.7,0.41,1,N,46270
1.9,3.7,0.41,2,N,46271
1.9,3.7,0.41,3,N,46272
1.9,3.7,0.41,4,N,46273
1.9,3.7,0.41,5,N,46274
1.9,3.7,0.51,1,N,46275
1.9,3.7,0.51,2,N,46276
1.9,3.7,0.51,3,N,46277
1.9,3.7,0.51,4,N,46278
1.9,3.7,0.51,5,N,46279
1.9,3.7,0.6100000000000001,1,N,46280
1.9,3.7,0.6100000000000001,2,N,46281
1.9,3.7,0.6100000000000001,3,N,46282
1.9,3.7,0.6100000000000001,4,N,46283
1.9,3.7,0.6100000000000001,5,N,46284
1.9,3.7,0.7100000000000001,1,N,46285
1.9,3.7,0.7100000000000001,2,N,46286
1.9,3.7,0.7100000000000001,3,N,46287
1.9,3.7,0.7100000000000001,4,N,46288
1.9,3.7,0.7100000000000001,5,N,46289
1.9,3.7,0.81,1,N,46290
1.9,3.7,0.81,2,N,46291
1.9,3.7,0.81,3,N,46292
1.9,3.7,0.81,4,N,46293
1.9,3.7,0.81,5,N,46294
1.9,3.7,0.91,1,N,46295
1.9,3.7,0.91,2,N,46296
1.9,3.7,0.91,3,N,46297
1.9,3.7,0.91,4,N,46298
1.9,3.7,0.91,5,N,46299
1.9,3.7,1.01,1,N,46300
1.9,3.7,1.01,2,N,46301
1.9,3.7,1.01,3,N,46302
1.9,3.7,1.01,4,N,46303
1.9,3.7,1.01,5,N,46304
1.9,3.7,1.11,1,N,46305
1.9,3.7,1.11,2,N,46306
1.9,3.7,1.11,3,N,46307
1.9,3.7,1.11,4,N,46308
1.9,3.7,1.11,5,N,46309
1.9,3.7,1.3,1,N,46310
1.9,3.7,1.3,2,N,46311
1.9,3.7,1.3,3,N,46312
1.9,3.7,1.3,4,N,46313
1.9,3.7,1.3,5,N,46314
1.9,3.7,1.6,1,N,46315
1.9,3.7,1.6,2,N,46316
1.9,3.7,1.6,3,N,46317
1.9,3.7,1.6,4,N,46318
1.9,3.7,1.6,5,N,46319
1.9,3.7,1.9,1,N,46320
1.9,3.7,1.9,2,N,46321
1.9,3.7,1.9,3,N,46322
1.9,3.7,1.9,4,N,46323
1.9,3.7,1.9,5,N,46324
1.9,3.7,2.2,1,N,46325
1.9,3.7,2.2,2,N,46326
1.9,3.7,2.2,3,N,46327
1.9,3.7,2.2,4,N,46328
1.9,3.7,2.2,5,N,46329
1.9,3.7,2.5,1,N,46330
1.9,3.7,2.5,2,N,46331
1.9,3.7,2.5,3,N,46332
1.9,3.7,2.5,4,N,46333
1.9,3.7,2.5,5,N,46334
1.9,3.7,2.8000000000000003,1,N,46335
1.9,3.7,2.8000000000000003,2,N,46336
1.9,3.7,2.8000000000000003,3,N,46337
1.9,3.7,2.8000000000000003,4,N,46338
1.9,3.7,2.8000000000000003,5,N,46339
1.9,3.7,3.1000000000000005,1,N,46340
1.9,3.7,3.1000000000000005,2,N,46341
1.9,3.7,3.1000000000000005,3,N,46342
1.9,3.7,3.1000000000000005,4,N,46343
1.9,3.7,3.1000000000000005,5,N,46344
1.9,3.7,3.4000000000000004,1,N,46345
1.9,3.7,3.4000000000000004,2,N,46346
1.9,3.7,3.4000000000000004,3,N,46347
1.9,3.7,3.4000000000000004,4,N,46348
1.9,3.7,3.4000000000000004,5,N,46349
1.9,3.7,3.7,1,N,46350
1.9,3.7,3.7,2,N,46351
1.9,3.7,3.7,3,N,46352
1.9,3.7,3.7,4,N,46353
1.9,3.7,3.7,5,N,46354
1.9,3.7,4.0,1,N,46355
1.9,3.7,4.0,2,N,46356
1.9,3.7,4.0,3,N,46357
1.9,3.7,4.0,4,N,46358
1.9,3.7,4.0,5,N,46359
1.9,3.7,4.300000000000002,1,N,46360
1.9,3.7,4.300000000000002,2,N,46361
1.9,3.7,4.300000000000002,3,N,46362
1.9,3.7,4.300000000000002,4,N,46363
1.9,3.7,4.300000000000002,5,N,46364
1.9,3.7,4.6000000000000005,1,N,46365
1.9,3.7,4.6000000000000005,2,N,46366
1.9,3.7,4.6000000000000005,3,N,46367
1.9,3.7,4.6000000000000005,4,N,46368
1.9,3.7,4.6000000000000005,5,N,46369
1.9,3.7,4.9,1,N,46370
1.9,3.7,4.9,2,N,46371
1.9,3.7,4.9,3,N,46372
1.9,3.7,4.9,4,N,46373
1.9,3.7,4.9,5,N,46374
1.9,4.0,0.01,1,N,46375
1.9,4.0,0.01,2,N,46376
1.9,4.0,0.01,3,N,46377
1.9,4.0,0.01,4,N,46378
1.9,4.0,0.01,5,N,46379
1.9,4.0,0.11,1,N,46380
1.9,4.0,0.11,2,N,46381
1.9,4.0,0.11,3,N,46382
1.9,4.0,0.11,4,N,46383
1.9,4.0,0.11,5,N,46384
1.9,4.0,0.21,1,N,46385
1.9,4.0,0.21,2,N,46386
1.9,4.0,0.21,3,N,46387
1.9,4.0,0.21,4,N,46388
1.9,4.0,0.21,5,N,46389
1.9,4.0,0.31000000000000005,1,N,46390
1.9,4.0,0.31000000000000005,2,N,46391
1.9,4.0,0.31000000000000005,3,N,46392
1.9,4.0,0.31000000000000005,4,N,46393
1.9,4.0,0.31000000000000005,5,N,46394
1.9,4.0,0.41,1,N,46395
1.9,4.0,0.41,2,N,46396
1.9,4.0,0.41,3,N,46397
1.9,4.0,0.41,4,N,46398
1.9,4.0,0.41,5,N,46399
1.9,4.0,0.51,1,N,46400
1.9,4.0,0.51,2,N,46401
1.9,4.0,0.51,3,N,46402
1.9,4.0,0.51,4,N,46403
1.9,4.0,0.51,5,N,46404
1.9,4.0,0.6100000000000001,1,N,46405
1.9,4.0,0.6100000000000001,2,N,46406
1.9,4.0,0.6100000000000001,3,N,46407
1.9,4.0,0.6100000000000001,4,N,46408
1.9,4.0,0.6100000000000001,5,N,46409
1.9,4.0,0.7100000000000001,1,N,46410
1.9,4.0,0.7100000000000001,2,N,46411
1.9,4.0,0.7100000000000001,3,N,46412
1.9,4.0,0.7100000000000001,4,N,46413
1.9,4.0,0.7100000000000001,5,N,46414
1.9,4.0,0.81,1,N,46415
1.9,4.0,0.81,2,N,46416
1.9,4.0,0.81,3,N,46417
1.9,4.0,0.81,4,N,46418
1.9,4.0,0.81,5,N,46419
1.9,4.0,0.91,1,N,46420
1.9,4.0,0.91,2,N,46421
1.9,4.0,0.91,3,N,46422
1.9,4.0,0.91,4,N,46423
1.9,4.0,0.91,5,N,46424
1.9,4.0,1.01,1,N,46425
1.9,4.0,1.01,2,N,46426
1.9,4.0,1.01,3,N,46427
1.9,4.0,1.01,4,N,46428
1.9,4.0,1.01,5,N,46429
1.9,4.0,1.11,1,N,46430
1.9,4.0,1.11,2,N,46431
1.9,4.0,1.11,3,N,46432
1.9,4.0,1.11,4,N,46433
1.9,4.0,1.11,5,N,46434
1.9,4.0,1.3,1,N,46435
1.9,4.0,1.3,2,N,46436
1.9,4.0,1.3,3,N,46437
1.9,4.0,1.3,4,N,46438
1.9,4.0,1.3,5,N,46439
1.9,4.0,1.6,1,N,46440
1.9,4.0,1.6,2,N,46441
1.9,4.0,1.6,3,N,46442
1.9,4.0,1.6,4,N,46443
1.9,4.0,1.6,5,N,46444
1.9,4.0,1.9,1,N,46445
1.9,4.0,1.9,2,N,46446
1.9,4.0,1.9,3,N,46447
1.9,4.0,1.9,4,N,46448
1.9,4.0,1.9,5,N,46449
1.9,4.0,2.2,1,N,46450
1.9,4.0,2.2,2,N,46451
1.9,4.0,2.2,3,N,46452
1.9,4.0,2.2,4,N,46453
1.9,4.0,2.2,5,N,46454
1.9,4.0,2.5,1,N,46455
1.9,4.0,2.5,2,N,46456
1.9,4.0,2.5,3,N,46457
1.9,4.0,2.5,4,N,46458
1.9,4.0,2.5,5,N,46459
1.9,4.0,2.8000000000000003,1,N,46460
1.9,4.0,2.8000000000000003,2,N,46461
1.9,4.0,2.8000000000000003,3,N,46462
1.9,4.0,2.8000000000000003,4,N,46463
1.9,4.0,2.8000000000000003,5,N,46464
1.9,4.0,3.1000000000000005,1,N,46465
1.9,4.0,3.1000000000000005,2,N,46466
1.9,4.0,3.1000000000000005,3,N,46467
1.9,4.0,3.1000000000000005,4,N,46468
1.9,4.0,3.1000000000000005,5,N,46469
1.9,4.0,3.4000000000000004,1,N,46470
1.9,4.0,3.4000000000000004,2,N,46471
1.9,4.0,3.4000000000000004,3,N,46472
1.9,4.0,3.4000000000000004,4,N,46473
1.9,4.0,3.4000000000000004,5,N,46474
1.9,4.0,3.7,1,N,46475
1.9,4.0,3.7,2,N,46476
1.9,4.0,3.7,3,N,46477
1.9,4.0,3.7,4,N,46478
1.9,4.0,3.7,5,N,46479
1.9,4.0,4.0,1,N,46480
1.9,4.0,4.0,2,N,46481
1.9,4.0,4.0,3,N,46482
1.9,4.0,4.0,4,N,46483
1.9,4.0,4.0,5,N,46484
1.9,4.0,4.300000000000002,1,N,46485
1.9,4.0,4.300000000000002,2,N,46486
1.9,4.0,4.300000000000002,3,N,46487
1.9,4.0,4.300000000000002,4,N,46488
1.9,4.0,4.300000000000002,5,N,46489
1.9,4.0,4.6000000000000005,1,N,46490
1.9,4.0,4.6000000000000005,2,N,46491
1.9,4.0,4.6000000000000005,3,N,46492
1.9,4.0,4.6000000000000005,4,N,46493
1.9,4.0,4.6000000000000005,5,N,46494
1.9,4.0,4.9,1,N,46495
1.9,4.0,4.9,2,N,46496
1.9,4.0,4.9,3,N,46497
1.9,4.0,4.9,4,N,46498
1.9,4.0,4.9,5,N,46499
1.9,4.300000000000002,0.01,1,N,46500
1.9,4.300000000000002,0.01,2,N,46501
1.9,4.300000000000002,0.01,3,N,46502
1.9,4.300000000000002,0.01,4,N,46503
1.9,4.300000000000002,0.01,5,N,46504
1.9,4.300000000000002,0.11,1,N,46505
1.9,4.300000000000002,0.11,2,N,46506
1.9,4.300000000000002,0.11,3,N,46507
1.9,4.300000000000002,0.11,4,N,46508
1.9,4.300000000000002,0.11,5,N,46509
1.9,4.300000000000002,0.21,1,N,46510
1.9,4.300000000000002,0.21,2,N,46511
1.9,4.300000000000002,0.21,3,N,46512
1.9,4.300000000000002,0.21,4,N,46513
1.9,4.300000000000002,0.21,5,N,46514
1.9,4.300000000000002,0.31000000000000005,1,N,46515
1.9,4.300000000000002,0.31000000000000005,2,N,46516
1.9,4.300000000000002,0.31000000000000005,3,N,46517
1.9,4.300000000000002,0.31000000000000005,4,N,46518
1.9,4.300000000000002,0.31000000000000005,5,N,46519
1.9,4.300000000000002,0.41,1,N,46520
1.9,4.300000000000002,0.41,2,N,46521
1.9,4.300000000000002,0.41,3,N,46522
1.9,4.300000000000002,0.41,4,N,46523
1.9,4.300000000000002,0.41,5,N,46524
1.9,4.300000000000002,0.51,1,N,46525
1.9,4.300000000000002,0.51,2,N,46526
1.9,4.300000000000002,0.51,3,N,46527
1.9,4.300000000000002,0.51,4,N,46528
1.9,4.300000000000002,0.51,5,N,46529
1.9,4.300000000000002,0.6100000000000001,1,N,46530
1.9,4.300000000000002,0.6100000000000001,2,N,46531
1.9,4.300000000000002,0.6100000000000001,3,N,46532
1.9,4.300000000000002,0.6100000000000001,4,N,46533
1.9,4.300000000000002,0.6100000000000001,5,N,46534
1.9,4.300000000000002,0.7100000000000001,1,N,46535
1.9,4.300000000000002,0.7100000000000001,2,N,46536
1.9,4.300000000000002,0.7100000000000001,3,N,46537
1.9,4.300000000000002,0.7100000000000001,4,N,46538
1.9,4.300000000000002,0.7100000000000001,5,N,46539
1.9,4.300000000000002,0.81,1,N,46540
1.9,4.300000000000002,0.81,2,N,46541
1.9,4.300000000000002,0.81,3,N,46542
1.9,4.300000000000002,0.81,4,N,46543
1.9,4.300000000000002,0.81,5,N,46544
1.9,4.300000000000002,0.91,1,N,46545
1.9,4.300000000000002,0.91,2,N,46546
1.9,4.300000000000002,0.91,3,N,46547
1.9,4.300000000000002,0.91,4,N,46548
1.9,4.300000000000002,0.91,5,N,46549
1.9,4.300000000000002,1.01,1,N,46550
1.9,4.300000000000002,1.01,2,N,46551
1.9,4.300000000000002,1.01,3,N,46552
1.9,4.300000000000002,1.01,4,N,46553
1.9,4.300000000000002,1.01,5,N,46554
1.9,4.300000000000002,1.11,1,N,46555
1.9,4.300000000000002,1.11,2,N,46556
1.9,4.300000000000002,1.11,3,N,46557
1.9,4.300000000000002,1.11,4,N,46558
1.9,4.300000000000002,1.11,5,N,46559
1.9,4.300000000000002,1.3,1,N,46560
1.9,4.300000000000002,1.3,2,N,46561
1.9,4.300000000000002,1.3,3,N,46562
1.9,4.300000000000002,1.3,4,N,46563
1.9,4.300000000000002,1.3,5,N,46564
1.9,4.300000000000002,1.6,1,N,46565
1.9,4.300000000000002,1.6,2,N,46566
1.9,4.300000000000002,1.6,3,N,46567
1.9,4.300000000000002,1.6,4,N,46568
1.9,4.300000000000002,1.6,5,N,46569
1.9,4.300000000000002,1.9,1,N,46570
1.9,4.300000000000002,1.9,2,N,46571
1.9,4.300000000000002,1.9,3,N,46572
1.9,4.300000000000002,1.9,4,N,46573
1.9,4.300000000000002,1.9,5,N,46574
1.9,4.300000000000002,2.2,1,N,46575
1.9,4.300000000000002,2.2,2,N,46576
1.9,4.300000000000002,2.2,3,N,46577
1.9,4.300000000000002,2.2,4,N,46578
1.9,4.300000000000002,2.2,5,N,46579
1.9,4.300000000000002,2.5,1,N,46580
1.9,4.300000000000002,2.5,2,N,46581
1.9,4.300000000000002,2.5,3,N,46582
1.9,4.300000000000002,2.5,4,N,46583
1.9,4.300000000000002,2.5,5,N,46584
1.9,4.300000000000002,2.8000000000000003,1,N,46585
1.9,4.300000000000002,2.8000000000000003,2,N,46586
1.9,4.300000000000002,2.8000000000000003,3,N,46587
1.9,4.300000000000002,2.8000000000000003,4,N,46588
1.9,4.300000000000002,2.8000000000000003,5,N,46589
1.9,4.300000000000002,3.1000000000000005,1,N,46590
1.9,4.300000000000002,3.1000000000000005,2,N,46591
1.9,4.300000000000002,3.1000000000000005,3,N,46592
1.9,4.300000000000002,3.1000000000000005,4,N,46593
1.9,4.300000000000002,3.1000000000000005,5,N,46594
1.9,4.300000000000002,3.4000000000000004,1,N,46595
1.9,4.300000000000002,3.4000000000000004,2,N,46596
1.9,4.300000000000002,3.4000000000000004,3,N,46597
1.9,4.300000000000002,3.4000000000000004,4,N,46598
1.9,4.300000000000002,3.4000000000000004,5,N,46599
1.9,4.300000000000002,3.7,1,N,46600
1.9,4.300000000000002,3.7,2,N,46601
1.9,4.300000000000002,3.7,3,N,46602
1.9,4.300000000000002,3.7,4,N,46603
1.9,4.300000000000002,3.7,5,N,46604
1.9,4.300000000000002,4.0,1,N,46605
1.9,4.300000000000002,4.0,2,N,46606
1.9,4.300000000000002,4.0,3,N,46607
1.9,4.300000000000002,4.0,4,N,46608
1.9,4.300000000000002,4.0,5,N,46609
1.9,4.300000000000002,4.300000000000002,1,N,46610
1.9,4.300000000000002,4.300000000000002,2,N,46611
1.9,4.300000000000002,4.300000000000002,3,N,46612
1.9,4.300000000000002,4.300000000000002,4,N,46613
1.9,4.300000000000002,4.300000000000002,5,N,46614
1.9,4.300000000000002,4.6000000000000005,1,N,46615
1.9,4.300000000000002,4.6000000000000005,2,N,46616
1.9,4.300000000000002,4.6000000000000005,3,N,46617
1.9,4.300000000000002,4.6000000000000005,4,N,46618
1.9,4.300000000000002,4.6000000000000005,5,N,46619
1.9,4.300000000000002,4.9,1,N,46620
1.9,4.300000000000002,4.9,2,N,46621
1.9,4.300000000000002,4.9,3,N,46622
1.9,4.300000000000002,4.9,4,N,46623
1.9,4.300000000000002,4.9,5,N,46624
1.9,4.6000000000000005,0.01,1,N,46625
1.9,4.6000000000000005,0.01,2,N,46626
1.9,4.6000000000000005,0.01,3,N,46627
1.9,4.6000000000000005,0.01,4,N,46628
1.9,4.6000000000000005,0.01,5,N,46629
1.9,4.6000000000000005,0.11,1,N,46630
1.9,4.6000000000000005,0.11,2,N,46631
1.9,4.6000000000000005,0.11,3,N,46632
1.9,4.6000000000000005,0.11,4,N,46633
1.9,4.6000000000000005,0.11,5,N,46634
1.9,4.6000000000000005,0.21,1,N,46635
1.9,4.6000000000000005,0.21,2,N,46636
1.9,4.6000000000000005,0.21,3,N,46637
1.9,4.6000000000000005,0.21,4,N,46638
1.9,4.6000000000000005,0.21,5,N,46639
1.9,4.6000000000000005,0.31000000000000005,1,N,46640
1.9,4.6000000000000005,0.31000000000000005,2,N,46641
1.9,4.6000000000000005,0.31000000000000005,3,N,46642
1.9,4.6000000000000005,0.31000000000000005,4,N,46643
1.9,4.6000000000000005,0.31000000000000005,5,N,46644
1.9,4.6000000000000005,0.41,1,N,46645
1.9,4.6000000000000005,0.41,2,N,46646
1.9,4.6000000000000005,0.41,3,N,46647
1.9,4.6000000000000005,0.41,4,N,46648
1.9,4.6000000000000005,0.41,5,N,46649
1.9,4.6000000000000005,0.51,1,N,46650
1.9,4.6000000000000005,0.51,2,N,46651
1.9,4.6000000000000005,0.51,3,N,46652
1.9,4.6000000000000005,0.51,4,N,46653
1.9,4.6000000000000005,0.51,5,N,46654
1.9,4.6000000000000005,0.6100000000000001,1,N,46655
1.9,4.6000000000000005,0.6100000000000001,2,N,46656
1.9,4.6000000000000005,0.6100000000000001,3,N,46657
1.9,4.6000000000000005,0.6100000000000001,4,N,46658
1.9,4.6000000000000005,0.6100000000000001,5,N,46659
1.9,4.6000000000000005,0.7100000000000001,1,N,46660
1.9,4.6000000000000005,0.7100000000000001,2,N,46661
1.9,4.6000000000000005,0.7100000000000001,3,N,46662
1.9,4.6000000000000005,0.7100000000000001,4,N,46663
1.9,4.6000000000000005,0.7100000000000001,5,N,46664
1.9,4.6000000000000005,0.81,1,N,46665
1.9,4.6000000000000005,0.81,2,N,46666
1.9,4.6000000000000005,0.81,3,N,46667
1.9,4.6000000000000005,0.81,4,N,46668
1.9,4.6000000000000005,0.81,5,N,46669
1.9,4.6000000000000005,0.91,1,N,46670
1.9,4.6000000000000005,0.91,2,N,46671
1.9,4.6000000000000005,0.91,3,N,46672
1.9,4.6000000000000005,0.91,4,N,46673
1.9,4.6000000000000005,0.91,5,N,46674
1.9,4.6000000000000005,1.01,1,N,46675
1.9,4.6000000000000005,1.01,2,N,46676
1.9,4.6000000000000005,1.01,3,N,46677
1.9,4.6000000000000005,1.01,4,N,46678
1.9,4.6000000000000005,1.01,5,N,46679
1.9,4.6000000000000005,1.11,1,N,46680
1.9,4.6000000000000005,1.11,2,N,46681
1.9,4.6000000000000005,1.11,3,N,46682
1.9,4.6000000000000005,1.11,4,N,46683
1.9,4.6000000000000005,1.11,5,N,46684
1.9,4.6000000000000005,1.3,1,N,46685
1.9,4.6000000000000005,1.3,2,N,46686
1.9,4.6000000000000005,1.3,3,N,46687
1.9,4.6000000000000005,1.3,4,N,46688
1.9,4.6000000000000005,1.3,5,N,46689
1.9,4.6000000000000005,1.6,1,N,46690
1.9,4.6000000000000005,1.6,2,N,46691
1.9,4.6000000000000005,1.6,3,N,46692
1.9,4.6000000000000005,1.6,4,N,46693
1.9,4.6000000000000005,1.6,5,N,46694
1.9,4.6000000000000005,1.9,1,N,46695
1.9,4.6000000000000005,1.9,2,N,46696
1.9,4.6000000000000005,1.9,3,N,46697
1.9,4.6000000000000005,1.9,4,N,46698
1.9,4.6000000000000005,1.9,5,N,46699
1.9,4.6000000000000005,2.2,1,N,46700
1.9,4.6000000000000005,2.2,2,N,46701
1.9,4.6000000000000005,2.2,3,N,46702
1.9,4.6000000000000005,2.2,4,N,46703
1.9,4.6000000000000005,2.2,5,N,46704
1.9,4.6000000000000005,2.5,1,N,46705
1.9,4.6000000000000005,2.5,2,N,46706
1.9,4.6000000000000005,2.5,3,N,46707
1.9,4.6000000000000005,2.5,4,N,46708
1.9,4.6000000000000005,2.5,5,N,46709
1.9,4.6000000000000005,2.8000000000000003,1,N,46710
1.9,4.6000000000000005,2.8000000000000003,2,N,46711
1.9,4.6000000000000005,2.8000000000000003,3,N,46712
1.9,4.6000000000000005,2.8000000000000003,4,N,46713
1.9,4.6000000000000005,2.8000000000000003,5,N,46714
1.9,4.6000000000000005,3.1000000000000005,1,N,46715
1.9,4.6000000000000005,3.1000000000000005,2,N,46716
1.9,4.6000000000000005,3.1000000000000005,3,N,46717
1.9,4.6000000000000005,3.1000000000000005,4,N,46718
1.9,4.6000000000000005,3.1000000000000005,5,N,46719
1.9,4.6000000000000005,3.4000000000000004,1,N,46720
1.9,4.6000000000000005,3.4000000000000004,2,N,46721
1.9,4.6000000000000005,3.4000000000000004,3,N,46722
1.9,4.6000000000000005,3.4000000000000004,4,N,46723
1.9,4.6000000000000005,3.4000000000000004,5,N,46724
1.9,4.6000000000000005,3.7,1,N,46725
1.9,4.6000000000000005,3.7,2,N,46726
1.9,4.6000000000000005,3.7,3,N,46727
1.9,4.6000000000000005,3.7,4,N,46728
1.9,4.6000000000000005,3.7,5,N,46729
1.9,4.6000000000000005,4.0,1,N,46730
1.9,4.6000000000000005,4.0,2,N,46731
1.9,4.6000000000000005,4.0,3,N,46732
1.9,4.6000000000000005,4.0,4,N,46733
1.9,4.6000000000000005,4.0,5,N,46734
1.9,4.6000000000000005,4.300000000000002,1,N,46735
1.9,4.6000000000000005,4.300000000000002,2,N,46736
1.9,4.6000000000000005,4.300000000000002,3,N,46737
1.9,4.6000000000000005,4.300000000000002,4,N,46738
1.9,4.6000000000000005,4.300000000000002,5,N,46739
1.9,4.6000000000000005,4.6000000000000005,1,N,46740
1.9,4.6000000000000005,4.6000000000000005,2,N,46741
1.9,4.6000000000000005,4.6000000000000005,3,N,46742
1.9,4.6000000000000005,4.6000000000000005,4,N,46743
1.9,4.6000000000000005,4.6000000000000005,5,N,46744
1.9,4.6000000000000005,4.9,1,N,46745
1.9,4.6000000000000005,4.9,2,N,46746
1.9,4.6000000000000005,4.9,3,N,46747
1.9,4.6000000000000005,4.9,4,N,46748
1.9,4.6000000000000005,4.9,5,N,46749
1.9,4.9,0.01,1,N,46750
1.9,4.9,0.01,2,N,46751
1.9,4.9,0.01,3,N,46752
1.9,4.9,0.01,4,N,46753
1.9,4.9,0.01,5,N,46754
1.9,4.9,0.11,1,N,46755
1.9,4.9,0.11,2,N,46756
1.9,4.9,0.11,3,N,46757
1.9,4.9,0.11,4,N,46758
1.9,4.9,0.11,5,N,46759
1.9,4.9,0.21,1,N,46760
1.9,4.9,0.21,2,N,46761
1.9,4.9,0.21,3,N,46762
1.9,4.9,0.21,4,N,46763
1.9,4.9,0.21,5,N,46764
1.9,4.9,0.31000000000000005,1,N,46765
1.9,4.9,0.31000000000000005,2,N,46766
1.9,4.9,0.31000000000000005,3,N,46767
1.9,4.9,0.31000000000000005,4,N,46768
1.9,4.9,0.31000000000000005,5,N,46769
1.9,4.9,0.41,1,N,46770
1.9,4.9,0.41,2,N,46771
1.9,4.9,0.41,3,N,46772
1.9,4.9,0.41,4,N,46773
1.9,4.9,0.41,5,N,46774
1.9,4.9,0.51,1,N,46775
1.9,4.9,0.51,2,N,46776
1.9,4.9,0.51,3,N,46777
1.9,4.9,0.51,4,N,46778
1.9,4.9,0.51,5,N,46779
1.9,4.9,0.6100000000000001,1,N,46780
1.9,4.9,0.6100000000000001,2,N,46781
1.9,4.9,0.6100000000000001,3,N,46782
1.9,4.9,0.6100000000000001,4,N,46783
1.9,4.9,0.6100000000000001,5,N,46784
1.9,4.9,0.7100000000000001,1,N,46785
1.9,4.9,0.7100000000000001,2,N,46786
1.9,4.9,0.7100000000000001,3,N,46787
1.9,4.9,0.7100000000000001,4,N,46788
1.9,4.9,0.7100000000000001,5,N,46789
1.9,4.9,0.81,1,N,46790
1.9,4.9,0.81,2,N,46791
1.9,4.9,0.81,3,N,46792
1.9,4.9,0.81,4,N,46793
1.9,4.9,0.81,5,N,46794
1.9,4.9,0.91,1,N,46795
1.9,4.9,0.91,2,N,46796
1.9,4.9,0.91,3,N,46797
1.9,4.9,0.91,4,N,46798
1.9,4.9,0.91,5,N,46799
1.9,4.9,1.01,1,N,46800
1.9,4.9,1.01,2,N,46801
1.9,4.9,1.01,3,N,46802
1.9,4.9,1.01,4,N,46803
1.9,4.9,1.01,5,N,46804
1.9,4.9,1.11,1,N,46805
1.9,4.9,1.11,2,N,46806
1.9,4.9,1.11,3,N,46807
1.9,4.9,1.11,4,N,46808
1.9,4.9,1.11,5,N,46809
1.9,4.9,1.3,1,N,46810
1.9,4.9,1.3,2,N,46811
1.9,4.9,1.3,3,N,46812
1.9,4.9,1.3,4,N,46813
1.9,4.9,1.3,5,N,46814
1.9,4.9,1.6,1,N,46815
1.9,4.9,1.6,2,N,46816
1.9,4.9,1.6,3,N,46817
1.9,4.9,1.6,4,N,46818
1.9,4.9,1.6,5,N,46819
1.9,4.9,1.9,1,N,46820
1.9,4.9,1.9,2,N,46821
1.9,4.9,1.9,3,N,46822
1.9,4.9,1.9,4,N,46823
1.9,4.9,1.9,5,N,46824
1.9,4.9,2.2,1,N,46825
1.9,4.9,2.2,2,N,46826
1.9,4.9,2.2,3,N,46827
1.9,4.9,2.2,4,N,46828
1.9,4.9,2.2,5,N,46829
1.9,4.9,2.5,1,N,46830
1.9,4.9,2.5,2,N,46831
1.9,4.9,2.5,3,N,46832
1.9,4.9,2.5,4,N,46833
1.9,4.9,2.5,5,N,46834
1.9,4.9,2.8000000000000003,1,N,46835
1.9,4.9,2.8000000000000003,2,N,46836
1.9,4.9,2.8000000000000003,3,N,46837
1.9,4.9,2.8000000000000003,4,N,46838
1.9,4.9,2.8000000000000003,5,N,46839
1.9,4.9,3.1000000000000005,1,N,46840
1.9,4.9,3.1000000000000005,2,N,46841
1.9,4.9,3.1000000000000005,3,N,46842
1.9,4.9,3.1000000000000005,4,N,46843
1.9,4.9,3.1000000000000005,5,N,46844
1.9,4.9,3.4000000000000004,1,N,46845
1.9,4.9,3.4000000000000004,2,N,46846
1.9,4.9,3.4000000000000004,3,N,46847
1.9,4.9,3.4000000000000004,4,N,46848
1.9,4.9,3.4000000000000004,5,N,46849
1.9,4.9,3.7,1,N,46850
1.9,4.9,3.7,2,N,46851
1.9,4.9,3.7,3,N,46852
1.9,4.9,3.7,4,N,46853
1.9,4.9,3.7,5,N,46854
1.9,4.9,4.0,1,N,46855
1.9,4.9,4.0,2,N,46856
1.9,4.9,4.0,3,N,46857
1.9,4.9,4.0,4,N,46858
1.9,4.9,4.0,5,N,46859
1.9,4.9,4.300000000000002,1,N,46860
1.9,4.9,4.300000000000002,2,N,46861
1.9,4.9,4.300000000000002,3,N,46862
1.9,4.9,4.300000000000002,4,N,46863
1.9,4.9,4.300000000000002,5,N,46864
1.9,4.9,4.6000000000000005,1,N,46865
1.9,4.9,4.6000000000000005,2,N,46866
1.9,4.9,4.6000000000000005,3,N,46867
1.9,4.9,4.6000000000000005,4,N,46868
1.9,4.9,4.6000000000000005,5,N,46869
1.9,4.9,4.9,1,N,46870
1.9,4.9,4.9,2,N,46871
1.9,4.9,4.9,3,N,46872
1.9,4.9,4.9,4,N,46873
1.9,4.9,4.9,5,N,46874
2.2,0.01,0.01,1,N,46875
2.2,0.01,0.01,2,N,46876
2.2,0.01,0.01,3,N,46877
2.2,0.01,0.01,4,N,46878
2.2,0.01,0.01,5,N,46879
2.2,0.01,0.11,1,N,46880
2.2,0.01,0.11,2,N,46881
2.2,0.01,0.11,3,N,46882
2.2,0.01,0.11,4,N,46883
2.2,0.01,0.11,5,N,46884
2.2,0.01,0.21,1,N,46885
2.2,0.01,0.21,2,N,46886
2.2,0.01,0.21,3,N,46887
2.2,0.01,0.21,4,N,46888
2.2,0.01,0.21,5,N,46889
2.2,0.01,0.31000000000000005,1,N,46890
2.2,0.01,0.31000000000000005,2,N,46891
2.2,0.01,0.31000000000000005,3,N,46892
2.2,0.01,0.31000000000000005,4,N,46893
2.2,0.01,0.31000000000000005,5,N,46894
2.2,0.01,0.41,1,N,46895
2.2,0.01,0.41,2,N,46896
2.2,0.01,0.41,3,N,46897
2.2,0.01,0.41,4,N,46898
2.2,0.01,0.41,5,N,46899
2.2,0.01,0.51,1,N,46900
2.2,0.01,0.51,2,N,46901
2.2,0.01,0.51,3,N,46902
2.2,0.01,0.51,4,N,46903
2.2,0.01,0.51,5,N,46904
2.2,0.01,0.6100000000000001,1,N,46905
2.2,0.01,0.6100000000000001,2,N,46906
2.2,0.01,0.6100000000000001,3,N,46907
2.2,0.01,0.6100000000000001,4,N,46908
2.2,0.01,0.6100000000000001,5,N,46909
2.2,0.01,0.7100000000000001,1,N,46910
2.2,0.01,0.7100000000000001,2,N,46911
2.2,0.01,0.7100000000000001,3,N,46912
2.2,0.01,0.7100000000000001,4,N,46913
2.2,0.01,0.7100000000000001,5,N,46914
2.2,0.01,0.81,1,N,46915
2.2,0.01,0.81,2,N,46916
2.2,0.01,0.81,3,N,46917
2.2,0.01,0.81,4,N,46918
2.2,0.01,0.81,5,N,46919
2.2,0.01,0.91,1,N,46920
2.2,0.01,0.91,2,N,46921
2.2,0.01,0.91,3,N,46922
2.2,0.01,0.91,4,N,46923
2.2,0.01,0.91,5,N,46924
2.2,0.01,1.01,1,N,46925
2.2,0.01,1.01,2,N,46926
2.2,0.01,1.01,3,N,46927
2.2,0.01,1.01,4,N,46928
2.2,0.01,1.01,5,N,46929
2.2,0.01,1.11,1,N,46930
2.2,0.01,1.11,2,N,46931
2.2,0.01,1.11,3,N,46932
2.2,0.01,1.11,4,N,46933
2.2,0.01,1.11,5,N,46934
2.2,0.01,1.3,1,N,46935
2.2,0.01,1.3,2,N,46936
2.2,0.01,1.3,3,N,46937
2.2,0.01,1.3,4,N,46938
2.2,0.01,1.3,5,N,46939
2.2,0.01,1.6,1,N,46940
2.2,0.01,1.6,2,N,46941
2.2,0.01,1.6,3,N,46942
2.2,0.01,1.6,4,N,46943
2.2,0.01,1.6,5,N,46944
2.2,0.01,1.9,1,N,46945
2.2,0.01,1.9,2,N,46946
2.2,0.01,1.9,3,N,46947
2.2,0.01,1.9,4,N,46948
2.2,0.01,1.9,5,N,46949
2.2,0.01,2.2,1,N,46950
2.2,0.01,2.2,2,N,46951
2.2,0.01,2.2,3,N,46952
2.2,0.01,2.2,4,N,46953
2.2,0.01,2.2,5,N,46954
2.2,0.01,2.5,1,N,46955
2.2,0.01,2.5,2,N,46956
2.2,0.01,2.5,3,N,46957
2.2,0.01,2.5,4,N,46958
2.2,0.01,2.5,5,N,46959
2.2,0.01,2.8000000000000003,1,N,46960
2.2,0.01,2.8000000000000003,2,N,46961
2.2,0.01,2.8000000000000003,3,N,46962
2.2,0.01,2.8000000000000003,4,N,46963
2.2,0.01,2.8000000000000003,5,N,46964
2.2,0.01,3.1000000000000005,1,N,46965
2.2,0.01,3.1000000000000005,2,N,46966
2.2,0.01,3.1000000000000005,3,N,46967
2.2,0.01,3.1000000000000005,4,N,46968
2.2,0.01,3.1000000000000005,5,N,46969
2.2,0.01,3.4000000000000004,1,N,46970
2.2,0.01,3.4000000000000004,2,N,46971
2.2,0.01,3.4000000000000004,3,N,46972
2.2,0.01,3.4000000000000004,4,N,46973
2.2,0.01,3.4000000000000004,5,N,46974
2.2,0.01,3.7,1,N,46975
2.2,0.01,3.7,2,N,46976
2.2,0.01,3.7,3,N,46977
2.2,0.01,3.7,4,N,46978
2.2,0.01,3.7,5,N,46979
2.2,0.01,4.0,1,N,46980
2.2,0.01,4.0,2,N,46981
2.2,0.01,4.0,3,N,46982
2.2,0.01,4.0,4,N,46983
2.2,0.01,4.0,5,N,46984
2.2,0.01,4.300000000000002,1,N,46985
2.2,0.01,4.300000000000002,2,N,46986
2.2,0.01,4.300000000000002,3,N,46987
2.2,0.01,4.300000000000002,4,N,46988
2.2,0.01,4.300000000000002,5,N,46989
2.2,0.01,4.6000000000000005,1,N,46990
2.2,0.01,4.6000000000000005,2,N,46991
2.2,0.01,4.6000000000000005,3,N,46992
2.2,0.01,4.6000000000000005,4,N,46993
2.2,0.01,4.6000000000000005,5,N,46994
2.2,0.01,4.9,1,N,46995
2.2,0.01,4.9,2,N,46996
2.2,0.01,4.9,3,N,46997
2.2,0.01,4.9,4,N,46998
2.2,0.01,4.9,5,N,46999
2.2,0.11,0.01,1,N,47000
2.2,0.11,0.01,2,N,47001
2.2,0.11,0.01,3,N,47002
2.2,0.11,0.01,4,N,47003
2.2,0.11,0.01,5,N,47004
2.2,0.11,0.11,1,N,47005
2.2,0.11,0.11,2,N,47006
2.2,0.11,0.11,3,N,47007
2.2,0.11,0.11,4,N,47008
2.2,0.11,0.11,5,N,47009
2.2,0.11,0.21,1,N,47010
2.2,0.11,0.21,2,N,47011
2.2,0.11,0.21,3,N,47012
2.2,0.11,0.21,4,N,47013
2.2,0.11,0.21,5,N,47014
2.2,0.11,0.31000000000000005,1,N,47015
2.2,0.11,0.31000000000000005,2,N,47016
2.2,0.11,0.31000000000000005,3,N,47017
2.2,0.11,0.31000000000000005,4,N,47018
2.2,0.11,0.31000000000000005,5,N,47019
2.2,0.11,0.41,1,N,47020
2.2,0.11,0.41,2,N,47021
2.2,0.11,0.41,3,N,47022
2.2,0.11,0.41,4,N,47023
2.2,0.11,0.41,5,N,47024
2.2,0.11,0.51,1,N,47025
2.2,0.11,0.51,2,N,47026
2.2,0.11,0.51,3,N,47027
2.2,0.11,0.51,4,N,47028
2.2,0.11,0.51,5,N,47029
2.2,0.11,0.6100000000000001,1,N,47030
2.2,0.11,0.6100000000000001,2,N,47031
2.2,0.11,0.6100000000000001,3,N,47032
2.2,0.11,0.6100000000000001,4,N,47033
2.2,0.11,0.6100000000000001,5,N,47034
2.2,0.11,0.7100000000000001,1,N,47035
2.2,0.11,0.7100000000000001,2,N,47036
2.2,0.11,0.7100000000000001,3,N,47037
2.2,0.11,0.7100000000000001,4,N,47038
2.2,0.11,0.7100000000000001,5,N,47039
2.2,0.11,0.81,1,N,47040
2.2,0.11,0.81,2,N,47041
2.2,0.11,0.81,3,N,47042
2.2,0.11,0.81,4,N,47043
2.2,0.11,0.81,5,N,47044
2.2,0.11,0.91,1,N,47045
2.2,0.11,0.91,2,N,47046
2.2,0.11,0.91,3,N,47047
2.2,0.11,0.91,4,N,47048
2.2,0.11,0.91,5,N,47049
2.2,0.11,1.01,1,N,47050
2.2,0.11,1.01,2,N,47051
2.2,0.11,1.01,3,N,47052
2.2,0.11,1.01,4,N,47053
2.2,0.11,1.01,5,N,47054
2.2,0.11,1.11,1,N,47055
2.2,0.11,1.11,2,N,47056
2.2,0.11,1.11,3,N,47057
2.2,0.11,1.11,4,N,47058
2.2,0.11,1.11,5,N,47059
2.2,0.11,1.3,1,N,47060
2.2,0.11,1.3,2,N,47061
2.2,0.11,1.3,3,N,47062
2.2,0.11,1.3,4,N,47063
2.2,0.11,1.3,5,N,47064
2.2,0.11,1.6,1,N,47065
2.2,0.11,1.6,2,N,47066
2.2,0.11,1.6,3,N,47067
2.2,0.11,1.6,4,N,47068
2.2,0.11,1.6,5,N,47069
2.2,0.11,1.9,1,N,47070
2.2,0.11,1.9,2,N,47071
2.2,0.11,1.9,3,N,47072
2.2,0.11,1.9,4,N,47073
2.2,0.11,1.9,5,N,47074
2.2,0.11,2.2,1,N,47075
2.2,0.11,2.2,2,N,47076
2.2,0.11,2.2,3,N,47077
2.2,0.11,2.2,4,N,47078
2.2,0.11,2.2,5,N,47079
2.2,0.11,2.5,1,N,47080
2.2,0.11,2.5,2,N,47081
2.2,0.11,2.5,3,N,47082
2.2,0.11,2.5,4,N,47083
2.2,0.11,2.5,5,N,47084
2.2,0.11,2.8000000000000003,1,N,47085
2.2,0.11,2.8000000000000003,2,N,47086
2.2,0.11,2.8000000000000003,3,N,47087
2.2,0.11,2.8000000000000003,4,N,47088
2.2,0.11,2.8000000000000003,5,N,47089
2.2,0.11,3.1000000000000005,1,N,47090
2.2,0.11,3.1000000000000005,2,N,47091
2.2,0.11,3.1000000000000005,3,N,47092
2.2,0.11,3.1000000000000005,4,N,47093
2.2,0.11,3.1000000000000005,5,N,47094
2.2,0.11,3.4000000000000004,1,N,47095
2.2,0.11,3.4000000000000004,2,N,47096
2.2,0.11,3.4000000000000004,3,N,47097
2.2,0.11,3.4000000000000004,4,N,47098
2.2,0.11,3.4000000000000004,5,N,47099
2.2,0.11,3.7,1,N,47100
2.2,0.11,3.7,2,N,47101
2.2,0.11,3.7,3,N,47102
2.2,0.11,3.7,4,N,47103
2.2,0.11,3.7,5,N,47104
2.2,0.11,4.0,1,N,47105
2.2,0.11,4.0,2,N,47106
2.2,0.11,4.0,3,N,47107
2.2,0.11,4.0,4,N,47108
2.2,0.11,4.0,5,N,47109
2.2,0.11,4.300000000000002,1,N,47110
2.2,0.11,4.300000000000002,2,N,47111
2.2,0.11,4.300000000000002,3,N,47112
2.2,0.11,4.300000000000002,4,N,47113
2.2,0.11,4.300000000000002,5,N,47114
2.2,0.11,4.6000000000000005,1,N,47115
2.2,0.11,4.6000000000000005,2,N,47116
2.2,0.11,4.6000000000000005,3,N,47117
2.2,0.11,4.6000000000000005,4,N,47118
2.2,0.11,4.6000000000000005,5,N,47119
2.2,0.11,4.9,1,N,47120
2.2,0.11,4.9,2,N,47121
2.2,0.11,4.9,3,N,47122
2.2,0.11,4.9,4,N,47123
2.2,0.11,4.9,5,N,47124
2.2,0.21,0.01,1,N,47125
2.2,0.21,0.01,2,N,47126
2.2,0.21,0.01,3,N,47127
2.2,0.21,0.01,4,N,47128
2.2,0.21,0.01,5,N,47129
2.2,0.21,0.11,1,N,47130
2.2,0.21,0.11,2,N,47131
2.2,0.21,0.11,3,N,47132
2.2,0.21,0.11,4,N,47133
2.2,0.21,0.11,5,N,47134
2.2,0.21,0.21,1,N,47135
2.2,0.21,0.21,2,N,47136
2.2,0.21,0.21,3,N,47137
2.2,0.21,0.21,4,N,47138
2.2,0.21,0.21,5,N,47139
2.2,0.21,0.31000000000000005,1,N,47140
2.2,0.21,0.31000000000000005,2,N,47141
2.2,0.21,0.31000000000000005,3,N,47142
2.2,0.21,0.31000000000000005,4,N,47143
2.2,0.21,0.31000000000000005,5,N,47144
2.2,0.21,0.41,1,N,47145
2.2,0.21,0.41,2,N,47146
2.2,0.21,0.41,3,N,47147
2.2,0.21,0.41,4,N,47148
2.2,0.21,0.41,5,N,47149
2.2,0.21,0.51,1,N,47150
2.2,0.21,0.51,2,N,47151
2.2,0.21,0.51,3,N,47152
2.2,0.21,0.51,4,N,47153
2.2,0.21,0.51,5,N,47154
2.2,0.21,0.6100000000000001,1,N,47155
2.2,0.21,0.6100000000000001,2,N,47156
2.2,0.21,0.6100000000000001,3,N,47157
2.2,0.21,0.6100000000000001,4,N,47158
2.2,0.21,0.6100000000000001,5,N,47159
2.2,0.21,0.7100000000000001,1,N,47160
2.2,0.21,0.7100000000000001,2,N,47161
2.2,0.21,0.7100000000000001,3,N,47162
2.2,0.21,0.7100000000000001,4,N,47163
2.2,0.21,0.7100000000000001,5,N,47164
2.2,0.21,0.81,1,N,47165
2.2,0.21,0.81,2,N,47166
2.2,0.21,0.81,3,N,47167
2.2,0.21,0.81,4,N,47168
2.2,0.21,0.81,5,N,47169
2.2,0.21,0.91,1,N,47170
2.2,0.21,0.91,2,N,47171
2.2,0.21,0.91,3,N,47172
2.2,0.21,0.91,4,N,47173
2.2,0.21,0.91,5,N,47174
2.2,0.21,1.01,1,N,47175
2.2,0.21,1.01,2,N,47176
2.2,0.21,1.01,3,N,47177
2.2,0.21,1.01,4,N,47178
2.2,0.21,1.01,5,N,47179
2.2,0.21,1.11,1,N,47180
2.2,0.21,1.11,2,N,47181
2.2,0.21,1.11,3,N,47182
2.2,0.21,1.11,4,N,47183
2.2,0.21,1.11,5,N,47184
2.2,0.21,1.3,1,N,47185
2.2,0.21,1.3,2,N,47186
2.2,0.21,1.3,3,N,47187
2.2,0.21,1.3,4,N,47188
2.2,0.21,1.3,5,N,47189
2.2,0.21,1.6,1,N,47190
2.2,0.21,1.6,2,N,47191
2.2,0.21,1.6,3,N,47192
2.2,0.21,1.6,4,N,47193
2.2,0.21,1.6,5,N,47194
2.2,0.21,1.9,1,N,47195
2.2,0.21,1.9,2,N,47196
2.2,0.21,1.9,3,N,47197
2.2,0.21,1.9,4,N,47198
2.2,0.21,1.9,5,N,47199
2.2,0.21,2.2,1,N,47200
2.2,0.21,2.2,2,N,47201
2.2,0.21,2.2,3,N,47202
2.2,0.21,2.2,4,N,47203
2.2,0.21,2.2,5,N,47204
2.2,0.21,2.5,1,N,47205
2.2,0.21,2.5,2,N,47206
2.2,0.21,2.5,3,N,47207
2.2,0.21,2.5,4,N,47208
2.2,0.21,2.5,5,N,47209
2.2,0.21,2.8000000000000003,1,N,47210
2.2,0.21,2.8000000000000003,2,N,47211
2.2,0.21,2.8000000000000003,3,N,47212
2.2,0.21,2.8000000000000003,4,N,47213
2.2,0.21,2.8000000000000003,5,N,47214
2.2,0.21,3.1000000000000005,1,N,47215
2.2,0.21,3.1000000000000005,2,N,47216
2.2,0.21,3.1000000000000005,3,N,47217
2.2,0.21,3.1000000000000005,4,N,47218
2.2,0.21,3.1000000000000005,5,N,47219
2.2,0.21,3.4000000000000004,1,N,47220
2.2,0.21,3.4000000000000004,2,N,47221
2.2,0.21,3.4000000000000004,3,N,47222
2.2,0.21,3.4000000000000004,4,N,47223
2.2,0.21,3.4000000000000004,5,N,47224
2.2,0.21,3.7,1,N,47225
2.2,0.21,3.7,2,N,47226
2.2,0.21,3.7,3,N,47227
2.2,0.21,3.7,4,N,47228
2.2,0.21,3.7,5,N,47229
2.2,0.21,4.0,1,N,47230
2.2,0.21,4.0,2,N,47231
2.2,0.21,4.0,3,N,47232
2.2,0.21,4.0,4,N,47233
2.2,0.21,4.0,5,N,47234
2.2,0.21,4.300000000000002,1,N,47235
2.2,0.21,4.300000000000002,2,N,47236
2.2,0.21,4.300000000000002,3,N,47237
2.2,0.21,4.300000000000002,4,N,47238
2.2,0.21,4.300000000000002,5,N,47239
2.2,0.21,4.6000000000000005,1,N,47240
2.2,0.21,4.6000000000000005,2,N,47241
2.2,0.21,4.6000000000000005,3,N,47242
2.2,0.21,4.6000000000000005,4,N,47243
2.2,0.21,4.6000000000000005,5,N,47244
2.2,0.21,4.9,1,N,47245
2.2,0.21,4.9,2,N,47246
2.2,0.21,4.9,3,N,47247
2.2,0.21,4.9,4,N,47248
2.2,0.21,4.9,5,N,47249
2.2,0.31000000000000005,0.01,1,N,47250
2.2,0.31000000000000005,0.01,2,N,47251
2.2,0.31000000000000005,0.01,3,N,47252
2.2,0.31000000000000005,0.01,4,N,47253
2.2,0.31000000000000005,0.01,5,N,47254
2.2,0.31000000000000005,0.11,1,N,47255
2.2,0.31000000000000005,0.11,2,N,47256
2.2,0.31000000000000005,0.11,3,N,47257
2.2,0.31000000000000005,0.11,4,N,47258
2.2,0.31000000000000005,0.11,5,N,47259
2.2,0.31000000000000005,0.21,1,N,47260
2.2,0.31000000000000005,0.21,2,N,47261
2.2,0.31000000000000005,0.21,3,N,47262
2.2,0.31000000000000005,0.21,4,N,47263
2.2,0.31000000000000005,0.21,5,N,47264
2.2,0.31000000000000005,0.31000000000000005,1,N,47265
2.2,0.31000000000000005,0.31000000000000005,2,N,47266
2.2,0.31000000000000005,0.31000000000000005,3,N,47267
2.2,0.31000000000000005,0.31000000000000005,4,N,47268
2.2,0.31000000000000005,0.31000000000000005,5,N,47269
2.2,0.31000000000000005,0.41,1,N,47270
2.2,0.31000000000000005,0.41,2,N,47271
2.2,0.31000000000000005,0.41,3,N,47272
2.2,0.31000000000000005,0.41,4,N,47273
2.2,0.31000000000000005,0.41,5,N,47274
2.2,0.31000000000000005,0.51,1,N,47275
2.2,0.31000000000000005,0.51,2,N,47276
2.2,0.31000000000000005,0.51,3,N,47277
2.2,0.31000000000000005,0.51,4,N,47278
2.2,0.31000000000000005,0.51,5,N,47279
2.2,0.31000000000000005,0.6100000000000001,1,N,47280
2.2,0.31000000000000005,0.6100000000000001,2,N,47281
2.2,0.31000000000000005,0.6100000000000001,3,N,47282
2.2,0.31000000000000005,0.6100000000000001,4,N,47283
2.2,0.31000000000000005,0.6100000000000001,5,N,47284
2.2,0.31000000000000005,0.7100000000000001,1,N,47285
2.2,0.31000000000000005,0.7100000000000001,2,N,47286
2.2,0.31000000000000005,0.7100000000000001,3,N,47287
2.2,0.31000000000000005,0.7100000000000001,4,N,47288
2.2,0.31000000000000005,0.7100000000000001,5,N,47289
2.2,0.31000000000000005,0.81,1,N,47290
2.2,0.31000000000000005,0.81,2,N,47291
2.2,0.31000000000000005,0.81,3,N,47292
2.2,0.31000000000000005,0.81,4,N,47293
2.2,0.31000000000000005,0.81,5,N,47294
2.2,0.31000000000000005,0.91,1,N,47295
2.2,0.31000000000000005,0.91,2,N,47296
2.2,0.31000000000000005,0.91,3,N,47297
2.2,0.31000000000000005,0.91,4,N,47298
2.2,0.31000000000000005,0.91,5,N,47299
2.2,0.31000000000000005,1.01,1,N,47300
2.2,0.31000000000000005,1.01,2,N,47301
2.2,0.31000000000000005,1.01,3,N,47302
2.2,0.31000000000000005,1.01,4,N,47303
2.2,0.31000000000000005,1.01,5,N,47304
2.2,0.31000000000000005,1.11,1,N,47305
2.2,0.31000000000000005,1.11,2,N,47306
2.2,0.31000000000000005,1.11,3,N,47307
2.2,0.31000000000000005,1.11,4,N,47308
2.2,0.31000000000000005,1.11,5,N,47309
2.2,0.31000000000000005,1.3,1,N,47310
2.2,0.31000000000000005,1.3,2,N,47311
2.2,0.31000000000000005,1.3,3,N,47312
2.2,0.31000000000000005,1.3,4,N,47313
2.2,0.31000000000000005,1.3,5,N,47314
2.2,0.31000000000000005,1.6,1,N,47315
2.2,0.31000000000000005,1.6,2,N,47316
2.2,0.31000000000000005,1.6,3,N,47317
2.2,0.31000000000000005,1.6,4,N,47318
2.2,0.31000000000000005,1.6,5,N,47319
2.2,0.31000000000000005,1.9,1,N,47320
2.2,0.31000000000000005,1.9,2,N,47321
2.2,0.31000000000000005,1.9,3,N,47322
2.2,0.31000000000000005,1.9,4,N,47323
2.2,0.31000000000000005,1.9,5,N,47324
2.2,0.31000000000000005,2.2,1,N,47325
2.2,0.31000000000000005,2.2,2,N,47326
2.2,0.31000000000000005,2.2,3,N,47327
2.2,0.31000000000000005,2.2,4,N,47328
2.2,0.31000000000000005,2.2,5,N,47329
2.2,0.31000000000000005,2.5,1,N,47330
2.2,0.31000000000000005,2.5,2,N,47331
2.2,0.31000000000000005,2.5,3,N,47332
2.2,0.31000000000000005,2.5,4,N,47333
2.2,0.31000000000000005,2.5,5,N,47334
2.2,0.31000000000000005,2.8000000000000003,1,N,47335
2.2,0.31000000000000005,2.8000000000000003,2,N,47336
2.2,0.31000000000000005,2.8000000000000003,3,N,47337
2.2,0.31000000000000005,2.8000000000000003,4,N,47338
2.2,0.31000000000000005,2.8000000000000003,5,N,47339
2.2,0.31000000000000005,3.1000000000000005,1,N,47340
2.2,0.31000000000000005,3.1000000000000005,2,N,47341
2.2,0.31000000000000005,3.1000000000000005,3,N,47342
2.2,0.31000000000000005,3.1000000000000005,4,N,47343
2.2,0.31000000000000005,3.1000000000000005,5,N,47344
2.2,0.31000000000000005,3.4000000000000004,1,N,47345
2.2,0.31000000000000005,3.4000000000000004,2,N,47346
2.2,0.31000000000000005,3.4000000000000004,3,N,47347
2.2,0.31000000000000005,3.4000000000000004,4,N,47348
2.2,0.31000000000000005,3.4000000000000004,5,N,47349
2.2,0.31000000000000005,3.7,1,N,47350
2.2,0.31000000000000005,3.7,2,N,47351
2.2,0.31000000000000005,3.7,3,N,47352
2.2,0.31000000000000005,3.7,4,N,47353
2.2,0.31000000000000005,3.7,5,N,47354
2.2,0.31000000000000005,4.0,1,N,47355
2.2,0.31000000000000005,4.0,2,N,47356
2.2,0.31000000000000005,4.0,3,N,47357
2.2,0.31000000000000005,4.0,4,N,47358
2.2,0.31000000000000005,4.0,5,N,47359
2.2,0.31000000000000005,4.300000000000002,1,N,47360
2.2,0.31000000000000005,4.300000000000002,2,N,47361
2.2,0.31000000000000005,4.300000000000002,3,N,47362
2.2,0.31000000000000005,4.300000000000002,4,N,47363
2.2,0.31000000000000005,4.300000000000002,5,N,47364
2.2,0.31000000000000005,4.6000000000000005,1,N,47365
2.2,0.31000000000000005,4.6000000000000005,2,N,47366
2.2,0.31000000000000005,4.6000000000000005,3,N,47367
2.2,0.31000000000000005,4.6000000000000005,4,N,47368
2.2,0.31000000000000005,4.6000000000000005,5,N,47369
2.2,0.31000000000000005,4.9,1,N,47370
2.2,0.31000000000000005,4.9,2,N,47371
2.2,0.31000000000000005,4.9,3,N,47372
2.2,0.31000000000000005,4.9,4,N,47373
2.2,0.31000000000000005,4.9,5,N,47374
2.2,0.41,0.01,1,N,47375
2.2,0.41,0.01,2,N,47376
2.2,0.41,0.01,3,N,47377
2.2,0.41,0.01,4,N,47378
2.2,0.41,0.01,5,N,47379
2.2,0.41,0.11,1,N,47380
2.2,0.41,0.11,2,N,47381
2.2,0.41,0.11,3,N,47382
2.2,0.41,0.11,4,N,47383
2.2,0.41,0.11,5,N,47384
2.2,0.41,0.21,1,N,47385
2.2,0.41,0.21,2,N,47386
2.2,0.41,0.21,3,N,47387
2.2,0.41,0.21,4,N,47388
2.2,0.41,0.21,5,N,47389
2.2,0.41,0.31000000000000005,1,N,47390
2.2,0.41,0.31000000000000005,2,N,47391
2.2,0.41,0.31000000000000005,3,N,47392
2.2,0.41,0.31000000000000005,4,N,47393
2.2,0.41,0.31000000000000005,5,N,47394
2.2,0.41,0.41,1,N,47395
2.2,0.41,0.41,2,N,47396
2.2,0.41,0.41,3,N,47397
2.2,0.41,0.41,4,N,47398
2.2,0.41,0.41,5,N,47399
2.2,0.41,0.51,1,N,47400
2.2,0.41,0.51,2,N,47401
2.2,0.41,0.51,3,N,47402
2.2,0.41,0.51,4,N,47403
2.2,0.41,0.51,5,N,47404
2.2,0.41,0.6100000000000001,1,N,47405
2.2,0.41,0.6100000000000001,2,N,47406
2.2,0.41,0.6100000000000001,3,N,47407
2.2,0.41,0.6100000000000001,4,N,47408
2.2,0.41,0.6100000000000001,5,N,47409
2.2,0.41,0.7100000000000001,1,N,47410
2.2,0.41,0.7100000000000001,2,N,47411
2.2,0.41,0.7100000000000001,3,N,47412
2.2,0.41,0.7100000000000001,4,N,47413
2.2,0.41,0.7100000000000001,5,N,47414
2.2,0.41,0.81,1,N,47415
2.2,0.41,0.81,2,N,47416
2.2,0.41,0.81,3,N,47417
2.2,0.41,0.81,4,N,47418
2.2,0.41,0.81,5,N,47419
2.2,0.41,0.91,1,N,47420
2.2,0.41,0.91,2,N,47421
2.2,0.41,0.91,3,N,47422
2.2,0.41,0.91,4,N,47423
2.2,0.41,0.91,5,N,47424
2.2,0.41,1.01,1,N,47425
2.2,0.41,1.01,2,N,47426
2.2,0.41,1.01,3,N,47427
2.2,0.41,1.01,4,N,47428
2.2,0.41,1.01,5,N,47429
2.2,0.41,1.11,1,N,47430
2.2,0.41,1.11,2,N,47431
2.2,0.41,1.11,3,N,47432
2.2,0.41,1.11,4,N,47433
2.2,0.41,1.11,5,N,47434
2.2,0.41,1.3,1,N,47435
2.2,0.41,1.3,2,N,47436
2.2,0.41,1.3,3,N,47437
2.2,0.41,1.3,4,N,47438
2.2,0.41,1.3,5,N,47439
2.2,0.41,1.6,1,N,47440
2.2,0.41,1.6,2,N,47441
2.2,0.41,1.6,3,N,47442
2.2,0.41,1.6,4,N,47443
2.2,0.41,1.6,5,N,47444
2.2,0.41,1.9,1,N,47445
2.2,0.41,1.9,2,N,47446
2.2,0.41,1.9,3,N,47447
2.2,0.41,1.9,4,N,47448
2.2,0.41,1.9,5,N,47449
2.2,0.41,2.2,1,N,47450
2.2,0.41,2.2,2,N,47451
2.2,0.41,2.2,3,N,47452
2.2,0.41,2.2,4,N,47453
2.2,0.41,2.2,5,N,47454
2.2,0.41,2.5,1,N,47455
2.2,0.41,2.5,2,N,47456
2.2,0.41,2.5,3,N,47457
2.2,0.41,2.5,4,N,47458
2.2,0.41,2.5,5,N,47459
2.2,0.41,2.8000000000000003,1,N,47460
2.2,0.41,2.8000000000000003,2,N,47461
2.2,0.41,2.8000000000000003,3,N,47462
2.2,0.41,2.8000000000000003,4,N,47463
2.2,0.41,2.8000000000000003,5,N,47464
2.2,0.41,3.1000000000000005,1,N,47465
2.2,0.41,3.1000000000000005,2,N,47466
2.2,0.41,3.1000000000000005,3,N,47467
2.2,0.41,3.1000000000000005,4,N,47468
2.2,0.41,3.1000000000000005,5,N,47469
2.2,0.41,3.4000000000000004,1,N,47470
2.2,0.41,3.4000000000000004,2,N,47471
2.2,0.41,3.4000000000000004,3,N,47472
2.2,0.41,3.4000000000000004,4,N,47473
2.2,0.41,3.4000000000000004,5,N,47474
2.2,0.41,3.7,1,N,47475
2.2,0.41,3.7,2,N,47476
2.2,0.41,3.7,3,N,47477
2.2,0.41,3.7,4,N,47478
2.2,0.41,3.7,5,N,47479
2.2,0.41,4.0,1,N,47480
2.2,0.41,4.0,2,N,47481
2.2,0.41,4.0,3,N,47482
2.2,0.41,4.0,4,N,47483
2.2,0.41,4.0,5,N,47484
2.2,0.41,4.300000000000002,1,N,47485
2.2,0.41,4.300000000000002,2,N,47486
2.2,0.41,4.300000000000002,3,N,47487
2.2,0.41,4.300000000000002,4,N,47488
2.2,0.41,4.300000000000002,5,N,47489
2.2,0.41,4.6000000000000005,1,N,47490
2.2,0.41,4.6000000000000005,2,N,47491
2.2,0.41,4.6000000000000005,3,N,47492
2.2,0.41,4.6000000000000005,4,N,47493
2.2,0.41,4.6000000000000005,5,N,47494
2.2,0.41,4.9,1,N,47495
2.2,0.41,4.9,2,N,47496
2.2,0.41,4.9,3,N,47497
2.2,0.41,4.9,4,N,47498
2.2,0.41,4.9,5,N,47499
2.2,0.51,0.01,1,N,47500
2.2,0.51,0.01,2,N,47501
2.2,0.51,0.01,3,N,47502
2.2,0.51,0.01,4,N,47503
2.2,0.51,0.01,5,N,47504
2.2,0.51,0.11,1,N,47505
2.2,0.51,0.11,2,N,47506
2.2,0.51,0.11,3,N,47507
2.2,0.51,0.11,4,N,47508
2.2,0.51,0.11,5,N,47509
2.2,0.51,0.21,1,N,47510
2.2,0.51,0.21,2,N,47511
2.2,0.51,0.21,3,N,47512
2.2,0.51,0.21,4,N,47513
2.2,0.51,0.21,5,N,47514
2.2,0.51,0.31000000000000005,1,N,47515
2.2,0.51,0.31000000000000005,2,N,47516
2.2,0.51,0.31000000000000005,3,N,47517
2.2,0.51,0.31000000000000005,4,N,47518
2.2,0.51,0.31000000000000005,5,N,47519
2.2,0.51,0.41,1,N,47520
2.2,0.51,0.41,2,N,47521
2.2,0.51,0.41,3,N,47522
2.2,0.51,0.41,4,N,47523
2.2,0.51,0.41,5,N,47524
2.2,0.51,0.51,1,N,47525
2.2,0.51,0.51,2,N,47526
2.2,0.51,0.51,3,N,47527
2.2,0.51,0.51,4,N,47528
2.2,0.51,0.51,5,N,47529
2.2,0.51,0.6100000000000001,1,N,47530
2.2,0.51,0.6100000000000001,2,N,47531
2.2,0.51,0.6100000000000001,3,N,47532
2.2,0.51,0.6100000000000001,4,N,47533
2.2,0.51,0.6100000000000001,5,N,47534
2.2,0.51,0.7100000000000001,1,N,47535
2.2,0.51,0.7100000000000001,2,N,47536
2.2,0.51,0.7100000000000001,3,N,47537
2.2,0.51,0.7100000000000001,4,N,47538
2.2,0.51,0.7100000000000001,5,N,47539
2.2,0.51,0.81,1,N,47540
2.2,0.51,0.81,2,N,47541
2.2,0.51,0.81,3,N,47542
2.2,0.51,0.81,4,N,47543
2.2,0.51,0.81,5,N,47544
2.2,0.51,0.91,1,N,47545
2.2,0.51,0.91,2,N,47546
2.2,0.51,0.91,3,N,47547
2.2,0.51,0.91,4,N,47548
2.2,0.51,0.91,5,N,47549
2.2,0.51,1.01,1,N,47550
2.2,0.51,1.01,2,N,47551
2.2,0.51,1.01,3,N,47552
2.2,0.51,1.01,4,N,47553
2.2,0.51,1.01,5,N,47554
2.2,0.51,1.11,1,N,47555
2.2,0.51,1.11,2,N,47556
2.2,0.51,1.11,3,N,47557
2.2,0.51,1.11,4,N,47558
2.2,0.51,1.11,5,N,47559
2.2,0.51,1.3,1,N,47560
2.2,0.51,1.3,2,N,47561
2.2,0.51,1.3,3,N,47562
2.2,0.51,1.3,4,N,47563
2.2,0.51,1.3,5,N,47564
2.2,0.51,1.6,1,N,47565
2.2,0.51,1.6,2,N,47566
2.2,0.51,1.6,3,N,47567
2.2,0.51,1.6,4,N,47568
2.2,0.51,1.6,5,N,47569
2.2,0.51,1.9,1,N,47570
2.2,0.51,1.9,2,N,47571
2.2,0.51,1.9,3,N,47572
2.2,0.51,1.9,4,N,47573
2.2,0.51,1.9,5,N,47574
2.2,0.51,2.2,1,N,47575
2.2,0.51,2.2,2,N,47576
2.2,0.51,2.2,3,N,47577
2.2,0.51,2.2,4,N,47578
2.2,0.51,2.2,5,N,47579
2.2,0.51,2.5,1,N,47580
2.2,0.51,2.5,2,N,47581
2.2,0.51,2.5,3,N,47582
2.2,0.51,2.5,4,N,47583
2.2,0.51,2.5,5,N,47584
2.2,0.51,2.8000000000000003,1,N,47585
2.2,0.51,2.8000000000000003,2,N,47586
2.2,0.51,2.8000000000000003,3,N,47587
2.2,0.51,2.8000000000000003,4,N,47588
2.2,0.51,2.8000000000000003,5,N,47589
2.2,0.51,3.1000000000000005,1,N,47590
2.2,0.51,3.1000000000000005,2,N,47591
2.2,0.51,3.1000000000000005,3,N,47592
2.2,0.51,3.1000000000000005,4,N,47593
2.2,0.51,3.1000000000000005,5,N,47594
2.2,0.51,3.4000000000000004,1,N,47595
2.2,0.51,3.4000000000000004,2,N,47596
2.2,0.51,3.4000000000000004,3,N,47597
2.2,0.51,3.4000000000000004,4,N,47598
2.2,0.51,3.4000000000000004,5,N,47599
2.2,0.51,3.7,1,N,47600
2.2,0.51,3.7,2,N,47601
2.2,0.51,3.7,3,N,47602
2.2,0.51,3.7,4,N,47603
2.2,0.51,3.7,5,N,47604
2.2,0.51,4.0,1,N,47605
2.2,0.51,4.0,2,N,47606
2.2,0.51,4.0,3,N,47607
2.2,0.51,4.0,4,N,47608
2.2,0.51,4.0,5,N,47609
2.2,0.51,4.300000000000002,1,N,47610
2.2,0.51,4.300000000000002,2,N,47611
2.2,0.51,4.300000000000002,3,N,47612
2.2,0.51,4.300000000000002,4,N,47613
2.2,0.51,4.300000000000002,5,N,47614
2.2,0.51,4.6000000000000005,1,N,47615
2.2,0.51,4.6000000000000005,2,N,47616
2.2,0.51,4.6000000000000005,3,N,47617
2.2,0.51,4.6000000000000005,4,N,47618
2.2,0.51,4.6000000000000005,5,N,47619
2.2,0.51,4.9,1,N,47620
2.2,0.51,4.9,2,N,47621
2.2,0.51,4.9,3,N,47622
2.2,0.51,4.9,4,N,47623
2.2,0.51,4.9,5,N,47624
2.2,0.6100000000000001,0.01,1,N,47625
2.2,0.6100000000000001,0.01,2,N,47626
2.2,0.6100000000000001,0.01,3,N,47627
2.2,0.6100000000000001,0.01,4,N,47628
2.2,0.6100000000000001,0.01,5,N,47629
2.2,0.6100000000000001,0.11,1,N,47630
2.2,0.6100000000000001,0.11,2,N,47631
2.2,0.6100000000000001,0.11,3,N,47632
2.2,0.6100000000000001,0.11,4,N,47633
2.2,0.6100000000000001,0.11,5,N,47634
2.2,0.6100000000000001,0.21,1,N,47635
2.2,0.6100000000000001,0.21,2,N,47636
2.2,0.6100000000000001,0.21,3,N,47637
2.2,0.6100000000000001,0.21,4,N,47638
2.2,0.6100000000000001,0.21,5,N,47639
2.2,0.6100000000000001,0.31000000000000005,1,N,47640
2.2,0.6100000000000001,0.31000000000000005,2,N,47641
2.2,0.6100000000000001,0.31000000000000005,3,N,47642
2.2,0.6100000000000001,0.31000000000000005,4,N,47643
2.2,0.6100000000000001,0.31000000000000005,5,N,47644
2.2,0.6100000000000001,0.41,1,N,47645
2.2,0.6100000000000001,0.41,2,N,47646
2.2,0.6100000000000001,0.41,3,N,47647
2.2,0.6100000000000001,0.41,4,N,47648
2.2,0.6100000000000001,0.41,5,N,47649
2.2,0.6100000000000001,0.51,1,N,47650
2.2,0.6100000000000001,0.51,2,N,47651
2.2,0.6100000000000001,0.51,3,N,47652
2.2,0.6100000000000001,0.51,4,N,47653
2.2,0.6100000000000001,0.51,5,N,47654
2.2,0.6100000000000001,0.6100000000000001,1,N,47655
2.2,0.6100000000000001,0.6100000000000001,2,N,47656
2.2,0.6100000000000001,0.6100000000000001,3,N,47657
2.2,0.6100000000000001,0.6100000000000001,4,N,47658
2.2,0.6100000000000001,0.6100000000000001,5,N,47659
2.2,0.6100000000000001,0.7100000000000001,1,N,47660
2.2,0.6100000000000001,0.7100000000000001,2,N,47661
2.2,0.6100000000000001,0.7100000000000001,3,N,47662
2.2,0.6100000000000001,0.7100000000000001,4,N,47663
2.2,0.6100000000000001,0.7100000000000001,5,N,47664
2.2,0.6100000000000001,0.81,1,N,47665
2.2,0.6100000000000001,0.81,2,N,47666
2.2,0.6100000000000001,0.81,3,N,47667
2.2,0.6100000000000001,0.81,4,N,47668
2.2,0.6100000000000001,0.81,5,N,47669
2.2,0.6100000000000001,0.91,1,N,47670
2.2,0.6100000000000001,0.91,2,N,47671
2.2,0.6100000000000001,0.91,3,N,47672
2.2,0.6100000000000001,0.91,4,N,47673
2.2,0.6100000000000001,0.91,5,N,47674
2.2,0.6100000000000001,1.01,1,N,47675
2.2,0.6100000000000001,1.01,2,N,47676
2.2,0.6100000000000001,1.01,3,N,47677
2.2,0.6100000000000001,1.01,4,N,47678
2.2,0.6100000000000001,1.01,5,N,47679
2.2,0.6100000000000001,1.11,1,N,47680
2.2,0.6100000000000001,1.11,2,N,47681
2.2,0.6100000000000001,1.11,3,N,47682
2.2,0.6100000000000001,1.11,4,N,47683
2.2,0.6100000000000001,1.11,5,N,47684
2.2,0.6100000000000001,1.3,1,N,47685
2.2,0.6100000000000001,1.3,2,N,47686
2.2,0.6100000000000001,1.3,3,N,47687
2.2,0.6100000000000001,1.3,4,N,47688
2.2,0.6100000000000001,1.3,5,N,47689
2.2,0.6100000000000001,1.6,1,N,47690
2.2,0.6100000000000001,1.6,2,N,47691
2.2,0.6100000000000001,1.6,3,N,47692
2.2,0.6100000000000001,1.6,4,N,47693
2.2,0.6100000000000001,1.6,5,N,47694
2.2,0.6100000000000001,1.9,1,N,47695
2.2,0.6100000000000001,1.9,2,N,47696
2.2,0.6100000000000001,1.9,3,N,47697
2.2,0.6100000000000001,1.9,4,N,47698
2.2,0.6100000000000001,1.9,5,N,47699
2.2,0.6100000000000001,2.2,1,N,47700
2.2,0.6100000000000001,2.2,2,N,47701
2.2,0.6100000000000001,2.2,3,N,47702
2.2,0.6100000000000001,2.2,4,N,47703
2.2,0.6100000000000001,2.2,5,N,47704
2.2,0.6100000000000001,2.5,1,N,47705
2.2,0.6100000000000001,2.5,2,N,47706
2.2,0.6100000000000001,2.5,3,N,47707
2.2,0.6100000000000001,2.5,4,N,47708
2.2,0.6100000000000001,2.5,5,N,47709
2.2,0.6100000000000001,2.8000000000000003,1,N,47710
2.2,0.6100000000000001,2.8000000000000003,2,N,47711
2.2,0.6100000000000001,2.8000000000000003,3,N,47712
2.2,0.6100000000000001,2.8000000000000003,4,N,47713
2.2,0.6100000000000001,2.8000000000000003,5,N,47714
2.2,0.6100000000000001,3.1000000000000005,1,N,47715
2.2,0.6100000000000001,3.1000000000000005,2,N,47716
2.2,0.6100000000000001,3.1000000000000005,3,N,47717
2.2,0.6100000000000001,3.1000000000000005,4,N,47718
2.2,0.6100000000000001,3.1000000000000005,5,N,47719
2.2,0.6100000000000001,3.4000000000000004,1,N,47720
2.2,0.6100000000000001,3.4000000000000004,2,N,47721
2.2,0.6100000000000001,3.4000000000000004,3,N,47722
2.2,0.6100000000000001,3.4000000000000004,4,N,47723
2.2,0.6100000000000001,3.4000000000000004,5,N,47724
2.2,0.6100000000000001,3.7,1,N,47725
2.2,0.6100000000000001,3.7,2,N,47726
2.2,0.6100000000000001,3.7,3,N,47727
2.2,0.6100000000000001,3.7,4,N,47728
2.2,0.6100000000000001,3.7,5,N,47729
2.2,0.6100000000000001,4.0,1,N,47730
2.2,0.6100000000000001,4.0,2,N,47731
2.2,0.6100000000000001,4.0,3,N,47732
2.2,0.6100000000000001,4.0,4,N,47733
2.2,0.6100000000000001,4.0,5,N,47734
2.2,0.6100000000000001,4.300000000000002,1,N,47735
2.2,0.6100000000000001,4.300000000000002,2,N,47736
2.2,0.6100000000000001,4.300000000000002,3,N,47737
2.2,0.6100000000000001,4.300000000000002,4,N,47738
2.2,0.6100000000000001,4.300000000000002,5,N,47739
2.2,0.6100000000000001,4.6000000000000005,1,N,47740
2.2,0.6100000000000001,4.6000000000000005,2,N,47741
2.2,0.6100000000000001,4.6000000000000005,3,N,47742
2.2,0.6100000000000001,4.6000000000000005,4,N,47743
2.2,0.6100000000000001,4.6000000000000005,5,N,47744
2.2,0.6100000000000001,4.9,1,N,47745
2.2,0.6100000000000001,4.9,2,N,47746
2.2,0.6100000000000001,4.9,3,N,47747
2.2,0.6100000000000001,4.9,4,N,47748
2.2,0.6100000000000001,4.9,5,N,47749
2.2,0.7100000000000001,0.01,1,N,47750
2.2,0.7100000000000001,0.01,2,N,47751
2.2,0.7100000000000001,0.01,3,N,47752
2.2,0.7100000000000001,0.01,4,N,47753
2.2,0.7100000000000001,0.01,5,N,47754
2.2,0.7100000000000001,0.11,1,N,47755
2.2,0.7100000000000001,0.11,2,N,47756
2.2,0.7100000000000001,0.11,3,N,47757
2.2,0.7100000000000001,0.11,4,N,47758
2.2,0.7100000000000001,0.11,5,N,47759
2.2,0.7100000000000001,0.21,1,N,47760
2.2,0.7100000000000001,0.21,2,N,47761
2.2,0.7100000000000001,0.21,3,N,47762
2.2,0.7100000000000001,0.21,4,N,47763
2.2,0.7100000000000001,0.21,5,N,47764
2.2,0.7100000000000001,0.31000000000000005,1,N,47765
2.2,0.7100000000000001,0.31000000000000005,2,N,47766
2.2,0.7100000000000001,0.31000000000000005,3,N,47767
2.2,0.7100000000000001,0.31000000000000005,4,N,47768
2.2,0.7100000000000001,0.31000000000000005,5,N,47769
2.2,0.7100000000000001,0.41,1,N,47770
2.2,0.7100000000000001,0.41,2,N,47771
2.2,0.7100000000000001,0.41,3,N,47772
2.2,0.7100000000000001,0.41,4,N,47773
2.2,0.7100000000000001,0.41,5,N,47774
2.2,0.7100000000000001,0.51,1,N,47775
2.2,0.7100000000000001,0.51,2,N,47776
2.2,0.7100000000000001,0.51,3,N,47777
2.2,0.7100000000000001,0.51,4,N,47778
2.2,0.7100000000000001,0.51,5,N,47779
2.2,0.7100000000000001,0.6100000000000001,1,N,47780
2.2,0.7100000000000001,0.6100000000000001,2,N,47781
2.2,0.7100000000000001,0.6100000000000001,3,N,47782
2.2,0.7100000000000001,0.6100000000000001,4,N,47783
2.2,0.7100000000000001,0.6100000000000001,5,N,47784
2.2,0.7100000000000001,0.7100000000000001,1,N,47785
2.2,0.7100000000000001,0.7100000000000001,2,N,47786
2.2,0.7100000000000001,0.7100000000000001,3,N,47787
2.2,0.7100000000000001,0.7100000000000001,4,N,47788
2.2,0.7100000000000001,0.7100000000000001,5,N,47789
2.2,0.7100000000000001,0.81,1,N,47790
2.2,0.7100000000000001,0.81,2,N,47791
2.2,0.7100000000000001,0.81,3,N,47792
2.2,0.7100000000000001,0.81,4,N,47793
2.2,0.7100000000000001,0.81,5,N,47794
2.2,0.7100000000000001,0.91,1,N,47795
2.2,0.7100000000000001,0.91,2,N,47796
2.2,0.7100000000000001,0.91,3,N,47797
2.2,0.7100000000000001,0.91,4,N,47798
2.2,0.7100000000000001,0.91,5,N,47799
2.2,0.7100000000000001,1.01,1,N,47800
2.2,0.7100000000000001,1.01,2,N,47801
2.2,0.7100000000000001,1.01,3,N,47802
2.2,0.7100000000000001,1.01,4,N,47803
2.2,0.7100000000000001,1.01,5,N,47804
2.2,0.7100000000000001,1.11,1,N,47805
2.2,0.7100000000000001,1.11,2,N,47806
2.2,0.7100000000000001,1.11,3,N,47807
2.2,0.7100000000000001,1.11,4,N,47808
2.2,0.7100000000000001,1.11,5,N,47809
2.2,0.7100000000000001,1.3,1,N,47810
2.2,0.7100000000000001,1.3,2,N,47811
2.2,0.7100000000000001,1.3,3,N,47812
2.2,0.7100000000000001,1.3,4,N,47813
2.2,0.7100000000000001,1.3,5,N,47814
2.2,0.7100000000000001,1.6,1,N,47815
2.2,0.7100000000000001,1.6,2,N,47816
2.2,0.7100000000000001,1.6,3,N,47817
2.2,0.7100000000000001,1.6,4,N,47818
2.2,0.7100000000000001,1.6,5,N,47819
2.2,0.7100000000000001,1.9,1,N,47820
2.2,0.7100000000000001,1.9,2,N,47821
2.2,0.7100000000000001,1.9,3,N,47822
2.2,0.7100000000000001,1.9,4,N,47823
2.2,0.7100000000000001,1.9,5,N,47824
2.2,0.7100000000000001,2.2,1,N,47825
2.2,0.7100000000000001,2.2,2,N,47826
2.2,0.7100000000000001,2.2,3,N,47827
2.2,0.7100000000000001,2.2,4,N,47828
2.2,0.7100000000000001,2.2,5,N,47829
2.2,0.7100000000000001,2.5,1,N,47830
2.2,0.7100000000000001,2.5,2,N,47831
2.2,0.7100000000000001,2.5,3,N,47832
2.2,0.7100000000000001,2.5,4,N,47833
2.2,0.7100000000000001,2.5,5,N,47834
2.2,0.7100000000000001,2.8000000000000003,1,N,47835
2.2,0.7100000000000001,2.8000000000000003,2,N,47836
2.2,0.7100000000000001,2.8000000000000003,3,N,47837
2.2,0.7100000000000001,2.8000000000000003,4,N,47838
2.2,0.7100000000000001,2.8000000000000003,5,N,47839
2.2,0.7100000000000001,3.1000000000000005,1,N,47840
2.2,0.7100000000000001,3.1000000000000005,2,N,47841
2.2,0.7100000000000001,3.1000000000000005,3,N,47842
2.2,0.7100000000000001,3.1000000000000005,4,N,47843
2.2,0.7100000000000001,3.1000000000000005,5,N,47844
2.2,0.7100000000000001,3.4000000000000004,1,N,47845
2.2,0.7100000000000001,3.4000000000000004,2,N,47846
2.2,0.7100000000000001,3.4000000000000004,3,N,47847
2.2,0.7100000000000001,3.4000000000000004,4,N,47848
2.2,0.7100000000000001,3.4000000000000004,5,N,47849
2.2,0.7100000000000001,3.7,1,N,47850
2.2,0.7100000000000001,3.7,2,N,47851
2.2,0.7100000000000001,3.7,3,N,47852
2.2,0.7100000000000001,3.7,4,N,47853
2.2,0.7100000000000001,3.7,5,N,47854
2.2,0.7100000000000001,4.0,1,N,47855
2.2,0.7100000000000001,4.0,2,N,47856
2.2,0.7100000000000001,4.0,3,N,47857
2.2,0.7100000000000001,4.0,4,N,47858
2.2,0.7100000000000001,4.0,5,N,47859
2.2,0.7100000000000001,4.300000000000002,1,N,47860
2.2,0.7100000000000001,4.300000000000002,2,N,47861
2.2,0.7100000000000001,4.300000000000002,3,N,47862
2.2,0.7100000000000001,4.300000000000002,4,N,47863
2.2,0.7100000000000001,4.300000000000002,5,N,47864
2.2,0.7100000000000001,4.6000000000000005,1,N,47865
2.2,0.7100000000000001,4.6000000000000005,2,N,47866
2.2,0.7100000000000001,4.6000000000000005,3,N,47867
2.2,0.7100000000000001,4.6000000000000005,4,N,47868
2.2,0.7100000000000001,4.6000000000000005,5,N,47869
2.2,0.7100000000000001,4.9,1,N,47870
2.2,0.7100000000000001,4.9,2,N,47871
2.2,0.7100000000000001,4.9,3,N,47872
2.2,0.7100000000000001,4.9,4,N,47873
2.2,0.7100000000000001,4.9,5,N,47874
2.2,0.81,0.01,1,N,47875
2.2,0.81,0.01,2,N,47876
2.2,0.81,0.01,3,N,47877
2.2,0.81,0.01,4,N,47878
2.2,0.81,0.01,5,N,47879
2.2,0.81,0.11,1,N,47880
2.2,0.81,0.11,2,N,47881
2.2,0.81,0.11,3,N,47882
2.2,0.81,0.11,4,N,47883
2.2,0.81,0.11,5,N,47884
2.2,0.81,0.21,1,N,47885
2.2,0.81,0.21,2,N,47886
2.2,0.81,0.21,3,N,47887
2.2,0.81,0.21,4,N,47888
2.2,0.81,0.21,5,N,47889
2.2,0.81,0.31000000000000005,1,N,47890
2.2,0.81,0.31000000000000005,2,N,47891
2.2,0.81,0.31000000000000005,3,N,47892
2.2,0.81,0.31000000000000005,4,N,47893
2.2,0.81,0.31000000000000005,5,N,47894
2.2,0.81,0.41,1,N,47895
2.2,0.81,0.41,2,N,47896
2.2,0.81,0.41,3,N,47897
2.2,0.81,0.41,4,N,47898
2.2,0.81,0.41,5,N,47899
2.2,0.81,0.51,1,N,47900
2.2,0.81,0.51,2,N,47901
2.2,0.81,0.51,3,N,47902
2.2,0.81,0.51,4,N,47903
2.2,0.81,0.51,5,N,47904
2.2,0.81,0.6100000000000001,1,N,47905
2.2,0.81,0.6100000000000001,2,N,47906
2.2,0.81,0.6100000000000001,3,N,47907
2.2,0.81,0.6100000000000001,4,N,47908
2.2,0.81,0.6100000000000001,5,N,47909
2.2,0.81,0.7100000000000001,1,N,47910
2.2,0.81,0.7100000000000001,2,N,47911
2.2,0.81,0.7100000000000001,3,N,47912
2.2,0.81,0.7100000000000001,4,N,47913
2.2,0.81,0.7100000000000001,5,N,47914
2.2,0.81,0.81,1,N,47915
2.2,0.81,0.81,2,N,47916
2.2,0.81,0.81,3,N,47917
2.2,0.81,0.81,4,N,47918
2.2,0.81,0.81,5,N,47919
2.2,0.81,0.91,1,N,47920
2.2,0.81,0.91,2,N,47921
2.2,0.81,0.91,3,N,47922
2.2,0.81,0.91,4,N,47923
2.2,0.81,0.91,5,N,47924
2.2,0.81,1.01,1,N,47925
2.2,0.81,1.01,2,N,47926
2.2,0.81,1.01,3,N,47927
2.2,0.81,1.01,4,N,47928
2.2,0.81,1.01,5,N,47929
2.2,0.81,1.11,1,N,47930
2.2,0.81,1.11,2,N,47931
2.2,0.81,1.11,3,N,47932
2.2,0.81,1.11,4,N,47933
2.2,0.81,1.11,5,N,47934
2.2,0.81,1.3,1,N,47935
2.2,0.81,1.3,2,N,47936
2.2,0.81,1.3,3,N,47937
2.2,0.81,1.3,4,N,47938
2.2,0.81,1.3,5,N,47939
2.2,0.81,1.6,1,N,47940
2.2,0.81,1.6,2,N,47941
2.2,0.81,1.6,3,N,47942
2.2,0.81,1.6,4,N,47943
2.2,0.81,1.6,5,N,47944
2.2,0.81,1.9,1,N,47945
2.2,0.81,1.9,2,N,47946
2.2,0.81,1.9,3,N,47947
2.2,0.81,1.9,4,N,47948
2.2,0.81,1.9,5,N,47949
2.2,0.81,2.2,1,N,47950
2.2,0.81,2.2,2,N,47951
2.2,0.81,2.2,3,N,47952
2.2,0.81,2.2,4,N,47953
2.2,0.81,2.2,5,N,47954
2.2,0.81,2.5,1,N,47955
2.2,0.81,2.5,2,N,47956
2.2,0.81,2.5,3,N,47957
2.2,0.81,2.5,4,N,47958
2.2,0.81,2.5,5,N,47959
2.2,0.81,2.8000000000000003,1,N,47960
2.2,0.81,2.8000000000000003,2,N,47961
2.2,0.81,2.8000000000000003,3,N,47962
2.2,0.81,2.8000000000000003,4,N,47963
2.2,0.81,2.8000000000000003,5,N,47964
2.2,0.81,3.1000000000000005,1,N,47965
2.2,0.81,3.1000000000000005,2,N,47966
2.2,0.81,3.1000000000000005,3,N,47967
2.2,0.81,3.1000000000000005,4,N,47968
2.2,0.81,3.1000000000000005,5,N,47969
2.2,0.81,3.4000000000000004,1,N,47970
2.2,0.81,3.4000000000000004,2,N,47971
2.2,0.81,3.4000000000000004,3,N,47972
2.2,0.81,3.4000000000000004,4,N,47973
2.2,0.81,3.4000000000000004,5,N,47974
2.2,0.81,3.7,1,N,47975
2.2,0.81,3.7,2,N,47976
2.2,0.81,3.7,3,N,47977
2.2,0.81,3.7,4,N,47978
2.2,0.81,3.7,5,N,47979
2.2,0.81,4.0,1,N,47980
2.2,0.81,4.0,2,N,47981
2.2,0.81,4.0,3,N,47982
2.2,0.81,4.0,4,N,47983
2.2,0.81,4.0,5,N,47984
2.2,0.81,4.300000000000002,1,N,47985
2.2,0.81,4.300000000000002,2,N,47986
2.2,0.81,4.300000000000002,3,N,47987
2.2,0.81,4.300000000000002,4,N,47988
2.2,0.81,4.300000000000002,5,N,47989
2.2,0.81,4.6000000000000005,1,N,47990
2.2,0.81,4.6000000000000005,2,N,47991
2.2,0.81,4.6000000000000005,3,N,47992
2.2,0.81,4.6000000000000005,4,N,47993
2.2,0.81,4.6000000000000005,5,N,47994
2.2,0.81,4.9,1,N,47995
2.2,0.81,4.9,2,N,47996
2.2,0.81,4.9,3,N,47997
2.2,0.81,4.9,4,N,47998
2.2,0.81,4.9,5,N,47999
2.2,0.91,0.01,1,N,48000
2.2,0.91,0.01,2,N,48001
2.2,0.91,0.01,3,N,48002
2.2,0.91,0.01,4,N,48003
2.2,0.91,0.01,5,N,48004
2.2,0.91,0.11,1,N,48005
2.2,0.91,0.11,2,N,48006
2.2,0.91,0.11,3,N,48007
2.2,0.91,0.11,4,N,48008
2.2,0.91,0.11,5,N,48009
2.2,0.91,0.21,1,N,48010
2.2,0.91,0.21,2,N,48011
2.2,0.91,0.21,3,N,48012
2.2,0.91,0.21,4,N,48013
2.2,0.91,0.21,5,N,48014
2.2,0.91,0.31000000000000005,1,N,48015
2.2,0.91,0.31000000000000005,2,N,48016
2.2,0.91,0.31000000000000005,3,N,48017
2.2,0.91,0.31000000000000005,4,N,48018
2.2,0.91,0.31000000000000005,5,N,48019
2.2,0.91,0.41,1,N,48020
2.2,0.91,0.41,2,N,48021
2.2,0.91,0.41,3,N,48022
2.2,0.91,0.41,4,N,48023
2.2,0.91,0.41,5,N,48024
2.2,0.91,0.51,1,N,48025
2.2,0.91,0.51,2,N,48026
2.2,0.91,0.51,3,N,48027
2.2,0.91,0.51,4,N,48028
2.2,0.91,0.51,5,N,48029
2.2,0.91,0.6100000000000001,1,N,48030
2.2,0.91,0.6100000000000001,2,N,48031
2.2,0.91,0.6100000000000001,3,N,48032
2.2,0.91,0.6100000000000001,4,N,48033
2.2,0.91,0.6100000000000001,5,N,48034
2.2,0.91,0.7100000000000001,1,N,48035
2.2,0.91,0.7100000000000001,2,N,48036
2.2,0.91,0.7100000000000001,3,N,48037
2.2,0.91,0.7100000000000001,4,N,48038
2.2,0.91,0.7100000000000001,5,N,48039
2.2,0.91,0.81,1,N,48040
2.2,0.91,0.81,2,N,48041
2.2,0.91,0.81,3,N,48042
2.2,0.91,0.81,4,N,48043
2.2,0.91,0.81,5,N,48044
2.2,0.91,0.91,1,N,48045
2.2,0.91,0.91,2,N,48046
2.2,0.91,0.91,3,N,48047
2.2,0.91,0.91,4,N,48048
2.2,0.91,0.91,5,N,48049
2.2,0.91,1.01,1,N,48050
2.2,0.91,1.01,2,N,48051
2.2,0.91,1.01,3,N,48052
2.2,0.91,1.01,4,N,48053
2.2,0.91,1.01,5,N,48054
2.2,0.91,1.11,1,N,48055
2.2,0.91,1.11,2,N,48056
2.2,0.91,1.11,3,N,48057
2.2,0.91,1.11,4,N,48058
2.2,0.91,1.11,5,N,48059
2.2,0.91,1.3,1,N,48060
2.2,0.91,1.3,2,N,48061
2.2,0.91,1.3,3,N,48062
2.2,0.91,1.3,4,N,48063
2.2,0.91,1.3,5,N,48064
2.2,0.91,1.6,1,N,48065
2.2,0.91,1.6,2,N,48066
2.2,0.91,1.6,3,N,48067
2.2,0.91,1.6,4,N,48068
2.2,0.91,1.6,5,N,48069
2.2,0.91,1.9,1,N,48070
2.2,0.91,1.9,2,N,48071
2.2,0.91,1.9,3,N,48072
2.2,0.91,1.9,4,N,48073
2.2,0.91,1.9,5,N,48074
2.2,0.91,2.2,1,N,48075
2.2,0.91,2.2,2,N,48076
2.2,0.91,2.2,3,N,48077
2.2,0.91,2.2,4,N,48078
2.2,0.91,2.2,5,N,48079
2.2,0.91,2.5,1,N,48080
2.2,0.91,2.5,2,N,48081
2.2,0.91,2.5,3,N,48082
2.2,0.91,2.5,4,N,48083
2.2,0.91,2.5,5,N,48084
2.2,0.91,2.8000000000000003,1,N,48085
2.2,0.91,2.8000000000000003,2,N,48086
2.2,0.91,2.8000000000000003,3,N,48087
2.2,0.91,2.8000000000000003,4,N,48088
2.2,0.91,2.8000000000000003,5,N,48089
2.2,0.91,3.1000000000000005,1,N,48090
2.2,0.91,3.1000000000000005,2,N,48091
2.2,0.91,3.1000000000000005,3,N,48092
2.2,0.91,3.1000000000000005,4,N,48093
2.2,0.91,3.1000000000000005,5,N,48094
2.2,0.91,3.4000000000000004,1,N,48095
2.2,0.91,3.4000000000000004,2,N,48096
2.2,0.91,3.4000000000000004,3,N,48097
2.2,0.91,3.4000000000000004,4,N,48098
2.2,0.91,3.4000000000000004,5,N,48099
2.2,0.91,3.7,1,N,48100
2.2,0.91,3.7,2,N,48101
2.2,0.91,3.7,3,N,48102
2.2,0.91,3.7,4,N,48103
2.2,0.91,3.7,5,N,48104
2.2,0.91,4.0,1,N,48105
2.2,0.91,4.0,2,N,48106
2.2,0.91,4.0,3,N,48107
2.2,0.91,4.0,4,N,48108
2.2,0.91,4.0,5,N,48109
2.2,0.91,4.300000000000002,1,N,48110
2.2,0.91,4.300000000000002,2,N,48111
2.2,0.91,4.300000000000002,3,N,48112
2.2,0.91,4.300000000000002,4,N,48113
2.2,0.91,4.300000000000002,5,N,48114
2.2,0.91,4.6000000000000005,1,N,48115
2.2,0.91,4.6000000000000005,2,N,48116
2.2,0.91,4.6000000000000005,3,N,48117
2.2,0.91,4.6000000000000005,4,N,48118
2.2,0.91,4.6000000000000005,5,N,48119
2.2,0.91,4.9,1,N,48120
2.2,0.91,4.9,2,N,48121
2.2,0.91,4.9,3,N,48122
2.2,0.91,4.9,4,N,48123
2.2,0.91,4.9,5,N,48124
2.2,1.01,0.01,1,N,48125
2.2,1.01,0.01,2,N,48126
2.2,1.01,0.01,3,N,48127
2.2,1.01,0.01,4,N,48128
2.2,1.01,0.01,5,N,48129
2.2,1.01,0.11,1,N,48130
2.2,1.01,0.11,2,N,48131
2.2,1.01,0.11,3,N,48132
2.2,1.01,0.11,4,N,48133
2.2,1.01,0.11,5,N,48134
2.2,1.01,0.21,1,N,48135
2.2,1.01,0.21,2,N,48136
2.2,1.01,0.21,3,N,48137
2.2,1.01,0.21,4,N,48138
2.2,1.01,0.21,5,N,48139
2.2,1.01,0.31000000000000005,1,N,48140
2.2,1.01,0.31000000000000005,2,N,48141
2.2,1.01,0.31000000000000005,3,N,48142
2.2,1.01,0.31000000000000005,4,N,48143
2.2,1.01,0.31000000000000005,5,N,48144
2.2,1.01,0.41,1,N,48145
2.2,1.01,0.41,2,N,48146
2.2,1.01,0.41,3,N,48147
2.2,1.01,0.41,4,N,48148
2.2,1.01,0.41,5,N,48149
2.2,1.01,0.51,1,N,48150
2.2,1.01,0.51,2,N,48151
2.2,1.01,0.51,3,N,48152
2.2,1.01,0.51,4,N,48153
2.2,1.01,0.51,5,N,48154
2.2,1.01,0.6100000000000001,1,N,48155
2.2,1.01,0.6100000000000001,2,N,48156
2.2,1.01,0.6100000000000001,3,N,48157
2.2,1.01,0.6100000000000001,4,N,48158
2.2,1.01,0.6100000000000001,5,N,48159
2.2,1.01,0.7100000000000001,1,N,48160
2.2,1.01,0.7100000000000001,2,N,48161
2.2,1.01,0.7100000000000001,3,N,48162
2.2,1.01,0.7100000000000001,4,N,48163
2.2,1.01,0.7100000000000001,5,N,48164
2.2,1.01,0.81,1,N,48165
2.2,1.01,0.81,2,N,48166
2.2,1.01,0.81,3,N,48167
2.2,1.01,0.81,4,N,48168
2.2,1.01,0.81,5,N,48169
2.2,1.01,0.91,1,N,48170
2.2,1.01,0.91,2,N,48171
2.2,1.01,0.91,3,N,48172
2.2,1.01,0.91,4,N,48173
2.2,1.01,0.91,5,N,48174
2.2,1.01,1.01,1,N,48175
2.2,1.01,1.01,2,N,48176
2.2,1.01,1.01,3,N,48177
2.2,1.01,1.01,4,N,48178
2.2,1.01,1.01,5,N,48179
2.2,1.01,1.11,1,N,48180
2.2,1.01,1.11,2,N,48181
2.2,1.01,1.11,3,N,48182
2.2,1.01,1.11,4,N,48183
2.2,1.01,1.11,5,N,48184
2.2,1.01,1.3,1,N,48185
2.2,1.01,1.3,2,N,48186
2.2,1.01,1.3,3,N,48187
2.2,1.01,1.3,4,N,48188
2.2,1.01,1.3,5,N,48189
2.2,1.01,1.6,1,N,48190
2.2,1.01,1.6,2,N,48191
2.2,1.01,1.6,3,N,48192
2.2,1.01,1.6,4,N,48193
2.2,1.01,1.6,5,N,48194
2.2,1.01,1.9,1,N,48195
2.2,1.01,1.9,2,N,48196
2.2,1.01,1.9,3,N,48197
2.2,1.01,1.9,4,N,48198
2.2,1.01,1.9,5,N,48199
2.2,1.01,2.2,1,N,48200
2.2,1.01,2.2,2,N,48201
2.2,1.01,2.2,3,N,48202
2.2,1.01,2.2,4,N,48203
2.2,1.01,2.2,5,N,48204
2.2,1.01,2.5,1,N,48205
2.2,1.01,2.5,2,N,48206
2.2,1.01,2.5,3,N,48207
2.2,1.01,2.5,4,N,48208
2.2,1.01,2.5,5,N,48209
2.2,1.01,2.8000000000000003,1,N,48210
2.2,1.01,2.8000000000000003,2,N,48211
2.2,1.01,2.8000000000000003,3,N,48212
2.2,1.01,2.8000000000000003,4,N,48213
2.2,1.01,2.8000000000000003,5,N,48214
2.2,1.01,3.1000000000000005,1,N,48215
2.2,1.01,3.1000000000000005,2,N,48216
2.2,1.01,3.1000000000000005,3,N,48217
2.2,1.01,3.1000000000000005,4,N,48218
2.2,1.01,3.1000000000000005,5,N,48219
2.2,1.01,3.4000000000000004,1,N,48220
2.2,1.01,3.4000000000000004,2,N,48221
2.2,1.01,3.4000000000000004,3,N,48222
2.2,1.01,3.4000000000000004,4,N,48223
2.2,1.01,3.4000000000000004,5,N,48224
2.2,1.01,3.7,1,N,48225
2.2,1.01,3.7,2,N,48226
2.2,1.01,3.7,3,N,48227
2.2,1.01,3.7,4,N,48228
2.2,1.01,3.7,5,N,48229
2.2,1.01,4.0,1,N,48230
2.2,1.01,4.0,2,N,48231
2.2,1.01,4.0,3,N,48232
2.2,1.01,4.0,4,N,48233
2.2,1.01,4.0,5,N,48234
2.2,1.01,4.300000000000002,1,N,48235
2.2,1.01,4.300000000000002,2,N,48236
2.2,1.01,4.300000000000002,3,N,48237
2.2,1.01,4.300000000000002,4,N,48238
2.2,1.01,4.300000000000002,5,N,48239
2.2,1.01,4.6000000000000005,1,N,48240
2.2,1.01,4.6000000000000005,2,N,48241
2.2,1.01,4.6000000000000005,3,N,48242
2.2,1.01,4.6000000000000005,4,N,48243
2.2,1.01,4.6000000000000005,5,N,48244
2.2,1.01,4.9,1,N,48245
2.2,1.01,4.9,2,N,48246
2.2,1.01,4.9,3,N,48247
2.2,1.01,4.9,4,N,48248
2.2,1.01,4.9,5,N,48249
2.2,1.11,0.01,1,N,48250
2.2,1.11,0.01,2,N,48251
2.2,1.11,0.01,3,N,48252
2.2,1.11,0.01,4,N,48253
2.2,1.11,0.01,5,N,48254
2.2,1.11,0.11,1,N,48255
2.2,1.11,0.11,2,N,48256
2.2,1.11,0.11,3,N,48257
2.2,1.11,0.11,4,N,48258
2.2,1.11,0.11,5,N,48259
2.2,1.11,0.21,1,N,48260
2.2,1.11,0.21,2,N,48261
2.2,1.11,0.21,3,N,48262
2.2,1.11,0.21,4,N,48263
2.2,1.11,0.21,5,N,48264
2.2,1.11,0.31000000000000005,1,N,48265
2.2,1.11,0.31000000000000005,2,N,48266
2.2,1.11,0.31000000000000005,3,N,48267
2.2,1.11,0.31000000000000005,4,N,48268
2.2,1.11,0.31000000000000005,5,N,48269
2.2,1.11,0.41,1,N,48270
2.2,1.11,0.41,2,N,48271
2.2,1.11,0.41,3,N,48272
2.2,1.11,0.41,4,N,48273
2.2,1.11,0.41,5,N,48274
2.2,1.11,0.51,1,N,48275
2.2,1.11,0.51,2,N,48276
2.2,1.11,0.51,3,N,48277
2.2,1.11,0.51,4,N,48278
2.2,1.11,0.51,5,N,48279
2.2,1.11,0.6100000000000001,1,N,48280
2.2,1.11,0.6100000000000001,2,N,48281
2.2,1.11,0.6100000000000001,3,N,48282
2.2,1.11,0.6100000000000001,4,N,48283
2.2,1.11,0.6100000000000001,5,N,48284
2.2,1.11,0.7100000000000001,1,N,48285
2.2,1.11,0.7100000000000001,2,N,48286
2.2,1.11,0.7100000000000001,3,N,48287
2.2,1.11,0.7100000000000001,4,N,48288
2.2,1.11,0.7100000000000001,5,N,48289
2.2,1.11,0.81,1,N,48290
2.2,1.11,0.81,2,N,48291
2.2,1.11,0.81,3,N,48292
2.2,1.11,0.81,4,N,48293
2.2,1.11,0.81,5,N,48294
2.2,1.11,0.91,1,N,48295
2.2,1.11,0.91,2,N,48296
2.2,1.11,0.91,3,N,48297
2.2,1.11,0.91,4,N,48298
2.2,1.11,0.91,5,N,48299
2.2,1.11,1.01,1,N,48300
2.2,1.11,1.01,2,N,48301
2.2,1.11,1.01,3,N,48302
2.2,1.11,1.01,4,N,48303
2.2,1.11,1.01,5,N,48304
2.2,1.11,1.11,1,N,48305
2.2,1.11,1.11,2,N,48306
2.2,1.11,1.11,3,N,48307
2.2,1.11,1.11,4,N,48308
2.2,1.11,1.11,5,N,48309
2.2,1.11,1.3,1,N,48310
2.2,1.11,1.3,2,N,48311
2.2,1.11,1.3,3,N,48312
2.2,1.11,1.3,4,N,48313
2.2,1.11,1.3,5,N,48314
2.2,1.11,1.6,1,N,48315
2.2,1.11,1.6,2,N,48316
2.2,1.11,1.6,3,N,48317
2.2,1.11,1.6,4,N,48318
2.2,1.11,1.6,5,N,48319
2.2,1.11,1.9,1,N,48320
2.2,1.11,1.9,2,N,48321
2.2,1.11,1.9,3,N,48322
2.2,1.11,1.9,4,N,48323
2.2,1.11,1.9,5,N,48324
2.2,1.11,2.2,1,N,48325
2.2,1.11,2.2,2,N,48326
2.2,1.11,2.2,3,N,48327
2.2,1.11,2.2,4,N,48328
2.2,1.11,2.2,5,N,48329
2.2,1.11,2.5,1,N,48330
2.2,1.11,2.5,2,N,48331
2.2,1.11,2.5,3,N,48332
2.2,1.11,2.5,4,N,48333
2.2,1.11,2.5,5,N,48334
2.2,1.11,2.8000000000000003,1,N,48335
2.2,1.11,2.8000000000000003,2,N,48336
2.2,1.11,2.8000000000000003,3,N,48337
2.2,1.11,2.8000000000000003,4,N,48338
2.2,1.11,2.8000000000000003,5,N,48339
2.2,1.11,3.1000000000000005,1,N,48340
2.2,1.11,3.1000000000000005,2,N,48341
2.2,1.11,3.1000000000000005,3,N,48342
2.2,1.11,3.1000000000000005,4,N,48343
2.2,1.11,3.1000000000000005,5,N,48344
2.2,1.11,3.4000000000000004,1,N,48345
2.2,1.11,3.4000000000000004,2,N,48346
2.2,1.11,3.4000000000000004,3,N,48347
2.2,1.11,3.4000000000000004,4,N,48348
2.2,1.11,3.4000000000000004,5,N,48349
2.2,1.11,3.7,1,N,48350
2.2,1.11,3.7,2,N,48351
2.2,1.11,3.7,3,N,48352
2.2,1.11,3.7,4,N,48353
2.2,1.11,3.7,5,N,48354
2.2,1.11,4.0,1,N,48355
2.2,1.11,4.0,2,N,48356
2.2,1.11,4.0,3,N,48357
2.2,1.11,4.0,4,N,48358
2.2,1.11,4.0,5,N,48359
2.2,1.11,4.300000000000002,1,N,48360
2.2,1.11,4.300000000000002,2,N,48361
2.2,1.11,4.300000000000002,3,N,48362
2.2,1.11,4.300000000000002,4,N,48363
2.2,1.11,4.300000000000002,5,N,48364
2.2,1.11,4.6000000000000005,1,N,48365
2.2,1.11,4.6000000000000005,2,N,48366
2.2,1.11,4.6000000000000005,3,N,48367
2.2,1.11,4.6000000000000005,4,N,48368
2.2,1.11,4.6000000000000005,5,N,48369
2.2,1.11,4.9,1,N,48370
2.2,1.11,4.9,2,N,48371
2.2,1.11,4.9,3,N,48372
2.2,1.11,4.9,4,N,48373
2.2,1.11,4.9,5,N,48374
2.2,1.3,0.01,1,N,48375
2.2,1.3,0.01,2,N,48376
2.2,1.3,0.01,3,N,48377
2.2,1.3,0.01,4,N,48378
2.2,1.3,0.01,5,N,48379
2.2,1.3,0.11,1,N,48380
2.2,1.3,0.11,2,N,48381
2.2,1.3,0.11,3,N,48382
2.2,1.3,0.11,4,N,48383
2.2,1.3,0.11,5,N,48384
2.2,1.3,0.21,1,N,48385
2.2,1.3,0.21,2,N,48386
2.2,1.3,0.21,3,N,48387
2.2,1.3,0.21,4,N,48388
2.2,1.3,0.21,5,N,48389
2.2,1.3,0.31000000000000005,1,N,48390
2.2,1.3,0.31000000000000005,2,N,48391
2.2,1.3,0.31000000000000005,3,N,48392
2.2,1.3,0.31000000000000005,4,N,48393
2.2,1.3,0.31000000000000005,5,N,48394
2.2,1.3,0.41,1,N,48395
2.2,1.3,0.41,2,N,48396
2.2,1.3,0.41,3,N,48397
2.2,1.3,0.41,4,N,48398
2.2,1.3,0.41,5,N,48399
2.2,1.3,0.51,1,N,48400
2.2,1.3,0.51,2,N,48401
2.2,1.3,0.51,3,N,48402
2.2,1.3,0.51,4,N,48403
2.2,1.3,0.51,5,N,48404
2.2,1.3,0.6100000000000001,1,N,48405
2.2,1.3,0.6100000000000001,2,N,48406
2.2,1.3,0.6100000000000001,3,N,48407
2.2,1.3,0.6100000000000001,4,N,48408
2.2,1.3,0.6100000000000001,5,N,48409
2.2,1.3,0.7100000000000001,1,N,48410
2.2,1.3,0.7100000000000001,2,N,48411
2.2,1.3,0.7100000000000001,3,N,48412
2.2,1.3,0.7100000000000001,4,N,48413
2.2,1.3,0.7100000000000001,5,N,48414
2.2,1.3,0.81,1,N,48415
2.2,1.3,0.81,2,N,48416
2.2,1.3,0.81,3,N,48417
2.2,1.3,0.81,4,N,48418
2.2,1.3,0.81,5,N,48419
2.2,1.3,0.91,1,N,48420
2.2,1.3,0.91,2,N,48421
2.2,1.3,0.91,3,N,48422
2.2,1.3,0.91,4,N,48423
2.2,1.3,0.91,5,N,48424
2.2,1.3,1.01,1,N,48425
2.2,1.3,1.01,2,N,48426
2.2,1.3,1.01,3,N,48427
2.2,1.3,1.01,4,N,48428
2.2,1.3,1.01,5,N,48429
2.2,1.3,1.11,1,N,48430
2.2,1.3,1.11,2,N,48431
2.2,1.3,1.11,3,N,48432
2.2,1.3,1.11,4,N,48433
2.2,1.3,1.11,5,N,48434
2.2,1.3,1.3,1,N,48435
2.2,1.3,1.3,2,N,48436
2.2,1.3,1.3,3,N,48437
2.2,1.3,1.3,4,N,48438
2.2,1.3,1.3,5,N,48439
2.2,1.3,1.6,1,N,48440
2.2,1.3,1.6,2,N,48441
2.2,1.3,1.6,3,N,48442
2.2,1.3,1.6,4,N,48443
2.2,1.3,1.6,5,N,48444
2.2,1.3,1.9,1,N,48445
2.2,1.3,1.9,2,N,48446
2.2,1.3,1.9,3,N,48447
2.2,1.3,1.9,4,N,48448
2.2,1.3,1.9,5,N,48449
2.2,1.3,2.2,1,N,48450
2.2,1.3,2.2,2,N,48451
2.2,1.3,2.2,3,N,48452
2.2,1.3,2.2,4,N,48453
2.2,1.3,2.2,5,N,48454
2.2,1.3,2.5,1,N,48455
2.2,1.3,2.5,2,N,48456
2.2,1.3,2.5,3,N,48457
2.2,1.3,2.5,4,N,48458
2.2,1.3,2.5,5,N,48459
2.2,1.3,2.8000000000000003,1,N,48460
2.2,1.3,2.8000000000000003,2,N,48461
2.2,1.3,2.8000000000000003,3,N,48462
2.2,1.3,2.8000000000000003,4,N,48463
2.2,1.3,2.8000000000000003,5,N,48464
2.2,1.3,3.1000000000000005,1,N,48465
2.2,1.3,3.1000000000000005,2,N,48466
2.2,1.3,3.1000000000000005,3,N,48467
2.2,1.3,3.1000000000000005,4,N,48468
2.2,1.3,3.1000000000000005,5,N,48469
2.2,1.3,3.4000000000000004,1,N,48470
2.2,1.3,3.4000000000000004,2,N,48471
2.2,1.3,3.4000000000000004,3,N,48472
2.2,1.3,3.4000000000000004,4,N,48473
2.2,1.3,3.4000000000000004,5,N,48474
2.2,1.3,3.7,1,N,48475
2.2,1.3,3.7,2,N,48476
2.2,1.3,3.7,3,N,48477
2.2,1.3,3.7,4,N,48478
2.2,1.3,3.7,5,N,48479
2.2,1.3,4.0,1,N,48480
2.2,1.3,4.0,2,N,48481
2.2,1.3,4.0,3,N,48482
2.2,1.3,4.0,4,N,48483
2.2,1.3,4.0,5,N,48484
2.2,1.3,4.300000000000002,1,N,48485
2.2,1.3,4.300000000000002,2,N,48486
2.2,1.3,4.300000000000002,3,N,48487
2.2,1.3,4.300000000000002,4,N,48488
2.2,1.3,4.300000000000002,5,N,48489
2.2,1.3,4.6000000000000005,1,N,48490
2.2,1.3,4.6000000000000005,2,N,48491
2.2,1.3,4.6000000000000005,3,N,48492
2.2,1.3,4.6000000000000005,4,N,48493
2.2,1.3,4.6000000000000005,5,N,48494
2.2,1.3,4.9,1,N,48495
2.2,1.3,4.9,2,N,48496
2.2,1.3,4.9,3,N,48497
2.2,1.3,4.9,4,N,48498
2.2,1.3,4.9,5,N,48499
2.2,1.6,0.01,1,N,48500
2.2,1.6,0.01,2,N,48501
2.2,1.6,0.01,3,N,48502
2.2,1.6,0.01,4,N,48503
2.2,1.6,0.01,5,N,48504
2.2,1.6,0.11,1,N,48505
2.2,1.6,0.11,2,N,48506
2.2,1.6,0.11,3,N,48507
2.2,1.6,0.11,4,N,48508
2.2,1.6,0.11,5,N,48509
2.2,1.6,0.21,1,N,48510
2.2,1.6,0.21,2,N,48511
2.2,1.6,0.21,3,N,48512
2.2,1.6,0.21,4,N,48513
2.2,1.6,0.21,5,N,48514
2.2,1.6,0.31000000000000005,1,N,48515
2.2,1.6,0.31000000000000005,2,N,48516
2.2,1.6,0.31000000000000005,3,N,48517
2.2,1.6,0.31000000000000005,4,N,48518
2.2,1.6,0.31000000000000005,5,N,48519
2.2,1.6,0.41,1,N,48520
2.2,1.6,0.41,2,N,48521
2.2,1.6,0.41,3,N,48522
2.2,1.6,0.41,4,N,48523
2.2,1.6,0.41,5,N,48524
2.2,1.6,0.51,1,N,48525
2.2,1.6,0.51,2,N,48526
2.2,1.6,0.51,3,N,48527
2.2,1.6,0.51,4,N,48528
2.2,1.6,0.51,5,N,48529
2.2,1.6,0.6100000000000001,1,N,48530
2.2,1.6,0.6100000000000001,2,N,48531
2.2,1.6,0.6100000000000001,3,N,48532
2.2,1.6,0.6100000000000001,4,N,48533
2.2,1.6,0.6100000000000001,5,N,48534
2.2,1.6,0.7100000000000001,1,N,48535
2.2,1.6,0.7100000000000001,2,N,48536
2.2,1.6,0.7100000000000001,3,N,48537
2.2,1.6,0.7100000000000001,4,N,48538
2.2,1.6,0.7100000000000001,5,N,48539
2.2,1.6,0.81,1,N,48540
2.2,1.6,0.81,2,N,48541
2.2,1.6,0.81,3,N,48542
2.2,1.6,0.81,4,N,48543
2.2,1.6,0.81,5,N,48544
2.2,1.6,0.91,1,N,48545
2.2,1.6,0.91,2,N,48546
2.2,1.6,0.91,3,N,48547
2.2,1.6,0.91,4,N,48548
2.2,1.6,0.91,5,N,48549
2.2,1.6,1.01,1,N,48550
2.2,1.6,1.01,2,N,48551
2.2,1.6,1.01,3,N,48552
2.2,1.6,1.01,4,N,48553
2.2,1.6,1.01,5,N,48554
2.2,1.6,1.11,1,N,48555
2.2,1.6,1.11,2,N,48556
2.2,1.6,1.11,3,N,48557
2.2,1.6,1.11,4,N,48558
2.2,1.6,1.11,5,N,48559
2.2,1.6,1.3,1,N,48560
2.2,1.6,1.3,2,N,48561
2.2,1.6,1.3,3,N,48562
2.2,1.6,1.3,4,N,48563
2.2,1.6,1.3,5,N,48564
2.2,1.6,1.6,1,N,48565
2.2,1.6,1.6,2,N,48566
2.2,1.6,1.6,3,N,48567
2.2,1.6,1.6,4,N,48568
2.2,1.6,1.6,5,N,48569
2.2,1.6,1.9,1,N,48570
2.2,1.6,1.9,2,N,48571
2.2,1.6,1.9,3,N,48572
2.2,1.6,1.9,4,N,48573
2.2,1.6,1.9,5,N,48574
2.2,1.6,2.2,1,N,48575
2.2,1.6,2.2,2,N,48576
2.2,1.6,2.2,3,N,48577
2.2,1.6,2.2,4,N,48578
2.2,1.6,2.2,5,N,48579
2.2,1.6,2.5,1,N,48580
2.2,1.6,2.5,2,N,48581
2.2,1.6,2.5,3,N,48582
2.2,1.6,2.5,4,N,48583
2.2,1.6,2.5,5,N,48584
2.2,1.6,2.8000000000000003,1,N,48585
2.2,1.6,2.8000000000000003,2,N,48586
2.2,1.6,2.8000000000000003,3,N,48587
2.2,1.6,2.8000000000000003,4,N,48588
2.2,1.6,2.8000000000000003,5,N,48589
2.2,1.6,3.1000000000000005,1,N,48590
2.2,1.6,3.1000000000000005,2,N,48591
2.2,1.6,3.1000000000000005,3,N,48592
2.2,1.6,3.1000000000000005,4,N,48593
2.2,1.6,3.1000000000000005,5,N,48594
2.2,1.6,3.4000000000000004,1,N,48595
2.2,1.6,3.4000000000000004,2,N,48596
2.2,1.6,3.4000000000000004,3,N,48597
2.2,1.6,3.4000000000000004,4,N,48598
2.2,1.6,3.4000000000000004,5,N,48599
2.2,1.6,3.7,1,N,48600
2.2,1.6,3.7,2,N,48601
2.2,1.6,3.7,3,N,48602
2.2,1.6,3.7,4,N,48603
2.2,1.6,3.7,5,N,48604
2.2,1.6,4.0,1,N,48605
2.2,1.6,4.0,2,N,48606
2.2,1.6,4.0,3,N,48607
2.2,1.6,4.0,4,N,48608
2.2,1.6,4.0,5,N,48609
2.2,1.6,4.300000000000002,1,N,48610
2.2,1.6,4.300000000000002,2,N,48611
2.2,1.6,4.300000000000002,3,N,48612
2.2,1.6,4.300000000000002,4,N,48613
2.2,1.6,4.300000000000002,5,N,48614
2.2,1.6,4.6000000000000005,1,N,48615
2.2,1.6,4.6000000000000005,2,N,48616
2.2,1.6,4.6000000000000005,3,N,48617
2.2,1.6,4.6000000000000005,4,N,48618
2.2,1.6,4.6000000000000005,5,N,48619
2.2,1.6,4.9,1,N,48620
2.2,1.6,4.9,2,N,48621
2.2,1.6,4.9,3,N,48622
2.2,1.6,4.9,4,N,48623
2.2,1.6,4.9,5,N,48624
2.2,1.9,0.01,1,N,48625
2.2,1.9,0.01,2,N,48626
2.2,1.9,0.01,3,N,48627
2.2,1.9,0.01,4,N,48628
2.2,1.9,0.01,5,N,48629
2.2,1.9,0.11,1,N,48630
2.2,1.9,0.11,2,N,48631
2.2,1.9,0.11,3,N,48632
2.2,1.9,0.11,4,N,48633
2.2,1.9,0.11,5,N,48634
2.2,1.9,0.21,1,N,48635
2.2,1.9,0.21,2,N,48636
2.2,1.9,0.21,3,N,48637
2.2,1.9,0.21,4,N,48638
2.2,1.9,0.21,5,N,48639
2.2,1.9,0.31000000000000005,1,N,48640
2.2,1.9,0.31000000000000005,2,N,48641
2.2,1.9,0.31000000000000005,3,N,48642
2.2,1.9,0.31000000000000005,4,N,48643
2.2,1.9,0.31000000000000005,5,N,48644
2.2,1.9,0.41,1,N,48645
2.2,1.9,0.41,2,N,48646
2.2,1.9,0.41,3,N,48647
2.2,1.9,0.41,4,N,48648
2.2,1.9,0.41,5,N,48649
2.2,1.9,0.51,1,N,48650
2.2,1.9,0.51,2,N,48651
2.2,1.9,0.51,3,N,48652
2.2,1.9,0.51,4,N,48653
2.2,1.9,0.51,5,N,48654
2.2,1.9,0.6100000000000001,1,N,48655
2.2,1.9,0.6100000000000001,2,N,48656
2.2,1.9,0.6100000000000001,3,N,48657
2.2,1.9,0.6100000000000001,4,N,48658
2.2,1.9,0.6100000000000001,5,N,48659
2.2,1.9,0.7100000000000001,1,N,48660
2.2,1.9,0.7100000000000001,2,N,48661
2.2,1.9,0.7100000000000001,3,N,48662
2.2,1.9,0.7100000000000001,4,N,48663
2.2,1.9,0.7100000000000001,5,N,48664
2.2,1.9,0.81,1,N,48665
2.2,1.9,0.81,2,N,48666
2.2,1.9,0.81,3,N,48667
2.2,1.9,0.81,4,N,48668
2.2,1.9,0.81,5,N,48669
2.2,1.9,0.91,1,N,48670
2.2,1.9,0.91,2,N,48671
2.2,1.9,0.91,3,N,48672
2.2,1.9,0.91,4,N,48673
2.2,1.9,0.91,5,N,48674
2.2,1.9,1.01,1,N,48675
2.2,1.9,1.01,2,N,48676
2.2,1.9,1.01,3,N,48677
2.2,1.9,1.01,4,N,48678
2.2,1.9,1.01,5,N,48679
2.2,1.9,1.11,1,N,48680
2.2,1.9,1.11,2,N,48681
2.2,1.9,1.11,3,N,48682
2.2,1.9,1.11,4,N,48683
2.2,1.9,1.11,5,N,48684
2.2,1.9,1.3,1,N,48685
2.2,1.9,1.3,2,N,48686
2.2,1.9,1.3,3,N,48687
2.2,1.9,1.3,4,N,48688
2.2,1.9,1.3,5,N,48689
2.2,1.9,1.6,1,N,48690
2.2,1.9,1.6,2,N,48691
2.2,1.9,1.6,3,N,48692
2.2,1.9,1.6,4,N,48693
2.2,1.9,1.6,5,N,48694
2.2,1.9,1.9,1,N,48695
2.2,1.9,1.9,2,N,48696
2.2,1.9,1.9,3,N,48697
2.2,1.9,1.9,4,N,48698
2.2,1.9,1.9,5,N,48699
2.2,1.9,2.2,1,N,48700
2.2,1.9,2.2,2,N,48701
2.2,1.9,2.2,3,N,48702
2.2,1.9,2.2,4,N,48703
2.2,1.9,2.2,5,N,48704
2.2,1.9,2.5,1,N,48705
2.2,1.9,2.5,2,N,48706
2.2,1.9,2.5,3,N,48707
2.2,1.9,2.5,4,N,48708
2.2,1.9,2.5,5,N,48709
2.2,1.9,2.8000000000000003,1,N,48710
2.2,1.9,2.8000000000000003,2,N,48711
2.2,1.9,2.8000000000000003,3,N,48712
2.2,1.9,2.8000000000000003,4,N,48713
2.2,1.9,2.8000000000000003,5,N,48714
2.2,1.9,3.1000000000000005,1,N,48715
2.2,1.9,3.1000000000000005,2,N,48716
2.2,1.9,3.1000000000000005,3,N,48717
2.2,1.9,3.1000000000000005,4,N,48718
2.2,1.9,3.1000000000000005,5,N,48719
2.2,1.9,3.4000000000000004,1,N,48720
2.2,1.9,3.4000000000000004,2,N,48721
2.2,1.9,3.4000000000000004,3,N,48722
2.2,1.9,3.4000000000000004,4,N,48723
2.2,1.9,3.4000000000000004,5,N,48724
2.2,1.9,3.7,1,N,48725
2.2,1.9,3.7,2,N,48726
2.2,1.9,3.7,3,N,48727
2.2,1.9,3.7,4,N,48728
2.2,1.9,3.7,5,N,48729
2.2,1.9,4.0,1,N,48730
2.2,1.9,4.0,2,N,48731
2.2,1.9,4.0,3,N,48732
2.2,1.9,4.0,4,N,48733
2.2,1.9,4.0,5,N,48734
2.2,1.9,4.300000000000002,1,N,48735
2.2,1.9,4.300000000000002,2,N,48736
2.2,1.9,4.300000000000002,3,N,48737
2.2,1.9,4.300000000000002,4,N,48738
2.2,1.9,4.300000000000002,5,N,48739
2.2,1.9,4.6000000000000005,1,N,48740
2.2,1.9,4.6000000000000005,2,N,48741
2.2,1.9,4.6000000000000005,3,N,48742
2.2,1.9,4.6000000000000005,4,N,48743
2.2,1.9,4.6000000000000005,5,N,48744
2.2,1.9,4.9,1,N,48745
2.2,1.9,4.9,2,N,48746
2.2,1.9,4.9,3,N,48747
2.2,1.9,4.9,4,N,48748
2.2,1.9,4.9,5,N,48749
2.2,2.2,0.01,1,N,48750
2.2,2.2,0.01,2,N,48751
2.2,2.2,0.01,3,N,48752
2.2,2.2,0.01,4,N,48753
2.2,2.2,0.01,5,N,48754
2.2,2.2,0.11,1,N,48755
2.2,2.2,0.11,2,N,48756
2.2,2.2,0.11,3,N,48757
2.2,2.2,0.11,4,N,48758
2.2,2.2,0.11,5,N,48759
2.2,2.2,0.21,1,N,48760
2.2,2.2,0.21,2,N,48761
2.2,2.2,0.21,3,N,48762
2.2,2.2,0.21,4,N,48763
2.2,2.2,0.21,5,N,48764
2.2,2.2,0.31000000000000005,1,N,48765
2.2,2.2,0.31000000000000005,2,N,48766
2.2,2.2,0.31000000000000005,3,N,48767
2.2,2.2,0.31000000000000005,4,N,48768
2.2,2.2,0.31000000000000005,5,N,48769
2.2,2.2,0.41,1,N,48770
2.2,2.2,0.41,2,N,48771
2.2,2.2,0.41,3,N,48772
2.2,2.2,0.41,4,N,48773
2.2,2.2,0.41,5,N,48774
2.2,2.2,0.51,1,N,48775
2.2,2.2,0.51,2,N,48776
2.2,2.2,0.51,3,N,48777
2.2,2.2,0.51,4,N,48778
2.2,2.2,0.51,5,N,48779
2.2,2.2,0.6100000000000001,1,N,48780
2.2,2.2,0.6100000000000001,2,N,48781
2.2,2.2,0.6100000000000001,3,N,48782
2.2,2.2,0.6100000000000001,4,N,48783
2.2,2.2,0.6100000000000001,5,N,48784
2.2,2.2,0.7100000000000001,1,N,48785
2.2,2.2,0.7100000000000001,2,N,48786
2.2,2.2,0.7100000000000001,3,N,48787
2.2,2.2,0.7100000000000001,4,N,48788
2.2,2.2,0.7100000000000001,5,N,48789
2.2,2.2,0.81,1,N,48790
2.2,2.2,0.81,2,N,48791
2.2,2.2,0.81,3,N,48792
2.2,2.2,0.81,4,N,48793
2.2,2.2,0.81,5,N,48794
2.2,2.2,0.91,1,N,48795
2.2,2.2,0.91,2,N,48796
2.2,2.2,0.91,3,N,48797
2.2,2.2,0.91,4,N,48798
2.2,2.2,0.91,5,N,48799
2.2,2.2,1.01,1,N,48800
2.2,2.2,1.01,2,N,48801
2.2,2.2,1.01,3,N,48802
2.2,2.2,1.01,4,N,48803
2.2,2.2,1.01,5,N,48804
2.2,2.2,1.11,1,N,48805
2.2,2.2,1.11,2,N,48806
2.2,2.2,1.11,3,N,48807
2.2,2.2,1.11,4,N,48808
2.2,2.2,1.11,5,N,48809
2.2,2.2,1.3,1,N,48810
2.2,2.2,1.3,2,N,48811
2.2,2.2,1.3,3,N,48812
2.2,2.2,1.3,4,N,48813
2.2,2.2,1.3,5,N,48814
2.2,2.2,1.6,1,N,48815
2.2,2.2,1.6,2,N,48816
2.2,2.2,1.6,3,N,48817
2.2,2.2,1.6,4,N,48818
2.2,2.2,1.6,5,N,48819
2.2,2.2,1.9,1,N,48820
2.2,2.2,1.9,2,N,48821
2.2,2.2,1.9,3,N,48822
2.2,2.2,1.9,4,N,48823
2.2,2.2,1.9,5,N,48824
2.2,2.2,2.2,1,N,48825
2.2,2.2,2.2,2,N,48826
2.2,2.2,2.2,3,N,48827
2.2,2.2,2.2,4,N,48828
2.2,2.2,2.2,5,N,48829
2.2,2.2,2.5,1,N,48830
2.2,2.2,2.5,2,N,48831
2.2,2.2,2.5,3,N,48832
2.2,2.2,2.5,4,N,48833
2.2,2.2,2.5,5,N,48834
2.2,2.2,2.8000000000000003,1,N,48835
2.2,2.2,2.8000000000000003,2,N,48836
2.2,2.2,2.8000000000000003,3,N,48837
2.2,2.2,2.8000000000000003,4,N,48838
2.2,2.2,2.8000000000000003,5,N,48839
2.2,2.2,3.1000000000000005,1,N,48840
2.2,2.2,3.1000000000000005,2,N,48841
2.2,2.2,3.1000000000000005,3,N,48842
2.2,2.2,3.1000000000000005,4,N,48843
2.2,2.2,3.1000000000000005,5,N,48844
2.2,2.2,3.4000000000000004,1,N,48845
2.2,2.2,3.4000000000000004,2,N,48846
2.2,2.2,3.4000000000000004,3,N,48847
2.2,2.2,3.4000000000000004,4,N,48848
2.2,2.2,3.4000000000000004,5,N,48849
2.2,2.2,3.7,1,N,48850
2.2,2.2,3.7,2,N,48851
2.2,2.2,3.7,3,N,48852
2.2,2.2,3.7,4,N,48853
2.2,2.2,3.7,5,N,48854
2.2,2.2,4.0,1,N,48855
2.2,2.2,4.0,2,N,48856
2.2,2.2,4.0,3,N,48857
2.2,2.2,4.0,4,N,48858
2.2,2.2,4.0,5,N,48859
2.2,2.2,4.300000000000002,1,N,48860
2.2,2.2,4.300000000000002,2,N,48861
2.2,2.2,4.300000000000002,3,N,48862
2.2,2.2,4.300000000000002,4,N,48863
2.2,2.2,4.300000000000002,5,N,48864
2.2,2.2,4.6000000000000005,1,N,48865
2.2,2.2,4.6000000000000005,2,N,48866
2.2,2.2,4.6000000000000005,3,N,48867
2.2,2.2,4.6000000000000005,4,N,48868
2.2,2.2,4.6000000000000005,5,N,48869
2.2,2.2,4.9,1,N,48870
2.2,2.2,4.9,2,N,48871
2.2,2.2,4.9,3,N,48872
2.2,2.2,4.9,4,N,48873
2.2,2.2,4.9,5,N,48874
2.2,2.5,0.01,1,N,48875
2.2,2.5,0.01,2,N,48876
2.2,2.5,0.01,3,N,48877
2.2,2.5,0.01,4,N,48878
2.2,2.5,0.01,5,N,48879
2.2,2.5,0.11,1,N,48880
2.2,2.5,0.11,2,N,48881
2.2,2.5,0.11,3,N,48882
2.2,2.5,0.11,4,N,48883
2.2,2.5,0.11,5,N,48884
2.2,2.5,0.21,1,N,48885
2.2,2.5,0.21,2,N,48886
2.2,2.5,0.21,3,N,48887
2.2,2.5,0.21,4,N,48888
2.2,2.5,0.21,5,N,48889
2.2,2.5,0.31000000000000005,1,N,48890
2.2,2.5,0.31000000000000005,2,N,48891
2.2,2.5,0.31000000000000005,3,N,48892
2.2,2.5,0.31000000000000005,4,N,48893
2.2,2.5,0.31000000000000005,5,N,48894
2.2,2.5,0.41,1,N,48895
2.2,2.5,0.41,2,N,48896
2.2,2.5,0.41,3,N,48897
2.2,2.5,0.41,4,N,48898
2.2,2.5,0.41,5,N,48899
2.2,2.5,0.51,1,N,48900
2.2,2.5,0.51,2,N,48901
2.2,2.5,0.51,3,N,48902
2.2,2.5,0.51,4,N,48903
2.2,2.5,0.51,5,N,48904
2.2,2.5,0.6100000000000001,1,N,48905
2.2,2.5,0.6100000000000001,2,N,48906
2.2,2.5,0.6100000000000001,3,N,48907
2.2,2.5,0.6100000000000001,4,N,48908
2.2,2.5,0.6100000000000001,5,N,48909
2.2,2.5,0.7100000000000001,1,N,48910
2.2,2.5,0.7100000000000001,2,N,48911
2.2,2.5,0.7100000000000001,3,N,48912
2.2,2.5,0.7100000000000001,4,N,48913
2.2,2.5,0.7100000000000001,5,N,48914
2.2,2.5,0.81,1,N,48915
2.2,2.5,0.81,2,N,48916
2.2,2.5,0.81,3,N,48917
2.2,2.5,0.81,4,N,48918
2.2,2.5,0.81,5,N,48919
2.2,2.5,0.91,1,N,48920
2.2,2.5,0.91,2,N,48921
2.2,2.5,0.91,3,N,48922
2.2,2.5,0.91,4,N,48923
2.2,2.5,0.91,5,N,48924
2.2,2.5,1.01,1,N,48925
2.2,2.5,1.01,2,N,48926
2.2,2.5,1.01,3,N,48927
2.2,2.5,1.01,4,N,48928
2.2,2.5,1.01,5,N,48929
2.2,2.5,1.11,1,N,48930
2.2,2.5,1.11,2,N,48931
2.2,2.5,1.11,3,N,48932
2.2,2.5,1.11,4,N,48933
2.2,2.5,1.11,5,N,48934
2.2,2.5,1.3,1,N,48935
2.2,2.5,1.3,2,N,48936
2.2,2.5,1.3,3,N,48937
2.2,2.5,1.3,4,N,48938
2.2,2.5,1.3,5,N,48939
2.2,2.5,1.6,1,N,48940
2.2,2.5,1.6,2,N,48941
2.2,2.5,1.6,3,N,48942
2.2,2.5,1.6,4,N,48943
2.2,2.5,1.6,5,N,48944
2.2,2.5,1.9,1,N,48945
2.2,2.5,1.9,2,N,48946
2.2,2.5,1.9,3,N,48947
2.2,2.5,1.9,4,N,48948
2.2,2.5,1.9,5,N,48949
2.2,2.5,2.2,1,N,48950
2.2,2.5,2.2,2,N,48951
2.2,2.5,2.2,3,N,48952
2.2,2.5,2.2,4,N,48953
2.2,2.5,2.2,5,N,48954
2.2,2.5,2.5,1,N,48955
2.2,2.5,2.5,2,N,48956
2.2,2.5,2.5,3,N,48957
2.2,2.5,2.5,4,N,48958
2.2,2.5,2.5,5,N,48959
2.2,2.5,2.8000000000000003,1,N,48960
2.2,2.5,2.8000000000000003,2,N,48961
2.2,2.5,2.8000000000000003,3,N,48962
2.2,2.5,2.8000000000000003,4,N,48963
2.2,2.5,2.8000000000000003,5,N,48964
2.2,2.5,3.1000000000000005,1,N,48965
2.2,2.5,3.1000000000000005,2,N,48966
2.2,2.5,3.1000000000000005,3,N,48967
2.2,2.5,3.1000000000000005,4,N,48968
2.2,2.5,3.1000000000000005,5,N,48969
2.2,2.5,3.4000000000000004,1,N,48970
2.2,2.5,3.4000000000000004,2,N,48971
2.2,2.5,3.4000000000000004,3,N,48972
2.2,2.5,3.4000000000000004,4,N,48973
2.2,2.5,3.4000000000000004,5,N,48974
2.2,2.5,3.7,1,N,48975
2.2,2.5,3.7,2,N,48976
2.2,2.5,3.7,3,N,48977
2.2,2.5,3.7,4,N,48978
2.2,2.5,3.7,5,N,48979
2.2,2.5,4.0,1,N,48980
2.2,2.5,4.0,2,N,48981
2.2,2.5,4.0,3,N,48982
2.2,2.5,4.0,4,N,48983
2.2,2.5,4.0,5,N,48984
2.2,2.5,4.300000000000002,1,N,48985
2.2,2.5,4.300000000000002,2,N,48986
2.2,2.5,4.300000000000002,3,N,48987
2.2,2.5,4.300000000000002,4,N,48988
2.2,2.5,4.300000000000002,5,N,48989
2.2,2.5,4.6000000000000005,1,N,48990
2.2,2.5,4.6000000000000005,2,N,48991
2.2,2.5,4.6000000000000005,3,N,48992
2.2,2.5,4.6000000000000005,4,N,48993
2.2,2.5,4.6000000000000005,5,N,48994
2.2,2.5,4.9,1,N,48995
2.2,2.5,4.9,2,N,48996
2.2,2.5,4.9,3,N,48997
2.2,2.5,4.9,4,N,48998
2.2,2.5,4.9,5,N,48999
2.2,2.8000000000000003,0.01,1,N,49000
2.2,2.8000000000000003,0.01,2,N,49001
2.2,2.8000000000000003,0.01,3,N,49002
2.2,2.8000000000000003,0.01,4,N,49003
2.2,2.8000000000000003,0.01,5,N,49004
2.2,2.8000000000000003,0.11,1,N,49005
2.2,2.8000000000000003,0.11,2,N,49006
2.2,2.8000000000000003,0.11,3,N,49007
2.2,2.8000000000000003,0.11,4,N,49008
2.2,2.8000000000000003,0.11,5,N,49009
2.2,2.8000000000000003,0.21,1,N,49010
2.2,2.8000000000000003,0.21,2,N,49011
2.2,2.8000000000000003,0.21,3,N,49012
2.2,2.8000000000000003,0.21,4,N,49013
2.2,2.8000000000000003,0.21,5,N,49014
2.2,2.8000000000000003,0.31000000000000005,1,N,49015
2.2,2.8000000000000003,0.31000000000000005,2,N,49016
2.2,2.8000000000000003,0.31000000000000005,3,N,49017
2.2,2.8000000000000003,0.31000000000000005,4,N,49018
2.2,2.8000000000000003,0.31000000000000005,5,N,49019
2.2,2.8000000000000003,0.41,1,N,49020
2.2,2.8000000000000003,0.41,2,N,49021
2.2,2.8000000000000003,0.41,3,N,49022
2.2,2.8000000000000003,0.41,4,N,49023
2.2,2.8000000000000003,0.41,5,N,49024
2.2,2.8000000000000003,0.51,1,N,49025
2.2,2.8000000000000003,0.51,2,N,49026
2.2,2.8000000000000003,0.51,3,N,49027
2.2,2.8000000000000003,0.51,4,N,49028
2.2,2.8000000000000003,0.51,5,N,49029
2.2,2.8000000000000003,0.6100000000000001,1,N,49030
2.2,2.8000000000000003,0.6100000000000001,2,N,49031
2.2,2.8000000000000003,0.6100000000000001,3,N,49032
2.2,2.8000000000000003,0.6100000000000001,4,N,49033
2.2,2.8000000000000003,0.6100000000000001,5,N,49034
2.2,2.8000000000000003,0.7100000000000001,1,N,49035
2.2,2.8000000000000003,0.7100000000000001,2,N,49036
2.2,2.8000000000000003,0.7100000000000001,3,N,49037
2.2,2.8000000000000003,0.7100000000000001,4,N,49038
2.2,2.8000000000000003,0.7100000000000001,5,N,49039
2.2,2.8000000000000003,0.81,1,N,49040
2.2,2.8000000000000003,0.81,2,N,49041
2.2,2.8000000000000003,0.81,3,N,49042
2.2,2.8000000000000003,0.81,4,N,49043
2.2,2.8000000000000003,0.81,5,N,49044
2.2,2.8000000000000003,0.91,1,N,49045
2.2,2.8000000000000003,0.91,2,N,49046
2.2,2.8000000000000003,0.91,3,N,49047
2.2,2.8000000000000003,0.91,4,N,49048
2.2,2.8000000000000003,0.91,5,N,49049
2.2,2.8000000000000003,1.01,1,N,49050
2.2,2.8000000000000003,1.01,2,N,49051
2.2,2.8000000000000003,1.01,3,N,49052
2.2,2.8000000000000003,1.01,4,N,49053
2.2,2.8000000000000003,1.01,5,N,49054
2.2,2.8000000000000003,1.11,1,N,49055
2.2,2.8000000000000003,1.11,2,N,49056
2.2,2.8000000000000003,1.11,3,N,49057
2.2,2.8000000000000003,1.11,4,N,49058
2.2,2.8000000000000003,1.11,5,N,49059
2.2,2.8000000000000003,1.3,1,N,49060
2.2,2.8000000000000003,1.3,2,N,49061
2.2,2.8000000000000003,1.3,3,N,49062
2.2,2.8000000000000003,1.3,4,N,49063
2.2,2.8000000000000003,1.3,5,N,49064
2.2,2.8000000000000003,1.6,1,N,49065
2.2,2.8000000000000003,1.6,2,N,49066
2.2,2.8000000000000003,1.6,3,N,49067
2.2,2.8000000000000003,1.6,4,N,49068
2.2,2.8000000000000003,1.6,5,N,49069
2.2,2.8000000000000003,1.9,1,N,49070
2.2,2.8000000000000003,1.9,2,N,49071
2.2,2.8000000000000003,1.9,3,N,49072
2.2,2.8000000000000003,1.9,4,N,49073
2.2,2.8000000000000003,1.9,5,N,49074
2.2,2.8000000000000003,2.2,1,N,49075
2.2,2.8000000000000003,2.2,2,N,49076
2.2,2.8000000000000003,2.2,3,N,49077
2.2,2.8000000000000003,2.2,4,N,49078
2.2,2.8000000000000003,2.2,5,N,49079
2.2,2.8000000000000003,2.5,1,N,49080
2.2,2.8000000000000003,2.5,2,N,49081
2.2,2.8000000000000003,2.5,3,N,49082
2.2,2.8000000000000003,2.5,4,N,49083
2.2,2.8000000000000003,2.5,5,N,49084
2.2,2.8000000000000003,2.8000000000000003,1,N,49085
2.2,2.8000000000000003,2.8000000000000003,2,N,49086
2.2,2.8000000000000003,2.8000000000000003,3,N,49087
2.2,2.8000000000000003,2.8000000000000003,4,N,49088
2.2,2.8000000000000003,2.8000000000000003,5,N,49089
2.2,2.8000000000000003,3.1000000000000005,1,N,49090
2.2,2.8000000000000003,3.1000000000000005,2,N,49091
2.2,2.8000000000000003,3.1000000000000005,3,N,49092
2.2,2.8000000000000003,3.1000000000000005,4,N,49093
2.2,2.8000000000000003,3.1000000000000005,5,N,49094
2.2,2.8000000000000003,3.4000000000000004,1,N,49095
2.2,2.8000000000000003,3.4000000000000004,2,N,49096
2.2,2.8000000000000003,3.4000000000000004,3,N,49097
2.2,2.8000000000000003,3.4000000000000004,4,N,49098
2.2,2.8000000000000003,3.4000000000000004,5,N,49099
2.2,2.8000000000000003,3.7,1,N,49100
2.2,2.8000000000000003,3.7,2,N,49101
2.2,2.8000000000000003,3.7,3,N,49102
2.2,2.8000000000000003,3.7,4,N,49103
2.2,2.8000000000000003,3.7,5,N,49104
2.2,2.8000000000000003,4.0,1,N,49105
2.2,2.8000000000000003,4.0,2,N,49106
2.2,2.8000000000000003,4.0,3,N,49107
2.2,2.8000000000000003,4.0,4,N,49108
2.2,2.8000000000000003,4.0,5,N,49109
2.2,2.8000000000000003,4.300000000000002,1,N,49110
2.2,2.8000000000000003,4.300000000000002,2,N,49111
2.2,2.8000000000000003,4.300000000000002,3,N,49112
2.2,2.8000000000000003,4.300000000000002,4,N,49113
2.2,2.8000000000000003,4.300000000000002,5,N,49114
2.2,2.8000000000000003,4.6000000000000005,1,N,49115
2.2,2.8000000000000003,4.6000000000000005,2,N,49116
2.2,2.8000000000000003,4.6000000000000005,3,N,49117
2.2,2.8000000000000003,4.6000000000000005,4,N,49118
2.2,2.8000000000000003,4.6000000000000005,5,N,49119
2.2,2.8000000000000003,4.9,1,N,49120
2.2,2.8000000000000003,4.9,2,N,49121
2.2,2.8000000000000003,4.9,3,N,49122
2.2,2.8000000000000003,4.9,4,N,49123
2.2,2.8000000000000003,4.9,5,N,49124
2.2,3.1000000000000005,0.01,1,N,49125
2.2,3.1000000000000005,0.01,2,N,49126
2.2,3.1000000000000005,0.01,3,N,49127
2.2,3.1000000000000005,0.01,4,N,49128
2.2,3.1000000000000005,0.01,5,N,49129
2.2,3.1000000000000005,0.11,1,N,49130
2.2,3.1000000000000005,0.11,2,N,49131
2.2,3.1000000000000005,0.11,3,N,49132
2.2,3.1000000000000005,0.11,4,N,49133
2.2,3.1000000000000005,0.11,5,N,49134
2.2,3.1000000000000005,0.21,1,N,49135
2.2,3.1000000000000005,0.21,2,N,49136
2.2,3.1000000000000005,0.21,3,N,49137
2.2,3.1000000000000005,0.21,4,N,49138
2.2,3.1000000000000005,0.21,5,N,49139
2.2,3.1000000000000005,0.31000000000000005,1,N,49140
2.2,3.1000000000000005,0.31000000000000005,2,N,49141
2.2,3.1000000000000005,0.31000000000000005,3,N,49142
2.2,3.1000000000000005,0.31000000000000005,4,N,49143
2.2,3.1000000000000005,0.31000000000000005,5,N,49144
2.2,3.1000000000000005,0.41,1,N,49145
2.2,3.1000000000000005,0.41,2,N,49146
2.2,3.1000000000000005,0.41,3,N,49147
2.2,3.1000000000000005,0.41,4,N,49148
2.2,3.1000000000000005,0.41,5,N,49149
2.2,3.1000000000000005,0.51,1,N,49150
2.2,3.1000000000000005,0.51,2,N,49151
2.2,3.1000000000000005,0.51,3,N,49152
2.2,3.1000000000000005,0.51,4,N,49153
2.2,3.1000000000000005,0.51,5,N,49154
2.2,3.1000000000000005,0.6100000000000001,1,N,49155
2.2,3.1000000000000005,0.6100000000000001,2,N,49156
2.2,3.1000000000000005,0.6100000000000001,3,N,49157
2.2,3.1000000000000005,0.6100000000000001,4,N,49158
2.2,3.1000000000000005,0.6100000000000001,5,N,49159
2.2,3.1000000000000005,0.7100000000000001,1,N,49160
2.2,3.1000000000000005,0.7100000000000001,2,N,49161
2.2,3.1000000000000005,0.7100000000000001,3,N,49162
2.2,3.1000000000000005,0.7100000000000001,4,N,49163
2.2,3.1000000000000005,0.7100000000000001,5,N,49164
2.2,3.1000000000000005,0.81,1,N,49165
2.2,3.1000000000000005,0.81,2,N,49166
2.2,3.1000000000000005,0.81,3,N,49167
2.2,3.1000000000000005,0.81,4,N,49168
2.2,3.1000000000000005,0.81,5,N,49169
2.2,3.1000000000000005,0.91,1,N,49170
2.2,3.1000000000000005,0.91,2,N,49171
2.2,3.1000000000000005,0.91,3,N,49172
2.2,3.1000000000000005,0.91,4,N,49173
2.2,3.1000000000000005,0.91,5,N,49174
2.2,3.1000000000000005,1.01,1,N,49175
2.2,3.1000000000000005,1.01,2,N,49176
2.2,3.1000000000000005,1.01,3,N,49177
2.2,3.1000000000000005,1.01,4,N,49178
2.2,3.1000000000000005,1.01,5,N,49179
2.2,3.1000000000000005,1.11,1,N,49180
2.2,3.1000000000000005,1.11,2,N,49181
2.2,3.1000000000000005,1.11,3,N,49182
2.2,3.1000000000000005,1.11,4,N,49183
2.2,3.1000000000000005,1.11,5,N,49184
2.2,3.1000000000000005,1.3,1,N,49185
2.2,3.1000000000000005,1.3,2,N,49186
2.2,3.1000000000000005,1.3,3,N,49187
2.2,3.1000000000000005,1.3,4,N,49188
2.2,3.1000000000000005,1.3,5,N,49189
2.2,3.1000000000000005,1.6,1,N,49190
2.2,3.1000000000000005,1.6,2,N,49191
2.2,3.1000000000000005,1.6,3,N,49192
2.2,3.1000000000000005,1.6,4,N,49193
2.2,3.1000000000000005,1.6,5,N,49194
2.2,3.1000000000000005,1.9,1,N,49195
2.2,3.1000000000000005,1.9,2,N,49196
2.2,3.1000000000000005,1.9,3,N,49197
2.2,3.1000000000000005,1.9,4,N,49198
2.2,3.1000000000000005,1.9,5,N,49199
2.2,3.1000000000000005,2.2,1,N,49200
2.2,3.1000000000000005,2.2,2,N,49201
2.2,3.1000000000000005,2.2,3,N,49202
2.2,3.1000000000000005,2.2,4,N,49203
2.2,3.1000000000000005,2.2,5,N,49204
2.2,3.1000000000000005,2.5,1,N,49205
2.2,3.1000000000000005,2.5,2,N,49206
2.2,3.1000000000000005,2.5,3,N,49207
2.2,3.1000000000000005,2.5,4,N,49208
2.2,3.1000000000000005,2.5,5,N,49209
2.2,3.1000000000000005,2.8000000000000003,1,N,49210
2.2,3.1000000000000005,2.8000000000000003,2,N,49211
2.2,3.1000000000000005,2.8000000000000003,3,N,49212
2.2,3.1000000000000005,2.8000000000000003,4,N,49213
2.2,3.1000000000000005,2.8000000000000003,5,N,49214
2.2,3.1000000000000005,3.1000000000000005,1,N,49215
2.2,3.1000000000000005,3.1000000000000005,2,N,49216
2.2,3.1000000000000005,3.1000000000000005,3,N,49217
2.2,3.1000000000000005,3.1000000000000005,4,N,49218
2.2,3.1000000000000005,3.1000000000000005,5,N,49219
2.2,3.1000000000000005,3.4000000000000004,1,N,49220
2.2,3.1000000000000005,3.4000000000000004,2,N,49221
2.2,3.1000000000000005,3.4000000000000004,3,N,49222
2.2,3.1000000000000005,3.4000000000000004,4,N,49223
2.2,3.1000000000000005,3.4000000000000004,5,N,49224
2.2,3.1000000000000005,3.7,1,N,49225
2.2,3.1000000000000005,3.7,2,N,49226
2.2,3.1000000000000005,3.7,3,N,49227
2.2,3.1000000000000005,3.7,4,N,49228
2.2,3.1000000000000005,3.7,5,N,49229
2.2,3.1000000000000005,4.0,1,N,49230
2.2,3.1000000000000005,4.0,2,N,49231
2.2,3.1000000000000005,4.0,3,N,49232
2.2,3.1000000000000005,4.0,4,N,49233
2.2,3.1000000000000005,4.0,5,N,49234
2.2,3.1000000000000005,4.300000000000002,1,N,49235
2.2,3.1000000000000005,4.300000000000002,2,N,49236
2.2,3.1000000000000005,4.300000000000002,3,N,49237
2.2,3.1000000000000005,4.300000000000002,4,N,49238
2.2,3.1000000000000005,4.300000000000002,5,N,49239
2.2,3.1000000000000005,4.6000000000000005,1,N,49240
2.2,3.1000000000000005,4.6000000000000005,2,N,49241
2.2,3.1000000000000005,4.6000000000000005,3,N,49242
2.2,3.1000000000000005,4.6000000000000005,4,N,49243
2.2,3.1000000000000005,4.6000000000000005,5,N,49244
2.2,3.1000000000000005,4.9,1,N,49245
2.2,3.1000000000000005,4.9,2,N,49246
2.2,3.1000000000000005,4.9,3,N,49247
2.2,3.1000000000000005,4.9,4,N,49248
2.2,3.1000000000000005,4.9,5,N,49249
2.2,3.4000000000000004,0.01,1,N,49250
2.2,3.4000000000000004,0.01,2,N,49251
2.2,3.4000000000000004,0.01,3,N,49252
2.2,3.4000000000000004,0.01,4,N,49253
2.2,3.4000000000000004,0.01,5,N,49254
2.2,3.4000000000000004,0.11,1,N,49255
2.2,3.4000000000000004,0.11,2,N,49256
2.2,3.4000000000000004,0.11,3,N,49257
2.2,3.4000000000000004,0.11,4,N,49258
2.2,3.4000000000000004,0.11,5,N,49259
2.2,3.4000000000000004,0.21,1,N,49260
2.2,3.4000000000000004,0.21,2,N,49261
2.2,3.4000000000000004,0.21,3,N,49262
2.2,3.4000000000000004,0.21,4,N,49263
2.2,3.4000000000000004,0.21,5,N,49264
2.2,3.4000000000000004,0.31000000000000005,1,N,49265
2.2,3.4000000000000004,0.31000000000000005,2,N,49266
2.2,3.4000000000000004,0.31000000000000005,3,N,49267
2.2,3.4000000000000004,0.31000000000000005,4,N,49268
2.2,3.4000000000000004,0.31000000000000005,5,N,49269
2.2,3.4000000000000004,0.41,1,N,49270
2.2,3.4000000000000004,0.41,2,N,49271
2.2,3.4000000000000004,0.41,3,N,49272
2.2,3.4000000000000004,0.41,4,N,49273
2.2,3.4000000000000004,0.41,5,N,49274
2.2,3.4000000000000004,0.51,1,N,49275
2.2,3.4000000000000004,0.51,2,N,49276
2.2,3.4000000000000004,0.51,3,N,49277
2.2,3.4000000000000004,0.51,4,N,49278
2.2,3.4000000000000004,0.51,5,N,49279
2.2,3.4000000000000004,0.6100000000000001,1,N,49280
2.2,3.4000000000000004,0.6100000000000001,2,N,49281
2.2,3.4000000000000004,0.6100000000000001,3,N,49282
2.2,3.4000000000000004,0.6100000000000001,4,N,49283
2.2,3.4000000000000004,0.6100000000000001,5,N,49284
2.2,3.4000000000000004,0.7100000000000001,1,N,49285
2.2,3.4000000000000004,0.7100000000000001,2,N,49286
2.2,3.4000000000000004,0.7100000000000001,3,N,49287
2.2,3.4000000000000004,0.7100000000000001,4,N,49288
2.2,3.4000000000000004,0.7100000000000001,5,N,49289
2.2,3.4000000000000004,0.81,1,N,49290
2.2,3.4000000000000004,0.81,2,N,49291
2.2,3.4000000000000004,0.81,3,N,49292
2.2,3.4000000000000004,0.81,4,N,49293
2.2,3.4000000000000004,0.81,5,N,49294
2.2,3.4000000000000004,0.91,1,N,49295
2.2,3.4000000000000004,0.91,2,N,49296
2.2,3.4000000000000004,0.91,3,N,49297
2.2,3.4000000000000004,0.91,4,N,49298
2.2,3.4000000000000004,0.91,5,N,49299
2.2,3.4000000000000004,1.01,1,N,49300
2.2,3.4000000000000004,1.01,2,N,49301
2.2,3.4000000000000004,1.01,3,N,49302
2.2,3.4000000000000004,1.01,4,N,49303
2.2,3.4000000000000004,1.01,5,N,49304
2.2,3.4000000000000004,1.11,1,N,49305
2.2,3.4000000000000004,1.11,2,N,49306
2.2,3.4000000000000004,1.11,3,N,49307
2.2,3.4000000000000004,1.11,4,N,49308
2.2,3.4000000000000004,1.11,5,N,49309
2.2,3.4000000000000004,1.3,1,N,49310
2.2,3.4000000000000004,1.3,2,N,49311
2.2,3.4000000000000004,1.3,3,N,49312
2.2,3.4000000000000004,1.3,4,N,49313
2.2,3.4000000000000004,1.3,5,N,49314
2.2,3.4000000000000004,1.6,1,N,49315
2.2,3.4000000000000004,1.6,2,N,49316
2.2,3.4000000000000004,1.6,3,N,49317
2.2,3.4000000000000004,1.6,4,N,49318
2.2,3.4000000000000004,1.6,5,N,49319
2.2,3.4000000000000004,1.9,1,N,49320
2.2,3.4000000000000004,1.9,2,N,49321
2.2,3.4000000000000004,1.9,3,N,49322
2.2,3.4000000000000004,1.9,4,N,49323
2.2,3.4000000000000004,1.9,5,N,49324
2.2,3.4000000000000004,2.2,1,N,49325
2.2,3.4000000000000004,2.2,2,N,49326
2.2,3.4000000000000004,2.2,3,N,49327
2.2,3.4000000000000004,2.2,4,N,49328
2.2,3.4000000000000004,2.2,5,N,49329
2.2,3.4000000000000004,2.5,1,N,49330
2.2,3.4000000000000004,2.5,2,N,49331
2.2,3.4000000000000004,2.5,3,N,49332
2.2,3.4000000000000004,2.5,4,N,49333
2.2,3.4000000000000004,2.5,5,N,49334
2.2,3.4000000000000004,2.8000000000000003,1,N,49335
2.2,3.4000000000000004,2.8000000000000003,2,N,49336
2.2,3.4000000000000004,2.8000000000000003,3,N,49337
2.2,3.4000000000000004,2.8000000000000003,4,N,49338
2.2,3.4000000000000004,2.8000000000000003,5,N,49339
2.2,3.4000000000000004,3.1000000000000005,1,N,49340
2.2,3.4000000000000004,3.1000000000000005,2,N,49341
2.2,3.4000000000000004,3.1000000000000005,3,N,49342
2.2,3.4000000000000004,3.1000000000000005,4,N,49343
2.2,3.4000000000000004,3.1000000000000005,5,N,49344
2.2,3.4000000000000004,3.4000000000000004,1,N,49345
2.2,3.4000000000000004,3.4000000000000004,2,N,49346
2.2,3.4000000000000004,3.4000000000000004,3,N,49347
2.2,3.4000000000000004,3.4000000000000004,4,N,49348
2.2,3.4000000000000004,3.4000000000000004,5,N,49349
2.2,3.4000000000000004,3.7,1,N,49350
2.2,3.4000000000000004,3.7,2,N,49351
2.2,3.4000000000000004,3.7,3,N,49352
2.2,3.4000000000000004,3.7,4,N,49353
2.2,3.4000000000000004,3.7,5,N,49354
2.2,3.4000000000000004,4.0,1,N,49355
2.2,3.4000000000000004,4.0,2,N,49356
2.2,3.4000000000000004,4.0,3,N,49357
2.2,3.4000000000000004,4.0,4,N,49358
2.2,3.4000000000000004,4.0,5,N,49359
2.2,3.4000000000000004,4.300000000000002,1,N,49360
2.2,3.4000000000000004,4.300000000000002,2,N,49361
2.2,3.4000000000000004,4.300000000000002,3,N,49362
2.2,3.4000000000000004,4.300000000000002,4,N,49363
2.2,3.4000000000000004,4.300000000000002,5,N,49364
2.2,3.4000000000000004,4.6000000000000005,1,N,49365
2.2,3.4000000000000004,4.6000000000000005,2,N,49366
2.2,3.4000000000000004,4.6000000000000005,3,N,49367
2.2,3.4000000000000004,4.6000000000000005,4,N,49368
2.2,3.4000000000000004,4.6000000000000005,5,N,49369
2.2,3.4000000000000004,4.9,1,N,49370
2.2,3.4000000000000004,4.9,2,N,49371
2.2,3.4000000000000004,4.9,3,N,49372
2.2,3.4000000000000004,4.9,4,N,49373
2.2,3.4000000000000004,4.9,5,N,49374
2.2,3.7,0.01,1,N,49375
2.2,3.7,0.01,2,N,49376
2.2,3.7,0.01,3,N,49377
2.2,3.7,0.01,4,N,49378
2.2,3.7,0.01,5,N,49379
2.2,3.7,0.11,1,N,49380
2.2,3.7,0.11,2,N,49381
2.2,3.7,0.11,3,N,49382
2.2,3.7,0.11,4,N,49383
2.2,3.7,0.11,5,N,49384
2.2,3.7,0.21,1,N,49385
2.2,3.7,0.21,2,N,49386
2.2,3.7,0.21,3,N,49387
2.2,3.7,0.21,4,N,49388
2.2,3.7,0.21,5,N,49389
2.2,3.7,0.31000000000000005,1,N,49390
2.2,3.7,0.31000000000000005,2,N,49391
2.2,3.7,0.31000000000000005,3,N,49392
2.2,3.7,0.31000000000000005,4,N,49393
2.2,3.7,0.31000000000000005,5,N,49394
2.2,3.7,0.41,1,N,49395
2.2,3.7,0.41,2,N,49396
2.2,3.7,0.41,3,N,49397
2.2,3.7,0.41,4,N,49398
2.2,3.7,0.41,5,N,49399
2.2,3.7,0.51,1,N,49400
2.2,3.7,0.51,2,N,49401
2.2,3.7,0.51,3,N,49402
2.2,3.7,0.51,4,N,49403
2.2,3.7,0.51,5,N,49404
2.2,3.7,0.6100000000000001,1,N,49405
2.2,3.7,0.6100000000000001,2,N,49406
2.2,3.7,0.6100000000000001,3,N,49407
2.2,3.7,0.6100000000000001,4,N,49408
2.2,3.7,0.6100000000000001,5,N,49409
2.2,3.7,0.7100000000000001,1,N,49410
2.2,3.7,0.7100000000000001,2,N,49411
2.2,3.7,0.7100000000000001,3,N,49412
2.2,3.7,0.7100000000000001,4,N,49413
2.2,3.7,0.7100000000000001,5,N,49414
2.2,3.7,0.81,1,N,49415
2.2,3.7,0.81,2,N,49416
2.2,3.7,0.81,3,N,49417
2.2,3.7,0.81,4,N,49418
2.2,3.7,0.81,5,N,49419
2.2,3.7,0.91,1,N,49420
2.2,3.7,0.91,2,N,49421
2.2,3.7,0.91,3,N,49422
2.2,3.7,0.91,4,N,49423
2.2,3.7,0.91,5,N,49424
2.2,3.7,1.01,1,N,49425
2.2,3.7,1.01,2,N,49426
2.2,3.7,1.01,3,N,49427
2.2,3.7,1.01,4,N,49428
2.2,3.7,1.01,5,N,49429
2.2,3.7,1.11,1,N,49430
2.2,3.7,1.11,2,N,49431
2.2,3.7,1.11,3,N,49432
2.2,3.7,1.11,4,N,49433
2.2,3.7,1.11,5,N,49434
2.2,3.7,1.3,1,N,49435
2.2,3.7,1.3,2,N,49436
2.2,3.7,1.3,3,N,49437
2.2,3.7,1.3,4,N,49438
2.2,3.7,1.3,5,N,49439
2.2,3.7,1.6,1,N,49440
2.2,3.7,1.6,2,N,49441
2.2,3.7,1.6,3,N,49442
2.2,3.7,1.6,4,N,49443
2.2,3.7,1.6,5,N,49444
2.2,3.7,1.9,1,N,49445
2.2,3.7,1.9,2,N,49446
2.2,3.7,1.9,3,N,49447
2.2,3.7,1.9,4,N,49448
2.2,3.7,1.9,5,N,49449
2.2,3.7,2.2,1,N,49450
2.2,3.7,2.2,2,N,49451
2.2,3.7,2.2,3,N,49452
2.2,3.7,2.2,4,N,49453
2.2,3.7,2.2,5,N,49454
2.2,3.7,2.5,1,N,49455
2.2,3.7,2.5,2,N,49456
2.2,3.7,2.5,3,N,49457
2.2,3.7,2.5,4,N,49458
2.2,3.7,2.5,5,N,49459
2.2,3.7,2.8000000000000003,1,N,49460
2.2,3.7,2.8000000000000003,2,N,49461
2.2,3.7,2.8000000000000003,3,N,49462
2.2,3.7,2.8000000000000003,4,N,49463
2.2,3.7,2.8000000000000003,5,N,49464
2.2,3.7,3.1000000000000005,1,N,49465
2.2,3.7,3.1000000000000005,2,N,49466
2.2,3.7,3.1000000000000005,3,N,49467
2.2,3.7,3.1000000000000005,4,N,49468
2.2,3.7,3.1000000000000005,5,N,49469
2.2,3.7,3.4000000000000004,1,N,49470
2.2,3.7,3.4000000000000004,2,N,49471
2.2,3.7,3.4000000000000004,3,N,49472
2.2,3.7,3.4000000000000004,4,N,49473
2.2,3.7,3.4000000000000004,5,N,49474
2.2,3.7,3.7,1,N,49475
2.2,3.7,3.7,2,N,49476
2.2,3.7,3.7,3,N,49477
2.2,3.7,3.7,4,N,49478
2.2,3.7,3.7,5,N,49479
2.2,3.7,4.0,1,N,49480
2.2,3.7,4.0,2,N,49481
2.2,3.7,4.0,3,N,49482
2.2,3.7,4.0,4,N,49483
2.2,3.7,4.0,5,N,49484
2.2,3.7,4.300000000000002,1,N,49485
2.2,3.7,4.300000000000002,2,N,49486
2.2,3.7,4.300000000000002,3,N,49487
2.2,3.7,4.300000000000002,4,N,49488
2.2,3.7,4.300000000000002,5,N,49489
2.2,3.7,4.6000000000000005,1,N,49490
2.2,3.7,4.6000000000000005,2,N,49491
2.2,3.7,4.6000000000000005,3,N,49492
2.2,3.7,4.6000000000000005,4,N,49493
2.2,3.7,4.6000000000000005,5,N,49494
2.2,3.7,4.9,1,N,49495
2.2,3.7,4.9,2,N,49496
2.2,3.7,4.9,3,N,49497
2.2,3.7,4.9,4,N,49498
2.2,3.7,4.9,5,N,49499
2.2,4.0,0.01,1,N,49500
2.2,4.0,0.01,2,N,49501
2.2,4.0,0.01,3,N,49502
2.2,4.0,0.01,4,N,49503
2.2,4.0,0.01,5,N,49504
2.2,4.0,0.11,1,N,49505
2.2,4.0,0.11,2,N,49506
2.2,4.0,0.11,3,N,49507
2.2,4.0,0.11,4,N,49508
2.2,4.0,0.11,5,N,49509
2.2,4.0,0.21,1,N,49510
2.2,4.0,0.21,2,N,49511
2.2,4.0,0.21,3,N,49512
2.2,4.0,0.21,4,N,49513
2.2,4.0,0.21,5,N,49514
2.2,4.0,0.31000000000000005,1,N,49515
2.2,4.0,0.31000000000000005,2,N,49516
2.2,4.0,0.31000000000000005,3,N,49517
2.2,4.0,0.31000000000000005,4,N,49518
2.2,4.0,0.31000000000000005,5,N,49519
2.2,4.0,0.41,1,N,49520
2.2,4.0,0.41,2,N,49521
2.2,4.0,0.41,3,N,49522
2.2,4.0,0.41,4,N,49523
2.2,4.0,0.41,5,N,49524
2.2,4.0,0.51,1,N,49525
2.2,4.0,0.51,2,N,49526
2.2,4.0,0.51,3,N,49527
2.2,4.0,0.51,4,N,49528
2.2,4.0,0.51,5,N,49529
2.2,4.0,0.6100000000000001,1,N,49530
2.2,4.0,0.6100000000000001,2,N,49531
2.2,4.0,0.6100000000000001,3,N,49532
2.2,4.0,0.6100000000000001,4,N,49533
2.2,4.0,0.6100000000000001,5,N,49534
2.2,4.0,0.7100000000000001,1,N,49535
2.2,4.0,0.7100000000000001,2,N,49536
2.2,4.0,0.7100000000000001,3,N,49537
2.2,4.0,0.7100000000000001,4,N,49538
2.2,4.0,0.7100000000000001,5,N,49539
2.2,4.0,0.81,1,N,49540
2.2,4.0,0.81,2,N,49541
2.2,4.0,0.81,3,N,49542
2.2,4.0,0.81,4,N,49543
2.2,4.0,0.81,5,N,49544
2.2,4.0,0.91,1,N,49545
2.2,4.0,0.91,2,N,49546
2.2,4.0,0.91,3,N,49547
2.2,4.0,0.91,4,N,49548
2.2,4.0,0.91,5,N,49549
2.2,4.0,1.01,1,N,49550
2.2,4.0,1.01,2,N,49551
2.2,4.0,1.01,3,N,49552
2.2,4.0,1.01,4,N,49553
2.2,4.0,1.01,5,N,49554
2.2,4.0,1.11,1,N,49555
2.2,4.0,1.11,2,N,49556
2.2,4.0,1.11,3,N,49557
2.2,4.0,1.11,4,N,49558
2.2,4.0,1.11,5,N,49559
2.2,4.0,1.3,1,N,49560
2.2,4.0,1.3,2,N,49561
2.2,4.0,1.3,3,N,49562
2.2,4.0,1.3,4,N,49563
2.2,4.0,1.3,5,N,49564
2.2,4.0,1.6,1,N,49565
2.2,4.0,1.6,2,N,49566
2.2,4.0,1.6,3,N,49567
2.2,4.0,1.6,4,N,49568
2.2,4.0,1.6,5,N,49569
2.2,4.0,1.9,1,N,49570
2.2,4.0,1.9,2,N,49571
2.2,4.0,1.9,3,N,49572
2.2,4.0,1.9,4,N,49573
2.2,4.0,1.9,5,N,49574
2.2,4.0,2.2,1,N,49575
2.2,4.0,2.2,2,N,49576
2.2,4.0,2.2,3,N,49577
2.2,4.0,2.2,4,N,49578
2.2,4.0,2.2,5,N,49579
2.2,4.0,2.5,1,N,49580
2.2,4.0,2.5,2,N,49581
2.2,4.0,2.5,3,N,49582
2.2,4.0,2.5,4,N,49583
2.2,4.0,2.5,5,N,49584
2.2,4.0,2.8000000000000003,1,N,49585
2.2,4.0,2.8000000000000003,2,N,49586
2.2,4.0,2.8000000000000003,3,N,49587
2.2,4.0,2.8000000000000003,4,N,49588
2.2,4.0,2.8000000000000003,5,N,49589
2.2,4.0,3.1000000000000005,1,N,49590
2.2,4.0,3.1000000000000005,2,N,49591
2.2,4.0,3.1000000000000005,3,N,49592
2.2,4.0,3.1000000000000005,4,N,49593
2.2,4.0,3.1000000000000005,5,N,49594
2.2,4.0,3.4000000000000004,1,N,49595
2.2,4.0,3.4000000000000004,2,N,49596
2.2,4.0,3.4000000000000004,3,N,49597
2.2,4.0,3.4000000000000004,4,N,49598
2.2,4.0,3.4000000000000004,5,N,49599
2.2,4.0,3.7,1,N,49600
2.2,4.0,3.7,2,N,49601
2.2,4.0,3.7,3,N,49602
2.2,4.0,3.7,4,N,49603
2.2,4.0,3.7,5,N,49604
2.2,4.0,4.0,1,N,49605
2.2,4.0,4.0,2,N,49606
2.2,4.0,4.0,3,N,49607
2.2,4.0,4.0,4,N,49608
2.2,4.0,4.0,5,N,49609
2.2,4.0,4.300000000000002,1,N,49610
2.2,4.0,4.300000000000002,2,N,49611
2.2,4.0,4.300000000000002,3,N,49612
2.2,4.0,4.300000000000002,4,N,49613
2.2,4.0,4.300000000000002,5,N,49614
2.2,4.0,4.6000000000000005,1,N,49615
2.2,4.0,4.6000000000000005,2,N,49616
2.2,4.0,4.6000000000000005,3,N,49617
2.2,4.0,4.6000000000000005,4,N,49618
2.2,4.0,4.6000000000000005,5,N,49619
2.2,4.0,4.9,1,N,49620
2.2,4.0,4.9,2,N,49621
2.2,4.0,4.9,3,N,49622
2.2,4.0,4.9,4,N,49623
2.2,4.0,4.9,5,N,49624
2.2,4.300000000000002,0.01,1,N,49625
2.2,4.300000000000002,0.01,2,N,49626
2.2,4.300000000000002,0.01,3,N,49627
2.2,4.300000000000002,0.01,4,N,49628
2.2,4.300000000000002,0.01,5,N,49629
2.2,4.300000000000002,0.11,1,N,49630
2.2,4.300000000000002,0.11,2,N,49631
2.2,4.300000000000002,0.11,3,N,49632
2.2,4.300000000000002,0.11,4,N,49633
2.2,4.300000000000002,0.11,5,N,49634
2.2,4.300000000000002,0.21,1,N,49635
2.2,4.300000000000002,0.21,2,N,49636
2.2,4.300000000000002,0.21,3,N,49637
2.2,4.300000000000002,0.21,4,N,49638
2.2,4.300000000000002,0.21,5,N,49639
2.2,4.300000000000002,0.31000000000000005,1,N,49640
2.2,4.300000000000002,0.31000000000000005,2,N,49641
2.2,4.300000000000002,0.31000000000000005,3,N,49642
2.2,4.300000000000002,0.31000000000000005,4,N,49643
2.2,4.300000000000002,0.31000000000000005,5,N,49644
2.2,4.300000000000002,0.41,1,N,49645
2.2,4.300000000000002,0.41,2,N,49646
2.2,4.300000000000002,0.41,3,N,49647
2.2,4.300000000000002,0.41,4,N,49648
2.2,4.300000000000002,0.41,5,N,49649
2.2,4.300000000000002,0.51,1,N,49650
2.2,4.300000000000002,0.51,2,N,49651
2.2,4.300000000000002,0.51,3,N,49652
2.2,4.300000000000002,0.51,4,N,49653
2.2,4.300000000000002,0.51,5,N,49654
2.2,4.300000000000002,0.6100000000000001,1,N,49655
2.2,4.300000000000002,0.6100000000000001,2,N,49656
2.2,4.300000000000002,0.6100000000000001,3,N,49657
2.2,4.300000000000002,0.6100000000000001,4,N,49658
2.2,4.300000000000002,0.6100000000000001,5,N,49659
2.2,4.300000000000002,0.7100000000000001,1,N,49660
2.2,4.300000000000002,0.7100000000000001,2,N,49661
2.2,4.300000000000002,0.7100000000000001,3,N,49662
2.2,4.300000000000002,0.7100000000000001,4,N,49663
2.2,4.300000000000002,0.7100000000000001,5,N,49664
2.2,4.300000000000002,0.81,1,N,49665
2.2,4.300000000000002,0.81,2,N,49666
2.2,4.300000000000002,0.81,3,N,49667
2.2,4.300000000000002,0.81,4,N,49668
2.2,4.300000000000002,0.81,5,N,49669
2.2,4.300000000000002,0.91,1,N,49670
2.2,4.300000000000002,0.91,2,N,49671
2.2,4.300000000000002,0.91,3,N,49672
2.2,4.300000000000002,0.91,4,N,49673
2.2,4.300000000000002,0.91,5,N,49674
2.2,4.300000000000002,1.01,1,N,49675
2.2,4.300000000000002,1.01,2,N,49676
2.2,4.300000000000002,1.01,3,N,49677
2.2,4.300000000000002,1.01,4,N,49678
2.2,4.300000000000002,1.01,5,N,49679
2.2,4.300000000000002,1.11,1,N,49680
2.2,4.300000000000002,1.11,2,N,49681
2.2,4.300000000000002,1.11,3,N,49682
2.2,4.300000000000002,1.11,4,N,49683
2.2,4.300000000000002,1.11,5,N,49684
2.2,4.300000000000002,1.3,1,N,49685
2.2,4.300000000000002,1.3,2,N,49686
2.2,4.300000000000002,1.3,3,N,49687
2.2,4.300000000000002,1.3,4,N,49688
2.2,4.300000000000002,1.3,5,N,49689
2.2,4.300000000000002,1.6,1,N,49690
2.2,4.300000000000002,1.6,2,N,49691
2.2,4.300000000000002,1.6,3,N,49692
2.2,4.300000000000002,1.6,4,N,49693
2.2,4.300000000000002,1.6,5,N,49694
2.2,4.300000000000002,1.9,1,N,49695
2.2,4.300000000000002,1.9,2,N,49696
2.2,4.300000000000002,1.9,3,N,49697
2.2,4.300000000000002,1.9,4,N,49698
2.2,4.300000000000002,1.9,5,N,49699
2.2,4.300000000000002,2.2,1,N,49700
2.2,4.300000000000002,2.2,2,N,49701
2.2,4.300000000000002,2.2,3,N,49702
2.2,4.300000000000002,2.2,4,N,49703
2.2,4.300000000000002,2.2,5,N,49704
2.2,4.300000000000002,2.5,1,N,49705
2.2,4.300000000000002,2.5,2,N,49706
2.2,4.300000000000002,2.5,3,N,49707
2.2,4.300000000000002,2.5,4,N,49708
2.2,4.300000000000002,2.5,5,N,49709
2.2,4.300000000000002,2.8000000000000003,1,N,49710
2.2,4.300000000000002,2.8000000000000003,2,N,49711
2.2,4.300000000000002,2.8000000000000003,3,N,49712
2.2,4.300000000000002,2.8000000000000003,4,N,49713
2.2,4.300000000000002,2.8000000000000003,5,N,49714
2.2,4.300000000000002,3.1000000000000005,1,N,49715
2.2,4.300000000000002,3.1000000000000005,2,N,49716
2.2,4.300000000000002,3.1000000000000005,3,N,49717
2.2,4.300000000000002,3.1000000000000005,4,N,49718
2.2,4.300000000000002,3.1000000000000005,5,N,49719
2.2,4.300000000000002,3.4000000000000004,1,N,49720
2.2,4.300000000000002,3.4000000000000004,2,N,49721
2.2,4.300000000000002,3.4000000000000004,3,N,49722
2.2,4.300000000000002,3.4000000000000004,4,N,49723
2.2,4.300000000000002,3.4000000000000004,5,N,49724
2.2,4.300000000000002,3.7,1,N,49725
2.2,4.300000000000002,3.7,2,N,49726
2.2,4.300000000000002,3.7,3,N,49727
2.2,4.300000000000002,3.7,4,N,49728
2.2,4.300000000000002,3.7,5,N,49729
2.2,4.300000000000002,4.0,1,N,49730
2.2,4.300000000000002,4.0,2,N,49731
2.2,4.300000000000002,4.0,3,N,49732
2.2,4.300000000000002,4.0,4,N,49733
2.2,4.300000000000002,4.0,5,N,49734
2.2,4.300000000000002,4.300000000000002,1,N,49735
2.2,4.300000000000002,4.300000000000002,2,N,49736
2.2,4.300000000000002,4.300000000000002,3,N,49737
2.2,4.300000000000002,4.300000000000002,4,N,49738
2.2,4.300000000000002,4.300000000000002,5,N,49739
2.2,4.300000000000002,4.6000000000000005,1,N,49740
2.2,4.300000000000002,4.6000000000000005,2,N,49741
2.2,4.300000000000002,4.6000000000000005,3,N,49742
2.2,4.300000000000002,4.6000000000000005,4,N,49743
2.2,4.300000000000002,4.6000000000000005,5,N,49744
2.2,4.300000000000002,4.9,1,N,49745
2.2,4.300000000000002,4.9,2,N,49746
2.2,4.300000000000002,4.9,3,N,49747
2.2,4.300000000000002,4.9,4,N,49748
2.2,4.300000000000002,4.9,5,N,49749
2.2,4.6000000000000005,0.01,1,N,49750
2.2,4.6000000000000005,0.01,2,N,49751
2.2,4.6000000000000005,0.01,3,N,49752
2.2,4.6000000000000005,0.01,4,N,49753
2.2,4.6000000000000005,0.01,5,N,49754
2.2,4.6000000000000005,0.11,1,N,49755
2.2,4.6000000000000005,0.11,2,N,49756
2.2,4.6000000000000005,0.11,3,N,49757
2.2,4.6000000000000005,0.11,4,N,49758
2.2,4.6000000000000005,0.11,5,N,49759
2.2,4.6000000000000005,0.21,1,N,49760
2.2,4.6000000000000005,0.21,2,N,49761
2.2,4.6000000000000005,0.21,3,N,49762
2.2,4.6000000000000005,0.21,4,N,49763
2.2,4.6000000000000005,0.21,5,N,49764
2.2,4.6000000000000005,0.31000000000000005,1,N,49765
2.2,4.6000000000000005,0.31000000000000005,2,N,49766
2.2,4.6000000000000005,0.31000000000000005,3,N,49767
2.2,4.6000000000000005,0.31000000000000005,4,N,49768
2.2,4.6000000000000005,0.31000000000000005,5,N,49769
2.2,4.6000000000000005,0.41,1,N,49770
2.2,4.6000000000000005,0.41,2,N,49771
2.2,4.6000000000000005,0.41,3,N,49772
2.2,4.6000000000000005,0.41,4,N,49773
2.2,4.6000000000000005,0.41,5,N,49774
2.2,4.6000000000000005,0.51,1,N,49775
2.2,4.6000000000000005,0.51,2,N,49776
2.2,4.6000000000000005,0.51,3,N,49777
2.2,4.6000000000000005,0.51,4,N,49778
2.2,4.6000000000000005,0.51,5,N,49779
2.2,4.6000000000000005,0.6100000000000001,1,N,49780
2.2,4.6000000000000005,0.6100000000000001,2,N,49781
2.2,4.6000000000000005,0.6100000000000001,3,N,49782
2.2,4.6000000000000005,0.6100000000000001,4,N,49783
2.2,4.6000000000000005,0.6100000000000001,5,N,49784
2.2,4.6000000000000005,0.7100000000000001,1,N,49785
2.2,4.6000000000000005,0.7100000000000001,2,N,49786
2.2,4.6000000000000005,0.7100000000000001,3,N,49787
2.2,4.6000000000000005,0.7100000000000001,4,N,49788
2.2,4.6000000000000005,0.7100000000000001,5,N,49789
2.2,4.6000000000000005,0.81,1,N,49790
2.2,4.6000000000000005,0.81,2,N,49791
2.2,4.6000000000000005,0.81,3,N,49792
2.2,4.6000000000000005,0.81,4,N,49793
2.2,4.6000000000000005,0.81,5,N,49794
2.2,4.6000000000000005,0.91,1,N,49795
2.2,4.6000000000000005,0.91,2,N,49796
2.2,4.6000000000000005,0.91,3,N,49797
2.2,4.6000000000000005,0.91,4,N,49798
2.2,4.6000000000000005,0.91,5,N,49799
2.2,4.6000000000000005,1.01,1,N,49800
2.2,4.6000000000000005,1.01,2,N,49801
2.2,4.6000000000000005,1.01,3,N,49802
2.2,4.6000000000000005,1.01,4,N,49803
2.2,4.6000000000000005,1.01,5,N,49804
2.2,4.6000000000000005,1.11,1,N,49805
2.2,4.6000000000000005,1.11,2,N,49806
2.2,4.6000000000000005,1.11,3,N,49807
2.2,4.6000000000000005,1.11,4,N,49808
2.2,4.6000000000000005,1.11,5,N,49809
2.2,4.6000000000000005,1.3,1,N,49810
2.2,4.6000000000000005,1.3,2,N,49811
2.2,4.6000000000000005,1.3,3,N,49812
2.2,4.6000000000000005,1.3,4,N,49813
2.2,4.6000000000000005,1.3,5,N,49814
2.2,4.6000000000000005,1.6,1,N,49815
2.2,4.6000000000000005,1.6,2,N,49816
2.2,4.6000000000000005,1.6,3,N,49817
2.2,4.6000000000000005,1.6,4,N,49818
2.2,4.6000000000000005,1.6,5,N,49819
2.2,4.6000000000000005,1.9,1,N,49820
2.2,4.6000000000000005,1.9,2,N,49821
2.2,4.6000000000000005,1.9,3,N,49822
2.2,4.6000000000000005,1.9,4,N,49823
2.2,4.6000000000000005,1.9,5,N,49824
2.2,4.6000000000000005,2.2,1,N,49825
2.2,4.6000000000000005,2.2,2,N,49826
2.2,4.6000000000000005,2.2,3,N,49827
2.2,4.6000000000000005,2.2,4,N,49828
2.2,4.6000000000000005,2.2,5,N,49829
2.2,4.6000000000000005,2.5,1,N,49830
2.2,4.6000000000000005,2.5,2,N,49831
2.2,4.6000000000000005,2.5,3,N,49832
2.2,4.6000000000000005,2.5,4,N,49833
2.2,4.6000000000000005,2.5,5,N,49834
2.2,4.6000000000000005,2.8000000000000003,1,N,49835
2.2,4.6000000000000005,2.8000000000000003,2,N,49836
2.2,4.6000000000000005,2.8000000000000003,3,N,49837
2.2,4.6000000000000005,2.8000000000000003,4,N,49838
2.2,4.6000000000000005,2.8000000000000003,5,N,49839
2.2,4.6000000000000005,3.1000000000000005,1,N,49840
2.2,4.6000000000000005,3.1000000000000005,2,N,49841
2.2,4.6000000000000005,3.1000000000000005,3,N,49842
2.2,4.6000000000000005,3.1000000000000005,4,N,49843
2.2,4.6000000000000005,3.1000000000000005,5,N,49844
2.2,4.6000000000000005,3.4000000000000004,1,N,49845
2.2,4.6000000000000005,3.4000000000000004,2,N,49846
2.2,4.6000000000000005,3.4000000000000004,3,N,49847
2.2,4.6000000000000005,3.4000000000000004,4,N,49848
2.2,4.6000000000000005,3.4000000000000004,5,N,49849
2.2,4.6000000000000005,3.7,1,N,49850
2.2,4.6000000000000005,3.7,2,N,49851
2.2,4.6000000000000005,3.7,3,N,49852
2.2,4.6000000000000005,3.7,4,N,49853
2.2,4.6000000000000005,3.7,5,N,49854
2.2,4.6000000000000005,4.0,1,N,49855
2.2,4.6000000000000005,4.0,2,N,49856
2.2,4.6000000000000005,4.0,3,N,49857
2.2,4.6000000000000005,4.0,4,N,49858
2.2,4.6000000000000005,4.0,5,N,49859
2.2,4.6000000000000005,4.300000000000002,1,N,49860
2.2,4.6000000000000005,4.300000000000002,2,N,49861
2.2,4.6000000000000005,4.300000000000002,3,N,49862
2.2,4.6000000000000005,4.300000000000002,4,N,49863
2.2,4.6000000000000005,4.300000000000002,5,N,49864
2.2,4.6000000000000005,4.6000000000000005,1,N,49865
2.2,4.6000000000000005,4.6000000000000005,2,N,49866
2.2,4.6000000000000005,4.6000000000000005,3,N,49867
2.2,4.6000000000000005,4.6000000000000005,4,N,49868
2.2,4.6000000000000005,4.6000000000000005,5,N,49869
2.2,4.6000000000000005,4.9,1,N,49870
2.2,4.6000000000000005,4.9,2,N,49871
2.2,4.6000000000000005,4.9,3,N,49872
2.2,4.6000000000000005,4.9,4,N,49873
2.2,4.6000000000000005,4.9,5,N,49874
2.2,4.9,0.01,1,N,49875
2.2,4.9,0.01,2,N,49876
2.2,4.9,0.01,3,N,49877
2.2,4.9,0.01,4,N,49878
2.2,4.9,0.01,5,N,49879
2.2,4.9,0.11,1,N,49880
2.2,4.9,0.11,2,N,49881
2.2,4.9,0.11,3,N,49882
2.2,4.9,0.11,4,N,49883
2.2,4.9,0.11,5,N,49884
2.2,4.9,0.21,1,N,49885
2.2,4.9,0.21,2,N,49886
2.2,4.9,0.21,3,N,49887
2.2,4.9,0.21,4,N,49888
2.2,4.9,0.21,5,N,49889
2.2,4.9,0.31000000000000005,1,N,49890
2.2,4.9,0.31000000000000005,2,N,49891
2.2,4.9,0.31000000000000005,3,N,49892
2.2,4.9,0.31000000000000005,4,N,49893
2.2,4.9,0.31000000000000005,5,N,49894
2.2,4.9,0.41,1,N,49895
2.2,4.9,0.41,2,N,49896
2.2,4.9,0.41,3,N,49897
2.2,4.9,0.41,4,N,49898
2.2,4.9,0.41,5,N,49899
2.2,4.9,0.51,1,N,49900
2.2,4.9,0.51,2,N,49901
2.2,4.9,0.51,3,N,49902
2.2,4.9,0.51,4,N,49903
2.2,4.9,0.51,5,N,49904
2.2,4.9,0.6100000000000001,1,N,49905
2.2,4.9,0.6100000000000001,2,N,49906
2.2,4.9,0.6100000000000001,3,N,49907
2.2,4.9,0.6100000000000001,4,N,49908
2.2,4.9,0.6100000000000001,5,N,49909
2.2,4.9,0.7100000000000001,1,N,49910
2.2,4.9,0.7100000000000001,2,N,49911
2.2,4.9,0.7100000000000001,3,N,49912
2.2,4.9,0.7100000000000001,4,N,49913
2.2,4.9,0.7100000000000001,5,N,49914
2.2,4.9,0.81,1,N,49915
2.2,4.9,0.81,2,N,49916
2.2,4.9,0.81,3,N,49917
2.2,4.9,0.81,4,N,49918
2.2,4.9,0.81,5,N,49919
2.2,4.9,0.91,1,N,49920
2.2,4.9,0.91,2,N,49921
2.2,4.9,0.91,3,N,49922
2.2,4.9,0.91,4,N,49923
2.2,4.9,0.91,5,N,49924
2.2,4.9,1.01,1,N,49925
2.2,4.9,1.01,2,N,49926
2.2,4.9,1.01,3,N,49927
2.2,4.9,1.01,4,N,49928
2.2,4.9,1.01,5,N,49929
2.2,4.9,1.11,1,N,49930
2.2,4.9,1.11,2,N,49931
2.2,4.9,1.11,3,N,49932
2.2,4.9,1.11,4,N,49933
2.2,4.9,1.11,5,N,49934
2.2,4.9,1.3,1,N,49935
2.2,4.9,1.3,2,N,49936
2.2,4.9,1.3,3,N,49937
2.2,4.9,1.3,4,N,49938
2.2,4.9,1.3,5,N,49939
2.2,4.9,1.6,1,N,49940
2.2,4.9,1.6,2,N,49941
2.2,4.9,1.6,3,N,49942
2.2,4.9,1.6,4,N,49943
2.2,4.9,1.6,5,N,49944
2.2,4.9,1.9,1,N,49945
2.2,4.9,1.9,2,N,49946
2.2,4.9,1.9,3,N,49947
2.2,4.9,1.9,4,N,49948
2.2,4.9,1.9,5,N,49949
2.2,4.9,2.2,1,N,49950
2.2,4.9,2.2,2,N,49951
2.2,4.9,2.2,3,N,49952
2.2,4.9,2.2,4,N,49953
2.2,4.9,2.2,5,N,49954
2.2,4.9,2.5,1,N,49955
2.2,4.9,2.5,2,N,49956
2.2,4.9,2.5,3,N,49957
2.2,4.9,2.5,4,N,49958
2.2,4.9,2.5,5,N,49959
2.2,4.9,2.8000000000000003,1,N,49960
2.2,4.9,2.8000000000000003,2,N,49961
2.2,4.9,2.8000000000000003,3,N,49962
2.2,4.9,2.8000000000000003,4,N,49963
2.2,4.9,2.8000000000000003,5,N,49964
2.2,4.9,3.1000000000000005,1,N,49965
2.2,4.9,3.1000000000000005,2,N,49966
2.2,4.9,3.1000000000000005,3,N,49967
2.2,4.9,3.1000000000000005,4,N,49968
2.2,4.9,3.1000000000000005,5,N,49969
2.2,4.9,3.4000000000000004,1,N,49970
2.2,4.9,3.4000000000000004,2,N,49971
2.2,4.9,3.4000000000000004,3,N,49972
2.2,4.9,3.4000000000000004,4,N,49973
2.2,4.9,3.4000000000000004,5,N,49974
2.2,4.9,3.7,1,N,49975
2.2,4.9,3.7,2,N,49976
2.2,4.9,3.7,3,N,49977
2.2,4.9,3.7,4,N,49978
2.2,4.9,3.7,5,N,49979
2.2,4.9,4.0,1,N,49980
2.2,4.9,4.0,2,N,49981
2.2,4.9,4.0,3,N,49982
2.2,4.9,4.0,4,N,49983
2.2,4.9,4.0,5,N,49984
2.2,4.9,4.300000000000002,1,N,49985
2.2,4.9,4.300000000000002,2,N,49986
2.2,4.9,4.300000000000002,3,N,49987
2.2,4.9,4.300000000000002,4,N,49988
2.2,4.9,4.300000000000002,5,N,49989
2.2,4.9,4.6000000000000005,1,N,49990
2.2,4.9,4.6000000000000005,2,N,49991
2.2,4.9,4.6000000000000005,3,N,49992
2.2,4.9,4.6000000000000005,4,N,49993
2.2,4.9,4.6000000000000005,5,N,49994
2.2,4.9,4.9,1,N,49995
2.2,4.9,4.9,2,N,49996
2.2,4.9,4.9,3,N,49997
2.2,4.9,4.9,4,N,49998
2.2,4.9,4.9,5,N,49999
2.5,0.01,0.01,1,N,50000
2.5,0.01,0.01,2,N,50001
2.5,0.01,0.01,3,N,50002
2.5,0.01,0.01,4,N,50003
2.5,0.01,0.01,5,N,50004
2.5,0.01,0.11,1,N,50005
2.5,0.01,0.11,2,N,50006
2.5,0.01,0.11,3,N,50007
2.5,0.01,0.11,4,N,50008
2.5,0.01,0.11,5,N,50009
2.5,0.01,0.21,1,N,50010
2.5,0.01,0.21,2,N,50011
2.5,0.01,0.21,3,N,50012
2.5,0.01,0.21,4,N,50013
2.5,0.01,0.21,5,N,50014
2.5,0.01,0.31000000000000005,1,N,50015
2.5,0.01,0.31000000000000005,2,N,50016
2.5,0.01,0.31000000000000005,3,N,50017
2.5,0.01,0.31000000000000005,4,N,50018
2.5,0.01,0.31000000000000005,5,N,50019
2.5,0.01,0.41,1,N,50020
2.5,0.01,0.41,2,N,50021
2.5,0.01,0.41,3,N,50022
2.5,0.01,0.41,4,N,50023
2.5,0.01,0.41,5,N,50024
2.5,0.01,0.51,1,N,50025
2.5,0.01,0.51,2,N,50026
2.5,0.01,0.51,3,N,50027
2.5,0.01,0.51,4,N,50028
2.5,0.01,0.51,5,N,50029
2.5,0.01,0.6100000000000001,1,N,50030
2.5,0.01,0.6100000000000001,2,N,50031
2.5,0.01,0.6100000000000001,3,N,50032
2.5,0.01,0.6100000000000001,4,N,50033
2.5,0.01,0.6100000000000001,5,N,50034
2.5,0.01,0.7100000000000001,1,N,50035
2.5,0.01,0.7100000000000001,2,N,50036
2.5,0.01,0.7100000000000001,3,N,50037
2.5,0.01,0.7100000000000001,4,N,50038
2.5,0.01,0.7100000000000001,5,N,50039
2.5,0.01,0.81,1,N,50040
2.5,0.01,0.81,2,N,50041
2.5,0.01,0.81,3,N,50042
2.5,0.01,0.81,4,N,50043
2.5,0.01,0.81,5,N,50044
2.5,0.01,0.91,1,N,50045
2.5,0.01,0.91,2,N,50046
2.5,0.01,0.91,3,N,50047
2.5,0.01,0.91,4,N,50048
2.5,0.01,0.91,5,N,50049
2.5,0.01,1.01,1,N,50050
2.5,0.01,1.01,2,N,50051
2.5,0.01,1.01,3,N,50052
2.5,0.01,1.01,4,N,50053
2.5,0.01,1.01,5,N,50054
2.5,0.01,1.11,1,N,50055
2.5,0.01,1.11,2,N,50056
2.5,0.01,1.11,3,N,50057
2.5,0.01,1.11,4,N,50058
2.5,0.01,1.11,5,N,50059
2.5,0.01,1.3,1,N,50060
2.5,0.01,1.3,2,N,50061
2.5,0.01,1.3,3,N,50062
2.5,0.01,1.3,4,N,50063
2.5,0.01,1.3,5,N,50064
2.5,0.01,1.6,1,N,50065
2.5,0.01,1.6,2,N,50066
2.5,0.01,1.6,3,N,50067
2.5,0.01,1.6,4,N,50068
2.5,0.01,1.6,5,N,50069
2.5,0.01,1.9,1,N,50070
2.5,0.01,1.9,2,N,50071
2.5,0.01,1.9,3,N,50072
2.5,0.01,1.9,4,N,50073
2.5,0.01,1.9,5,N,50074
2.5,0.01,2.2,1,N,50075
2.5,0.01,2.2,2,N,50076
2.5,0.01,2.2,3,N,50077
2.5,0.01,2.2,4,N,50078
2.5,0.01,2.2,5,N,50079
2.5,0.01,2.5,1,N,50080
2.5,0.01,2.5,2,N,50081
2.5,0.01,2.5,3,N,50082
2.5,0.01,2.5,4,N,50083
2.5,0.01,2.5,5,N,50084
2.5,0.01,2.8000000000000003,1,N,50085
2.5,0.01,2.8000000000000003,2,N,50086
2.5,0.01,2.8000000000000003,3,N,50087
2.5,0.01,2.8000000000000003,4,N,50088
2.5,0.01,2.8000000000000003,5,N,50089
2.5,0.01,3.1000000000000005,1,N,50090
2.5,0.01,3.1000000000000005,2,N,50091
2.5,0.01,3.1000000000000005,3,N,50092
2.5,0.01,3.1000000000000005,4,N,50093
2.5,0.01,3.1000000000000005,5,N,50094
2.5,0.01,3.4000000000000004,1,N,50095
2.5,0.01,3.4000000000000004,2,N,50096
2.5,0.01,3.4000000000000004,3,N,50097
2.5,0.01,3.4000000000000004,4,N,50098
2.5,0.01,3.4000000000000004,5,N,50099
2.5,0.01,3.7,1,N,50100
2.5,0.01,3.7,2,N,50101
2.5,0.01,3.7,3,N,50102
2.5,0.01,3.7,4,N,50103
2.5,0.01,3.7,5,N,50104
2.5,0.01,4.0,1,N,50105
2.5,0.01,4.0,2,N,50106
2.5,0.01,4.0,3,N,50107
2.5,0.01,4.0,4,N,50108
2.5,0.01,4.0,5,N,50109
2.5,0.01,4.300000000000002,1,N,50110
2.5,0.01,4.300000000000002,2,N,50111
2.5,0.01,4.300000000000002,3,N,50112
2.5,0.01,4.300000000000002,4,N,50113
2.5,0.01,4.300000000000002,5,N,50114
2.5,0.01,4.6000000000000005,1,N,50115
2.5,0.01,4.6000000000000005,2,N,50116
2.5,0.01,4.6000000000000005,3,N,50117
2.5,0.01,4.6000000000000005,4,N,50118
2.5,0.01,4.6000000000000005,5,N,50119
2.5,0.01,4.9,1,N,50120
2.5,0.01,4.9,2,N,50121
2.5,0.01,4.9,3,N,50122
2.5,0.01,4.9,4,N,50123
2.5,0.01,4.9,5,N,50124
2.5,0.11,0.01,1,N,50125
2.5,0.11,0.01,2,N,50126
2.5,0.11,0.01,3,N,50127
2.5,0.11,0.01,4,N,50128
2.5,0.11,0.01,5,N,50129
2.5,0.11,0.11,1,N,50130
2.5,0.11,0.11,2,N,50131
2.5,0.11,0.11,3,N,50132
2.5,0.11,0.11,4,N,50133
2.5,0.11,0.11,5,N,50134
2.5,0.11,0.21,1,N,50135
2.5,0.11,0.21,2,N,50136
2.5,0.11,0.21,3,N,50137
2.5,0.11,0.21,4,N,50138
2.5,0.11,0.21,5,N,50139
2.5,0.11,0.31000000000000005,1,N,50140
2.5,0.11,0.31000000000000005,2,N,50141
2.5,0.11,0.31000000000000005,3,N,50142
2.5,0.11,0.31000000000000005,4,N,50143
2.5,0.11,0.31000000000000005,5,N,50144
2.5,0.11,0.41,1,N,50145
2.5,0.11,0.41,2,N,50146
2.5,0.11,0.41,3,N,50147
2.5,0.11,0.41,4,N,50148
2.5,0.11,0.41,5,N,50149
2.5,0.11,0.51,1,N,50150
2.5,0.11,0.51,2,N,50151
2.5,0.11,0.51,3,N,50152
2.5,0.11,0.51,4,N,50153
2.5,0.11,0.51,5,N,50154
2.5,0.11,0.6100000000000001,1,N,50155
2.5,0.11,0.6100000000000001,2,N,50156
2.5,0.11,0.6100000000000001,3,N,50157
2.5,0.11,0.6100000000000001,4,N,50158
2.5,0.11,0.6100000000000001,5,N,50159
2.5,0.11,0.7100000000000001,1,N,50160
2.5,0.11,0.7100000000000001,2,N,50161
2.5,0.11,0.7100000000000001,3,N,50162
2.5,0.11,0.7100000000000001,4,N,50163
2.5,0.11,0.7100000000000001,5,N,50164
2.5,0.11,0.81,1,N,50165
2.5,0.11,0.81,2,N,50166
2.5,0.11,0.81,3,N,50167
2.5,0.11,0.81,4,N,50168
2.5,0.11,0.81,5,N,50169
2.5,0.11,0.91,1,N,50170
2.5,0.11,0.91,2,N,50171
2.5,0.11,0.91,3,N,50172
2.5,0.11,0.91,4,N,50173
2.5,0.11,0.91,5,N,50174
2.5,0.11,1.01,1,N,50175
2.5,0.11,1.01,2,N,50176
2.5,0.11,1.01,3,N,50177
2.5,0.11,1.01,4,N,50178
2.5,0.11,1.01,5,N,50179
2.5,0.11,1.11,1,N,50180
2.5,0.11,1.11,2,N,50181
2.5,0.11,1.11,3,N,50182
2.5,0.11,1.11,4,N,50183
2.5,0.11,1.11,5,N,50184
2.5,0.11,1.3,1,N,50185
2.5,0.11,1.3,2,N,50186
2.5,0.11,1.3,3,N,50187
2.5,0.11,1.3,4,N,50188
2.5,0.11,1.3,5,N,50189
2.5,0.11,1.6,1,N,50190
2.5,0.11,1.6,2,N,50191
2.5,0.11,1.6,3,N,50192
2.5,0.11,1.6,4,N,50193
2.5,0.11,1.6,5,N,50194
2.5,0.11,1.9,1,N,50195
2.5,0.11,1.9,2,N,50196
2.5,0.11,1.9,3,N,50197
2.5,0.11,1.9,4,N,50198
2.5,0.11,1.9,5,N,50199
2.5,0.11,2.2,1,N,50200
2.5,0.11,2.2,2,N,50201
2.5,0.11,2.2,3,N,50202
2.5,0.11,2.2,4,N,50203
2.5,0.11,2.2,5,N,50204
2.5,0.11,2.5,1,N,50205
2.5,0.11,2.5,2,N,50206
2.5,0.11,2.5,3,N,50207
2.5,0.11,2.5,4,N,50208
2.5,0.11,2.5,5,N,50209
2.5,0.11,2.8000000000000003,1,N,50210
2.5,0.11,2.8000000000000003,2,N,50211
2.5,0.11,2.8000000000000003,3,N,50212
2.5,0.11,2.8000000000000003,4,N,50213
2.5,0.11,2.8000000000000003,5,N,50214
2.5,0.11,3.1000000000000005,1,N,50215
2.5,0.11,3.1000000000000005,2,N,50216
2.5,0.11,3.1000000000000005,3,N,50217
2.5,0.11,3.1000000000000005,4,N,50218
2.5,0.11,3.1000000000000005,5,N,50219
2.5,0.11,3.4000000000000004,1,N,50220
2.5,0.11,3.4000000000000004,2,N,50221
2.5,0.11,3.4000000000000004,3,N,50222
2.5,0.11,3.4000000000000004,4,N,50223
2.5,0.11,3.4000000000000004,5,N,50224
2.5,0.11,3.7,1,N,50225
2.5,0.11,3.7,2,N,50226
2.5,0.11,3.7,3,N,50227
2.5,0.11,3.7,4,N,50228
2.5,0.11,3.7,5,N,50229
2.5,0.11,4.0,1,N,50230
2.5,0.11,4.0,2,N,50231
2.5,0.11,4.0,3,N,50232
2.5,0.11,4.0,4,N,50233
2.5,0.11,4.0,5,N,50234
2.5,0.11,4.300000000000002,1,N,50235
2.5,0.11,4.300000000000002,2,N,50236
2.5,0.11,4.300000000000002,3,N,50237
2.5,0.11,4.300000000000002,4,N,50238
2.5,0.11,4.300000000000002,5,N,50239
2.5,0.11,4.6000000000000005,1,N,50240
2.5,0.11,4.6000000000000005,2,N,50241
2.5,0.11,4.6000000000000005,3,N,50242
2.5,0.11,4.6000000000000005,4,N,50243
2.5,0.11,4.6000000000000005,5,N,50244
2.5,0.11,4.9,1,N,50245
2.5,0.11,4.9,2,N,50246
2.5,0.11,4.9,3,N,50247
2.5,0.11,4.9,4,N,50248
2.5,0.11,4.9,5,N,50249
2.5,0.21,0.01,1,N,50250
2.5,0.21,0.01,2,N,50251
2.5,0.21,0.01,3,N,50252
2.5,0.21,0.01,4,N,50253
2.5,0.21,0.01,5,N,50254
2.5,0.21,0.11,1,N,50255
2.5,0.21,0.11,2,N,50256
2.5,0.21,0.11,3,N,50257
2.5,0.21,0.11,4,N,50258
2.5,0.21,0.11,5,N,50259
2.5,0.21,0.21,1,N,50260
2.5,0.21,0.21,2,N,50261
2.5,0.21,0.21,3,N,50262
2.5,0.21,0.21,4,N,50263
2.5,0.21,0.21,5,N,50264
2.5,0.21,0.31000000000000005,1,N,50265
2.5,0.21,0.31000000000000005,2,N,50266
2.5,0.21,0.31000000000000005,3,N,50267
2.5,0.21,0.31000000000000005,4,N,50268
2.5,0.21,0.31000000000000005,5,N,50269
2.5,0.21,0.41,1,N,50270
2.5,0.21,0.41,2,N,50271
2.5,0.21,0.41,3,N,50272
2.5,0.21,0.41,4,N,50273
2.5,0.21,0.41,5,N,50274
2.5,0.21,0.51,1,N,50275
2.5,0.21,0.51,2,N,50276
2.5,0.21,0.51,3,N,50277
2.5,0.21,0.51,4,N,50278
2.5,0.21,0.51,5,N,50279
2.5,0.21,0.6100000000000001,1,N,50280
2.5,0.21,0.6100000000000001,2,N,50281
2.5,0.21,0.6100000000000001,3,N,50282
2.5,0.21,0.6100000000000001,4,N,50283
2.5,0.21,0.6100000000000001,5,N,50284
2.5,0.21,0.7100000000000001,1,N,50285
2.5,0.21,0.7100000000000001,2,N,50286
2.5,0.21,0.7100000000000001,3,N,50287
2.5,0.21,0.7100000000000001,4,N,50288
2.5,0.21,0.7100000000000001,5,N,50289
2.5,0.21,0.81,1,N,50290
2.5,0.21,0.81,2,N,50291
2.5,0.21,0.81,3,N,50292
2.5,0.21,0.81,4,N,50293
2.5,0.21,0.81,5,N,50294
2.5,0.21,0.91,1,N,50295
2.5,0.21,0.91,2,N,50296
2.5,0.21,0.91,3,N,50297
2.5,0.21,0.91,4,N,50298
2.5,0.21,0.91,5,N,50299
2.5,0.21,1.01,1,N,50300
2.5,0.21,1.01,2,N,50301
2.5,0.21,1.01,3,N,50302
2.5,0.21,1.01,4,N,50303
2.5,0.21,1.01,5,N,50304
2.5,0.21,1.11,1,N,50305
2.5,0.21,1.11,2,N,50306
2.5,0.21,1.11,3,N,50307
2.5,0.21,1.11,4,N,50308
2.5,0.21,1.11,5,N,50309
2.5,0.21,1.3,1,N,50310
2.5,0.21,1.3,2,N,50311
2.5,0.21,1.3,3,N,50312
2.5,0.21,1.3,4,N,50313
2.5,0.21,1.3,5,N,50314
2.5,0.21,1.6,1,N,50315
2.5,0.21,1.6,2,N,50316
2.5,0.21,1.6,3,N,50317
2.5,0.21,1.6,4,N,50318
2.5,0.21,1.6,5,N,50319
2.5,0.21,1.9,1,N,50320
2.5,0.21,1.9,2,N,50321
2.5,0.21,1.9,3,N,50322
2.5,0.21,1.9,4,N,50323
2.5,0.21,1.9,5,N,50324
2.5,0.21,2.2,1,N,50325
2.5,0.21,2.2,2,N,50326
2.5,0.21,2.2,3,N,50327
2.5,0.21,2.2,4,N,50328
2.5,0.21,2.2,5,N,50329
2.5,0.21,2.5,1,N,50330
2.5,0.21,2.5,2,N,50331
2.5,0.21,2.5,3,N,50332
2.5,0.21,2.5,4,N,50333
2.5,0.21,2.5,5,N,50334
2.5,0.21,2.8000000000000003,1,N,50335
2.5,0.21,2.8000000000000003,2,N,50336
2.5,0.21,2.8000000000000003,3,N,50337
2.5,0.21,2.8000000000000003,4,N,50338
2.5,0.21,2.8000000000000003,5,N,50339
2.5,0.21,3.1000000000000005,1,N,50340
2.5,0.21,3.1000000000000005,2,N,50341
2.5,0.21,3.1000000000000005,3,N,50342
2.5,0.21,3.1000000000000005,4,N,50343
2.5,0.21,3.1000000000000005,5,N,50344
2.5,0.21,3.4000000000000004,1,N,50345
2.5,0.21,3.4000000000000004,2,N,50346
2.5,0.21,3.4000000000000004,3,N,50347
2.5,0.21,3.4000000000000004,4,N,50348
2.5,0.21,3.4000000000000004,5,N,50349
2.5,0.21,3.7,1,N,50350
2.5,0.21,3.7,2,N,50351
2.5,0.21,3.7,3,N,50352
2.5,0.21,3.7,4,N,50353
2.5,0.21,3.7,5,N,50354
2.5,0.21,4.0,1,N,50355
2.5,0.21,4.0,2,N,50356
2.5,0.21,4.0,3,N,50357
2.5,0.21,4.0,4,N,50358
2.5,0.21,4.0,5,N,50359
2.5,0.21,4.300000000000002,1,N,50360
2.5,0.21,4.300000000000002,2,N,50361
2.5,0.21,4.300000000000002,3,N,50362
2.5,0.21,4.300000000000002,4,N,50363
2.5,0.21,4.300000000000002,5,N,50364
2.5,0.21,4.6000000000000005,1,N,50365
2.5,0.21,4.6000000000000005,2,N,50366
2.5,0.21,4.6000000000000005,3,N,50367
2.5,0.21,4.6000000000000005,4,N,50368
2.5,0.21,4.6000000000000005,5,N,50369
2.5,0.21,4.9,1,N,50370
2.5,0.21,4.9,2,N,50371
2.5,0.21,4.9,3,N,50372
2.5,0.21,4.9,4,N,50373
2.5,0.21,4.9,5,N,50374
2.5,0.31000000000000005,0.01,1,N,50375
2.5,0.31000000000000005,0.01,2,N,50376
2.5,0.31000000000000005,0.01,3,N,50377
2.5,0.31000000000000005,0.01,4,N,50378
2.5,0.31000000000000005,0.01,5,N,50379
2.5,0.31000000000000005,0.11,1,N,50380
2.5,0.31000000000000005,0.11,2,N,50381
2.5,0.31000000000000005,0.11,3,N,50382
2.5,0.31000000000000005,0.11,4,N,50383
2.5,0.31000000000000005,0.11,5,N,50384
2.5,0.31000000000000005,0.21,1,N,50385
2.5,0.31000000000000005,0.21,2,N,50386
2.5,0.31000000000000005,0.21,3,N,50387
2.5,0.31000000000000005,0.21,4,N,50388
2.5,0.31000000000000005,0.21,5,N,50389
2.5,0.31000000000000005,0.31000000000000005,1,N,50390
2.5,0.31000000000000005,0.31000000000000005,2,N,50391
2.5,0.31000000000000005,0.31000000000000005,3,N,50392
2.5,0.31000000000000005,0.31000000000000005,4,N,50393
2.5,0.31000000000000005,0.31000000000000005,5,N,50394
2.5,0.31000000000000005,0.41,1,N,50395
2.5,0.31000000000000005,0.41,2,N,50396
2.5,0.31000000000000005,0.41,3,N,50397
2.5,0.31000000000000005,0.41,4,N,50398
2.5,0.31000000000000005,0.41,5,N,50399
2.5,0.31000000000000005,0.51,1,N,50400
2.5,0.31000000000000005,0.51,2,N,50401
2.5,0.31000000000000005,0.51,3,N,50402
2.5,0.31000000000000005,0.51,4,N,50403
2.5,0.31000000000000005,0.51,5,N,50404
2.5,0.31000000000000005,0.6100000000000001,1,N,50405
2.5,0.31000000000000005,0.6100000000000001,2,N,50406
2.5,0.31000000000000005,0.6100000000000001,3,N,50407
2.5,0.31000000000000005,0.6100000000000001,4,N,50408
2.5,0.31000000000000005,0.6100000000000001,5,N,50409
2.5,0.31000000000000005,0.7100000000000001,1,N,50410
2.5,0.31000000000000005,0.7100000000000001,2,N,50411
2.5,0.31000000000000005,0.7100000000000001,3,N,50412
2.5,0.31000000000000005,0.7100000000000001,4,N,50413
2.5,0.31000000000000005,0.7100000000000001,5,N,50414
2.5,0.31000000000000005,0.81,1,N,50415
2.5,0.31000000000000005,0.81,2,N,50416
2.5,0.31000000000000005,0.81,3,N,50417
2.5,0.31000000000000005,0.81,4,N,50418
2.5,0.31000000000000005,0.81,5,N,50419
2.5,0.31000000000000005,0.91,1,N,50420
2.5,0.31000000000000005,0.91,2,N,50421
2.5,0.31000000000000005,0.91,3,N,50422
2.5,0.31000000000000005,0.91,4,N,50423
2.5,0.31000000000000005,0.91,5,N,50424
2.5,0.31000000000000005,1.01,1,N,50425
2.5,0.31000000000000005,1.01,2,N,50426
2.5,0.31000000000000005,1.01,3,N,50427
2.5,0.31000000000000005,1.01,4,N,50428
2.5,0.31000000000000005,1.01,5,N,50429
2.5,0.31000000000000005,1.11,1,N,50430
2.5,0.31000000000000005,1.11,2,N,50431
2.5,0.31000000000000005,1.11,3,N,50432
2.5,0.31000000000000005,1.11,4,N,50433
2.5,0.31000000000000005,1.11,5,N,50434
2.5,0.31000000000000005,1.3,1,N,50435
2.5,0.31000000000000005,1.3,2,N,50436
2.5,0.31000000000000005,1.3,3,N,50437
2.5,0.31000000000000005,1.3,4,N,50438
2.5,0.31000000000000005,1.3,5,N,50439
2.5,0.31000000000000005,1.6,1,N,50440
2.5,0.31000000000000005,1.6,2,N,50441
2.5,0.31000000000000005,1.6,3,N,50442
2.5,0.31000000000000005,1.6,4,N,50443
2.5,0.31000000000000005,1.6,5,N,50444
2.5,0.31000000000000005,1.9,1,N,50445
2.5,0.31000000000000005,1.9,2,N,50446
2.5,0.31000000000000005,1.9,3,N,50447
2.5,0.31000000000000005,1.9,4,N,50448
2.5,0.31000000000000005,1.9,5,N,50449
2.5,0.31000000000000005,2.2,1,N,50450
2.5,0.31000000000000005,2.2,2,N,50451
2.5,0.31000000000000005,2.2,3,N,50452
2.5,0.31000000000000005,2.2,4,N,50453
2.5,0.31000000000000005,2.2,5,N,50454
2.5,0.31000000000000005,2.5,1,N,50455
2.5,0.31000000000000005,2.5,2,N,50456
2.5,0.31000000000000005,2.5,3,N,50457
2.5,0.31000000000000005,2.5,4,N,50458
2.5,0.31000000000000005,2.5,5,N,50459
2.5,0.31000000000000005,2.8000000000000003,1,N,50460
2.5,0.31000000000000005,2.8000000000000003,2,N,50461
2.5,0.31000000000000005,2.8000000000000003,3,N,50462
2.5,0.31000000000000005,2.8000000000000003,4,N,50463
2.5,0.31000000000000005,2.8000000000000003,5,N,50464
2.5,0.31000000000000005,3.1000000000000005,1,N,50465
2.5,0.31000000000000005,3.1000000000000005,2,N,50466
2.5,0.31000000000000005,3.1000000000000005,3,N,50467
2.5,0.31000000000000005,3.1000000000000005,4,N,50468
2.5,0.31000000000000005,3.1000000000000005,5,N,50469
2.5,0.31000000000000005,3.4000000000000004,1,N,50470
2.5,0.31000000000000005,3.4000000000000004,2,N,50471
2.5,0.31000000000000005,3.4000000000000004,3,N,50472
2.5,0.31000000000000005,3.4000000000000004,4,N,50473
2.5,0.31000000000000005,3.4000000000000004,5,N,50474
2.5,0.31000000000000005,3.7,1,N,50475
2.5,0.31000000000000005,3.7,2,N,50476
2.5,0.31000000000000005,3.7,3,N,50477
2.5,0.31000000000000005,3.7,4,N,50478
2.5,0.31000000000000005,3.7,5,N,50479
2.5,0.31000000000000005,4.0,1,N,50480
2.5,0.31000000000000005,4.0,2,N,50481
2.5,0.31000000000000005,4.0,3,N,50482
2.5,0.31000000000000005,4.0,4,N,50483
2.5,0.31000000000000005,4.0,5,N,50484
2.5,0.31000000000000005,4.300000000000002,1,N,50485
2.5,0.31000000000000005,4.300000000000002,2,N,50486
2.5,0.31000000000000005,4.300000000000002,3,N,50487
2.5,0.31000000000000005,4.300000000000002,4,N,50488
2.5,0.31000000000000005,4.300000000000002,5,N,50489
2.5,0.31000000000000005,4.6000000000000005,1,N,50490
2.5,0.31000000000000005,4.6000000000000005,2,N,50491
2.5,0.31000000000000005,4.6000000000000005,3,N,50492
2.5,0.31000000000000005,4.6000000000000005,4,N,50493
2.5,0.31000000000000005,4.6000000000000005,5,N,50494
2.5,0.31000000000000005,4.9,1,N,50495
2.5,0.31000000000000005,4.9,2,N,50496
2.5,0.31000000000000005,4.9,3,N,50497
2.5,0.31000000000000005,4.9,4,N,50498
2.5,0.31000000000000005,4.9,5,N,50499
2.5,0.41,0.01,1,N,50500
2.5,0.41,0.01,2,N,50501
2.5,0.41,0.01,3,N,50502
2.5,0.41,0.01,4,N,50503
2.5,0.41,0.01,5,N,50504
2.5,0.41,0.11,1,N,50505
2.5,0.41,0.11,2,N,50506
2.5,0.41,0.11,3,N,50507
2.5,0.41,0.11,4,N,50508
2.5,0.41,0.11,5,N,50509
2.5,0.41,0.21,1,N,50510
2.5,0.41,0.21,2,N,50511
2.5,0.41,0.21,3,N,50512
2.5,0.41,0.21,4,N,50513
2.5,0.41,0.21,5,N,50514
2.5,0.41,0.31000000000000005,1,N,50515
2.5,0.41,0.31000000000000005,2,N,50516
2.5,0.41,0.31000000000000005,3,N,50517
2.5,0.41,0.31000000000000005,4,N,50518
2.5,0.41,0.31000000000000005,5,N,50519
2.5,0.41,0.41,1,N,50520
2.5,0.41,0.41,2,N,50521
2.5,0.41,0.41,3,N,50522
2.5,0.41,0.41,4,N,50523
2.5,0.41,0.41,5,N,50524
2.5,0.41,0.51,1,N,50525
2.5,0.41,0.51,2,N,50526
2.5,0.41,0.51,3,N,50527
2.5,0.41,0.51,4,N,50528
2.5,0.41,0.51,5,N,50529
2.5,0.41,0.6100000000000001,1,N,50530
2.5,0.41,0.6100000000000001,2,N,50531
2.5,0.41,0.6100000000000001,3,N,50532
2.5,0.41,0.6100000000000001,4,N,50533
2.5,0.41,0.6100000000000001,5,N,50534
2.5,0.41,0.7100000000000001,1,N,50535
2.5,0.41,0.7100000000000001,2,N,50536
2.5,0.41,0.7100000000000001,3,N,50537
2.5,0.41,0.7100000000000001,4,N,50538
2.5,0.41,0.7100000000000001,5,N,50539
2.5,0.41,0.81,1,N,50540
2.5,0.41,0.81,2,N,50541
2.5,0.41,0.81,3,N,50542
2.5,0.41,0.81,4,N,50543
2.5,0.41,0.81,5,N,50544
2.5,0.41,0.91,1,N,50545
2.5,0.41,0.91,2,N,50546
2.5,0.41,0.91,3,N,50547
2.5,0.41,0.91,4,N,50548
2.5,0.41,0.91,5,N,50549
2.5,0.41,1.01,1,N,50550
2.5,0.41,1.01,2,N,50551
2.5,0.41,1.01,3,N,50552
2.5,0.41,1.01,4,N,50553
2.5,0.41,1.01,5,N,50554
2.5,0.41,1.11,1,N,50555
2.5,0.41,1.11,2,N,50556
2.5,0.41,1.11,3,N,50557
2.5,0.41,1.11,4,N,50558
2.5,0.41,1.11,5,N,50559
2.5,0.41,1.3,1,N,50560
2.5,0.41,1.3,2,N,50561
2.5,0.41,1.3,3,N,50562
2.5,0.41,1.3,4,N,50563
2.5,0.41,1.3,5,N,50564
2.5,0.41,1.6,1,N,50565
2.5,0.41,1.6,2,N,50566
2.5,0.41,1.6,3,N,50567
2.5,0.41,1.6,4,N,50568
2.5,0.41,1.6,5,N,50569
2.5,0.41,1.9,1,N,50570
2.5,0.41,1.9,2,N,50571
2.5,0.41,1.9,3,N,50572
2.5,0.41,1.9,4,N,50573
2.5,0.41,1.9,5,N,50574
2.5,0.41,2.2,1,N,50575
2.5,0.41,2.2,2,N,50576
2.5,0.41,2.2,3,N,50577
2.5,0.41,2.2,4,N,50578
2.5,0.41,2.2,5,N,50579
2.5,0.41,2.5,1,N,50580
2.5,0.41,2.5,2,N,50581
2.5,0.41,2.5,3,N,50582
2.5,0.41,2.5,4,N,50583
2.5,0.41,2.5,5,N,50584
2.5,0.41,2.8000000000000003,1,N,50585
2.5,0.41,2.8000000000000003,2,N,50586
2.5,0.41,2.8000000000000003,3,N,50587
2.5,0.41,2.8000000000000003,4,N,50588
2.5,0.41,2.8000000000000003,5,N,50589
2.5,0.41,3.1000000000000005,1,N,50590
2.5,0.41,3.1000000000000005,2,N,50591
2.5,0.41,3.1000000000000005,3,N,50592
2.5,0.41,3.1000000000000005,4,N,50593
2.5,0.41,3.1000000000000005,5,N,50594
2.5,0.41,3.4000000000000004,1,N,50595
2.5,0.41,3.4000000000000004,2,N,50596
2.5,0.41,3.4000000000000004,3,N,50597
2.5,0.41,3.4000000000000004,4,N,50598
2.5,0.41,3.4000000000000004,5,N,50599
2.5,0.41,3.7,1,N,50600
2.5,0.41,3.7,2,N,50601
2.5,0.41,3.7,3,N,50602
2.5,0.41,3.7,4,N,50603
2.5,0.41,3.7,5,N,50604
2.5,0.41,4.0,1,N,50605
2.5,0.41,4.0,2,N,50606
2.5,0.41,4.0,3,N,50607
2.5,0.41,4.0,4,N,50608
2.5,0.41,4.0,5,N,50609
2.5,0.41,4.300000000000002,1,N,50610
2.5,0.41,4.300000000000002,2,N,50611
2.5,0.41,4.300000000000002,3,N,50612
2.5,0.41,4.300000000000002,4,N,50613
2.5,0.41,4.300000000000002,5,N,50614
2.5,0.41,4.6000000000000005,1,N,50615
2.5,0.41,4.6000000000000005,2,N,50616
2.5,0.41,4.6000000000000005,3,N,50617
2.5,0.41,4.6000000000000005,4,N,50618
2.5,0.41,4.6000000000000005,5,N,50619
2.5,0.41,4.9,1,N,50620
2.5,0.41,4.9,2,N,50621
2.5,0.41,4.9,3,N,50622
2.5,0.41,4.9,4,N,50623
2.5,0.41,4.9,5,N,50624
2.5,0.51,0.01,1,N,50625
2.5,0.51,0.01,2,N,50626
2.5,0.51,0.01,3,N,50627
2.5,0.51,0.01,4,N,50628
2.5,0.51,0.01,5,N,50629
2.5,0.51,0.11,1,N,50630
2.5,0.51,0.11,2,N,50631
2.5,0.51,0.11,3,N,50632
2.5,0.51,0.11,4,N,50633
2.5,0.51,0.11,5,N,50634
2.5,0.51,0.21,1,N,50635
2.5,0.51,0.21,2,N,50636
2.5,0.51,0.21,3,N,50637
2.5,0.51,0.21,4,N,50638
2.5,0.51,0.21,5,N,50639
2.5,0.51,0.31000000000000005,1,N,50640
2.5,0.51,0.31000000000000005,2,N,50641
2.5,0.51,0.31000000000000005,3,N,50642
2.5,0.51,0.31000000000000005,4,N,50643
2.5,0.51,0.31000000000000005,5,N,50644
2.5,0.51,0.41,1,N,50645
2.5,0.51,0.41,2,N,50646
2.5,0.51,0.41,3,N,50647
2.5,0.51,0.41,4,N,50648
2.5,0.51,0.41,5,N,50649
2.5,0.51,0.51,1,N,50650
2.5,0.51,0.51,2,N,50651
2.5,0.51,0.51,3,N,50652
2.5,0.51,0.51,4,N,50653
2.5,0.51,0.51,5,N,50654
2.5,0.51,0.6100000000000001,1,N,50655
2.5,0.51,0.6100000000000001,2,N,50656
2.5,0.51,0.6100000000000001,3,N,50657
2.5,0.51,0.6100000000000001,4,N,50658
2.5,0.51,0.6100000000000001,5,N,50659
2.5,0.51,0.7100000000000001,1,N,50660
2.5,0.51,0.7100000000000001,2,N,50661
2.5,0.51,0.7100000000000001,3,N,50662
2.5,0.51,0.7100000000000001,4,N,50663
2.5,0.51,0.7100000000000001,5,N,50664
2.5,0.51,0.81,1,N,50665
2.5,0.51,0.81,2,N,50666
2.5,0.51,0.81,3,N,50667
2.5,0.51,0.81,4,N,50668
2.5,0.51,0.81,5,N,50669
2.5,0.51,0.91,1,N,50670
2.5,0.51,0.91,2,N,50671
2.5,0.51,0.91,3,N,50672
2.5,0.51,0.91,4,N,50673
2.5,0.51,0.91,5,N,50674
2.5,0.51,1.01,1,N,50675
2.5,0.51,1.01,2,N,50676
2.5,0.51,1.01,3,N,50677
2.5,0.51,1.01,4,N,50678
2.5,0.51,1.01,5,N,50679
2.5,0.51,1.11,1,N,50680
2.5,0.51,1.11,2,N,50681
2.5,0.51,1.11,3,N,50682
2.5,0.51,1.11,4,N,50683
2.5,0.51,1.11,5,N,50684
2.5,0.51,1.3,1,N,50685
2.5,0.51,1.3,2,N,50686
2.5,0.51,1.3,3,N,50687
2.5,0.51,1.3,4,N,50688
2.5,0.51,1.3,5,N,50689
2.5,0.51,1.6,1,N,50690
2.5,0.51,1.6,2,N,50691
2.5,0.51,1.6,3,N,50692
2.5,0.51,1.6,4,N,50693
2.5,0.51,1.6,5,N,50694
2.5,0.51,1.9,1,N,50695
2.5,0.51,1.9,2,N,50696
2.5,0.51,1.9,3,N,50697
2.5,0.51,1.9,4,N,50698
2.5,0.51,1.9,5,N,50699
2.5,0.51,2.2,1,N,50700
2.5,0.51,2.2,2,N,50701
2.5,0.51,2.2,3,N,50702
2.5,0.51,2.2,4,N,50703
2.5,0.51,2.2,5,N,50704
2.5,0.51,2.5,1,N,50705
2.5,0.51,2.5,2,N,50706
2.5,0.51,2.5,3,N,50707
2.5,0.51,2.5,4,N,50708
2.5,0.51,2.5,5,N,50709
2.5,0.51,2.8000000000000003,1,N,50710
2.5,0.51,2.8000000000000003,2,N,50711
2.5,0.51,2.8000000000000003,3,N,50712
2.5,0.51,2.8000000000000003,4,N,50713
2.5,0.51,2.8000000000000003,5,N,50714
2.5,0.51,3.1000000000000005,1,N,50715
2.5,0.51,3.1000000000000005,2,N,50716
2.5,0.51,3.1000000000000005,3,N,50717
2.5,0.51,3.1000000000000005,4,N,50718
2.5,0.51,3.1000000000000005,5,N,50719
2.5,0.51,3.4000000000000004,1,N,50720
2.5,0.51,3.4000000000000004,2,N,50721
2.5,0.51,3.4000000000000004,3,N,50722
2.5,0.51,3.4000000000000004,4,N,50723
2.5,0.51,3.4000000000000004,5,N,50724
2.5,0.51,3.7,1,N,50725
2.5,0.51,3.7,2,N,50726
2.5,0.51,3.7,3,N,50727
2.5,0.51,3.7,4,N,50728
2.5,0.51,3.7,5,N,50729
2.5,0.51,4.0,1,N,50730
2.5,0.51,4.0,2,N,50731
2.5,0.51,4.0,3,N,50732
2.5,0.51,4.0,4,N,50733
2.5,0.51,4.0,5,N,50734
2.5,0.51,4.300000000000002,1,N,50735
2.5,0.51,4.300000000000002,2,N,50736
2.5,0.51,4.300000000000002,3,N,50737
2.5,0.51,4.300000000000002,4,N,50738
2.5,0.51,4.300000000000002,5,N,50739
2.5,0.51,4.6000000000000005,1,N,50740
2.5,0.51,4.6000000000000005,2,N,50741
2.5,0.51,4.6000000000000005,3,N,50742
2.5,0.51,4.6000000000000005,4,N,50743
2.5,0.51,4.6000000000000005,5,N,50744
2.5,0.51,4.9,1,N,50745
2.5,0.51,4.9,2,N,50746
2.5,0.51,4.9,3,N,50747
2.5,0.51,4.9,4,N,50748
2.5,0.51,4.9,5,N,50749
2.5,0.6100000000000001,0.01,1,N,50750
2.5,0.6100000000000001,0.01,2,N,50751
2.5,0.6100000000000001,0.01,3,N,50752
2.5,0.6100000000000001,0.01,4,N,50753
2.5,0.6100000000000001,0.01,5,N,50754
2.5,0.6100000000000001,0.11,1,N,50755
2.5,0.6100000000000001,0.11,2,N,50756
2.5,0.6100000000000001,0.11,3,N,50757
2.5,0.6100000000000001,0.11,4,N,50758
2.5,0.6100000000000001,0.11,5,N,50759
2.5,0.6100000000000001,0.21,1,N,50760
2.5,0.6100000000000001,0.21,2,N,50761
2.5,0.6100000000000001,0.21,3,N,50762
2.5,0.6100000000000001,0.21,4,N,50763
2.5,0.6100000000000001,0.21,5,N,50764
2.5,0.6100000000000001,0.31000000000000005,1,N,50765
2.5,0.6100000000000001,0.31000000000000005,2,N,50766
2.5,0.6100000000000001,0.31000000000000005,3,N,50767
2.5,0.6100000000000001,0.31000000000000005,4,N,50768
2.5,0.6100000000000001,0.31000000000000005,5,N,50769
2.5,0.6100000000000001,0.41,1,N,50770
2.5,0.6100000000000001,0.41,2,N,50771
2.5,0.6100000000000001,0.41,3,N,50772
2.5,0.6100000000000001,0.41,4,N,50773
2.5,0.6100000000000001,0.41,5,N,50774
2.5,0.6100000000000001,0.51,1,N,50775
2.5,0.6100000000000001,0.51,2,N,50776
2.5,0.6100000000000001,0.51,3,N,50777
2.5,0.6100000000000001,0.51,4,N,50778
2.5,0.6100000000000001,0.51,5,N,50779
2.5,0.6100000000000001,0.6100000000000001,1,N,50780
2.5,0.6100000000000001,0.6100000000000001,2,N,50781
2.5,0.6100000000000001,0.6100000000000001,3,N,50782
2.5,0.6100000000000001,0.6100000000000001,4,N,50783
2.5,0.6100000000000001,0.6100000000000001,5,N,50784
2.5,0.6100000000000001,0.7100000000000001,1,N,50785
2.5,0.6100000000000001,0.7100000000000001,2,N,50786
2.5,0.6100000000000001,0.7100000000000001,3,N,50787
2.5,0.6100000000000001,0.7100000000000001,4,N,50788
2.5,0.6100000000000001,0.7100000000000001,5,N,50789
2.5,0.6100000000000001,0.81,1,N,50790
2.5,0.6100000000000001,0.81,2,N,50791
2.5,0.6100000000000001,0.81,3,N,50792
2.5,0.6100000000000001,0.81,4,N,50793
2.5,0.6100000000000001,0.81,5,N,50794
2.5,0.6100000000000001,0.91,1,N,50795
2.5,0.6100000000000001,0.91,2,N,50796
2.5,0.6100000000000001,0.91,3,N,50797
2.5,0.6100000000000001,0.91,4,N,50798
2.5,0.6100000000000001,0.91,5,N,50799
2.5,0.6100000000000001,1.01,1,N,50800
2.5,0.6100000000000001,1.01,2,N,50801
2.5,0.6100000000000001,1.01,3,N,50802
2.5,0.6100000000000001,1.01,4,N,50803
2.5,0.6100000000000001,1.01,5,N,50804
2.5,0.6100000000000001,1.11,1,N,50805
2.5,0.6100000000000001,1.11,2,N,50806
2.5,0.6100000000000001,1.11,3,N,50807
2.5,0.6100000000000001,1.11,4,N,50808
2.5,0.6100000000000001,1.11,5,N,50809
2.5,0.6100000000000001,1.3,1,N,50810
2.5,0.6100000000000001,1.3,2,N,50811
2.5,0.6100000000000001,1.3,3,N,50812
2.5,0.6100000000000001,1.3,4,N,50813
2.5,0.6100000000000001,1.3,5,N,50814
2.5,0.6100000000000001,1.6,1,N,50815
2.5,0.6100000000000001,1.6,2,N,50816
2.5,0.6100000000000001,1.6,3,N,50817
2.5,0.6100000000000001,1.6,4,N,50818
2.5,0.6100000000000001,1.6,5,N,50819
2.5,0.6100000000000001,1.9,1,N,50820
2.5,0.6100000000000001,1.9,2,N,50821
2.5,0.6100000000000001,1.9,3,N,50822
2.5,0.6100000000000001,1.9,4,N,50823
2.5,0.6100000000000001,1.9,5,N,50824
2.5,0.6100000000000001,2.2,1,N,50825
2.5,0.6100000000000001,2.2,2,N,50826
2.5,0.6100000000000001,2.2,3,N,50827
2.5,0.6100000000000001,2.2,4,N,50828
2.5,0.6100000000000001,2.2,5,N,50829
2.5,0.6100000000000001,2.5,1,N,50830
2.5,0.6100000000000001,2.5,2,N,50831
2.5,0.6100000000000001,2.5,3,N,50832
2.5,0.6100000000000001,2.5,4,N,50833
2.5,0.6100000000000001,2.5,5,N,50834
2.5,0.6100000000000001,2.8000000000000003,1,N,50835
2.5,0.6100000000000001,2.8000000000000003,2,N,50836
2.5,0.6100000000000001,2.8000000000000003,3,N,50837
2.5,0.6100000000000001,2.8000000000000003,4,N,50838
2.5,0.6100000000000001,2.8000000000000003,5,N,50839
2.5,0.6100000000000001,3.1000000000000005,1,N,50840
2.5,0.6100000000000001,3.1000000000000005,2,N,50841
2.5,0.6100000000000001,3.1000000000000005,3,N,50842
2.5,0.6100000000000001,3.1000000000000005,4,N,50843
2.5,0.6100000000000001,3.1000000000000005,5,N,50844
2.5,0.6100000000000001,3.4000000000000004,1,N,50845
2.5,0.6100000000000001,3.4000000000000004,2,N,50846
2.5,0.6100000000000001,3.4000000000000004,3,N,50847
2.5,0.6100000000000001,3.4000000000000004,4,N,50848
2.5,0.6100000000000001,3.4000000000000004,5,N,50849
2.5,0.6100000000000001,3.7,1,N,50850
2.5,0.6100000000000001,3.7,2,N,50851
2.5,0.6100000000000001,3.7,3,N,50852
2.5,0.6100000000000001,3.7,4,N,50853
2.5,0.6100000000000001,3.7,5,N,50854
2.5,0.6100000000000001,4.0,1,N,50855
2.5,0.6100000000000001,4.0,2,N,50856
2.5,0.6100000000000001,4.0,3,N,50857
2.5,0.6100000000000001,4.0,4,N,50858
2.5,0.6100000000000001,4.0,5,N,50859
2.5,0.6100000000000001,4.300000000000002,1,N,50860
2.5,0.6100000000000001,4.300000000000002,2,N,50861
2.5,0.6100000000000001,4.300000000000002,3,N,50862
2.5,0.6100000000000001,4.300000000000002,4,N,50863
2.5,0.6100000000000001,4.300000000000002,5,N,50864
2.5,0.6100000000000001,4.6000000000000005,1,N,50865
2.5,0.6100000000000001,4.6000000000000005,2,N,50866
2.5,0.6100000000000001,4.6000000000000005,3,N,50867
2.5,0.6100000000000001,4.6000000000000005,4,N,50868
2.5,0.6100000000000001,4.6000000000000005,5,N,50869
2.5,0.6100000000000001,4.9,1,N,50870
2.5,0.6100000000000001,4.9,2,N,50871
2.5,0.6100000000000001,4.9,3,N,50872
2.5,0.6100000000000001,4.9,4,N,50873
2.5,0.6100000000000001,4.9,5,N,50874
2.5,0.7100000000000001,0.01,1,N,50875
2.5,0.7100000000000001,0.01,2,N,50876
2.5,0.7100000000000001,0.01,3,N,50877
2.5,0.7100000000000001,0.01,4,N,50878
2.5,0.7100000000000001,0.01,5,N,50879
2.5,0.7100000000000001,0.11,1,N,50880
2.5,0.7100000000000001,0.11,2,N,50881
2.5,0.7100000000000001,0.11,3,N,50882
2.5,0.7100000000000001,0.11,4,N,50883
2.5,0.7100000000000001,0.11,5,N,50884
2.5,0.7100000000000001,0.21,1,N,50885
2.5,0.7100000000000001,0.21,2,N,50886
2.5,0.7100000000000001,0.21,3,N,50887
2.5,0.7100000000000001,0.21,4,N,50888
2.5,0.7100000000000001,0.21,5,N,50889
2.5,0.7100000000000001,0.31000000000000005,1,N,50890
2.5,0.7100000000000001,0.31000000000000005,2,N,50891
2.5,0.7100000000000001,0.31000000000000005,3,N,50892
2.5,0.7100000000000001,0.31000000000000005,4,N,50893
2.5,0.7100000000000001,0.31000000000000005,5,N,50894
2.5,0.7100000000000001,0.41,1,N,50895
2.5,0.7100000000000001,0.41,2,N,50896
2.5,0.7100000000000001,0.41,3,N,50897
2.5,0.7100000000000001,0.41,4,N,50898
2.5,0.7100000000000001,0.41,5,N,50899
2.5,0.7100000000000001,0.51,1,N,50900
2.5,0.7100000000000001,0.51,2,N,50901
2.5,0.7100000000000001,0.51,3,N,50902
2.5,0.7100000000000001,0.51,4,N,50903
2.5,0.7100000000000001,0.51,5,N,50904
2.5,0.7100000000000001,0.6100000000000001,1,N,50905
2.5,0.7100000000000001,0.6100000000000001,2,N,50906
2.5,0.7100000000000001,0.6100000000000001,3,N,50907
2.5,0.7100000000000001,0.6100000000000001,4,N,50908
2.5,0.7100000000000001,0.6100000000000001,5,N,50909
2.5,0.7100000000000001,0.7100000000000001,1,N,50910
2.5,0.7100000000000001,0.7100000000000001,2,N,50911
2.5,0.7100000000000001,0.7100000000000001,3,N,50912
2.5,0.7100000000000001,0.7100000000000001,4,N,50913
2.5,0.7100000000000001,0.7100000000000001,5,N,50914
2.5,0.7100000000000001,0.81,1,N,50915
2.5,0.7100000000000001,0.81,2,N,50916
2.5,0.7100000000000001,0.81,3,N,50917
2.5,0.7100000000000001,0.81,4,N,50918
2.5,0.7100000000000001,0.81,5,N,50919
2.5,0.7100000000000001,0.91,1,N,50920
2.5,0.7100000000000001,0.91,2,N,50921
2.5,0.7100000000000001,0.91,3,N,50922
2.5,0.7100000000000001,0.91,4,N,50923
2.5,0.7100000000000001,0.91,5,N,50924
2.5,0.7100000000000001,1.01,1,N,50925
2.5,0.7100000000000001,1.01,2,N,50926
2.5,0.7100000000000001,1.01,3,N,50927
2.5,0.7100000000000001,1.01,4,N,50928
2.5,0.7100000000000001,1.01,5,N,50929
2.5,0.7100000000000001,1.11,1,N,50930
2.5,0.7100000000000001,1.11,2,N,50931
2.5,0.7100000000000001,1.11,3,N,50932
2.5,0.7100000000000001,1.11,4,N,50933
2.5,0.7100000000000001,1.11,5,N,50934
2.5,0.7100000000000001,1.3,1,N,50935
2.5,0.7100000000000001,1.3,2,N,50936
2.5,0.7100000000000001,1.3,3,N,50937
2.5,0.7100000000000001,1.3,4,N,50938
2.5,0.7100000000000001,1.3,5,N,50939
2.5,0.7100000000000001,1.6,1,N,50940
2.5,0.7100000000000001,1.6,2,N,50941
2.5,0.7100000000000001,1.6,3,N,50942
2.5,0.7100000000000001,1.6,4,N,50943
2.5,0.7100000000000001,1.6,5,N,50944
2.5,0.7100000000000001,1.9,1,N,50945
2.5,0.7100000000000001,1.9,2,N,50946
2.5,0.7100000000000001,1.9,3,N,50947
2.5,0.7100000000000001,1.9,4,N,50948
2.5,0.7100000000000001,1.9,5,N,50949
2.5,0.7100000000000001,2.2,1,N,50950
2.5,0.7100000000000001,2.2,2,N,50951
2.5,0.7100000000000001,2.2,3,N,50952
2.5,0.7100000000000001,2.2,4,N,50953
2.5,0.7100000000000001,2.2,5,N,50954
2.5,0.7100000000000001,2.5,1,N,50955
2.5,0.7100000000000001,2.5,2,N,50956
2.5,0.7100000000000001,2.5,3,N,50957
2.5,0.7100000000000001,2.5,4,N,50958
2.5,0.7100000000000001,2.5,5,N,50959
2.5,0.7100000000000001,2.8000000000000003,1,N,50960
2.5,0.7100000000000001,2.8000000000000003,2,N,50961
2.5,0.7100000000000001,2.8000000000000003,3,N,50962
2.5,0.7100000000000001,2.8000000000000003,4,N,50963
2.5,0.7100000000000001,2.8000000000000003,5,N,50964
2.5,0.7100000000000001,3.1000000000000005,1,N,50965
2.5,0.7100000000000001,3.1000000000000005,2,N,50966
2.5,0.7100000000000001,3.1000000000000005,3,N,50967
2.5,0.7100000000000001,3.1000000000000005,4,N,50968
2.5,0.7100000000000001,3.1000000000000005,5,N,50969
2.5,0.7100000000000001,3.4000000000000004,1,N,50970
2.5,0.7100000000000001,3.4000000000000004,2,N,50971
2.5,0.7100000000000001,3.4000000000000004,3,N,50972
2.5,0.7100000000000001,3.4000000000000004,4,N,50973
2.5,0.7100000000000001,3.4000000000000004,5,N,50974
2.5,0.7100000000000001,3.7,1,N,50975
2.5,0.7100000000000001,3.7,2,N,50976
2.5,0.7100000000000001,3.7,3,N,50977
2.5,0.7100000000000001,3.7,4,N,50978
2.5,0.7100000000000001,3.7,5,N,50979
2.5,0.7100000000000001,4.0,1,N,50980
2.5,0.7100000000000001,4.0,2,N,50981
2.5,0.7100000000000001,4.0,3,N,50982
2.5,0.7100000000000001,4.0,4,N,50983
2.5,0.7100000000000001,4.0,5,N,50984
2.5,0.7100000000000001,4.300000000000002,1,N,50985
2.5,0.7100000000000001,4.300000000000002,2,N,50986
2.5,0.7100000000000001,4.300000000000002,3,N,50987
2.5,0.7100000000000001,4.300000000000002,4,N,50988
2.5,0.7100000000000001,4.300000000000002,5,N,50989
2.5,0.7100000000000001,4.6000000000000005,1,N,50990
2.5,0.7100000000000001,4.6000000000000005,2,N,50991
2.5,0.7100000000000001,4.6000000000000005,3,N,50992
2.5,0.7100000000000001,4.6000000000000005,4,N,50993
2.5,0.7100000000000001,4.6000000000000005,5,N,50994
2.5,0.7100000000000001,4.9,1,N,50995
2.5,0.7100000000000001,4.9,2,N,50996
2.5,0.7100000000000001,4.9,3,N,50997
2.5,0.7100000000000001,4.9,4,N,50998
2.5,0.7100000000000001,4.9,5,N,50999
2.5,0.81,0.01,1,N,51000
2.5,0.81,0.01,2,N,51001
2.5,0.81,0.01,3,N,51002
2.5,0.81,0.01,4,N,51003
2.5,0.81,0.01,5,N,51004
2.5,0.81,0.11,1,N,51005
2.5,0.81,0.11,2,N,51006
2.5,0.81,0.11,3,N,51007
2.5,0.81,0.11,4,N,51008
2.5,0.81,0.11,5,N,51009
2.5,0.81,0.21,1,N,51010
2.5,0.81,0.21,2,N,51011
2.5,0.81,0.21,3,N,51012
2.5,0.81,0.21,4,N,51013
2.5,0.81,0.21,5,N,51014
2.5,0.81,0.31000000000000005,1,N,51015
2.5,0.81,0.31000000000000005,2,N,51016
2.5,0.81,0.31000000000000005,3,N,51017
2.5,0.81,0.31000000000000005,4,N,51018
2.5,0.81,0.31000000000000005,5,N,51019
2.5,0.81,0.41,1,N,51020
2.5,0.81,0.41,2,N,51021
2.5,0.81,0.41,3,N,51022
2.5,0.81,0.41,4,N,51023
2.5,0.81,0.41,5,N,51024
2.5,0.81,0.51,1,N,51025
2.5,0.81,0.51,2,N,51026
2.5,0.81,0.51,3,N,51027
2.5,0.81,0.51,4,N,51028
2.5,0.81,0.51,5,N,51029
2.5,0.81,0.6100000000000001,1,N,51030
2.5,0.81,0.6100000000000001,2,N,51031
2.5,0.81,0.6100000000000001,3,N,51032
2.5,0.81,0.6100000000000001,4,N,51033
2.5,0.81,0.6100000000000001,5,N,51034
2.5,0.81,0.7100000000000001,1,N,51035
2.5,0.81,0.7100000000000001,2,N,51036
2.5,0.81,0.7100000000000001,3,N,51037
2.5,0.81,0.7100000000000001,4,N,51038
2.5,0.81,0.7100000000000001,5,N,51039
2.5,0.81,0.81,1,N,51040
2.5,0.81,0.81,2,N,51041
2.5,0.81,0.81,3,N,51042
2.5,0.81,0.81,4,N,51043
2.5,0.81,0.81,5,N,51044
2.5,0.81,0.91,1,N,51045
2.5,0.81,0.91,2,N,51046
2.5,0.81,0.91,3,N,51047
2.5,0.81,0.91,4,N,51048
2.5,0.81,0.91,5,N,51049
2.5,0.81,1.01,1,N,51050
2.5,0.81,1.01,2,N,51051
2.5,0.81,1.01,3,N,51052
2.5,0.81,1.01,4,N,51053
2.5,0.81,1.01,5,N,51054
2.5,0.81,1.11,1,N,51055
2.5,0.81,1.11,2,N,51056
2.5,0.81,1.11,3,N,51057
2.5,0.81,1.11,4,N,51058
2.5,0.81,1.11,5,N,51059
2.5,0.81,1.3,1,N,51060
2.5,0.81,1.3,2,N,51061
2.5,0.81,1.3,3,N,51062
2.5,0.81,1.3,4,N,51063
2.5,0.81,1.3,5,N,51064
2.5,0.81,1.6,1,N,51065
2.5,0.81,1.6,2,N,51066
2.5,0.81,1.6,3,N,51067
2.5,0.81,1.6,4,N,51068
2.5,0.81,1.6,5,N,51069
2.5,0.81,1.9,1,N,51070
2.5,0.81,1.9,2,N,51071
2.5,0.81,1.9,3,N,51072
2.5,0.81,1.9,4,N,51073
2.5,0.81,1.9,5,N,51074
2.5,0.81,2.2,1,N,51075
2.5,0.81,2.2,2,N,51076
2.5,0.81,2.2,3,N,51077
2.5,0.81,2.2,4,N,51078
2.5,0.81,2.2,5,N,51079
2.5,0.81,2.5,1,N,51080
2.5,0.81,2.5,2,N,51081
2.5,0.81,2.5,3,N,51082
2.5,0.81,2.5,4,N,51083
2.5,0.81,2.5,5,N,51084
2.5,0.81,2.8000000000000003,1,N,51085
2.5,0.81,2.8000000000000003,2,N,51086
2.5,0.81,2.8000000000000003,3,N,51087
2.5,0.81,2.8000000000000003,4,N,51088
2.5,0.81,2.8000000000000003,5,N,51089
2.5,0.81,3.1000000000000005,1,N,51090
2.5,0.81,3.1000000000000005,2,N,51091
2.5,0.81,3.1000000000000005,3,N,51092
2.5,0.81,3.1000000000000005,4,N,51093
2.5,0.81,3.1000000000000005,5,N,51094
2.5,0.81,3.4000000000000004,1,N,51095
2.5,0.81,3.4000000000000004,2,N,51096
2.5,0.81,3.4000000000000004,3,N,51097
2.5,0.81,3.4000000000000004,4,N,51098
2.5,0.81,3.4000000000000004,5,N,51099
2.5,0.81,3.7,1,N,51100
2.5,0.81,3.7,2,N,51101
2.5,0.81,3.7,3,N,51102
2.5,0.81,3.7,4,N,51103
2.5,0.81,3.7,5,N,51104
2.5,0.81,4.0,1,N,51105
2.5,0.81,4.0,2,N,51106
2.5,0.81,4.0,3,N,51107
2.5,0.81,4.0,4,N,51108
2.5,0.81,4.0,5,N,51109
2.5,0.81,4.300000000000002,1,N,51110
2.5,0.81,4.300000000000002,2,N,51111
2.5,0.81,4.300000000000002,3,N,51112
2.5,0.81,4.300000000000002,4,N,51113
2.5,0.81,4.300000000000002,5,N,51114
2.5,0.81,4.6000000000000005,1,N,51115
2.5,0.81,4.6000000000000005,2,N,51116
2.5,0.81,4.6000000000000005,3,N,51117
2.5,0.81,4.6000000000000005,4,N,51118
2.5,0.81,4.6000000000000005,5,N,51119
2.5,0.81,4.9,1,N,51120
2.5,0.81,4.9,2,N,51121
2.5,0.81,4.9,3,N,51122
2.5,0.81,4.9,4,N,51123
2.5,0.81,4.9,5,N,51124
2.5,0.91,0.01,1,N,51125
2.5,0.91,0.01,2,N,51126
2.5,0.91,0.01,3,N,51127
2.5,0.91,0.01,4,N,51128
2.5,0.91,0.01,5,N,51129
2.5,0.91,0.11,1,N,51130
2.5,0.91,0.11,2,N,51131
2.5,0.91,0.11,3,N,51132
2.5,0.91,0.11,4,N,51133
2.5,0.91,0.11,5,N,51134
2.5,0.91,0.21,1,N,51135
2.5,0.91,0.21,2,N,51136
2.5,0.91,0.21,3,N,51137
2.5,0.91,0.21,4,N,51138
2.5,0.91,0.21,5,N,51139
2.5,0.91,0.31000000000000005,1,N,51140
2.5,0.91,0.31000000000000005,2,N,51141
2.5,0.91,0.31000000000000005,3,N,51142
2.5,0.91,0.31000000000000005,4,N,51143
2.5,0.91,0.31000000000000005,5,N,51144
2.5,0.91,0.41,1,N,51145
2.5,0.91,0.41,2,N,51146
2.5,0.91,0.41,3,N,51147
2.5,0.91,0.41,4,N,51148
2.5,0.91,0.41,5,N,51149
2.5,0.91,0.51,1,N,51150
2.5,0.91,0.51,2,N,51151
2.5,0.91,0.51,3,N,51152
2.5,0.91,0.51,4,N,51153
2.5,0.91,0.51,5,N,51154
2.5,0.91,0.6100000000000001,1,N,51155
2.5,0.91,0.6100000000000001,2,N,51156
2.5,0.91,0.6100000000000001,3,N,51157
2.5,0.91,0.6100000000000001,4,N,51158
2.5,0.91,0.6100000000000001,5,N,51159
2.5,0.91,0.7100000000000001,1,N,51160
2.5,0.91,0.7100000000000001,2,N,51161
2.5,0.91,0.7100000000000001,3,N,51162
2.5,0.91,0.7100000000000001,4,N,51163
2.5,0.91,0.7100000000000001,5,N,51164
2.5,0.91,0.81,1,N,51165
2.5,0.91,0.81,2,N,51166
2.5,0.91,0.81,3,N,51167
2.5,0.91,0.81,4,N,51168
2.5,0.91,0.81,5,N,51169
2.5,0.91,0.91,1,N,51170
2.5,0.91,0.91,2,N,51171
2.5,0.91,0.91,3,N,51172
2.5,0.91,0.91,4,N,51173
2.5,0.91,0.91,5,N,51174
2.5,0.91,1.01,1,N,51175
2.5,0.91,1.01,2,N,51176
2.5,0.91,1.01,3,N,51177
2.5,0.91,1.01,4,N,51178
2.5,0.91,1.01,5,N,51179
2.5,0.91,1.11,1,N,51180
2.5,0.91,1.11,2,N,51181
2.5,0.91,1.11,3,N,51182
2.5,0.91,1.11,4,N,51183
2.5,0.91,1.11,5,N,51184
2.5,0.91,1.3,1,N,51185
2.5,0.91,1.3,2,N,51186
2.5,0.91,1.3,3,N,51187
2.5,0.91,1.3,4,N,51188
2.5,0.91,1.3,5,N,51189
2.5,0.91,1.6,1,N,51190
2.5,0.91,1.6,2,N,51191
2.5,0.91,1.6,3,N,51192
2.5,0.91,1.6,4,N,51193
2.5,0.91,1.6,5,N,51194
2.5,0.91,1.9,1,N,51195
2.5,0.91,1.9,2,N,51196
2.5,0.91,1.9,3,N,51197
2.5,0.91,1.9,4,N,51198
2.5,0.91,1.9,5,N,51199
2.5,0.91,2.2,1,N,51200
2.5,0.91,2.2,2,N,51201
2.5,0.91,2.2,3,N,51202
2.5,0.91,2.2,4,N,51203
2.5,0.91,2.2,5,N,51204
2.5,0.91,2.5,1,N,51205
2.5,0.91,2.5,2,N,51206
2.5,0.91,2.5,3,N,51207
2.5,0.91,2.5,4,N,51208
2.5,0.91,2.5,5,N,51209
2.5,0.91,2.8000000000000003,1,N,51210
2.5,0.91,2.8000000000000003,2,N,51211
2.5,0.91,2.8000000000000003,3,N,51212
2.5,0.91,2.8000000000000003,4,N,51213
2.5,0.91,2.8000000000000003,5,N,51214
2.5,0.91,3.1000000000000005,1,N,51215
2.5,0.91,3.1000000000000005,2,N,51216
2.5,0.91,3.1000000000000005,3,N,51217
2.5,0.91,3.1000000000000005,4,N,51218
2.5,0.91,3.1000000000000005,5,N,51219
2.5,0.91,3.4000000000000004,1,N,51220
2.5,0.91,3.4000000000000004,2,N,51221
2.5,0.91,3.4000000000000004,3,N,51222
2.5,0.91,3.4000000000000004,4,N,51223
2.5,0.91,3.4000000000000004,5,N,51224
2.5,0.91,3.7,1,N,51225
2.5,0.91,3.7,2,N,51226
2.5,0.91,3.7,3,N,51227
2.5,0.91,3.7,4,N,51228
2.5,0.91,3.7,5,N,51229
2.5,0.91,4.0,1,N,51230
2.5,0.91,4.0,2,N,51231
2.5,0.91,4.0,3,N,51232
2.5,0.91,4.0,4,N,51233
2.5,0.91,4.0,5,N,51234
2.5,0.91,4.300000000000002,1,N,51235
2.5,0.91,4.300000000000002,2,N,51236
2.5,0.91,4.300000000000002,3,N,51237
2.5,0.91,4.300000000000002,4,N,51238
2.5,0.91,4.300000000000002,5,N,51239
2.5,0.91,4.6000000000000005,1,N,51240
2.5,0.91,4.6000000000000005,2,N,51241
2.5,0.91,4.6000000000000005,3,N,51242
2.5,0.91,4.6000000000000005,4,N,51243
2.5,0.91,4.6000000000000005,5,N,51244
2.5,0.91,4.9,1,N,51245
2.5,0.91,4.9,2,N,51246
2.5,0.91,4.9,3,N,51247
2.5,0.91,4.9,4,N,51248
2.5,0.91,4.9,5,N,51249
2.5,1.01,0.01,1,N,51250
2.5,1.01,0.01,2,N,51251
2.5,1.01,0.01,3,N,51252
2.5,1.01,0.01,4,N,51253
2.5,1.01,0.01,5,N,51254
2.5,1.01,0.11,1,N,51255
2.5,1.01,0.11,2,N,51256
2.5,1.01,0.11,3,N,51257
2.5,1.01,0.11,4,N,51258
2.5,1.01,0.11,5,N,51259
2.5,1.01,0.21,1,N,51260
2.5,1.01,0.21,2,N,51261
2.5,1.01,0.21,3,N,51262
2.5,1.01,0.21,4,N,51263
2.5,1.01,0.21,5,N,51264
2.5,1.01,0.31000000000000005,1,N,51265
2.5,1.01,0.31000000000000005,2,N,51266
2.5,1.01,0.31000000000000005,3,N,51267
2.5,1.01,0.31000000000000005,4,N,51268
2.5,1.01,0.31000000000000005,5,N,51269
2.5,1.01,0.41,1,N,51270
2.5,1.01,0.41,2,N,51271
2.5,1.01,0.41,3,N,51272
2.5,1.01,0.41,4,N,51273
2.5,1.01,0.41,5,N,51274
2.5,1.01,0.51,1,N,51275
2.5,1.01,0.51,2,N,51276
2.5,1.01,0.51,3,N,51277
2.5,1.01,0.51,4,N,51278
2.5,1.01,0.51,5,N,51279
2.5,1.01,0.6100000000000001,1,N,51280
2.5,1.01,0.6100000000000001,2,N,51281
2.5,1.01,0.6100000000000001,3,N,51282
2.5,1.01,0.6100000000000001,4,N,51283
2.5,1.01,0.6100000000000001,5,N,51284
2.5,1.01,0.7100000000000001,1,N,51285
2.5,1.01,0.7100000000000001,2,N,51286
2.5,1.01,0.7100000000000001,3,N,51287
2.5,1.01,0.7100000000000001,4,N,51288
2.5,1.01,0.7100000000000001,5,N,51289
2.5,1.01,0.81,1,N,51290
2.5,1.01,0.81,2,N,51291
2.5,1.01,0.81,3,N,51292
2.5,1.01,0.81,4,N,51293
2.5,1.01,0.81,5,N,51294
2.5,1.01,0.91,1,N,51295
2.5,1.01,0.91,2,N,51296
2.5,1.01,0.91,3,N,51297
2.5,1.01,0.91,4,N,51298
2.5,1.01,0.91,5,N,51299
2.5,1.01,1.01,1,N,51300
2.5,1.01,1.01,2,N,51301
2.5,1.01,1.01,3,N,51302
2.5,1.01,1.01,4,N,51303
2.5,1.01,1.01,5,N,51304
2.5,1.01,1.11,1,N,51305
2.5,1.01,1.11,2,N,51306
2.5,1.01,1.11,3,N,51307
2.5,1.01,1.11,4,N,51308
2.5,1.01,1.11,5,N,51309
2.5,1.01,1.3,1,N,51310
2.5,1.01,1.3,2,N,51311
2.5,1.01,1.3,3,N,51312
2.5,1.01,1.3,4,N,51313
2.5,1.01,1.3,5,N,51314
2.5,1.01,1.6,1,N,51315
2.5,1.01,1.6,2,N,51316
2.5,1.01,1.6,3,N,51317
2.5,1.01,1.6,4,N,51318
2.5,1.01,1.6,5,N,51319
2.5,1.01,1.9,1,N,51320
2.5,1.01,1.9,2,N,51321
2.5,1.01,1.9,3,N,51322
2.5,1.01,1.9,4,N,51323
2.5,1.01,1.9,5,N,51324
2.5,1.01,2.2,1,N,51325
2.5,1.01,2.2,2,N,51326
2.5,1.01,2.2,3,N,51327
2.5,1.01,2.2,4,N,51328
2.5,1.01,2.2,5,N,51329
2.5,1.01,2.5,1,N,51330
2.5,1.01,2.5,2,N,51331
2.5,1.01,2.5,3,N,51332
2.5,1.01,2.5,4,N,51333
2.5,1.01,2.5,5,N,51334
2.5,1.01,2.8000000000000003,1,N,51335
2.5,1.01,2.8000000000000003,2,N,51336
2.5,1.01,2.8000000000000003,3,N,51337
2.5,1.01,2.8000000000000003,4,N,51338
2.5,1.01,2.8000000000000003,5,N,51339
2.5,1.01,3.1000000000000005,1,N,51340
2.5,1.01,3.1000000000000005,2,N,51341
2.5,1.01,3.1000000000000005,3,N,51342
2.5,1.01,3.1000000000000005,4,N,51343
2.5,1.01,3.1000000000000005,5,N,51344
2.5,1.01,3.4000000000000004,1,N,51345
2.5,1.01,3.4000000000000004,2,N,51346
2.5,1.01,3.4000000000000004,3,N,51347
2.5,1.01,3.4000000000000004,4,N,51348
2.5,1.01,3.4000000000000004,5,N,51349
2.5,1.01,3.7,1,N,51350
2.5,1.01,3.7,2,N,51351
2.5,1.01,3.7,3,N,51352
2.5,1.01,3.7,4,N,51353
2.5,1.01,3.7,5,N,51354
2.5,1.01,4.0,1,N,51355
2.5,1.01,4.0,2,N,51356
2.5,1.01,4.0,3,N,51357
2.5,1.01,4.0,4,N,51358
2.5,1.01,4.0,5,N,51359
2.5,1.01,4.300000000000002,1,N,51360
2.5,1.01,4.300000000000002,2,N,51361
2.5,1.01,4.300000000000002,3,N,51362
2.5,1.01,4.300000000000002,4,N,51363
2.5,1.01,4.300000000000002,5,N,51364
2.5,1.01,4.6000000000000005,1,N,51365
2.5,1.01,4.6000000000000005,2,N,51366
2.5,1.01,4.6000000000000005,3,N,51367
2.5,1.01,4.6000000000000005,4,N,51368
2.5,1.01,4.6000000000000005,5,N,51369
2.5,1.01,4.9,1,N,51370
2.5,1.01,4.9,2,N,51371
2.5,1.01,4.9,3,N,51372
2.5,1.01,4.9,4,N,51373
2.5,1.01,4.9,5,N,51374
2.5,1.11,0.01,1,N,51375
2.5,1.11,0.01,2,N,51376
2.5,1.11,0.01,3,N,51377
2.5,1.11,0.01,4,N,51378
2.5,1.11,0.01,5,N,51379
2.5,1.11,0.11,1,N,51380
2.5,1.11,0.11,2,N,51381
2.5,1.11,0.11,3,N,51382
2.5,1.11,0.11,4,N,51383
2.5,1.11,0.11,5,N,51384
2.5,1.11,0.21,1,N,51385
2.5,1.11,0.21,2,N,51386
2.5,1.11,0.21,3,N,51387
2.5,1.11,0.21,4,N,51388
2.5,1.11,0.21,5,N,51389
2.5,1.11,0.31000000000000005,1,N,51390
2.5,1.11,0.31000000000000005,2,N,51391
2.5,1.11,0.31000000000000005,3,N,51392
2.5,1.11,0.31000000000000005,4,N,51393
2.5,1.11,0.31000000000000005,5,N,51394
2.5,1.11,0.41,1,N,51395
2.5,1.11,0.41,2,N,51396
2.5,1.11,0.41,3,N,51397
2.5,1.11,0.41,4,N,51398
2.5,1.11,0.41,5,N,51399
2.5,1.11,0.51,1,N,51400
2.5,1.11,0.51,2,N,51401
2.5,1.11,0.51,3,N,51402
2.5,1.11,0.51,4,N,51403
2.5,1.11,0.51,5,N,51404
2.5,1.11,0.6100000000000001,1,N,51405
2.5,1.11,0.6100000000000001,2,N,51406
2.5,1.11,0.6100000000000001,3,N,51407
2.5,1.11,0.6100000000000001,4,N,51408
2.5,1.11,0.6100000000000001,5,N,51409
2.5,1.11,0.7100000000000001,1,N,51410
2.5,1.11,0.7100000000000001,2,N,51411
2.5,1.11,0.7100000000000001,3,N,51412
2.5,1.11,0.7100000000000001,4,N,51413
2.5,1.11,0.7100000000000001,5,N,51414
2.5,1.11,0.81,1,N,51415
2.5,1.11,0.81,2,N,51416
2.5,1.11,0.81,3,N,51417
2.5,1.11,0.81,4,N,51418
2.5,1.11,0.81,5,N,51419
2.5,1.11,0.91,1,N,51420
2.5,1.11,0.91,2,N,51421
2.5,1.11,0.91,3,N,51422
2.5,1.11,0.91,4,N,51423
2.5,1.11,0.91,5,N,51424
2.5,1.11,1.01,1,N,51425
2.5,1.11,1.01,2,N,51426
2.5,1.11,1.01,3,N,51427
2.5,1.11,1.01,4,N,51428
2.5,1.11,1.01,5,N,51429
2.5,1.11,1.11,1,N,51430
2.5,1.11,1.11,2,N,51431
2.5,1.11,1.11,3,N,51432
2.5,1.11,1.11,4,N,51433
2.5,1.11,1.11,5,N,51434
2.5,1.11,1.3,1,N,51435
2.5,1.11,1.3,2,N,51436
2.5,1.11,1.3,3,N,51437
2.5,1.11,1.3,4,N,51438
2.5,1.11,1.3,5,N,51439
2.5,1.11,1.6,1,N,51440
2.5,1.11,1.6,2,N,51441
2.5,1.11,1.6,3,N,51442
2.5,1.11,1.6,4,N,51443
2.5,1.11,1.6,5,N,51444
2.5,1.11,1.9,1,N,51445
2.5,1.11,1.9,2,N,51446
2.5,1.11,1.9,3,N,51447
2.5,1.11,1.9,4,N,51448
2.5,1.11,1.9,5,N,51449
2.5,1.11,2.2,1,N,51450
2.5,1.11,2.2,2,N,51451
2.5,1.11,2.2,3,N,51452
2.5,1.11,2.2,4,N,51453
2.5,1.11,2.2,5,N,51454
2.5,1.11,2.5,1,N,51455
2.5,1.11,2.5,2,N,51456
2.5,1.11,2.5,3,N,51457
2.5,1.11,2.5,4,N,51458
2.5,1.11,2.5,5,N,51459
2.5,1.11,2.8000000000000003,1,N,51460
2.5,1.11,2.8000000000000003,2,N,51461
2.5,1.11,2.8000000000000003,3,N,51462
2.5,1.11,2.8000000000000003,4,N,51463
2.5,1.11,2.8000000000000003,5,N,51464
2.5,1.11,3.1000000000000005,1,N,51465
2.5,1.11,3.1000000000000005,2,N,51466
2.5,1.11,3.1000000000000005,3,N,51467
2.5,1.11,3.1000000000000005,4,N,51468
2.5,1.11,3.1000000000000005,5,N,51469
2.5,1.11,3.4000000000000004,1,N,51470
2.5,1.11,3.4000000000000004,2,N,51471
2.5,1.11,3.4000000000000004,3,N,51472
2.5,1.11,3.4000000000000004,4,N,51473
2.5,1.11,3.4000000000000004,5,N,51474
2.5,1.11,3.7,1,N,51475
2.5,1.11,3.7,2,N,51476
2.5,1.11,3.7,3,N,51477
2.5,1.11,3.7,4,N,51478
2.5,1.11,3.7,5,N,51479
2.5,1.11,4.0,1,N,51480
2.5,1.11,4.0,2,N,51481
2.5,1.11,4.0,3,N,51482
2.5,1.11,4.0,4,N,51483
2.5,1.11,4.0,5,N,51484
2.5,1.11,4.300000000000002,1,N,51485
2.5,1.11,4.300000000000002,2,N,51486
2.5,1.11,4.300000000000002,3,N,51487
2.5,1.11,4.300000000000002,4,N,51488
2.5,1.11,4.300000000000002,5,N,51489
2.5,1.11,4.6000000000000005,1,N,51490
2.5,1.11,4.6000000000000005,2,N,51491
2.5,1.11,4.6000000000000005,3,N,51492
2.5,1.11,4.6000000000000005,4,N,51493
2.5,1.11,4.6000000000000005,5,N,51494
2.5,1.11,4.9,1,N,51495
2.5,1.11,4.9,2,N,51496
2.5,1.11,4.9,3,N,51497
2.5,1.11,4.9,4,N,51498
2.5,1.11,4.9,5,N,51499
2.5,1.3,0.01,1,N,51500
2.5,1.3,0.01,2,N,51501
2.5,1.3,0.01,3,N,51502
2.5,1.3,0.01,4,N,51503
2.5,1.3,0.01,5,N,51504
2.5,1.3,0.11,1,N,51505
2.5,1.3,0.11,2,N,51506
2.5,1.3,0.11,3,N,51507
2.5,1.3,0.11,4,N,51508
2.5,1.3,0.11,5,N,51509
2.5,1.3,0.21,1,N,51510
2.5,1.3,0.21,2,N,51511
2.5,1.3,0.21,3,N,51512
2.5,1.3,0.21,4,N,51513
2.5,1.3,0.21,5,N,51514
2.5,1.3,0.31000000000000005,1,N,51515
2.5,1.3,0.31000000000000005,2,N,51516
2.5,1.3,0.31000000000000005,3,N,51517
2.5,1.3,0.31000000000000005,4,N,51518
2.5,1.3,0.31000000000000005,5,N,51519
2.5,1.3,0.41,1,N,51520
2.5,1.3,0.41,2,N,51521
2.5,1.3,0.41,3,N,51522
2.5,1.3,0.41,4,N,51523
2.5,1.3,0.41,5,N,51524
2.5,1.3,0.51,1,N,51525
2.5,1.3,0.51,2,N,51526
2.5,1.3,0.51,3,N,51527
2.5,1.3,0.51,4,N,51528
2.5,1.3,0.51,5,N,51529
2.5,1.3,0.6100000000000001,1,N,51530
2.5,1.3,0.6100000000000001,2,N,51531
2.5,1.3,0.6100000000000001,3,N,51532
2.5,1.3,0.6100000000000001,4,N,51533
2.5,1.3,0.6100000000000001,5,N,51534
2.5,1.3,0.7100000000000001,1,N,51535
2.5,1.3,0.7100000000000001,2,N,51536
2.5,1.3,0.7100000000000001,3,N,51537
2.5,1.3,0.7100000000000001,4,N,51538
2.5,1.3,0.7100000000000001,5,N,51539
2.5,1.3,0.81,1,N,51540
2.5,1.3,0.81,2,N,51541
2.5,1.3,0.81,3,N,51542
2.5,1.3,0.81,4,N,51543
2.5,1.3,0.81,5,N,51544
2.5,1.3,0.91,1,N,51545
2.5,1.3,0.91,2,N,51546
2.5,1.3,0.91,3,N,51547
2.5,1.3,0.91,4,N,51548
2.5,1.3,0.91,5,N,51549
2.5,1.3,1.01,1,N,51550
2.5,1.3,1.01,2,N,51551
2.5,1.3,1.01,3,N,51552
2.5,1.3,1.01,4,N,51553
2.5,1.3,1.01,5,N,51554
2.5,1.3,1.11,1,N,51555
2.5,1.3,1.11,2,N,51556
2.5,1.3,1.11,3,N,51557
2.5,1.3,1.11,4,N,51558
2.5,1.3,1.11,5,N,51559
2.5,1.3,1.3,1,N,51560
2.5,1.3,1.3,2,N,51561
2.5,1.3,1.3,3,N,51562
2.5,1.3,1.3,4,N,51563
2.5,1.3,1.3,5,N,51564
2.5,1.3,1.6,1,N,51565
2.5,1.3,1.6,2,N,51566
2.5,1.3,1.6,3,N,51567
2.5,1.3,1.6,4,N,51568
2.5,1.3,1.6,5,N,51569
2.5,1.3,1.9,1,N,51570
2.5,1.3,1.9,2,N,51571
2.5,1.3,1.9,3,N,51572
2.5,1.3,1.9,4,N,51573
2.5,1.3,1.9,5,N,51574
2.5,1.3,2.2,1,N,51575
2.5,1.3,2.2,2,N,51576
2.5,1.3,2.2,3,N,51577
2.5,1.3,2.2,4,N,51578
2.5,1.3,2.2,5,N,51579
2.5,1.3,2.5,1,N,51580
2.5,1.3,2.5,2,N,51581
2.5,1.3,2.5,3,N,51582
2.5,1.3,2.5,4,N,51583
2.5,1.3,2.5,5,N,51584
2.5,1.3,2.8000000000000003,1,N,51585
2.5,1.3,2.8000000000000003,2,N,51586
2.5,1.3,2.8000000000000003,3,N,51587
2.5,1.3,2.8000000000000003,4,N,51588
2.5,1.3,2.8000000000000003,5,N,51589
2.5,1.3,3.1000000000000005,1,N,51590
2.5,1.3,3.1000000000000005,2,N,51591
2.5,1.3,3.1000000000000005,3,N,51592
2.5,1.3,3.1000000000000005,4,N,51593
2.5,1.3,3.1000000000000005,5,N,51594
2.5,1.3,3.4000000000000004,1,N,51595
2.5,1.3,3.4000000000000004,2,N,51596
2.5,1.3,3.4000000000000004,3,N,51597
2.5,1.3,3.4000000000000004,4,N,51598
2.5,1.3,3.4000000000000004,5,N,51599
2.5,1.3,3.7,1,N,51600
2.5,1.3,3.7,2,N,51601
2.5,1.3,3.7,3,N,51602
2.5,1.3,3.7,4,N,51603
2.5,1.3,3.7,5,N,51604
2.5,1.3,4.0,1,N,51605
2.5,1.3,4.0,2,N,51606
2.5,1.3,4.0,3,N,51607
2.5,1.3,4.0,4,N,51608
2.5,1.3,4.0,5,N,51609
2.5,1.3,4.300000000000002,1,N,51610
2.5,1.3,4.300000000000002,2,N,51611
2.5,1.3,4.300000000000002,3,N,51612
2.5,1.3,4.300000000000002,4,N,51613
2.5,1.3,4.300000000000002,5,N,51614
2.5,1.3,4.6000000000000005,1,N,51615
2.5,1.3,4.6000000000000005,2,N,51616
2.5,1.3,4.6000000000000005,3,N,51617
2.5,1.3,4.6000000000000005,4,N,51618
2.5,1.3,4.6000000000000005,5,N,51619
2.5,1.3,4.9,1,N,51620
2.5,1.3,4.9,2,N,51621
2.5,1.3,4.9,3,N,51622
2.5,1.3,4.9,4,N,51623
2.5,1.3,4.9,5,N,51624
2.5,1.6,0.01,1,N,51625
2.5,1.6,0.01,2,N,51626
2.5,1.6,0.01,3,N,51627
2.5,1.6,0.01,4,N,51628
2.5,1.6,0.01,5,N,51629
2.5,1.6,0.11,1,N,51630
2.5,1.6,0.11,2,N,51631
2.5,1.6,0.11,3,N,51632
2.5,1.6,0.11,4,N,51633
2.5,1.6,0.11,5,N,51634
2.5,1.6,0.21,1,N,51635
2.5,1.6,0.21,2,N,51636
2.5,1.6,0.21,3,N,51637
2.5,1.6,0.21,4,N,51638
2.5,1.6,0.21,5,N,51639
2.5,1.6,0.31000000000000005,1,N,51640
2.5,1.6,0.31000000000000005,2,N,51641
2.5,1.6,0.31000000000000005,3,N,51642
2.5,1.6,0.31000000000000005,4,N,51643
2.5,1.6,0.31000000000000005,5,N,51644
2.5,1.6,0.41,1,N,51645
2.5,1.6,0.41,2,N,51646
2.5,1.6,0.41,3,N,51647
2.5,1.6,0.41,4,N,51648
2.5,1.6,0.41,5,N,51649
2.5,1.6,0.51,1,N,51650
2.5,1.6,0.51,2,N,51651
2.5,1.6,0.51,3,N,51652
2.5,1.6,0.51,4,N,51653
2.5,1.6,0.51,5,N,51654
2.5,1.6,0.6100000000000001,1,N,51655
2.5,1.6,0.6100000000000001,2,N,51656
2.5,1.6,0.6100000000000001,3,N,51657
2.5,1.6,0.6100000000000001,4,N,51658
2.5,1.6,0.6100000000000001,5,N,51659
2.5,1.6,0.7100000000000001,1,N,51660
2.5,1.6,0.7100000000000001,2,N,51661
2.5,1.6,0.7100000000000001,3,N,51662
2.5,1.6,0.7100000000000001,4,N,51663
2.5,1.6,0.7100000000000001,5,N,51664
2.5,1.6,0.81,1,N,51665
2.5,1.6,0.81,2,N,51666
2.5,1.6,0.81,3,N,51667
2.5,1.6,0.81,4,N,51668
2.5,1.6,0.81,5,N,51669
2.5,1.6,0.91,1,N,51670
2.5,1.6,0.91,2,N,51671
2.5,1.6,0.91,3,N,51672
2.5,1.6,0.91,4,N,51673
2.5,1.6,0.91,5,N,51674
2.5,1.6,1.01,1,N,51675
2.5,1.6,1.01,2,N,51676
2.5,1.6,1.01,3,N,51677
2.5,1.6,1.01,4,N,51678
2.5,1.6,1.01,5,N,51679
2.5,1.6,1.11,1,N,51680
2.5,1.6,1.11,2,N,51681
2.5,1.6,1.11,3,N,51682
2.5,1.6,1.11,4,N,51683
2.5,1.6,1.11,5,N,51684
2.5,1.6,1.3,1,N,51685
2.5,1.6,1.3,2,N,51686
2.5,1.6,1.3,3,N,51687
2.5,1.6,1.3,4,N,51688
2.5,1.6,1.3,5,N,51689
2.5,1.6,1.6,1,N,51690
2.5,1.6,1.6,2,N,51691
2.5,1.6,1.6,3,N,51692
2.5,1.6,1.6,4,N,51693
2.5,1.6,1.6,5,N,51694
2.5,1.6,1.9,1,N,51695
2.5,1.6,1.9,2,N,51696
2.5,1.6,1.9,3,N,51697
2.5,1.6,1.9,4,N,51698
2.5,1.6,1.9,5,N,51699
2.5,1.6,2.2,1,N,51700
2.5,1.6,2.2,2,N,51701
2.5,1.6,2.2,3,N,51702
2.5,1.6,2.2,4,N,51703
2.5,1.6,2.2,5,N,51704
2.5,1.6,2.5,1,N,51705
2.5,1.6,2.5,2,N,51706
2.5,1.6,2.5,3,N,51707
2.5,1.6,2.5,4,N,51708
2.5,1.6,2.5,5,N,51709
2.5,1.6,2.8000000000000003,1,N,51710
2.5,1.6,2.8000000000000003,2,N,51711
2.5,1.6,2.8000000000000003,3,N,51712
2.5,1.6,2.8000000000000003,4,N,51713
2.5,1.6,2.8000000000000003,5,N,51714
2.5,1.6,3.1000000000000005,1,N,51715
2.5,1.6,3.1000000000000005,2,N,51716
2.5,1.6,3.1000000000000005,3,N,51717
2.5,1.6,3.1000000000000005,4,N,51718
2.5,1.6,3.1000000000000005,5,N,51719
2.5,1.6,3.4000000000000004,1,N,51720
2.5,1.6,3.4000000000000004,2,N,51721
2.5,1.6,3.4000000000000004,3,N,51722
2.5,1.6,3.4000000000000004,4,N,51723
2.5,1.6,3.4000000000000004,5,N,51724
2.5,1.6,3.7,1,N,51725
2.5,1.6,3.7,2,N,51726
2.5,1.6,3.7,3,N,51727
2.5,1.6,3.7,4,N,51728
2.5,1.6,3.7,5,N,51729
2.5,1.6,4.0,1,N,51730
2.5,1.6,4.0,2,N,51731
2.5,1.6,4.0,3,N,51732
2.5,1.6,4.0,4,N,51733
2.5,1.6,4.0,5,N,51734
2.5,1.6,4.300000000000002,1,N,51735
2.5,1.6,4.300000000000002,2,N,51736
2.5,1.6,4.300000000000002,3,N,51737
2.5,1.6,4.300000000000002,4,N,51738
2.5,1.6,4.300000000000002,5,N,51739
2.5,1.6,4.6000000000000005,1,N,51740
2.5,1.6,4.6000000000000005,2,N,51741
2.5,1.6,4.6000000000000005,3,N,51742
2.5,1.6,4.6000000000000005,4,N,51743
2.5,1.6,4.6000000000000005,5,N,51744
2.5,1.6,4.9,1,N,51745
2.5,1.6,4.9,2,N,51746
2.5,1.6,4.9,3,N,51747
2.5,1.6,4.9,4,N,51748
2.5,1.6,4.9,5,N,51749
2.5,1.9,0.01,1,N,51750
2.5,1.9,0.01,2,N,51751
2.5,1.9,0.01,3,N,51752
2.5,1.9,0.01,4,N,51753
2.5,1.9,0.01,5,N,51754
2.5,1.9,0.11,1,N,51755
2.5,1.9,0.11,2,N,51756
2.5,1.9,0.11,3,N,51757
2.5,1.9,0.11,4,N,51758
2.5,1.9,0.11,5,N,51759
2.5,1.9,0.21,1,N,51760
2.5,1.9,0.21,2,N,51761
2.5,1.9,0.21,3,N,51762
2.5,1.9,0.21,4,N,51763
2.5,1.9,0.21,5,N,51764
2.5,1.9,0.31000000000000005,1,N,51765
2.5,1.9,0.31000000000000005,2,N,51766
2.5,1.9,0.31000000000000005,3,N,51767
2.5,1.9,0.31000000000000005,4,N,51768
2.5,1.9,0.31000000000000005,5,N,51769
2.5,1.9,0.41,1,N,51770
2.5,1.9,0.41,2,N,51771
2.5,1.9,0.41,3,N,51772
2.5,1.9,0.41,4,N,51773
2.5,1.9,0.41,5,N,51774
2.5,1.9,0.51,1,N,51775
2.5,1.9,0.51,2,N,51776
2.5,1.9,0.51,3,N,51777
2.5,1.9,0.51,4,N,51778
2.5,1.9,0.51,5,N,51779
2.5,1.9,0.6100000000000001,1,N,51780
2.5,1.9,0.6100000000000001,2,N,51781
2.5,1.9,0.6100000000000001,3,N,51782
2.5,1.9,0.6100000000000001,4,N,51783
2.5,1.9,0.6100000000000001,5,N,51784
2.5,1.9,0.7100000000000001,1,N,51785
2.5,1.9,0.7100000000000001,2,N,51786
2.5,1.9,0.7100000000000001,3,N,51787
2.5,1.9,0.7100000000000001,4,N,51788
2.5,1.9,0.7100000000000001,5,N,51789
2.5,1.9,0.81,1,N,51790
2.5,1.9,0.81,2,N,51791
2.5,1.9,0.81,3,N,51792
2.5,1.9,0.81,4,N,51793
2.5,1.9,0.81,5,N,51794
2.5,1.9,0.91,1,N,51795
2.5,1.9,0.91,2,N,51796
2.5,1.9,0.91,3,N,51797
2.5,1.9,0.91,4,N,51798
2.5,1.9,0.91,5,N,51799
2.5,1.9,1.01,1,N,51800
2.5,1.9,1.01,2,N,51801
2.5,1.9,1.01,3,N,51802
2.5,1.9,1.01,4,N,51803
2.5,1.9,1.01,5,N,51804
2.5,1.9,1.11,1,N,51805
2.5,1.9,1.11,2,N,51806
2.5,1.9,1.11,3,N,51807
2.5,1.9,1.11,4,N,51808
2.5,1.9,1.11,5,N,51809
2.5,1.9,1.3,1,N,51810
2.5,1.9,1.3,2,N,51811
2.5,1.9,1.3,3,N,51812
2.5,1.9,1.3,4,N,51813
2.5,1.9,1.3,5,N,51814
2.5,1.9,1.6,1,N,51815
2.5,1.9,1.6,2,N,51816
2.5,1.9,1.6,3,N,51817
2.5,1.9,1.6,4,N,51818
2.5,1.9,1.6,5,N,51819
2.5,1.9,1.9,1,N,51820
2.5,1.9,1.9,2,N,51821
2.5,1.9,1.9,3,N,51822
2.5,1.9,1.9,4,N,51823
2.5,1.9,1.9,5,N,51824
2.5,1.9,2.2,1,N,51825
2.5,1.9,2.2,2,N,51826
2.5,1.9,2.2,3,N,51827
2.5,1.9,2.2,4,N,51828
2.5,1.9,2.2,5,N,51829
2.5,1.9,2.5,1,N,51830
2.5,1.9,2.5,2,N,51831
2.5,1.9,2.5,3,N,51832
2.5,1.9,2.5,4,N,51833
2.5,1.9,2.5,5,N,51834
2.5,1.9,2.8000000000000003,1,N,51835
2.5,1.9,2.8000000000000003,2,N,51836
2.5,1.9,2.8000000000000003,3,N,51837
2.5,1.9,2.8000000000000003,4,N,51838
2.5,1.9,2.8000000000000003,5,N,51839
2.5,1.9,3.1000000000000005,1,N,51840
2.5,1.9,3.1000000000000005,2,N,51841
2.5,1.9,3.1000000000000005,3,N,51842
2.5,1.9,3.1000000000000005,4,N,51843
2.5,1.9,3.1000000000000005,5,N,51844
2.5,1.9,3.4000000000000004,1,N,51845
2.5,1.9,3.4000000000000004,2,N,51846
2.5,1.9,3.4000000000000004,3,N,51847
2.5,1.9,3.4000000000000004,4,N,51848
2.5,1.9,3.4000000000000004,5,N,51849
2.5,1.9,3.7,1,N,51850
2.5,1.9,3.7,2,N,51851
2.5,1.9,3.7,3,N,51852
2.5,1.9,3.7,4,N,51853
2.5,1.9,3.7,5,N,51854
2.5,1.9,4.0,1,N,51855
2.5,1.9,4.0,2,N,51856
2.5,1.9,4.0,3,N,51857
2.5,1.9,4.0,4,N,51858
2.5,1.9,4.0,5,N,51859
2.5,1.9,4.300000000000002,1,N,51860
2.5,1.9,4.300000000000002,2,N,51861
2.5,1.9,4.300000000000002,3,N,51862
2.5,1.9,4.300000000000002,4,N,51863
2.5,1.9,4.300000000000002,5,N,51864
2.5,1.9,4.6000000000000005,1,N,51865
2.5,1.9,4.6000000000000005,2,N,51866
2.5,1.9,4.6000000000000005,3,N,51867
2.5,1.9,4.6000000000000005,4,N,51868
2.5,1.9,4.6000000000000005,5,N,51869
2.5,1.9,4.9,1,N,51870
2.5,1.9,4.9,2,N,51871
2.5,1.9,4.9,3,N,51872
2.5,1.9,4.9,4,N,51873
2.5,1.9,4.9,5,N,51874
2.5,2.2,0.01,1,N,51875
2.5,2.2,0.01,2,N,51876
2.5,2.2,0.01,3,N,51877
2.5,2.2,0.01,4,N,51878
2.5,2.2,0.01,5,N,51879
2.5,2.2,0.11,1,N,51880
2.5,2.2,0.11,2,N,51881
2.5,2.2,0.11,3,N,51882
2.5,2.2,0.11,4,N,51883
2.5,2.2,0.11,5,N,51884
2.5,2.2,0.21,1,N,51885
2.5,2.2,0.21,2,N,51886
2.5,2.2,0.21,3,N,51887
2.5,2.2,0.21,4,N,51888
2.5,2.2,0.21,5,N,51889
2.5,2.2,0.31000000000000005,1,N,51890
2.5,2.2,0.31000000000000005,2,N,51891
2.5,2.2,0.31000000000000005,3,N,51892
2.5,2.2,0.31000000000000005,4,N,51893
2.5,2.2,0.31000000000000005,5,N,51894
2.5,2.2,0.41,1,N,51895
2.5,2.2,0.41,2,N,51896
2.5,2.2,0.41,3,N,51897
2.5,2.2,0.41,4,N,51898
2.5,2.2,0.41,5,N,51899
2.5,2.2,0.51,1,N,51900
2.5,2.2,0.51,2,N,51901
2.5,2.2,0.51,3,N,51902
2.5,2.2,0.51,4,N,51903
2.5,2.2,0.51,5,N,51904
2.5,2.2,0.6100000000000001,1,N,51905
2.5,2.2,0.6100000000000001,2,N,51906
2.5,2.2,0.6100000000000001,3,N,51907
2.5,2.2,0.6100000000000001,4,N,51908
2.5,2.2,0.6100000000000001,5,N,51909
2.5,2.2,0.7100000000000001,1,N,51910
2.5,2.2,0.7100000000000001,2,N,51911
2.5,2.2,0.7100000000000001,3,N,51912
2.5,2.2,0.7100000000000001,4,N,51913
2.5,2.2,0.7100000000000001,5,N,51914
2.5,2.2,0.81,1,N,51915
2.5,2.2,0.81,2,N,51916
2.5,2.2,0.81,3,N,51917
2.5,2.2,0.81,4,N,51918
2.5,2.2,0.81,5,N,51919
2.5,2.2,0.91,1,N,51920
2.5,2.2,0.91,2,N,51921
2.5,2.2,0.91,3,N,51922
2.5,2.2,0.91,4,N,51923
2.5,2.2,0.91,5,N,51924
2.5,2.2,1.01,1,N,51925
2.5,2.2,1.01,2,N,51926
2.5,2.2,1.01,3,N,51927
2.5,2.2,1.01,4,N,51928
2.5,2.2,1.01,5,N,51929
2.5,2.2,1.11,1,N,51930
2.5,2.2,1.11,2,N,51931
2.5,2.2,1.11,3,N,51932
2.5,2.2,1.11,4,N,51933
2.5,2.2,1.11,5,N,51934
2.5,2.2,1.3,1,N,51935
2.5,2.2,1.3,2,N,51936
2.5,2.2,1.3,3,N,51937
2.5,2.2,1.3,4,N,51938
2.5,2.2,1.3,5,N,51939
2.5,2.2,1.6,1,N,51940
2.5,2.2,1.6,2,N,51941
2.5,2.2,1.6,3,N,51942
2.5,2.2,1.6,4,N,51943
2.5,2.2,1.6,5,N,51944
2.5,2.2,1.9,1,N,51945
2.5,2.2,1.9,2,N,51946
2.5,2.2,1.9,3,N,51947
2.5,2.2,1.9,4,N,51948
2.5,2.2,1.9,5,N,51949
2.5,2.2,2.2,1,N,51950
2.5,2.2,2.2,2,N,51951
2.5,2.2,2.2,3,N,51952
2.5,2.2,2.2,4,N,51953
2.5,2.2,2.2,5,N,51954
2.5,2.2,2.5,1,N,51955
2.5,2.2,2.5,2,N,51956
2.5,2.2,2.5,3,N,51957
2.5,2.2,2.5,4,N,51958
2.5,2.2,2.5,5,N,51959
2.5,2.2,2.8000000000000003,1,N,51960
2.5,2.2,2.8000000000000003,2,N,51961
2.5,2.2,2.8000000000000003,3,N,51962
2.5,2.2,2.8000000000000003,4,N,51963
2.5,2.2,2.8000000000000003,5,N,51964
2.5,2.2,3.1000000000000005,1,N,51965
2.5,2.2,3.1000000000000005,2,N,51966
2.5,2.2,3.1000000000000005,3,N,51967
2.5,2.2,3.1000000000000005,4,N,51968
2.5,2.2,3.1000000000000005,5,N,51969
2.5,2.2,3.4000000000000004,1,N,51970
2.5,2.2,3.4000000000000004,2,N,51971
2.5,2.2,3.4000000000000004,3,N,51972
2.5,2.2,3.4000000000000004,4,N,51973
2.5,2.2,3.4000000000000004,5,N,51974
2.5,2.2,3.7,1,N,51975
2.5,2.2,3.7,2,N,51976
2.5,2.2,3.7,3,N,51977
2.5,2.2,3.7,4,N,51978
2.5,2.2,3.7,5,N,51979
2.5,2.2,4.0,1,N,51980
2.5,2.2,4.0,2,N,51981
2.5,2.2,4.0,3,N,51982
2.5,2.2,4.0,4,N,51983
2.5,2.2,4.0,5,N,51984
2.5,2.2,4.300000000000002,1,N,51985
2.5,2.2,4.300000000000002,2,N,51986
2.5,2.2,4.300000000000002,3,N,51987
2.5,2.2,4.300000000000002,4,N,51988
2.5,2.2,4.300000000000002,5,N,51989
2.5,2.2,4.6000000000000005,1,N,51990
2.5,2.2,4.6000000000000005,2,N,51991
2.5,2.2,4.6000000000000005,3,N,51992
2.5,2.2,4.6000000000000005,4,N,51993
2.5,2.2,4.6000000000000005,5,N,51994
2.5,2.2,4.9,1,N,51995
2.5,2.2,4.9,2,N,51996
2.5,2.2,4.9,3,N,51997
2.5,2.2,4.9,4,N,51998
2.5,2.2,4.9,5,N,51999
2.5,2.5,0.01,1,N,52000
2.5,2.5,0.01,2,N,52001
2.5,2.5,0.01,3,N,52002
2.5,2.5,0.01,4,N,52003
2.5,2.5,0.01,5,N,52004
2.5,2.5,0.11,1,N,52005
2.5,2.5,0.11,2,N,52006
2.5,2.5,0.11,3,N,52007
2.5,2.5,0.11,4,N,52008
2.5,2.5,0.11,5,N,52009
2.5,2.5,0.21,1,N,52010
2.5,2.5,0.21,2,N,52011
2.5,2.5,0.21,3,N,52012
2.5,2.5,0.21,4,N,52013
2.5,2.5,0.21,5,N,52014
2.5,2.5,0.31000000000000005,1,N,52015
2.5,2.5,0.31000000000000005,2,N,52016
2.5,2.5,0.31000000000000005,3,N,52017
2.5,2.5,0.31000000000000005,4,N,52018
2.5,2.5,0.31000000000000005,5,N,52019
2.5,2.5,0.41,1,N,52020
2.5,2.5,0.41,2,N,52021
2.5,2.5,0.41,3,N,52022
2.5,2.5,0.41,4,N,52023
2.5,2.5,0.41,5,N,52024
2.5,2.5,0.51,1,N,52025
2.5,2.5,0.51,2,N,52026
2.5,2.5,0.51,3,N,52027
2.5,2.5,0.51,4,N,52028
2.5,2.5,0.51,5,N,52029
2.5,2.5,0.6100000000000001,1,N,52030
2.5,2.5,0.6100000000000001,2,N,52031
2.5,2.5,0.6100000000000001,3,N,52032
2.5,2.5,0.6100000000000001,4,N,52033
2.5,2.5,0.6100000000000001,5,N,52034
2.5,2.5,0.7100000000000001,1,N,52035
2.5,2.5,0.7100000000000001,2,N,52036
2.5,2.5,0.7100000000000001,3,N,52037
2.5,2.5,0.7100000000000001,4,N,52038
2.5,2.5,0.7100000000000001,5,N,52039
2.5,2.5,0.81,1,N,52040
2.5,2.5,0.81,2,N,52041
2.5,2.5,0.81,3,N,52042
2.5,2.5,0.81,4,N,52043
2.5,2.5,0.81,5,N,52044
2.5,2.5,0.91,1,N,52045
2.5,2.5,0.91,2,N,52046
2.5,2.5,0.91,3,N,52047
2.5,2.5,0.91,4,N,52048
2.5,2.5,0.91,5,N,52049
2.5,2.5,1.01,1,N,52050
2.5,2.5,1.01,2,N,52051
2.5,2.5,1.01,3,N,52052
2.5,2.5,1.01,4,N,52053
2.5,2.5,1.01,5,N,52054
2.5,2.5,1.11,1,N,52055
2.5,2.5,1.11,2,N,52056
2.5,2.5,1.11,3,N,52057
2.5,2.5,1.11,4,N,52058
2.5,2.5,1.11,5,N,52059
2.5,2.5,1.3,1,N,52060
2.5,2.5,1.3,2,N,52061
2.5,2.5,1.3,3,N,52062
2.5,2.5,1.3,4,N,52063
2.5,2.5,1.3,5,N,52064
2.5,2.5,1.6,1,N,52065
2.5,2.5,1.6,2,N,52066
2.5,2.5,1.6,3,N,52067
2.5,2.5,1.6,4,N,52068
2.5,2.5,1.6,5,N,52069
2.5,2.5,1.9,1,N,52070
2.5,2.5,1.9,2,N,52071
2.5,2.5,1.9,3,N,52072
2.5,2.5,1.9,4,N,52073
2.5,2.5,1.9,5,N,52074
2.5,2.5,2.2,1,N,52075
2.5,2.5,2.2,2,N,52076
2.5,2.5,2.2,3,N,52077
2.5,2.5,2.2,4,N,52078
2.5,2.5,2.2,5,N,52079
2.5,2.5,2.5,1,N,52080
2.5,2.5,2.5,2,N,52081
2.5,2.5,2.5,3,N,52082
2.5,2.5,2.5,4,N,52083
2.5,2.5,2.5,5,N,52084
2.5,2.5,2.8000000000000003,1,N,52085
2.5,2.5,2.8000000000000003,2,N,52086
2.5,2.5,2.8000000000000003,3,N,52087
2.5,2.5,2.8000000000000003,4,N,52088
2.5,2.5,2.8000000000000003,5,N,52089
2.5,2.5,3.1000000000000005,1,N,52090
2.5,2.5,3.1000000000000005,2,N,52091
2.5,2.5,3.1000000000000005,3,N,52092
2.5,2.5,3.1000000000000005,4,N,52093
2.5,2.5,3.1000000000000005,5,N,52094
2.5,2.5,3.4000000000000004,1,N,52095
2.5,2.5,3.4000000000000004,2,N,52096
2.5,2.5,3.4000000000000004,3,N,52097
2.5,2.5,3.4000000000000004,4,N,52098
2.5,2.5,3.4000000000000004,5,N,52099
2.5,2.5,3.7,1,N,52100
2.5,2.5,3.7,2,N,52101
2.5,2.5,3.7,3,N,52102
2.5,2.5,3.7,4,N,52103
2.5,2.5,3.7,5,N,52104
2.5,2.5,4.0,1,N,52105
2.5,2.5,4.0,2,N,52106
2.5,2.5,4.0,3,N,52107
2.5,2.5,4.0,4,N,52108
2.5,2.5,4.0,5,N,52109
2.5,2.5,4.300000000000002,1,N,52110
2.5,2.5,4.300000000000002,2,N,52111
2.5,2.5,4.300000000000002,3,N,52112
2.5,2.5,4.300000000000002,4,N,52113
2.5,2.5,4.300000000000002,5,N,52114
2.5,2.5,4.6000000000000005,1,N,52115
2.5,2.5,4.6000000000000005,2,N,52116
2.5,2.5,4.6000000000000005,3,N,52117
2.5,2.5,4.6000000000000005,4,N,52118
2.5,2.5,4.6000000000000005,5,N,52119
2.5,2.5,4.9,1,N,52120
2.5,2.5,4.9,2,N,52121
2.5,2.5,4.9,3,N,52122
2.5,2.5,4.9,4,N,52123
2.5,2.5,4.9,5,N,52124
2.5,2.8000000000000003,0.01,1,N,52125
2.5,2.8000000000000003,0.01,2,N,52126
2.5,2.8000000000000003,0.01,3,N,52127
2.5,2.8000000000000003,0.01,4,N,52128
2.5,2.8000000000000003,0.01,5,N,52129
2.5,2.8000000000000003,0.11,1,N,52130
2.5,2.8000000000000003,0.11,2,N,52131
2.5,2.8000000000000003,0.11,3,N,52132
2.5,2.8000000000000003,0.11,4,N,52133
2.5,2.8000000000000003,0.11,5,N,52134
2.5,2.8000000000000003,0.21,1,N,52135
2.5,2.8000000000000003,0.21,2,N,52136
2.5,2.8000000000000003,0.21,3,N,52137
2.5,2.8000000000000003,0.21,4,N,52138
2.5,2.8000000000000003,0.21,5,N,52139
2.5,2.8000000000000003,0.31000000000000005,1,N,52140
2.5,2.8000000000000003,0.31000000000000005,2,N,52141
2.5,2.8000000000000003,0.31000000000000005,3,N,52142
2.5,2.8000000000000003,0.31000000000000005,4,N,52143
2.5,2.8000000000000003,0.31000000000000005,5,N,52144
2.5,2.8000000000000003,0.41,1,N,52145
2.5,2.8000000000000003,0.41,2,N,52146
2.5,2.8000000000000003,0.41,3,N,52147
2.5,2.8000000000000003,0.41,4,N,52148
2.5,2.8000000000000003,0.41,5,N,52149
2.5,2.8000000000000003,0.51,1,N,52150
2.5,2.8000000000000003,0.51,2,N,52151
2.5,2.8000000000000003,0.51,3,N,52152
2.5,2.8000000000000003,0.51,4,N,52153
2.5,2.8000000000000003,0.51,5,N,52154
2.5,2.8000000000000003,0.6100000000000001,1,N,52155
2.5,2.8000000000000003,0.6100000000000001,2,N,52156
2.5,2.8000000000000003,0.6100000000000001,3,N,52157
2.5,2.8000000000000003,0.6100000000000001,4,N,52158
2.5,2.8000000000000003,0.6100000000000001,5,N,52159
2.5,2.8000000000000003,0.7100000000000001,1,N,52160
2.5,2.8000000000000003,0.7100000000000001,2,N,52161
2.5,2.8000000000000003,0.7100000000000001,3,N,52162
2.5,2.8000000000000003,0.7100000000000001,4,N,52163
2.5,2.8000000000000003,0.7100000000000001,5,N,52164
2.5,2.8000000000000003,0.81,1,N,52165
2.5,2.8000000000000003,0.81,2,N,52166
2.5,2.8000000000000003,0.81,3,N,52167
2.5,2.8000000000000003,0.81,4,N,52168
2.5,2.8000000000000003,0.81,5,N,52169
2.5,2.8000000000000003,0.91,1,N,52170
2.5,2.8000000000000003,0.91,2,N,52171
2.5,2.8000000000000003,0.91,3,N,52172
2.5,2.8000000000000003,0.91,4,N,52173
2.5,2.8000000000000003,0.91,5,N,52174
2.5,2.8000000000000003,1.01,1,N,52175
2.5,2.8000000000000003,1.01,2,N,52176
2.5,2.8000000000000003,1.01,3,N,52177
2.5,2.8000000000000003,1.01,4,N,52178
2.5,2.8000000000000003,1.01,5,N,52179
2.5,2.8000000000000003,1.11,1,N,52180
2.5,2.8000000000000003,1.11,2,N,52181
2.5,2.8000000000000003,1.11,3,N,52182
2.5,2.8000000000000003,1.11,4,N,52183
2.5,2.8000000000000003,1.11,5,N,52184
2.5,2.8000000000000003,1.3,1,N,52185
2.5,2.8000000000000003,1.3,2,N,52186
2.5,2.8000000000000003,1.3,3,N,52187
2.5,2.8000000000000003,1.3,4,N,52188
2.5,2.8000000000000003,1.3,5,N,52189
2.5,2.8000000000000003,1.6,1,N,52190
2.5,2.8000000000000003,1.6,2,N,52191
2.5,2.8000000000000003,1.6,3,N,52192
2.5,2.8000000000000003,1.6,4,N,52193
2.5,2.8000000000000003,1.6,5,N,52194
2.5,2.8000000000000003,1.9,1,N,52195
2.5,2.8000000000000003,1.9,2,N,52196
2.5,2.8000000000000003,1.9,3,N,52197
2.5,2.8000000000000003,1.9,4,N,52198
2.5,2.8000000000000003,1.9,5,N,52199
2.5,2.8000000000000003,2.2,1,N,52200
2.5,2.8000000000000003,2.2,2,N,52201
2.5,2.8000000000000003,2.2,3,N,52202
2.5,2.8000000000000003,2.2,4,N,52203
2.5,2.8000000000000003,2.2,5,N,52204
2.5,2.8000000000000003,2.5,1,N,52205
2.5,2.8000000000000003,2.5,2,N,52206
2.5,2.8000000000000003,2.5,3,N,52207
2.5,2.8000000000000003,2.5,4,N,52208
2.5,2.8000000000000003,2.5,5,N,52209
2.5,2.8000000000000003,2.8000000000000003,1,N,52210
2.5,2.8000000000000003,2.8000000000000003,2,N,52211
2.5,2.8000000000000003,2.8000000000000003,3,N,52212
2.5,2.8000000000000003,2.8000000000000003,4,N,52213
2.5,2.8000000000000003,2.8000000000000003,5,N,52214
2.5,2.8000000000000003,3.1000000000000005,1,N,52215
2.5,2.8000000000000003,3.1000000000000005,2,N,52216
2.5,2.8000000000000003,3.1000000000000005,3,N,52217
2.5,2.8000000000000003,3.1000000000000005,4,N,52218
2.5,2.8000000000000003,3.1000000000000005,5,N,52219
2.5,2.8000000000000003,3.4000000000000004,1,N,52220
2.5,2.8000000000000003,3.4000000000000004,2,N,52221
2.5,2.8000000000000003,3.4000000000000004,3,N,52222
2.5,2.8000000000000003,3.4000000000000004,4,N,52223
2.5,2.8000000000000003,3.4000000000000004,5,N,52224
2.5,2.8000000000000003,3.7,1,N,52225
2.5,2.8000000000000003,3.7,2,N,52226
2.5,2.8000000000000003,3.7,3,N,52227
2.5,2.8000000000000003,3.7,4,N,52228
2.5,2.8000000000000003,3.7,5,N,52229
2.5,2.8000000000000003,4.0,1,N,52230
2.5,2.8000000000000003,4.0,2,N,52231
2.5,2.8000000000000003,4.0,3,N,52232
2.5,2.8000000000000003,4.0,4,N,52233
2.5,2.8000000000000003,4.0,5,N,52234
2.5,2.8000000000000003,4.300000000000002,1,N,52235
2.5,2.8000000000000003,4.300000000000002,2,N,52236
2.5,2.8000000000000003,4.300000000000002,3,N,52237
2.5,2.8000000000000003,4.300000000000002,4,N,52238
2.5,2.8000000000000003,4.300000000000002,5,N,52239
2.5,2.8000000000000003,4.6000000000000005,1,N,52240
2.5,2.8000000000000003,4.6000000000000005,2,N,52241
2.5,2.8000000000000003,4.6000000000000005,3,N,52242
2.5,2.8000000000000003,4.6000000000000005,4,N,52243
2.5,2.8000000000000003,4.6000000000000005,5,N,52244
2.5,2.8000000000000003,4.9,1,N,52245
2.5,2.8000000000000003,4.9,2,N,52246
2.5,2.8000000000000003,4.9,3,N,52247
2.5,2.8000000000000003,4.9,4,N,52248
2.5,2.8000000000000003,4.9,5,N,52249
2.5,3.1000000000000005,0.01,1,N,52250
2.5,3.1000000000000005,0.01,2,N,52251
2.5,3.1000000000000005,0.01,3,N,52252
2.5,3.1000000000000005,0.01,4,N,52253
2.5,3.1000000000000005,0.01,5,N,52254
2.5,3.1000000000000005,0.11,1,N,52255
2.5,3.1000000000000005,0.11,2,N,52256
2.5,3.1000000000000005,0.11,3,N,52257
2.5,3.1000000000000005,0.11,4,N,52258
2.5,3.1000000000000005,0.11,5,N,52259
2.5,3.1000000000000005,0.21,1,N,52260
2.5,3.1000000000000005,0.21,2,N,52261
2.5,3.1000000000000005,0.21,3,N,52262
2.5,3.1000000000000005,0.21,4,N,52263
2.5,3.1000000000000005,0.21,5,N,52264
2.5,3.1000000000000005,0.31000000000000005,1,N,52265
2.5,3.1000000000000005,0.31000000000000005,2,N,52266
2.5,3.1000000000000005,0.31000000000000005,3,N,52267
2.5,3.1000000000000005,0.31000000000000005,4,N,52268
2.5,3.1000000000000005,0.31000000000000005,5,N,52269
2.5,3.1000000000000005,0.41,1,N,52270
2.5,3.1000000000000005,0.41,2,N,52271
2.5,3.1000000000000005,0.41,3,N,52272
2.5,3.1000000000000005,0.41,4,N,52273
2.5,3.1000000000000005,0.41,5,N,52274
2.5,3.1000000000000005,0.51,1,N,52275
2.5,3.1000000000000005,0.51,2,N,52276
2.5,3.1000000000000005,0.51,3,N,52277
2.5,3.1000000000000005,0.51,4,N,52278
2.5,3.1000000000000005,0.51,5,N,52279
2.5,3.1000000000000005,0.6100000000000001,1,N,52280
2.5,3.1000000000000005,0.6100000000000001,2,N,52281
2.5,3.1000000000000005,0.6100000000000001,3,N,52282
2.5,3.1000000000000005,0.6100000000000001,4,N,52283
2.5,3.1000000000000005,0.6100000000000001,5,N,52284
2.5,3.1000000000000005,0.7100000000000001,1,N,52285
2.5,3.1000000000000005,0.7100000000000001,2,N,52286
2.5,3.1000000000000005,0.7100000000000001,3,N,52287
2.5,3.1000000000000005,0.7100000000000001,4,N,52288
2.5,3.1000000000000005,0.7100000000000001,5,N,52289
2.5,3.1000000000000005,0.81,1,N,52290
2.5,3.1000000000000005,0.81,2,N,52291
2.5,3.1000000000000005,0.81,3,N,52292
2.5,3.1000000000000005,0.81,4,N,52293
2.5,3.1000000000000005,0.81,5,N,52294
2.5,3.1000000000000005,0.91,1,N,52295
2.5,3.1000000000000005,0.91,2,N,52296
2.5,3.1000000000000005,0.91,3,N,52297
2.5,3.1000000000000005,0.91,4,N,52298
2.5,3.1000000000000005,0.91,5,N,52299
2.5,3.1000000000000005,1.01,1,N,52300
2.5,3.1000000000000005,1.01,2,N,52301
2.5,3.1000000000000005,1.01,3,N,52302
2.5,3.1000000000000005,1.01,4,N,52303
2.5,3.1000000000000005,1.01,5,N,52304
2.5,3.1000000000000005,1.11,1,N,52305
2.5,3.1000000000000005,1.11,2,N,52306
2.5,3.1000000000000005,1.11,3,N,52307
2.5,3.1000000000000005,1.11,4,N,52308
2.5,3.1000000000000005,1.11,5,N,52309
2.5,3.1000000000000005,1.3,1,N,52310
2.5,3.1000000000000005,1.3,2,N,52311
2.5,3.1000000000000005,1.3,3,N,52312
2.5,3.1000000000000005,1.3,4,N,52313
2.5,3.1000000000000005,1.3,5,N,52314
2.5,3.1000000000000005,1.6,1,N,52315
2.5,3.1000000000000005,1.6,2,N,52316
2.5,3.1000000000000005,1.6,3,N,52317
2.5,3.1000000000000005,1.6,4,N,52318
2.5,3.1000000000000005,1.6,5,N,52319
2.5,3.1000000000000005,1.9,1,N,52320
2.5,3.1000000000000005,1.9,2,N,52321
2.5,3.1000000000000005,1.9,3,N,52322
2.5,3.1000000000000005,1.9,4,N,52323
2.5,3.1000000000000005,1.9,5,N,52324
2.5,3.1000000000000005,2.2,1,N,52325
2.5,3.1000000000000005,2.2,2,N,52326
2.5,3.1000000000000005,2.2,3,N,52327
2.5,3.1000000000000005,2.2,4,N,52328
2.5,3.1000000000000005,2.2,5,N,52329
2.5,3.1000000000000005,2.5,1,N,52330
2.5,3.1000000000000005,2.5,2,N,52331
2.5,3.1000000000000005,2.5,3,N,52332
2.5,3.1000000000000005,2.5,4,N,52333
2.5,3.1000000000000005,2.5,5,N,52334
2.5,3.1000000000000005,2.8000000000000003,1,N,52335
2.5,3.1000000000000005,2.8000000000000003,2,N,52336
2.5,3.1000000000000005,2.8000000000000003,3,N,52337
2.5,3.1000000000000005,2.8000000000000003,4,N,52338
2.5,3.1000000000000005,2.8000000000000003,5,N,52339
2.5,3.1000000000000005,3.1000000000000005,1,N,52340
2.5,3.1000000000000005,3.1000000000000005,2,N,52341
2.5,3.1000000000000005,3.1000000000000005,3,N,52342
2.5,3.1000000000000005,3.1000000000000005,4,N,52343
2.5,3.1000000000000005,3.1000000000000005,5,N,52344
2.5,3.1000000000000005,3.4000000000000004,1,N,52345
2.5,3.1000000000000005,3.4000000000000004,2,N,52346
2.5,3.1000000000000005,3.4000000000000004,3,N,52347
2.5,3.1000000000000005,3.4000000000000004,4,N,52348
2.5,3.1000000000000005,3.4000000000000004,5,N,52349
2.5,3.1000000000000005,3.7,1,N,52350
2.5,3.1000000000000005,3.7,2,N,52351
2.5,3.1000000000000005,3.7,3,N,52352
2.5,3.1000000000000005,3.7,4,N,52353
2.5,3.1000000000000005,3.7,5,N,52354
2.5,3.1000000000000005,4.0,1,N,52355
2.5,3.1000000000000005,4.0,2,N,52356
2.5,3.1000000000000005,4.0,3,N,52357
2.5,3.1000000000000005,4.0,4,N,52358
2.5,3.1000000000000005,4.0,5,N,52359
2.5,3.1000000000000005,4.300000000000002,1,N,52360
2.5,3.1000000000000005,4.300000000000002,2,N,52361
2.5,3.1000000000000005,4.300000000000002,3,N,52362
2.5,3.1000000000000005,4.300000000000002,4,N,52363
2.5,3.1000000000000005,4.300000000000002,5,N,52364
2.5,3.1000000000000005,4.6000000000000005,1,N,52365
2.5,3.1000000000000005,4.6000000000000005,2,N,52366
2.5,3.1000000000000005,4.6000000000000005,3,N,52367
2.5,3.1000000000000005,4.6000000000000005,4,N,52368
2.5,3.1000000000000005,4.6000000000000005,5,N,52369
2.5,3.1000000000000005,4.9,1,N,52370
2.5,3.1000000000000005,4.9,2,N,52371
2.5,3.1000000000000005,4.9,3,N,52372
2.5,3.1000000000000005,4.9,4,N,52373
2.5,3.1000000000000005,4.9,5,N,52374
2.5,3.4000000000000004,0.01,1,N,52375
2.5,3.4000000000000004,0.01,2,N,52376
2.5,3.4000000000000004,0.01,3,N,52377
2.5,3.4000000000000004,0.01,4,N,52378
2.5,3.4000000000000004,0.01,5,N,52379
2.5,3.4000000000000004,0.11,1,N,52380
2.5,3.4000000000000004,0.11,2,N,52381
2.5,3.4000000000000004,0.11,3,N,52382
2.5,3.4000000000000004,0.11,4,N,52383
2.5,3.4000000000000004,0.11,5,N,52384
2.5,3.4000000000000004,0.21,1,N,52385
2.5,3.4000000000000004,0.21,2,N,52386
2.5,3.4000000000000004,0.21,3,N,52387
2.5,3.4000000000000004,0.21,4,N,52388
2.5,3.4000000000000004,0.21,5,N,52389
2.5,3.4000000000000004,0.31000000000000005,1,N,52390
2.5,3.4000000000000004,0.31000000000000005,2,N,52391
2.5,3.4000000000000004,0.31000000000000005,3,N,52392
2.5,3.4000000000000004,0.31000000000000005,4,N,52393
2.5,3.4000000000000004,0.31000000000000005,5,N,52394
2.5,3.4000000000000004,0.41,1,N,52395
2.5,3.4000000000000004,0.41,2,N,52396
2.5,3.4000000000000004,0.41,3,N,52397
2.5,3.4000000000000004,0.41,4,N,52398
2.5,3.4000000000000004,0.41,5,N,52399
2.5,3.4000000000000004,0.51,1,N,52400
2.5,3.4000000000000004,0.51,2,N,52401
2.5,3.4000000000000004,0.51,3,N,52402
2.5,3.4000000000000004,0.51,4,N,52403
2.5,3.4000000000000004,0.51,5,N,52404
2.5,3.4000000000000004,0.6100000000000001,1,N,52405
2.5,3.4000000000000004,0.6100000000000001,2,N,52406
2.5,3.4000000000000004,0.6100000000000001,3,N,52407
2.5,3.4000000000000004,0.6100000000000001,4,N,52408
2.5,3.4000000000000004,0.6100000000000001,5,N,52409
2.5,3.4000000000000004,0.7100000000000001,1,N,52410
2.5,3.4000000000000004,0.7100000000000001,2,N,52411
2.5,3.4000000000000004,0.7100000000000001,3,N,52412
2.5,3.4000000000000004,0.7100000000000001,4,N,52413
2.5,3.4000000000000004,0.7100000000000001,5,N,52414
2.5,3.4000000000000004,0.81,1,N,52415
2.5,3.4000000000000004,0.81,2,N,52416
2.5,3.4000000000000004,0.81,3,N,52417
2.5,3.4000000000000004,0.81,4,N,52418
2.5,3.4000000000000004,0.81,5,N,52419
2.5,3.4000000000000004,0.91,1,N,52420
2.5,3.4000000000000004,0.91,2,N,52421
2.5,3.4000000000000004,0.91,3,N,52422
2.5,3.4000000000000004,0.91,4,N,52423
2.5,3.4000000000000004,0.91,5,N,52424
2.5,3.4000000000000004,1.01,1,N,52425
2.5,3.4000000000000004,1.01,2,N,52426
2.5,3.4000000000000004,1.01,3,N,52427
2.5,3.4000000000000004,1.01,4,N,52428
2.5,3.4000000000000004,1.01,5,N,52429
2.5,3.4000000000000004,1.11,1,N,52430
2.5,3.4000000000000004,1.11,2,N,52431
2.5,3.4000000000000004,1.11,3,N,52432
2.5,3.4000000000000004,1.11,4,N,52433
2.5,3.4000000000000004,1.11,5,N,52434
2.5,3.4000000000000004,1.3,1,N,52435
2.5,3.4000000000000004,1.3,2,N,52436
2.5,3.4000000000000004,1.3,3,N,52437
2.5,3.4000000000000004,1.3,4,N,52438
2.5,3.4000000000000004,1.3,5,N,52439
2.5,3.4000000000000004,1.6,1,N,52440
2.5,3.4000000000000004,1.6,2,N,52441
2.5,3.4000000000000004,1.6,3,N,52442
2.5,3.4000000000000004,1.6,4,N,52443
2.5,3.4000000000000004,1.6,5,N,52444
2.5,3.4000000000000004,1.9,1,N,52445
2.5,3.4000000000000004,1.9,2,N,52446
2.5,3.4000000000000004,1.9,3,N,52447
2.5,3.4000000000000004,1.9,4,N,52448
2.5,3.4000000000000004,1.9,5,N,52449
2.5,3.4000000000000004,2.2,1,N,52450
2.5,3.4000000000000004,2.2,2,N,52451
2.5,3.4000000000000004,2.2,3,N,52452
2.5,3.4000000000000004,2.2,4,N,52453
2.5,3.4000000000000004,2.2,5,N,52454
2.5,3.4000000000000004,2.5,1,N,52455
2.5,3.4000000000000004,2.5,2,N,52456
2.5,3.4000000000000004,2.5,3,N,52457
2.5,3.4000000000000004,2.5,4,N,52458
2.5,3.4000000000000004,2.5,5,N,52459
2.5,3.4000000000000004,2.8000000000000003,1,N,52460
2.5,3.4000000000000004,2.8000000000000003,2,N,52461
2.5,3.4000000000000004,2.8000000000000003,3,N,52462
2.5,3.4000000000000004,2.8000000000000003,4,N,52463
2.5,3.4000000000000004,2.8000000000000003,5,N,52464
2.5,3.4000000000000004,3.1000000000000005,1,N,52465
2.5,3.4000000000000004,3.1000000000000005,2,N,52466
2.5,3.4000000000000004,3.1000000000000005,3,N,52467
2.5,3.4000000000000004,3.1000000000000005,4,N,52468
2.5,3.4000000000000004,3.1000000000000005,5,N,52469
2.5,3.4000000000000004,3.4000000000000004,1,N,52470
2.5,3.4000000000000004,3.4000000000000004,2,N,52471
2.5,3.4000000000000004,3.4000000000000004,3,N,52472
2.5,3.4000000000000004,3.4000000000000004,4,N,52473
2.5,3.4000000000000004,3.4000000000000004,5,N,52474
2.5,3.4000000000000004,3.7,1,N,52475
2.5,3.4000000000000004,3.7,2,N,52476
2.5,3.4000000000000004,3.7,3,N,52477
2.5,3.4000000000000004,3.7,4,N,52478
2.5,3.4000000000000004,3.7,5,N,52479
2.5,3.4000000000000004,4.0,1,N,52480
2.5,3.4000000000000004,4.0,2,N,52481
2.5,3.4000000000000004,4.0,3,N,52482
2.5,3.4000000000000004,4.0,4,N,52483
2.5,3.4000000000000004,4.0,5,N,52484
2.5,3.4000000000000004,4.300000000000002,1,N,52485
2.5,3.4000000000000004,4.300000000000002,2,N,52486
2.5,3.4000000000000004,4.300000000000002,3,N,52487
2.5,3.4000000000000004,4.300000000000002,4,N,52488
2.5,3.4000000000000004,4.300000000000002,5,N,52489
2.5,3.4000000000000004,4.6000000000000005,1,N,52490
2.5,3.4000000000000004,4.6000000000000005,2,N,52491
2.5,3.4000000000000004,4.6000000000000005,3,N,52492
2.5,3.4000000000000004,4.6000000000000005,4,N,52493
2.5,3.4000000000000004,4.6000000000000005,5,N,52494
2.5,3.4000000000000004,4.9,1,N,52495
2.5,3.4000000000000004,4.9,2,N,52496
2.5,3.4000000000000004,4.9,3,N,52497
2.5,3.4000000000000004,4.9,4,N,52498
2.5,3.4000000000000004,4.9,5,N,52499
2.5,3.7,0.01,1,N,52500
2.5,3.7,0.01,2,N,52501
2.5,3.7,0.01,3,N,52502
2.5,3.7,0.01,4,N,52503
2.5,3.7,0.01,5,N,52504
2.5,3.7,0.11,1,N,52505
2.5,3.7,0.11,2,N,52506
2.5,3.7,0.11,3,N,52507
2.5,3.7,0.11,4,N,52508
2.5,3.7,0.11,5,N,52509
2.5,3.7,0.21,1,N,52510
2.5,3.7,0.21,2,N,52511
2.5,3.7,0.21,3,N,52512
2.5,3.7,0.21,4,N,52513
2.5,3.7,0.21,5,N,52514
2.5,3.7,0.31000000000000005,1,N,52515
2.5,3.7,0.31000000000000005,2,N,52516
2.5,3.7,0.31000000000000005,3,N,52517
2.5,3.7,0.31000000000000005,4,N,52518
2.5,3.7,0.31000000000000005,5,N,52519
2.5,3.7,0.41,1,N,52520
2.5,3.7,0.41,2,N,52521
2.5,3.7,0.41,3,N,52522
2.5,3.7,0.41,4,N,52523
2.5,3.7,0.41,5,N,52524
2.5,3.7,0.51,1,N,52525
2.5,3.7,0.51,2,N,52526
2.5,3.7,0.51,3,N,52527
2.5,3.7,0.51,4,N,52528
2.5,3.7,0.51,5,N,52529
2.5,3.7,0.6100000000000001,1,N,52530
2.5,3.7,0.6100000000000001,2,N,52531
2.5,3.7,0.6100000000000001,3,N,52532
2.5,3.7,0.6100000000000001,4,N,52533
2.5,3.7,0.6100000000000001,5,N,52534
2.5,3.7,0.7100000000000001,1,N,52535
2.5,3.7,0.7100000000000001,2,N,52536
2.5,3.7,0.7100000000000001,3,N,52537
2.5,3.7,0.7100000000000001,4,N,52538
2.5,3.7,0.7100000000000001,5,N,52539
2.5,3.7,0.81,1,N,52540
2.5,3.7,0.81,2,N,52541
2.5,3.7,0.81,3,N,52542
2.5,3.7,0.81,4,N,52543
2.5,3.7,0.81,5,N,52544
2.5,3.7,0.91,1,N,52545
2.5,3.7,0.91,2,N,52546
2.5,3.7,0.91,3,N,52547
2.5,3.7,0.91,4,N,52548
2.5,3.7,0.91,5,N,52549
2.5,3.7,1.01,1,N,52550
2.5,3.7,1.01,2,N,52551
2.5,3.7,1.01,3,N,52552
2.5,3.7,1.01,4,N,52553
2.5,3.7,1.01,5,N,52554
2.5,3.7,1.11,1,N,52555
2.5,3.7,1.11,2,N,52556
2.5,3.7,1.11,3,N,52557
2.5,3.7,1.11,4,N,52558
2.5,3.7,1.11,5,N,52559
2.5,3.7,1.3,1,N,52560
2.5,3.7,1.3,2,N,52561
2.5,3.7,1.3,3,N,52562
2.5,3.7,1.3,4,N,52563
2.5,3.7,1.3,5,N,52564
2.5,3.7,1.6,1,N,52565
2.5,3.7,1.6,2,N,52566
2.5,3.7,1.6,3,N,52567
2.5,3.7,1.6,4,N,52568
2.5,3.7,1.6,5,N,52569
2.5,3.7,1.9,1,N,52570
2.5,3.7,1.9,2,N,52571
2.5,3.7,1.9,3,N,52572
2.5,3.7,1.9,4,N,52573
2.5,3.7,1.9,5,N,52574
2.5,3.7,2.2,1,N,52575
2.5,3.7,2.2,2,N,52576
2.5,3.7,2.2,3,N,52577
2.5,3.7,2.2,4,N,52578
2.5,3.7,2.2,5,N,52579
2.5,3.7,2.5,1,N,52580
2.5,3.7,2.5,2,N,52581
2.5,3.7,2.5,3,N,52582
2.5,3.7,2.5,4,N,52583
2.5,3.7,2.5,5,N,52584
2.5,3.7,2.8000000000000003,1,N,52585
2.5,3.7,2.8000000000000003,2,N,52586
2.5,3.7,2.8000000000000003,3,N,52587
2.5,3.7,2.8000000000000003,4,N,52588
2.5,3.7,2.8000000000000003,5,N,52589
2.5,3.7,3.1000000000000005,1,N,52590
2.5,3.7,3.1000000000000005,2,N,52591
2.5,3.7,3.1000000000000005,3,N,52592
2.5,3.7,3.1000000000000005,4,N,52593
2.5,3.7,3.1000000000000005,5,N,52594
2.5,3.7,3.4000000000000004,1,N,52595
2.5,3.7,3.4000000000000004,2,N,52596
2.5,3.7,3.4000000000000004,3,N,52597
2.5,3.7,3.4000000000000004,4,N,52598
2.5,3.7,3.4000000000000004,5,N,52599
2.5,3.7,3.7,1,N,52600
2.5,3.7,3.7,2,N,52601
2.5,3.7,3.7,3,N,52602
2.5,3.7,3.7,4,N,52603
2.5,3.7,3.7,5,N,52604
2.5,3.7,4.0,1,N,52605
2.5,3.7,4.0,2,N,52606
2.5,3.7,4.0,3,N,52607
2.5,3.7,4.0,4,N,52608
2.5,3.7,4.0,5,N,52609
2.5,3.7,4.300000000000002,1,N,52610
2.5,3.7,4.300000000000002,2,N,52611
2.5,3.7,4.300000000000002,3,N,52612
2.5,3.7,4.300000000000002,4,N,52613
2.5,3.7,4.300000000000002,5,N,52614
2.5,3.7,4.6000000000000005,1,N,52615
2.5,3.7,4.6000000000000005,2,N,52616
2.5,3.7,4.6000000000000005,3,N,52617
2.5,3.7,4.6000000000000005,4,N,52618
2.5,3.7,4.6000000000000005,5,N,52619
2.5,3.7,4.9,1,N,52620
2.5,3.7,4.9,2,N,52621
2.5,3.7,4.9,3,N,52622
2.5,3.7,4.9,4,N,52623
2.5,3.7,4.9,5,N,52624
2.5,4.0,0.01,1,N,52625
2.5,4.0,0.01,2,N,52626
2.5,4.0,0.01,3,N,52627
2.5,4.0,0.01,4,N,52628
2.5,4.0,0.01,5,N,52629
2.5,4.0,0.11,1,N,52630
2.5,4.0,0.11,2,N,52631
2.5,4.0,0.11,3,N,52632
2.5,4.0,0.11,4,N,52633
2.5,4.0,0.11,5,N,52634
2.5,4.0,0.21,1,N,52635
2.5,4.0,0.21,2,N,52636
2.5,4.0,0.21,3,N,52637
2.5,4.0,0.21,4,N,52638
2.5,4.0,0.21,5,N,52639
2.5,4.0,0.31000000000000005,1,N,52640
2.5,4.0,0.31000000000000005,2,N,52641
2.5,4.0,0.31000000000000005,3,N,52642
2.5,4.0,0.31000000000000005,4,N,52643
2.5,4.0,0.31000000000000005,5,N,52644
2.5,4.0,0.41,1,N,52645
2.5,4.0,0.41,2,N,52646
2.5,4.0,0.41,3,N,52647
2.5,4.0,0.41,4,N,52648
2.5,4.0,0.41,5,N,52649
2.5,4.0,0.51,1,N,52650
2.5,4.0,0.51,2,N,52651
2.5,4.0,0.51,3,N,52652
2.5,4.0,0.51,4,N,52653
2.5,4.0,0.51,5,N,52654
2.5,4.0,0.6100000000000001,1,N,52655
2.5,4.0,0.6100000000000001,2,N,52656
2.5,4.0,0.6100000000000001,3,N,52657
2.5,4.0,0.6100000000000001,4,N,52658
2.5,4.0,0.6100000000000001,5,N,52659
2.5,4.0,0.7100000000000001,1,N,52660
2.5,4.0,0.7100000000000001,2,N,52661
2.5,4.0,0.7100000000000001,3,N,52662
2.5,4.0,0.7100000000000001,4,N,52663
2.5,4.0,0.7100000000000001,5,N,52664
2.5,4.0,0.81,1,N,52665
2.5,4.0,0.81,2,N,52666
2.5,4.0,0.81,3,N,52667
2.5,4.0,0.81,4,N,52668
2.5,4.0,0.81,5,N,52669
2.5,4.0,0.91,1,N,52670
2.5,4.0,0.91,2,N,52671
2.5,4.0,0.91,3,N,52672
2.5,4.0,0.91,4,N,52673
2.5,4.0,0.91,5,N,52674
2.5,4.0,1.01,1,N,52675
2.5,4.0,1.01,2,N,52676
2.5,4.0,1.01,3,N,52677
2.5,4.0,1.01,4,N,52678
2.5,4.0,1.01,5,N,52679
2.5,4.0,1.11,1,N,52680
2.5,4.0,1.11,2,N,52681
2.5,4.0,1.11,3,N,52682
2.5,4.0,1.11,4,N,52683
2.5,4.0,1.11,5,N,52684
2.5,4.0,1.3,1,N,52685
2.5,4.0,1.3,2,N,52686
2.5,4.0,1.3,3,N,52687
2.5,4.0,1.3,4,N,52688
2.5,4.0,1.3,5,N,52689
2.5,4.0,1.6,1,N,52690
2.5,4.0,1.6,2,N,52691
2.5,4.0,1.6,3,N,52692
2.5,4.0,1.6,4,N,52693
2.5,4.0,1.6,5,N,52694
2.5,4.0,1.9,1,N,52695
2.5,4.0,1.9,2,N,52696
2.5,4.0,1.9,3,N,52697
2.5,4.0,1.9,4,N,52698
2.5,4.0,1.9,5,N,52699
2.5,4.0,2.2,1,N,52700
2.5,4.0,2.2,2,N,52701
2.5,4.0,2.2,3,N,52702
2.5,4.0,2.2,4,N,52703
2.5,4.0,2.2,5,N,52704
2.5,4.0,2.5,1,N,52705
2.5,4.0,2.5,2,N,52706
2.5,4.0,2.5,3,N,52707
2.5,4.0,2.5,4,N,52708
2.5,4.0,2.5,5,N,52709
2.5,4.0,2.8000000000000003,1,N,52710
2.5,4.0,2.8000000000000003,2,N,52711
2.5,4.0,2.8000000000000003,3,N,52712
2.5,4.0,2.8000000000000003,4,N,52713
2.5,4.0,2.8000000000000003,5,N,52714
2.5,4.0,3.1000000000000005,1,N,52715
2.5,4.0,3.1000000000000005,2,N,52716
2.5,4.0,3.1000000000000005,3,N,52717
2.5,4.0,3.1000000000000005,4,N,52718
2.5,4.0,3.1000000000000005,5,N,52719
2.5,4.0,3.4000000000000004,1,N,52720
2.5,4.0,3.4000000000000004,2,N,52721
2.5,4.0,3.4000000000000004,3,N,52722
2.5,4.0,3.4000000000000004,4,N,52723
2.5,4.0,3.4000000000000004,5,N,52724
2.5,4.0,3.7,1,N,52725
2.5,4.0,3.7,2,N,52726
2.5,4.0,3.7,3,N,52727
2.5,4.0,3.7,4,N,52728
2.5,4.0,3.7,5,N,52729
2.5,4.0,4.0,1,N,52730
2.5,4.0,4.0,2,N,52731
2.5,4.0,4.0,3,N,52732
2.5,4.0,4.0,4,N,52733
2.5,4.0,4.0,5,N,52734
2.5,4.0,4.300000000000002,1,N,52735
2.5,4.0,4.300000000000002,2,N,52736
2.5,4.0,4.300000000000002,3,N,52737
2.5,4.0,4.300000000000002,4,N,52738
2.5,4.0,4.300000000000002,5,N,52739
2.5,4.0,4.6000000000000005,1,N,52740
2.5,4.0,4.6000000000000005,2,N,52741
2.5,4.0,4.6000000000000005,3,N,52742
2.5,4.0,4.6000000000000005,4,N,52743
2.5,4.0,4.6000000000000005,5,N,52744
2.5,4.0,4.9,1,N,52745
2.5,4.0,4.9,2,N,52746
2.5,4.0,4.9,3,N,52747
2.5,4.0,4.9,4,N,52748
2.5,4.0,4.9,5,N,52749
2.5,4.300000000000002,0.01,1,N,52750
2.5,4.300000000000002,0.01,2,N,52751
2.5,4.300000000000002,0.01,3,N,52752
2.5,4.300000000000002,0.01,4,N,52753
2.5,4.300000000000002,0.01,5,N,52754
2.5,4.300000000000002,0.11,1,N,52755
2.5,4.300000000000002,0.11,2,N,52756
2.5,4.300000000000002,0.11,3,N,52757
2.5,4.300000000000002,0.11,4,N,52758
2.5,4.300000000000002,0.11,5,N,52759
2.5,4.300000000000002,0.21,1,N,52760
2.5,4.300000000000002,0.21,2,N,52761
2.5,4.300000000000002,0.21,3,N,52762
2.5,4.300000000000002,0.21,4,N,52763
2.5,4.300000000000002,0.21,5,N,52764
2.5,4.300000000000002,0.31000000000000005,1,N,52765
2.5,4.300000000000002,0.31000000000000005,2,N,52766
2.5,4.300000000000002,0.31000000000000005,3,N,52767
2.5,4.300000000000002,0.31000000000000005,4,N,52768
2.5,4.300000000000002,0.31000000000000005,5,N,52769
2.5,4.300000000000002,0.41,1,N,52770
2.5,4.300000000000002,0.41,2,N,52771
2.5,4.300000000000002,0.41,3,N,52772
2.5,4.300000000000002,0.41,4,N,52773
2.5,4.300000000000002,0.41,5,N,52774
2.5,4.300000000000002,0.51,1,N,52775
2.5,4.300000000000002,0.51,2,N,52776
2.5,4.300000000000002,0.51,3,N,52777
2.5,4.300000000000002,0.51,4,N,52778
2.5,4.300000000000002,0.51,5,N,52779
2.5,4.300000000000002,0.6100000000000001,1,N,52780
2.5,4.300000000000002,0.6100000000000001,2,N,52781
2.5,4.300000000000002,0.6100000000000001,3,N,52782
2.5,4.300000000000002,0.6100000000000001,4,N,52783
2.5,4.300000000000002,0.6100000000000001,5,N,52784
2.5,4.300000000000002,0.7100000000000001,1,N,52785
2.5,4.300000000000002,0.7100000000000001,2,N,52786
2.5,4.300000000000002,0.7100000000000001,3,N,52787
2.5,4.300000000000002,0.7100000000000001,4,N,52788
2.5,4.300000000000002,0.7100000000000001,5,N,52789
2.5,4.300000000000002,0.81,1,N,52790
2.5,4.300000000000002,0.81,2,N,52791
2.5,4.300000000000002,0.81,3,N,52792
2.5,4.300000000000002,0.81,4,N,52793
2.5,4.300000000000002,0.81,5,N,52794
2.5,4.300000000000002,0.91,1,N,52795
2.5,4.300000000000002,0.91,2,N,52796
2.5,4.300000000000002,0.91,3,N,52797
2.5,4.300000000000002,0.91,4,N,52798
2.5,4.300000000000002,0.91,5,N,52799
2.5,4.300000000000002,1.01,1,N,52800
2.5,4.300000000000002,1.01,2,N,52801
2.5,4.300000000000002,1.01,3,N,52802
2.5,4.300000000000002,1.01,4,N,52803
2.5,4.300000000000002,1.01,5,N,52804
2.5,4.300000000000002,1.11,1,N,52805
2.5,4.300000000000002,1.11,2,N,52806
2.5,4.300000000000002,1.11,3,N,52807
2.5,4.300000000000002,1.11,4,N,52808
2.5,4.300000000000002,1.11,5,N,52809
2.5,4.300000000000002,1.3,1,N,52810
2.5,4.300000000000002,1.3,2,N,52811
2.5,4.300000000000002,1.3,3,N,52812
2.5,4.300000000000002,1.3,4,N,52813
2.5,4.300000000000002,1.3,5,N,52814
2.5,4.300000000000002,1.6,1,N,52815
2.5,4.300000000000002,1.6,2,N,52816
2.5,4.300000000000002,1.6,3,N,52817
2.5,4.300000000000002,1.6,4,N,52818
2.5,4.300000000000002,1.6,5,N,52819
2.5,4.300000000000002,1.9,1,N,52820
2.5,4.300000000000002,1.9,2,N,52821
2.5,4.300000000000002,1.9,3,N,52822
2.5,4.300000000000002,1.9,4,N,52823
2.5,4.300000000000002,1.9,5,N,52824
2.5,4.300000000000002,2.2,1,N,52825
2.5,4.300000000000002,2.2,2,N,52826
2.5,4.300000000000002,2.2,3,N,52827
2.5,4.300000000000002,2.2,4,N,52828
2.5,4.300000000000002,2.2,5,N,52829
2.5,4.300000000000002,2.5,1,N,52830
2.5,4.300000000000002,2.5,2,N,52831
2.5,4.300000000000002,2.5,3,N,52832
2.5,4.300000000000002,2.5,4,N,52833
2.5,4.300000000000002,2.5,5,N,52834
2.5,4.300000000000002,2.8000000000000003,1,N,52835
2.5,4.300000000000002,2.8000000000000003,2,N,52836
2.5,4.300000000000002,2.8000000000000003,3,N,52837
2.5,4.300000000000002,2.8000000000000003,4,N,52838
2.5,4.300000000000002,2.8000000000000003,5,N,52839
2.5,4.300000000000002,3.1000000000000005,1,N,52840
2.5,4.300000000000002,3.1000000000000005,2,N,52841
2.5,4.300000000000002,3.1000000000000005,3,N,52842
2.5,4.300000000000002,3.1000000000000005,4,N,52843
2.5,4.300000000000002,3.1000000000000005,5,N,52844
2.5,4.300000000000002,3.4000000000000004,1,N,52845
2.5,4.300000000000002,3.4000000000000004,2,N,52846
2.5,4.300000000000002,3.4000000000000004,3,N,52847
2.5,4.300000000000002,3.4000000000000004,4,N,52848
2.5,4.300000000000002,3.4000000000000004,5,N,52849
2.5,4.300000000000002,3.7,1,N,52850
2.5,4.300000000000002,3.7,2,N,52851
2.5,4.300000000000002,3.7,3,N,52852
2.5,4.300000000000002,3.7,4,N,52853
2.5,4.300000000000002,3.7,5,N,52854
2.5,4.300000000000002,4.0,1,N,52855
2.5,4.300000000000002,4.0,2,N,52856
2.5,4.300000000000002,4.0,3,N,52857
2.5,4.300000000000002,4.0,4,N,52858
2.5,4.300000000000002,4.0,5,N,52859
2.5,4.300000000000002,4.300000000000002,1,N,52860
2.5,4.300000000000002,4.300000000000002,2,N,52861
2.5,4.300000000000002,4.300000000000002,3,N,52862
2.5,4.300000000000002,4.300000000000002,4,N,52863
2.5,4.300000000000002,4.300000000000002,5,N,52864
2.5,4.300000000000002,4.6000000000000005,1,N,52865
2.5,4.300000000000002,4.6000000000000005,2,N,52866
2.5,4.300000000000002,4.6000000000000005,3,N,52867
2.5,4.300000000000002,4.6000000000000005,4,N,52868
2.5,4.300000000000002,4.6000000000000005,5,N,52869
2.5,4.300000000000002,4.9,1,N,52870
2.5,4.300000000000002,4.9,2,N,52871
2.5,4.300000000000002,4.9,3,N,52872
2.5,4.300000000000002,4.9,4,N,52873
2.5,4.300000000000002,4.9,5,N,52874
2.5,4.6000000000000005,0.01,1,N,52875
2.5,4.6000000000000005,0.01,2,N,52876
2.5,4.6000000000000005,0.01,3,N,52877
2.5,4.6000000000000005,0.01,4,N,52878
2.5,4.6000000000000005,0.01,5,N,52879
2.5,4.6000000000000005,0.11,1,N,52880
2.5,4.6000000000000005,0.11,2,N,52881
2.5,4.6000000000000005,0.11,3,N,52882
2.5,4.6000000000000005,0.11,4,N,52883
2.5,4.6000000000000005,0.11,5,N,52884
2.5,4.6000000000000005,0.21,1,N,52885
2.5,4.6000000000000005,0.21,2,N,52886
2.5,4.6000000000000005,0.21,3,N,52887
2.5,4.6000000000000005,0.21,4,N,52888
2.5,4.6000000000000005,0.21,5,N,52889
2.5,4.6000000000000005,0.31000000000000005,1,N,52890
2.5,4.6000000000000005,0.31000000000000005,2,N,52891
2.5,4.6000000000000005,0.31000000000000005,3,N,52892
2.5,4.6000000000000005,0.31000000000000005,4,N,52893
2.5,4.6000000000000005,0.31000000000000005,5,N,52894
2.5,4.6000000000000005,0.41,1,N,52895
2.5,4.6000000000000005,0.41,2,N,52896
2.5,4.6000000000000005,0.41,3,N,52897
2.5,4.6000000000000005,0.41,4,N,52898
2.5,4.6000000000000005,0.41,5,N,52899
2.5,4.6000000000000005,0.51,1,N,52900
2.5,4.6000000000000005,0.51,2,N,52901
2.5,4.6000000000000005,0.51,3,N,52902
2.5,4.6000000000000005,0.51,4,N,52903
2.5,4.6000000000000005,0.51,5,N,52904
2.5,4.6000000000000005,0.6100000000000001,1,N,52905
2.5,4.6000000000000005,0.6100000000000001,2,N,52906
2.5,4.6000000000000005,0.6100000000000001,3,N,52907
2.5,4.6000000000000005,0.6100000000000001,4,N,52908
2.5,4.6000000000000005,0.6100000000000001,5,N,52909
2.5,4.6000000000000005,0.7100000000000001,1,N,52910
2.5,4.6000000000000005,0.7100000000000001,2,N,52911
2.5,4.6000000000000005,0.7100000000000001,3,N,52912
2.5,4.6000000000000005,0.7100000000000001,4,N,52913
2.5,4.6000000000000005,0.7100000000000001,5,N,52914
2.5,4.6000000000000005,0.81,1,N,52915
2.5,4.6000000000000005,0.81,2,N,52916
2.5,4.6000000000000005,0.81,3,N,52917
2.5,4.6000000000000005,0.81,4,N,52918
2.5,4.6000000000000005,0.81,5,N,52919
2.5,4.6000000000000005,0.91,1,N,52920
2.5,4.6000000000000005,0.91,2,N,52921
2.5,4.6000000000000005,0.91,3,N,52922
2.5,4.6000000000000005,0.91,4,N,52923
2.5,4.6000000000000005,0.91,5,N,52924
2.5,4.6000000000000005,1.01,1,N,52925
2.5,4.6000000000000005,1.01,2,N,52926
2.5,4.6000000000000005,1.01,3,N,52927
2.5,4.6000000000000005,1.01,4,N,52928
2.5,4.6000000000000005,1.01,5,N,52929
2.5,4.6000000000000005,1.11,1,N,52930
2.5,4.6000000000000005,1.11,2,N,52931
2.5,4.6000000000000005,1.11,3,N,52932
2.5,4.6000000000000005,1.11,4,N,52933
2.5,4.6000000000000005,1.11,5,N,52934
2.5,4.6000000000000005,1.3,1,N,52935
2.5,4.6000000000000005,1.3,2,N,52936
2.5,4.6000000000000005,1.3,3,N,52937
2.5,4.6000000000000005,1.3,4,N,52938
2.5,4.6000000000000005,1.3,5,N,52939
2.5,4.6000000000000005,1.6,1,N,52940
2.5,4.6000000000000005,1.6,2,N,52941
2.5,4.6000000000000005,1.6,3,N,52942
2.5,4.6000000000000005,1.6,4,N,52943
2.5,4.6000000000000005,1.6,5,N,52944
2.5,4.6000000000000005,1.9,1,N,52945
2.5,4.6000000000000005,1.9,2,N,52946
2.5,4.6000000000000005,1.9,3,N,52947
2.5,4.6000000000000005,1.9,4,N,52948
2.5,4.6000000000000005,1.9,5,N,52949
2.5,4.6000000000000005,2.2,1,N,52950
2.5,4.6000000000000005,2.2,2,N,52951
2.5,4.6000000000000005,2.2,3,N,52952
2.5,4.6000000000000005,2.2,4,N,52953
2.5,4.6000000000000005,2.2,5,N,52954
2.5,4.6000000000000005,2.5,1,N,52955
2.5,4.6000000000000005,2.5,2,N,52956
2.5,4.6000000000000005,2.5,3,N,52957
2.5,4.6000000000000005,2.5,4,N,52958
2.5,4.6000000000000005,2.5,5,N,52959
2.5,4.6000000000000005,2.8000000000000003,1,N,52960
2.5,4.6000000000000005,2.8000000000000003,2,N,52961
2.5,4.6000000000000005,2.8000000000000003,3,N,52962
2.5,4.6000000000000005,2.8000000000000003,4,N,52963
2.5,4.6000000000000005,2.8000000000000003,5,N,52964
2.5,4.6000000000000005,3.1000000000000005,1,N,52965
2.5,4.6000000000000005,3.1000000000000005,2,N,52966
2.5,4.6000000000000005,3.1000000000000005,3,N,52967
2.5,4.6000000000000005,3.1000000000000005,4,N,52968
2.5,4.6000000000000005,3.1000000000000005,5,N,52969
2.5,4.6000000000000005,3.4000000000000004,1,N,52970
2.5,4.6000000000000005,3.4000000000000004,2,N,52971
2.5,4.6000000000000005,3.4000000000000004,3,N,52972
2.5,4.6000000000000005,3.4000000000000004,4,N,52973
2.5,4.6000000000000005,3.4000000000000004,5,N,52974
2.5,4.6000000000000005,3.7,1,N,52975
2.5,4.6000000000000005,3.7,2,N,52976
2.5,4.6000000000000005,3.7,3,N,52977
2.5,4.6000000000000005,3.7,4,N,52978
2.5,4.6000000000000005,3.7,5,N,52979
2.5,4.6000000000000005,4.0,1,N,52980
2.5,4.6000000000000005,4.0,2,N,52981
2.5,4.6000000000000005,4.0,3,N,52982
2.5,4.6000000000000005,4.0,4,N,52983
2.5,4.6000000000000005,4.0,5,N,52984
2.5,4.6000000000000005,4.300000000000002,1,N,52985
2.5,4.6000000000000005,4.300000000000002,2,N,52986
2.5,4.6000000000000005,4.300000000000002,3,N,52987
2.5,4.6000000000000005,4.300000000000002,4,N,52988
2.5,4.6000000000000005,4.300000000000002,5,N,52989
2.5,4.6000000000000005,4.6000000000000005,1,N,52990
2.5,4.6000000000000005,4.6000000000000005,2,N,52991
2.5,4.6000000000000005,4.6000000000000005,3,N,52992
2.5,4.6000000000000005,4.6000000000000005,4,N,52993
2.5,4.6000000000000005,4.6000000000000005,5,N,52994
2.5,4.6000000000000005,4.9,1,N,52995
2.5,4.6000000000000005,4.9,2,N,52996
2.5,4.6000000000000005,4.9,3,N,52997
2.5,4.6000000000000005,4.9,4,N,52998
2.5,4.6000000000000005,4.9,5,N,52999
2.5,4.9,0.01,1,N,53000
2.5,4.9,0.01,2,N,53001
2.5,4.9,0.01,3,N,53002
2.5,4.9,0.01,4,N,53003
2.5,4.9,0.01,5,N,53004
2.5,4.9,0.11,1,N,53005
2.5,4.9,0.11,2,N,53006
2.5,4.9,0.11,3,N,53007
2.5,4.9,0.11,4,N,53008
2.5,4.9,0.11,5,N,53009
2.5,4.9,0.21,1,N,53010
2.5,4.9,0.21,2,N,53011
2.5,4.9,0.21,3,N,53012
2.5,4.9,0.21,4,N,53013
2.5,4.9,0.21,5,N,53014
2.5,4.9,0.31000000000000005,1,N,53015
2.5,4.9,0.31000000000000005,2,N,53016
2.5,4.9,0.31000000000000005,3,N,53017
2.5,4.9,0.31000000000000005,4,N,53018
2.5,4.9,0.31000000000000005,5,N,53019
2.5,4.9,0.41,1,N,53020
2.5,4.9,0.41,2,N,53021
2.5,4.9,0.41,3,N,53022
2.5,4.9,0.41,4,N,53023
2.5,4.9,0.41,5,N,53024
2.5,4.9,0.51,1,N,53025
2.5,4.9,0.51,2,N,53026
2.5,4.9,0.51,3,N,53027
2.5,4.9,0.51,4,N,53028
2.5,4.9,0.51,5,N,53029
2.5,4.9,0.6100000000000001,1,N,53030
2.5,4.9,0.6100000000000001,2,N,53031
2.5,4.9,0.6100000000000001,3,N,53032
2.5,4.9,0.6100000000000001,4,N,53033
2.5,4.9,0.6100000000000001,5,N,53034
2.5,4.9,0.7100000000000001,1,N,53035
2.5,4.9,0.7100000000000001,2,N,53036
2.5,4.9,0.7100000000000001,3,N,53037
2.5,4.9,0.7100000000000001,4,N,53038
2.5,4.9,0.7100000000000001,5,N,53039
2.5,4.9,0.81,1,N,53040
2.5,4.9,0.81,2,N,53041
2.5,4.9,0.81,3,N,53042
2.5,4.9,0.81,4,N,53043
2.5,4.9,0.81,5,N,53044
2.5,4.9,0.91,1,N,53045
2.5,4.9,0.91,2,N,53046
2.5,4.9,0.91,3,N,53047
2.5,4.9,0.91,4,N,53048
2.5,4.9,0.91,5,N,53049
2.5,4.9,1.01,1,N,53050
2.5,4.9,1.01,2,N,53051
2.5,4.9,1.01,3,N,53052
2.5,4.9,1.01,4,N,53053
2.5,4.9,1.01,5,N,53054
2.5,4.9,1.11,1,N,53055
2.5,4.9,1.11,2,N,53056
2.5,4.9,1.11,3,N,53057
2.5,4.9,1.11,4,N,53058
2.5,4.9,1.11,5,N,53059
2.5,4.9,1.3,1,N,53060
2.5,4.9,1.3,2,N,53061
2.5,4.9,1.3,3,N,53062
2.5,4.9,1.3,4,N,53063
2.5,4.9,1.3,5,N,53064
2.5,4.9,1.6,1,N,53065
2.5,4.9,1.6,2,N,53066
2.5,4.9,1.6,3,N,53067
2.5,4.9,1.6,4,N,53068
2.5,4.9,1.6,5,N,53069
2.5,4.9,1.9,1,N,53070
2.5,4.9,1.9,2,N,53071
2.5,4.9,1.9,3,N,53072
2.5,4.9,1.9,4,N,53073
2.5,4.9,1.9,5,N,53074
2.5,4.9,2.2,1,N,53075
2.5,4.9,2.2,2,N,53076
2.5,4.9,2.2,3,N,53077
2.5,4.9,2.2,4,N,53078
2.5,4.9,2.2,5,N,53079
2.5,4.9,2.5,1,N,53080
2.5,4.9,2.5,2,N,53081
2.5,4.9,2.5,3,N,53082
2.5,4.9,2.5,4,N,53083
2.5,4.9,2.5,5,N,53084
2.5,4.9,2.8000000000000003,1,N,53085
2.5,4.9,2.8000000000000003,2,N,53086
2.5,4.9,2.8000000000000003,3,N,53087
2.5,4.9,2.8000000000000003,4,N,53088
2.5,4.9,2.8000000000000003,5,N,53089
2.5,4.9,3.1000000000000005,1,N,53090
2.5,4.9,3.1000000000000005,2,N,53091
2.5,4.9,3.1000000000000005,3,N,53092
2.5,4.9,3.1000000000000005,4,N,53093
2.5,4.9,3.1000000000000005,5,N,53094
2.5,4.9,3.4000000000000004,1,N,53095
2.5,4.9,3.4000000000000004,2,N,53096
2.5,4.9,3.4000000000000004,3,N,53097
2.5,4.9,3.4000000000000004,4,N,53098
2.5,4.9,3.4000000000000004,5,N,53099
2.5,4.9,3.7,1,N,53100
2.5,4.9,3.7,2,N,53101
2.5,4.9,3.7,3,N,53102
2.5,4.9,3.7,4,N,53103
2.5,4.9,3.7,5,N,53104
2.5,4.9,4.0,1,N,53105
2.5,4.9,4.0,2,N,53106
2.5,4.9,4.0,3,N,53107
2.5,4.9,4.0,4,N,53108
2.5,4.9,4.0,5,N,53109
2.5,4.9,4.300000000000002,1,N,53110
2.5,4.9,4.300000000000002,2,N,53111
2.5,4.9,4.300000000000002,3,N,53112
2.5,4.9,4.300000000000002,4,N,53113
2.5,4.9,4.300000000000002,5,N,53114
2.5,4.9,4.6000000000000005,1,N,53115
2.5,4.9,4.6000000000000005,2,N,53116
2.5,4.9,4.6000000000000005,3,N,53117
2.5,4.9,4.6000000000000005,4,N,53118
2.5,4.9,4.6000000000000005,5,N,53119
2.5,4.9,4.9,1,N,53120
2.5,4.9,4.9,2,N,53121
2.5,4.9,4.9,3,N,53122
2.5,4.9,4.9,4,N,53123
2.5,4.9,4.9,5,N,53124
2.8000000000000003,0.01,0.01,1,N,53125
2.8000000000000003,0.01,0.01,2,N,53126
2.8000000000000003,0.01,0.01,3,N,53127
2.8000000000000003,0.01,0.01,4,N,53128
2.8000000000000003,0.01,0.01,5,N,53129
2.8000000000000003,0.01,0.11,1,N,53130
2.8000000000000003,0.01,0.11,2,N,53131
2.8000000000000003,0.01,0.11,3,N,53132
2.8000000000000003,0.01,0.11,4,N,53133
2.8000000000000003,0.01,0.11,5,N,53134
2.8000000000000003,0.01,0.21,1,N,53135
2.8000000000000003,0.01,0.21,2,N,53136
2.8000000000000003,0.01,0.21,3,N,53137
2.8000000000000003,0.01,0.21,4,N,53138
2.8000000000000003,0.01,0.21,5,N,53139
2.8000000000000003,0.01,0.31000000000000005,1,N,53140
2.8000000000000003,0.01,0.31000000000000005,2,N,53141
2.8000000000000003,0.01,0.31000000000000005,3,N,53142
2.8000000000000003,0.01,0.31000000000000005,4,N,53143
2.8000000000000003,0.01,0.31000000000000005,5,N,53144
2.8000000000000003,0.01,0.41,1,N,53145
2.8000000000000003,0.01,0.41,2,N,53146
2.8000000000000003,0.01,0.41,3,N,53147
2.8000000000000003,0.01,0.41,4,N,53148
2.8000000000000003,0.01,0.41,5,N,53149
2.8000000000000003,0.01,0.51,1,N,53150
2.8000000000000003,0.01,0.51,2,N,53151
2.8000000000000003,0.01,0.51,3,N,53152
2.8000000000000003,0.01,0.51,4,N,53153
2.8000000000000003,0.01,0.51,5,N,53154
2.8000000000000003,0.01,0.6100000000000001,1,N,53155
2.8000000000000003,0.01,0.6100000000000001,2,N,53156
2.8000000000000003,0.01,0.6100000000000001,3,N,53157
2.8000000000000003,0.01,0.6100000000000001,4,N,53158
2.8000000000000003,0.01,0.6100000000000001,5,N,53159
2.8000000000000003,0.01,0.7100000000000001,1,N,53160
2.8000000000000003,0.01,0.7100000000000001,2,N,53161
2.8000000000000003,0.01,0.7100000000000001,3,N,53162
2.8000000000000003,0.01,0.7100000000000001,4,N,53163
2.8000000000000003,0.01,0.7100000000000001,5,N,53164
2.8000000000000003,0.01,0.81,1,N,53165
2.8000000000000003,0.01,0.81,2,N,53166
2.8000000000000003,0.01,0.81,3,N,53167
2.8000000000000003,0.01,0.81,4,N,53168
2.8000000000000003,0.01,0.81,5,N,53169
2.8000000000000003,0.01,0.91,1,N,53170
2.8000000000000003,0.01,0.91,2,N,53171
2.8000000000000003,0.01,0.91,3,N,53172
2.8000000000000003,0.01,0.91,4,N,53173
2.8000000000000003,0.01,0.91,5,N,53174
2.8000000000000003,0.01,1.01,1,N,53175
2.8000000000000003,0.01,1.01,2,N,53176
2.8000000000000003,0.01,1.01,3,N,53177
2.8000000000000003,0.01,1.01,4,N,53178
2.8000000000000003,0.01,1.01,5,N,53179
2.8000000000000003,0.01,1.11,1,N,53180
2.8000000000000003,0.01,1.11,2,N,53181
2.8000000000000003,0.01,1.11,3,N,53182
2.8000000000000003,0.01,1.11,4,N,53183
2.8000000000000003,0.01,1.11,5,N,53184
2.8000000000000003,0.01,1.3,1,N,53185
2.8000000000000003,0.01,1.3,2,N,53186
2.8000000000000003,0.01,1.3,3,N,53187
2.8000000000000003,0.01,1.3,4,N,53188
2.8000000000000003,0.01,1.3,5,N,53189
2.8000000000000003,0.01,1.6,1,N,53190
2.8000000000000003,0.01,1.6,2,N,53191
2.8000000000000003,0.01,1.6,3,N,53192
2.8000000000000003,0.01,1.6,4,N,53193
2.8000000000000003,0.01,1.6,5,N,53194
2.8000000000000003,0.01,1.9,1,N,53195
2.8000000000000003,0.01,1.9,2,N,53196
2.8000000000000003,0.01,1.9,3,N,53197
2.8000000000000003,0.01,1.9,4,N,53198
2.8000000000000003,0.01,1.9,5,N,53199
2.8000000000000003,0.01,2.2,1,N,53200
2.8000000000000003,0.01,2.2,2,N,53201
2.8000000000000003,0.01,2.2,3,N,53202
2.8000000000000003,0.01,2.2,4,N,53203
2.8000000000000003,0.01,2.2,5,N,53204
2.8000000000000003,0.01,2.5,1,N,53205
2.8000000000000003,0.01,2.5,2,N,53206
2.8000000000000003,0.01,2.5,3,N,53207
2.8000000000000003,0.01,2.5,4,N,53208
2.8000000000000003,0.01,2.5,5,N,53209
2.8000000000000003,0.01,2.8000000000000003,1,N,53210
2.8000000000000003,0.01,2.8000000000000003,2,N,53211
2.8000000000000003,0.01,2.8000000000000003,3,N,53212
2.8000000000000003,0.01,2.8000000000000003,4,N,53213
2.8000000000000003,0.01,2.8000000000000003,5,N,53214
2.8000000000000003,0.01,3.1000000000000005,1,N,53215
2.8000000000000003,0.01,3.1000000000000005,2,N,53216
2.8000000000000003,0.01,3.1000000000000005,3,N,53217
2.8000000000000003,0.01,3.1000000000000005,4,N,53218
2.8000000000000003,0.01,3.1000000000000005,5,N,53219
2.8000000000000003,0.01,3.4000000000000004,1,N,53220
2.8000000000000003,0.01,3.4000000000000004,2,N,53221
2.8000000000000003,0.01,3.4000000000000004,3,N,53222
2.8000000000000003,0.01,3.4000000000000004,4,N,53223
2.8000000000000003,0.01,3.4000000000000004,5,N,53224
2.8000000000000003,0.01,3.7,1,N,53225
2.8000000000000003,0.01,3.7,2,N,53226
2.8000000000000003,0.01,3.7,3,N,53227
2.8000000000000003,0.01,3.7,4,N,53228
2.8000000000000003,0.01,3.7,5,N,53229
2.8000000000000003,0.01,4.0,1,N,53230
2.8000000000000003,0.01,4.0,2,N,53231
2.8000000000000003,0.01,4.0,3,N,53232
2.8000000000000003,0.01,4.0,4,N,53233
2.8000000000000003,0.01,4.0,5,N,53234
2.8000000000000003,0.01,4.300000000000002,1,N,53235
2.8000000000000003,0.01,4.300000000000002,2,N,53236
2.8000000000000003,0.01,4.300000000000002,3,N,53237
2.8000000000000003,0.01,4.300000000000002,4,N,53238
2.8000000000000003,0.01,4.300000000000002,5,N,53239
2.8000000000000003,0.01,4.6000000000000005,1,N,53240
2.8000000000000003,0.01,4.6000000000000005,2,N,53241
2.8000000000000003,0.01,4.6000000000000005,3,N,53242
2.8000000000000003,0.01,4.6000000000000005,4,N,53243
2.8000000000000003,0.01,4.6000000000000005,5,N,53244
2.8000000000000003,0.01,4.9,1,N,53245
2.8000000000000003,0.01,4.9,2,N,53246
2.8000000000000003,0.01,4.9,3,N,53247
2.8000000000000003,0.01,4.9,4,N,53248
2.8000000000000003,0.01,4.9,5,N,53249
2.8000000000000003,0.11,0.01,1,N,53250
2.8000000000000003,0.11,0.01,2,N,53251
2.8000000000000003,0.11,0.01,3,N,53252
2.8000000000000003,0.11,0.01,4,N,53253
2.8000000000000003,0.11,0.01,5,N,53254
2.8000000000000003,0.11,0.11,1,N,53255
2.8000000000000003,0.11,0.11,2,N,53256
2.8000000000000003,0.11,0.11,3,N,53257
2.8000000000000003,0.11,0.11,4,N,53258
2.8000000000000003,0.11,0.11,5,N,53259
2.8000000000000003,0.11,0.21,1,N,53260
2.8000000000000003,0.11,0.21,2,N,53261
2.8000000000000003,0.11,0.21,3,N,53262
2.8000000000000003,0.11,0.21,4,N,53263
2.8000000000000003,0.11,0.21,5,N,53264
2.8000000000000003,0.11,0.31000000000000005,1,N,53265
2.8000000000000003,0.11,0.31000000000000005,2,N,53266
2.8000000000000003,0.11,0.31000000000000005,3,N,53267
2.8000000000000003,0.11,0.31000000000000005,4,N,53268
2.8000000000000003,0.11,0.31000000000000005,5,N,53269
2.8000000000000003,0.11,0.41,1,N,53270
2.8000000000000003,0.11,0.41,2,N,53271
2.8000000000000003,0.11,0.41,3,N,53272
2.8000000000000003,0.11,0.41,4,N,53273
2.8000000000000003,0.11,0.41,5,N,53274
2.8000000000000003,0.11,0.51,1,N,53275
2.8000000000000003,0.11,0.51,2,N,53276
2.8000000000000003,0.11,0.51,3,N,53277
2.8000000000000003,0.11,0.51,4,N,53278
2.8000000000000003,0.11,0.51,5,N,53279
2.8000000000000003,0.11,0.6100000000000001,1,N,53280
2.8000000000000003,0.11,0.6100000000000001,2,N,53281
2.8000000000000003,0.11,0.6100000000000001,3,N,53282
2.8000000000000003,0.11,0.6100000000000001,4,N,53283
2.8000000000000003,0.11,0.6100000000000001,5,N,53284
2.8000000000000003,0.11,0.7100000000000001,1,N,53285
2.8000000000000003,0.11,0.7100000000000001,2,N,53286
2.8000000000000003,0.11,0.7100000000000001,3,N,53287
2.8000000000000003,0.11,0.7100000000000001,4,N,53288
2.8000000000000003,0.11,0.7100000000000001,5,N,53289
2.8000000000000003,0.11,0.81,1,N,53290
2.8000000000000003,0.11,0.81,2,N,53291
2.8000000000000003,0.11,0.81,3,N,53292
2.8000000000000003,0.11,0.81,4,N,53293
2.8000000000000003,0.11,0.81,5,N,53294
2.8000000000000003,0.11,0.91,1,N,53295
2.8000000000000003,0.11,0.91,2,N,53296
2.8000000000000003,0.11,0.91,3,N,53297
2.8000000000000003,0.11,0.91,4,N,53298
2.8000000000000003,0.11,0.91,5,N,53299
2.8000000000000003,0.11,1.01,1,N,53300
2.8000000000000003,0.11,1.01,2,N,53301
2.8000000000000003,0.11,1.01,3,N,53302
2.8000000000000003,0.11,1.01,4,N,53303
2.8000000000000003,0.11,1.01,5,N,53304
2.8000000000000003,0.11,1.11,1,N,53305
2.8000000000000003,0.11,1.11,2,N,53306
2.8000000000000003,0.11,1.11,3,N,53307
2.8000000000000003,0.11,1.11,4,N,53308
2.8000000000000003,0.11,1.11,5,N,53309
2.8000000000000003,0.11,1.3,1,N,53310
2.8000000000000003,0.11,1.3,2,N,53311
2.8000000000000003,0.11,1.3,3,N,53312
2.8000000000000003,0.11,1.3,4,N,53313
2.8000000000000003,0.11,1.3,5,N,53314
2.8000000000000003,0.11,1.6,1,N,53315
2.8000000000000003,0.11,1.6,2,N,53316
2.8000000000000003,0.11,1.6,3,N,53317
2.8000000000000003,0.11,1.6,4,N,53318
2.8000000000000003,0.11,1.6,5,N,53319
2.8000000000000003,0.11,1.9,1,N,53320
2.8000000000000003,0.11,1.9,2,N,53321
2.8000000000000003,0.11,1.9,3,N,53322
2.8000000000000003,0.11,1.9,4,N,53323
2.8000000000000003,0.11,1.9,5,N,53324
2.8000000000000003,0.11,2.2,1,N,53325
2.8000000000000003,0.11,2.2,2,N,53326
2.8000000000000003,0.11,2.2,3,N,53327
2.8000000000000003,0.11,2.2,4,N,53328
2.8000000000000003,0.11,2.2,5,N,53329
2.8000000000000003,0.11,2.5,1,N,53330
2.8000000000000003,0.11,2.5,2,N,53331
2.8000000000000003,0.11,2.5,3,N,53332
2.8000000000000003,0.11,2.5,4,N,53333
2.8000000000000003,0.11,2.5,5,N,53334
2.8000000000000003,0.11,2.8000000000000003,1,N,53335
2.8000000000000003,0.11,2.8000000000000003,2,N,53336
2.8000000000000003,0.11,2.8000000000000003,3,N,53337
2.8000000000000003,0.11,2.8000000000000003,4,N,53338
2.8000000000000003,0.11,2.8000000000000003,5,N,53339
2.8000000000000003,0.11,3.1000000000000005,1,N,53340
2.8000000000000003,0.11,3.1000000000000005,2,N,53341
2.8000000000000003,0.11,3.1000000000000005,3,N,53342
2.8000000000000003,0.11,3.1000000000000005,4,N,53343
2.8000000000000003,0.11,3.1000000000000005,5,N,53344
2.8000000000000003,0.11,3.4000000000000004,1,N,53345
2.8000000000000003,0.11,3.4000000000000004,2,N,53346
2.8000000000000003,0.11,3.4000000000000004,3,N,53347
2.8000000000000003,0.11,3.4000000000000004,4,N,53348
2.8000000000000003,0.11,3.4000000000000004,5,N,53349
2.8000000000000003,0.11,3.7,1,N,53350
2.8000000000000003,0.11,3.7,2,N,53351
2.8000000000000003,0.11,3.7,3,N,53352
2.8000000000000003,0.11,3.7,4,N,53353
2.8000000000000003,0.11,3.7,5,N,53354
2.8000000000000003,0.11,4.0,1,N,53355
2.8000000000000003,0.11,4.0,2,N,53356
2.8000000000000003,0.11,4.0,3,N,53357
2.8000000000000003,0.11,4.0,4,N,53358
2.8000000000000003,0.11,4.0,5,N,53359
2.8000000000000003,0.11,4.300000000000002,1,N,53360
2.8000000000000003,0.11,4.300000000000002,2,N,53361
2.8000000000000003,0.11,4.300000000000002,3,N,53362
2.8000000000000003,0.11,4.300000000000002,4,N,53363
2.8000000000000003,0.11,4.300000000000002,5,N,53364
2.8000000000000003,0.11,4.6000000000000005,1,N,53365
2.8000000000000003,0.11,4.6000000000000005,2,N,53366
2.8000000000000003,0.11,4.6000000000000005,3,N,53367
2.8000000000000003,0.11,4.6000000000000005,4,N,53368
2.8000000000000003,0.11,4.6000000000000005,5,N,53369
2.8000000000000003,0.11,4.9,1,N,53370
2.8000000000000003,0.11,4.9,2,N,53371
2.8000000000000003,0.11,4.9,3,N,53372
2.8000000000000003,0.11,4.9,4,N,53373
2.8000000000000003,0.11,4.9,5,N,53374
2.8000000000000003,0.21,0.01,1,N,53375
2.8000000000000003,0.21,0.01,2,N,53376
2.8000000000000003,0.21,0.01,3,N,53377
2.8000000000000003,0.21,0.01,4,N,53378
2.8000000000000003,0.21,0.01,5,N,53379
2.8000000000000003,0.21,0.11,1,N,53380
2.8000000000000003,0.21,0.11,2,N,53381
2.8000000000000003,0.21,0.11,3,N,53382
2.8000000000000003,0.21,0.11,4,N,53383
2.8000000000000003,0.21,0.11,5,N,53384
2.8000000000000003,0.21,0.21,1,N,53385
2.8000000000000003,0.21,0.21,2,N,53386
2.8000000000000003,0.21,0.21,3,N,53387
2.8000000000000003,0.21,0.21,4,N,53388
2.8000000000000003,0.21,0.21,5,N,53389
2.8000000000000003,0.21,0.31000000000000005,1,N,53390
2.8000000000000003,0.21,0.31000000000000005,2,N,53391
2.8000000000000003,0.21,0.31000000000000005,3,N,53392
2.8000000000000003,0.21,0.31000000000000005,4,N,53393
2.8000000000000003,0.21,0.31000000000000005,5,N,53394
2.8000000000000003,0.21,0.41,1,N,53395
2.8000000000000003,0.21,0.41,2,N,53396
2.8000000000000003,0.21,0.41,3,N,53397
2.8000000000000003,0.21,0.41,4,N,53398
2.8000000000000003,0.21,0.41,5,N,53399
2.8000000000000003,0.21,0.51,1,N,53400
2.8000000000000003,0.21,0.51,2,N,53401
2.8000000000000003,0.21,0.51,3,N,53402
2.8000000000000003,0.21,0.51,4,N,53403
2.8000000000000003,0.21,0.51,5,N,53404
2.8000000000000003,0.21,0.6100000000000001,1,N,53405
2.8000000000000003,0.21,0.6100000000000001,2,N,53406
2.8000000000000003,0.21,0.6100000000000001,3,N,53407
2.8000000000000003,0.21,0.6100000000000001,4,N,53408
2.8000000000000003,0.21,0.6100000000000001,5,N,53409
2.8000000000000003,0.21,0.7100000000000001,1,N,53410
2.8000000000000003,0.21,0.7100000000000001,2,N,53411
2.8000000000000003,0.21,0.7100000000000001,3,N,53412
2.8000000000000003,0.21,0.7100000000000001,4,N,53413
2.8000000000000003,0.21,0.7100000000000001,5,N,53414
2.8000000000000003,0.21,0.81,1,N,53415
2.8000000000000003,0.21,0.81,2,N,53416
2.8000000000000003,0.21,0.81,3,N,53417
2.8000000000000003,0.21,0.81,4,N,53418
2.8000000000000003,0.21,0.81,5,N,53419
2.8000000000000003,0.21,0.91,1,N,53420
2.8000000000000003,0.21,0.91,2,N,53421
2.8000000000000003,0.21,0.91,3,N,53422
2.8000000000000003,0.21,0.91,4,N,53423
2.8000000000000003,0.21,0.91,5,N,53424
2.8000000000000003,0.21,1.01,1,N,53425
2.8000000000000003,0.21,1.01,2,N,53426
2.8000000000000003,0.21,1.01,3,N,53427
2.8000000000000003,0.21,1.01,4,N,53428
2.8000000000000003,0.21,1.01,5,N,53429
2.8000000000000003,0.21,1.11,1,N,53430
2.8000000000000003,0.21,1.11,2,N,53431
2.8000000000000003,0.21,1.11,3,N,53432
2.8000000000000003,0.21,1.11,4,N,53433
2.8000000000000003,0.21,1.11,5,N,53434
2.8000000000000003,0.21,1.3,1,N,53435
2.8000000000000003,0.21,1.3,2,N,53436
2.8000000000000003,0.21,1.3,3,N,53437
2.8000000000000003,0.21,1.3,4,N,53438
2.8000000000000003,0.21,1.3,5,N,53439
2.8000000000000003,0.21,1.6,1,N,53440
2.8000000000000003,0.21,1.6,2,N,53441
2.8000000000000003,0.21,1.6,3,N,53442
2.8000000000000003,0.21,1.6,4,N,53443
2.8000000000000003,0.21,1.6,5,N,53444
2.8000000000000003,0.21,1.9,1,N,53445
2.8000000000000003,0.21,1.9,2,N,53446
2.8000000000000003,0.21,1.9,3,N,53447
2.8000000000000003,0.21,1.9,4,N,53448
2.8000000000000003,0.21,1.9,5,N,53449
2.8000000000000003,0.21,2.2,1,N,53450
2.8000000000000003,0.21,2.2,2,N,53451
2.8000000000000003,0.21,2.2,3,N,53452
2.8000000000000003,0.21,2.2,4,N,53453
2.8000000000000003,0.21,2.2,5,N,53454
2.8000000000000003,0.21,2.5,1,N,53455
2.8000000000000003,0.21,2.5,2,N,53456
2.8000000000000003,0.21,2.5,3,N,53457
2.8000000000000003,0.21,2.5,4,N,53458
2.8000000000000003,0.21,2.5,5,N,53459
2.8000000000000003,0.21,2.8000000000000003,1,N,53460
2.8000000000000003,0.21,2.8000000000000003,2,N,53461
2.8000000000000003,0.21,2.8000000000000003,3,N,53462
2.8000000000000003,0.21,2.8000000000000003,4,N,53463
2.8000000000000003,0.21,2.8000000000000003,5,N,53464
2.8000000000000003,0.21,3.1000000000000005,1,N,53465
2.8000000000000003,0.21,3.1000000000000005,2,N,53466
2.8000000000000003,0.21,3.1000000000000005,3,N,53467
2.8000000000000003,0.21,3.1000000000000005,4,N,53468
2.8000000000000003,0.21,3.1000000000000005,5,N,53469
2.8000000000000003,0.21,3.4000000000000004,1,N,53470
2.8000000000000003,0.21,3.4000000000000004,2,N,53471
2.8000000000000003,0.21,3.4000000000000004,3,N,53472
2.8000000000000003,0.21,3.4000000000000004,4,N,53473
2.8000000000000003,0.21,3.4000000000000004,5,N,53474
2.8000000000000003,0.21,3.7,1,N,53475
2.8000000000000003,0.21,3.7,2,N,53476
2.8000000000000003,0.21,3.7,3,N,53477
2.8000000000000003,0.21,3.7,4,N,53478
2.8000000000000003,0.21,3.7,5,N,53479
2.8000000000000003,0.21,4.0,1,N,53480
2.8000000000000003,0.21,4.0,2,N,53481
2.8000000000000003,0.21,4.0,3,N,53482
2.8000000000000003,0.21,4.0,4,N,53483
2.8000000000000003,0.21,4.0,5,N,53484
2.8000000000000003,0.21,4.300000000000002,1,N,53485
2.8000000000000003,0.21,4.300000000000002,2,N,53486
2.8000000000000003,0.21,4.300000000000002,3,N,53487
2.8000000000000003,0.21,4.300000000000002,4,N,53488
2.8000000000000003,0.21,4.300000000000002,5,N,53489
2.8000000000000003,0.21,4.6000000000000005,1,N,53490
2.8000000000000003,0.21,4.6000000000000005,2,N,53491
2.8000000000000003,0.21,4.6000000000000005,3,N,53492
2.8000000000000003,0.21,4.6000000000000005,4,N,53493
2.8000000000000003,0.21,4.6000000000000005,5,N,53494
2.8000000000000003,0.21,4.9,1,N,53495
2.8000000000000003,0.21,4.9,2,N,53496
2.8000000000000003,0.21,4.9,3,N,53497
2.8000000000000003,0.21,4.9,4,N,53498
2.8000000000000003,0.21,4.9,5,N,53499
2.8000000000000003,0.31000000000000005,0.01,1,N,53500
2.8000000000000003,0.31000000000000005,0.01,2,N,53501
2.8000000000000003,0.31000000000000005,0.01,3,N,53502
2.8000000000000003,0.31000000000000005,0.01,4,N,53503
2.8000000000000003,0.31000000000000005,0.01,5,N,53504
2.8000000000000003,0.31000000000000005,0.11,1,N,53505
2.8000000000000003,0.31000000000000005,0.11,2,N,53506
2.8000000000000003,0.31000000000000005,0.11,3,N,53507
2.8000000000000003,0.31000000000000005,0.11,4,N,53508
2.8000000000000003,0.31000000000000005,0.11,5,N,53509
2.8000000000000003,0.31000000000000005,0.21,1,N,53510
2.8000000000000003,0.31000000000000005,0.21,2,N,53511
2.8000000000000003,0.31000000000000005,0.21,3,N,53512
2.8000000000000003,0.31000000000000005,0.21,4,N,53513
2.8000000000000003,0.31000000000000005,0.21,5,N,53514
2.8000000000000003,0.31000000000000005,0.31000000000000005,1,N,53515
2.8000000000000003,0.31000000000000005,0.31000000000000005,2,N,53516
2.8000000000000003,0.31000000000000005,0.31000000000000005,3,N,53517
2.8000000000000003,0.31000000000000005,0.31000000000000005,4,N,53518
2.8000000000000003,0.31000000000000005,0.31000000000000005,5,N,53519
2.8000000000000003,0.31000000000000005,0.41,1,N,53520
2.8000000000000003,0.31000000000000005,0.41,2,N,53521
2.8000000000000003,0.31000000000000005,0.41,3,N,53522
2.8000000000000003,0.31000000000000005,0.41,4,N,53523
2.8000000000000003,0.31000000000000005,0.41,5,N,53524
2.8000000000000003,0.31000000000000005,0.51,1,N,53525
2.8000000000000003,0.31000000000000005,0.51,2,N,53526
2.8000000000000003,0.31000000000000005,0.51,3,N,53527
2.8000000000000003,0.31000000000000005,0.51,4,N,53528
2.8000000000000003,0.31000000000000005,0.51,5,N,53529
2.8000000000000003,0.31000000000000005,0.6100000000000001,1,N,53530
2.8000000000000003,0.31000000000000005,0.6100000000000001,2,N,53531
2.8000000000000003,0.31000000000000005,0.6100000000000001,3,N,53532
2.8000000000000003,0.31000000000000005,0.6100000000000001,4,N,53533
2.8000000000000003,0.31000000000000005,0.6100000000000001,5,N,53534
2.8000000000000003,0.31000000000000005,0.7100000000000001,1,N,53535
2.8000000000000003,0.31000000000000005,0.7100000000000001,2,N,53536
2.8000000000000003,0.31000000000000005,0.7100000000000001,3,N,53537
2.8000000000000003,0.31000000000000005,0.7100000000000001,4,N,53538
2.8000000000000003,0.31000000000000005,0.7100000000000001,5,N,53539
2.8000000000000003,0.31000000000000005,0.81,1,N,53540
2.8000000000000003,0.31000000000000005,0.81,2,N,53541
2.8000000000000003,0.31000000000000005,0.81,3,N,53542
2.8000000000000003,0.31000000000000005,0.81,4,N,53543
2.8000000000000003,0.31000000000000005,0.81,5,N,53544
2.8000000000000003,0.31000000000000005,0.91,1,N,53545
2.8000000000000003,0.31000000000000005,0.91,2,N,53546
2.8000000000000003,0.31000000000000005,0.91,3,N,53547
2.8000000000000003,0.31000000000000005,0.91,4,N,53548
2.8000000000000003,0.31000000000000005,0.91,5,N,53549
2.8000000000000003,0.31000000000000005,1.01,1,N,53550
2.8000000000000003,0.31000000000000005,1.01,2,N,53551
2.8000000000000003,0.31000000000000005,1.01,3,N,53552
2.8000000000000003,0.31000000000000005,1.01,4,N,53553
2.8000000000000003,0.31000000000000005,1.01,5,N,53554
2.8000000000000003,0.31000000000000005,1.11,1,N,53555
2.8000000000000003,0.31000000000000005,1.11,2,N,53556
2.8000000000000003,0.31000000000000005,1.11,3,N,53557
2.8000000000000003,0.31000000000000005,1.11,4,N,53558
2.8000000000000003,0.31000000000000005,1.11,5,N,53559
2.8000000000000003,0.31000000000000005,1.3,1,N,53560
2.8000000000000003,0.31000000000000005,1.3,2,N,53561
2.8000000000000003,0.31000000000000005,1.3,3,N,53562
2.8000000000000003,0.31000000000000005,1.3,4,N,53563
2.8000000000000003,0.31000000000000005,1.3,5,N,53564
2.8000000000000003,0.31000000000000005,1.6,1,N,53565
2.8000000000000003,0.31000000000000005,1.6,2,N,53566
2.8000000000000003,0.31000000000000005,1.6,3,N,53567
2.8000000000000003,0.31000000000000005,1.6,4,N,53568
2.8000000000000003,0.31000000000000005,1.6,5,N,53569
2.8000000000000003,0.31000000000000005,1.9,1,N,53570
2.8000000000000003,0.31000000000000005,1.9,2,N,53571
2.8000000000000003,0.31000000000000005,1.9,3,N,53572
2.8000000000000003,0.31000000000000005,1.9,4,N,53573
2.8000000000000003,0.31000000000000005,1.9,5,N,53574
2.8000000000000003,0.31000000000000005,2.2,1,N,53575
2.8000000000000003,0.31000000000000005,2.2,2,N,53576
2.8000000000000003,0.31000000000000005,2.2,3,N,53577
2.8000000000000003,0.31000000000000005,2.2,4,N,53578
2.8000000000000003,0.31000000000000005,2.2,5,N,53579
2.8000000000000003,0.31000000000000005,2.5,1,N,53580
2.8000000000000003,0.31000000000000005,2.5,2,N,53581
2.8000000000000003,0.31000000000000005,2.5,3,N,53582
2.8000000000000003,0.31000000000000005,2.5,4,N,53583
2.8000000000000003,0.31000000000000005,2.5,5,N,53584
2.8000000000000003,0.31000000000000005,2.8000000000000003,1,N,53585
2.8000000000000003,0.31000000000000005,2.8000000000000003,2,N,53586
2.8000000000000003,0.31000000000000005,2.8000000000000003,3,N,53587
2.8000000000000003,0.31000000000000005,2.8000000000000003,4,N,53588
2.8000000000000003,0.31000000000000005,2.8000000000000003,5,N,53589
2.8000000000000003,0.31000000000000005,3.1000000000000005,1,N,53590
2.8000000000000003,0.31000000000000005,3.1000000000000005,2,N,53591
2.8000000000000003,0.31000000000000005,3.1000000000000005,3,N,53592
2.8000000000000003,0.31000000000000005,3.1000000000000005,4,N,53593
2.8000000000000003,0.31000000000000005,3.1000000000000005,5,N,53594
2.8000000000000003,0.31000000000000005,3.4000000000000004,1,N,53595
2.8000000000000003,0.31000000000000005,3.4000000000000004,2,N,53596
2.8000000000000003,0.31000000000000005,3.4000000000000004,3,N,53597
2.8000000000000003,0.31000000000000005,3.4000000000000004,4,N,53598
2.8000000000000003,0.31000000000000005,3.4000000000000004,5,N,53599
2.8000000000000003,0.31000000000000005,3.7,1,N,53600
2.8000000000000003,0.31000000000000005,3.7,2,N,53601
2.8000000000000003,0.31000000000000005,3.7,3,N,53602
2.8000000000000003,0.31000000000000005,3.7,4,N,53603
2.8000000000000003,0.31000000000000005,3.7,5,N,53604
2.8000000000000003,0.31000000000000005,4.0,1,N,53605
2.8000000000000003,0.31000000000000005,4.0,2,N,53606
2.8000000000000003,0.31000000000000005,4.0,3,N,53607
2.8000000000000003,0.31000000000000005,4.0,4,N,53608
2.8000000000000003,0.31000000000000005,4.0,5,N,53609
2.8000000000000003,0.31000000000000005,4.300000000000002,1,N,53610
2.8000000000000003,0.31000000000000005,4.300000000000002,2,N,53611
2.8000000000000003,0.31000000000000005,4.300000000000002,3,N,53612
2.8000000000000003,0.31000000000000005,4.300000000000002,4,N,53613
2.8000000000000003,0.31000000000000005,4.300000000000002,5,N,53614
2.8000000000000003,0.31000000000000005,4.6000000000000005,1,N,53615
2.8000000000000003,0.31000000000000005,4.6000000000000005,2,N,53616
2.8000000000000003,0.31000000000000005,4.6000000000000005,3,N,53617
2.8000000000000003,0.31000000000000005,4.6000000000000005,4,N,53618
2.8000000000000003,0.31000000000000005,4.6000000000000005,5,N,53619
2.8000000000000003,0.31000000000000005,4.9,1,N,53620
2.8000000000000003,0.31000000000000005,4.9,2,N,53621
2.8000000000000003,0.31000000000000005,4.9,3,N,53622
2.8000000000000003,0.31000000000000005,4.9,4,N,53623
2.8000000000000003,0.31000000000000005,4.9,5,N,53624
2.8000000000000003,0.41,0.01,1,N,53625
2.8000000000000003,0.41,0.01,2,N,53626
2.8000000000000003,0.41,0.01,3,N,53627
2.8000000000000003,0.41,0.01,4,N,53628
2.8000000000000003,0.41,0.01,5,N,53629
2.8000000000000003,0.41,0.11,1,N,53630
2.8000000000000003,0.41,0.11,2,N,53631
2.8000000000000003,0.41,0.11,3,N,53632
2.8000000000000003,0.41,0.11,4,N,53633
2.8000000000000003,0.41,0.11,5,N,53634
2.8000000000000003,0.41,0.21,1,N,53635
2.8000000000000003,0.41,0.21,2,N,53636
2.8000000000000003,0.41,0.21,3,N,53637
2.8000000000000003,0.41,0.21,4,N,53638
2.8000000000000003,0.41,0.21,5,N,53639
2.8000000000000003,0.41,0.31000000000000005,1,N,53640
2.8000000000000003,0.41,0.31000000000000005,2,N,53641
2.8000000000000003,0.41,0.31000000000000005,3,N,53642
2.8000000000000003,0.41,0.31000000000000005,4,N,53643
2.8000000000000003,0.41,0.31000000000000005,5,N,53644
2.8000000000000003,0.41,0.41,1,N,53645
2.8000000000000003,0.41,0.41,2,N,53646
2.8000000000000003,0.41,0.41,3,N,53647
2.8000000000000003,0.41,0.41,4,N,53648
2.8000000000000003,0.41,0.41,5,N,53649
2.8000000000000003,0.41,0.51,1,N,53650
2.8000000000000003,0.41,0.51,2,N,53651
2.8000000000000003,0.41,0.51,3,N,53652
2.8000000000000003,0.41,0.51,4,N,53653
2.8000000000000003,0.41,0.51,5,N,53654
2.8000000000000003,0.41,0.6100000000000001,1,N,53655
2.8000000000000003,0.41,0.6100000000000001,2,N,53656
2.8000000000000003,0.41,0.6100000000000001,3,N,53657
2.8000000000000003,0.41,0.6100000000000001,4,N,53658
2.8000000000000003,0.41,0.6100000000000001,5,N,53659
2.8000000000000003,0.41,0.7100000000000001,1,N,53660
2.8000000000000003,0.41,0.7100000000000001,2,N,53661
2.8000000000000003,0.41,0.7100000000000001,3,N,53662
2.8000000000000003,0.41,0.7100000000000001,4,N,53663
2.8000000000000003,0.41,0.7100000000000001,5,N,53664
2.8000000000000003,0.41,0.81,1,N,53665
2.8000000000000003,0.41,0.81,2,N,53666
2.8000000000000003,0.41,0.81,3,N,53667
2.8000000000000003,0.41,0.81,4,N,53668
2.8000000000000003,0.41,0.81,5,N,53669
2.8000000000000003,0.41,0.91,1,N,53670
2.8000000000000003,0.41,0.91,2,N,53671
2.8000000000000003,0.41,0.91,3,N,53672
2.8000000000000003,0.41,0.91,4,N,53673
2.8000000000000003,0.41,0.91,5,N,53674
2.8000000000000003,0.41,1.01,1,N,53675
2.8000000000000003,0.41,1.01,2,N,53676
2.8000000000000003,0.41,1.01,3,N,53677
2.8000000000000003,0.41,1.01,4,N,53678
2.8000000000000003,0.41,1.01,5,N,53679
2.8000000000000003,0.41,1.11,1,N,53680
2.8000000000000003,0.41,1.11,2,N,53681
2.8000000000000003,0.41,1.11,3,N,53682
2.8000000000000003,0.41,1.11,4,N,53683
2.8000000000000003,0.41,1.11,5,N,53684
2.8000000000000003,0.41,1.3,1,N,53685
2.8000000000000003,0.41,1.3,2,N,53686
2.8000000000000003,0.41,1.3,3,N,53687
2.8000000000000003,0.41,1.3,4,N,53688
2.8000000000000003,0.41,1.3,5,N,53689
2.8000000000000003,0.41,1.6,1,N,53690
2.8000000000000003,0.41,1.6,2,N,53691
2.8000000000000003,0.41,1.6,3,N,53692
2.8000000000000003,0.41,1.6,4,N,53693
2.8000000000000003,0.41,1.6,5,N,53694
2.8000000000000003,0.41,1.9,1,N,53695
2.8000000000000003,0.41,1.9,2,N,53696
2.8000000000000003,0.41,1.9,3,N,53697
2.8000000000000003,0.41,1.9,4,N,53698
2.8000000000000003,0.41,1.9,5,N,53699
2.8000000000000003,0.41,2.2,1,N,53700
2.8000000000000003,0.41,2.2,2,N,53701
2.8000000000000003,0.41,2.2,3,N,53702
2.8000000000000003,0.41,2.2,4,N,53703
2.8000000000000003,0.41,2.2,5,N,53704
2.8000000000000003,0.41,2.5,1,N,53705
2.8000000000000003,0.41,2.5,2,N,53706
2.8000000000000003,0.41,2.5,3,N,53707
2.8000000000000003,0.41,2.5,4,N,53708
2.8000000000000003,0.41,2.5,5,N,53709
2.8000000000000003,0.41,2.8000000000000003,1,N,53710
2.8000000000000003,0.41,2.8000000000000003,2,N,53711
2.8000000000000003,0.41,2.8000000000000003,3,N,53712
2.8000000000000003,0.41,2.8000000000000003,4,N,53713
2.8000000000000003,0.41,2.8000000000000003,5,N,53714
2.8000000000000003,0.41,3.1000000000000005,1,N,53715
2.8000000000000003,0.41,3.1000000000000005,2,N,53716
2.8000000000000003,0.41,3.1000000000000005,3,N,53717
2.8000000000000003,0.41,3.1000000000000005,4,N,53718
2.8000000000000003,0.41,3.1000000000000005,5,N,53719
2.8000000000000003,0.41,3.4000000000000004,1,N,53720
2.8000000000000003,0.41,3.4000000000000004,2,N,53721
2.8000000000000003,0.41,3.4000000000000004,3,N,53722
2.8000000000000003,0.41,3.4000000000000004,4,N,53723
2.8000000000000003,0.41,3.4000000000000004,5,N,53724
2.8000000000000003,0.41,3.7,1,N,53725
2.8000000000000003,0.41,3.7,2,N,53726
2.8000000000000003,0.41,3.7,3,N,53727
2.8000000000000003,0.41,3.7,4,N,53728
2.8000000000000003,0.41,3.7,5,N,53729
2.8000000000000003,0.41,4.0,1,N,53730
2.8000000000000003,0.41,4.0,2,N,53731
2.8000000000000003,0.41,4.0,3,N,53732
2.8000000000000003,0.41,4.0,4,N,53733
2.8000000000000003,0.41,4.0,5,N,53734
2.8000000000000003,0.41,4.300000000000002,1,N,53735
2.8000000000000003,0.41,4.300000000000002,2,N,53736
2.8000000000000003,0.41,4.300000000000002,3,N,53737
2.8000000000000003,0.41,4.300000000000002,4,N,53738
2.8000000000000003,0.41,4.300000000000002,5,N,53739
2.8000000000000003,0.41,4.6000000000000005,1,N,53740
2.8000000000000003,0.41,4.6000000000000005,2,N,53741
2.8000000000000003,0.41,4.6000000000000005,3,N,53742
2.8000000000000003,0.41,4.6000000000000005,4,N,53743
2.8000000000000003,0.41,4.6000000000000005,5,N,53744
2.8000000000000003,0.41,4.9,1,N,53745
2.8000000000000003,0.41,4.9,2,N,53746
2.8000000000000003,0.41,4.9,3,N,53747
2.8000000000000003,0.41,4.9,4,N,53748
2.8000000000000003,0.41,4.9,5,N,53749
2.8000000000000003,0.51,0.01,1,N,53750
2.8000000000000003,0.51,0.01,2,N,53751
2.8000000000000003,0.51,0.01,3,N,53752
2.8000000000000003,0.51,0.01,4,N,53753
2.8000000000000003,0.51,0.01,5,N,53754
2.8000000000000003,0.51,0.11,1,N,53755
2.8000000000000003,0.51,0.11,2,N,53756
2.8000000000000003,0.51,0.11,3,N,53757
2.8000000000000003,0.51,0.11,4,N,53758
2.8000000000000003,0.51,0.11,5,N,53759
2.8000000000000003,0.51,0.21,1,N,53760
2.8000000000000003,0.51,0.21,2,N,53761
2.8000000000000003,0.51,0.21,3,N,53762
2.8000000000000003,0.51,0.21,4,N,53763
2.8000000000000003,0.51,0.21,5,N,53764
2.8000000000000003,0.51,0.31000000000000005,1,N,53765
2.8000000000000003,0.51,0.31000000000000005,2,N,53766
2.8000000000000003,0.51,0.31000000000000005,3,N,53767
2.8000000000000003,0.51,0.31000000000000005,4,N,53768
2.8000000000000003,0.51,0.31000000000000005,5,N,53769
2.8000000000000003,0.51,0.41,1,N,53770
2.8000000000000003,0.51,0.41,2,N,53771
2.8000000000000003,0.51,0.41,3,N,53772
2.8000000000000003,0.51,0.41,4,N,53773
2.8000000000000003,0.51,0.41,5,N,53774
2.8000000000000003,0.51,0.51,1,N,53775
2.8000000000000003,0.51,0.51,2,N,53776
2.8000000000000003,0.51,0.51,3,N,53777
2.8000000000000003,0.51,0.51,4,N,53778
2.8000000000000003,0.51,0.51,5,N,53779
2.8000000000000003,0.51,0.6100000000000001,1,N,53780
2.8000000000000003,0.51,0.6100000000000001,2,N,53781
2.8000000000000003,0.51,0.6100000000000001,3,N,53782
2.8000000000000003,0.51,0.6100000000000001,4,N,53783
2.8000000000000003,0.51,0.6100000000000001,5,N,53784
2.8000000000000003,0.51,0.7100000000000001,1,N,53785
2.8000000000000003,0.51,0.7100000000000001,2,N,53786
2.8000000000000003,0.51,0.7100000000000001,3,N,53787
2.8000000000000003,0.51,0.7100000000000001,4,N,53788
2.8000000000000003,0.51,0.7100000000000001,5,N,53789
2.8000000000000003,0.51,0.81,1,N,53790
2.8000000000000003,0.51,0.81,2,N,53791
2.8000000000000003,0.51,0.81,3,N,53792
2.8000000000000003,0.51,0.81,4,N,53793
2.8000000000000003,0.51,0.81,5,N,53794
2.8000000000000003,0.51,0.91,1,N,53795
2.8000000000000003,0.51,0.91,2,N,53796
2.8000000000000003,0.51,0.91,3,N,53797
2.8000000000000003,0.51,0.91,4,N,53798
2.8000000000000003,0.51,0.91,5,N,53799
2.8000000000000003,0.51,1.01,1,N,53800
2.8000000000000003,0.51,1.01,2,N,53801
2.8000000000000003,0.51,1.01,3,N,53802
2.8000000000000003,0.51,1.01,4,N,53803
2.8000000000000003,0.51,1.01,5,N,53804
2.8000000000000003,0.51,1.11,1,N,53805
2.8000000000000003,0.51,1.11,2,N,53806
2.8000000000000003,0.51,1.11,3,N,53807
2.8000000000000003,0.51,1.11,4,N,53808
2.8000000000000003,0.51,1.11,5,N,53809
2.8000000000000003,0.51,1.3,1,N,53810
2.8000000000000003,0.51,1.3,2,N,53811
2.8000000000000003,0.51,1.3,3,N,53812
2.8000000000000003,0.51,1.3,4,N,53813
2.8000000000000003,0.51,1.3,5,N,53814
2.8000000000000003,0.51,1.6,1,N,53815
2.8000000000000003,0.51,1.6,2,N,53816
2.8000000000000003,0.51,1.6,3,N,53817
2.8000000000000003,0.51,1.6,4,N,53818
2.8000000000000003,0.51,1.6,5,N,53819
2.8000000000000003,0.51,1.9,1,N,53820
2.8000000000000003,0.51,1.9,2,N,53821
2.8000000000000003,0.51,1.9,3,N,53822
2.8000000000000003,0.51,1.9,4,N,53823
2.8000000000000003,0.51,1.9,5,N,53824
2.8000000000000003,0.51,2.2,1,N,53825
2.8000000000000003,0.51,2.2,2,N,53826
2.8000000000000003,0.51,2.2,3,N,53827
2.8000000000000003,0.51,2.2,4,N,53828
2.8000000000000003,0.51,2.2,5,N,53829
2.8000000000000003,0.51,2.5,1,N,53830
2.8000000000000003,0.51,2.5,2,N,53831
2.8000000000000003,0.51,2.5,3,N,53832
2.8000000000000003,0.51,2.5,4,N,53833
2.8000000000000003,0.51,2.5,5,N,53834
2.8000000000000003,0.51,2.8000000000000003,1,N,53835
2.8000000000000003,0.51,2.8000000000000003,2,N,53836
2.8000000000000003,0.51,2.8000000000000003,3,N,53837
2.8000000000000003,0.51,2.8000000000000003,4,N,53838
2.8000000000000003,0.51,2.8000000000000003,5,N,53839
2.8000000000000003,0.51,3.1000000000000005,1,N,53840
2.8000000000000003,0.51,3.1000000000000005,2,N,53841
2.8000000000000003,0.51,3.1000000000000005,3,N,53842
2.8000000000000003,0.51,3.1000000000000005,4,N,53843
2.8000000000000003,0.51,3.1000000000000005,5,N,53844
2.8000000000000003,0.51,3.4000000000000004,1,N,53845
2.8000000000000003,0.51,3.4000000000000004,2,N,53846
2.8000000000000003,0.51,3.4000000000000004,3,N,53847
2.8000000000000003,0.51,3.4000000000000004,4,N,53848
2.8000000000000003,0.51,3.4000000000000004,5,N,53849
2.8000000000000003,0.51,3.7,1,N,53850
2.8000000000000003,0.51,3.7,2,N,53851
2.8000000000000003,0.51,3.7,3,N,53852
2.8000000000000003,0.51,3.7,4,N,53853
2.8000000000000003,0.51,3.7,5,N,53854
2.8000000000000003,0.51,4.0,1,N,53855
2.8000000000000003,0.51,4.0,2,N,53856
2.8000000000000003,0.51,4.0,3,N,53857
2.8000000000000003,0.51,4.0,4,N,53858
2.8000000000000003,0.51,4.0,5,N,53859
2.8000000000000003,0.51,4.300000000000002,1,N,53860
2.8000000000000003,0.51,4.300000000000002,2,N,53861
2.8000000000000003,0.51,4.300000000000002,3,N,53862
2.8000000000000003,0.51,4.300000000000002,4,N,53863
2.8000000000000003,0.51,4.300000000000002,5,N,53864
2.8000000000000003,0.51,4.6000000000000005,1,N,53865
2.8000000000000003,0.51,4.6000000000000005,2,N,53866
2.8000000000000003,0.51,4.6000000000000005,3,N,53867
2.8000000000000003,0.51,4.6000000000000005,4,N,53868
2.8000000000000003,0.51,4.6000000000000005,5,N,53869
2.8000000000000003,0.51,4.9,1,N,53870
2.8000000000000003,0.51,4.9,2,N,53871
2.8000000000000003,0.51,4.9,3,N,53872
2.8000000000000003,0.51,4.9,4,N,53873
2.8000000000000003,0.51,4.9,5,N,53874
2.8000000000000003,0.6100000000000001,0.01,1,N,53875
2.8000000000000003,0.6100000000000001,0.01,2,N,53876
2.8000000000000003,0.6100000000000001,0.01,3,N,53877
2.8000000000000003,0.6100000000000001,0.01,4,N,53878
2.8000000000000003,0.6100000000000001,0.01,5,N,53879
2.8000000000000003,0.6100000000000001,0.11,1,N,53880
2.8000000000000003,0.6100000000000001,0.11,2,N,53881
2.8000000000000003,0.6100000000000001,0.11,3,N,53882
2.8000000000000003,0.6100000000000001,0.11,4,N,53883
2.8000000000000003,0.6100000000000001,0.11,5,N,53884
2.8000000000000003,0.6100000000000001,0.21,1,N,53885
2.8000000000000003,0.6100000000000001,0.21,2,N,53886
2.8000000000000003,0.6100000000000001,0.21,3,N,53887
2.8000000000000003,0.6100000000000001,0.21,4,N,53888
2.8000000000000003,0.6100000000000001,0.21,5,N,53889
2.8000000000000003,0.6100000000000001,0.31000000000000005,1,N,53890
2.8000000000000003,0.6100000000000001,0.31000000000000005,2,N,53891
2.8000000000000003,0.6100000000000001,0.31000000000000005,3,N,53892
2.8000000000000003,0.6100000000000001,0.31000000000000005,4,N,53893
2.8000000000000003,0.6100000000000001,0.31000000000000005,5,N,53894
2.8000000000000003,0.6100000000000001,0.41,1,N,53895
2.8000000000000003,0.6100000000000001,0.41,2,N,53896
2.8000000000000003,0.6100000000000001,0.41,3,N,53897
2.8000000000000003,0.6100000000000001,0.41,4,N,53898
2.8000000000000003,0.6100000000000001,0.41,5,N,53899
2.8000000000000003,0.6100000000000001,0.51,1,N,53900
2.8000000000000003,0.6100000000000001,0.51,2,N,53901
2.8000000000000003,0.6100000000000001,0.51,3,N,53902
2.8000000000000003,0.6100000000000001,0.51,4,N,53903
2.8000000000000003,0.6100000000000001,0.51,5,N,53904
2.8000000000000003,0.6100000000000001,0.6100000000000001,1,N,53905
2.8000000000000003,0.6100000000000001,0.6100000000000001,2,N,53906
2.8000000000000003,0.6100000000000001,0.6100000000000001,3,N,53907
2.8000000000000003,0.6100000000000001,0.6100000000000001,4,N,53908
2.8000000000000003,0.6100000000000001,0.6100000000000001,5,N,53909
2.8000000000000003,0.6100000000000001,0.7100000000000001,1,N,53910
2.8000000000000003,0.6100000000000001,0.7100000000000001,2,N,53911
2.8000000000000003,0.6100000000000001,0.7100000000000001,3,N,53912
2.8000000000000003,0.6100000000000001,0.7100000000000001,4,N,53913
2.8000000000000003,0.6100000000000001,0.7100000000000001,5,N,53914
2.8000000000000003,0.6100000000000001,0.81,1,N,53915
2.8000000000000003,0.6100000000000001,0.81,2,N,53916
2.8000000000000003,0.6100000000000001,0.81,3,N,53917
2.8000000000000003,0.6100000000000001,0.81,4,N,53918
2.8000000000000003,0.6100000000000001,0.81,5,N,53919
2.8000000000000003,0.6100000000000001,0.91,1,N,53920
2.8000000000000003,0.6100000000000001,0.91,2,N,53921
2.8000000000000003,0.6100000000000001,0.91,3,N,53922
2.8000000000000003,0.6100000000000001,0.91,4,N,53923
2.8000000000000003,0.6100000000000001,0.91,5,N,53924
2.8000000000000003,0.6100000000000001,1.01,1,N,53925
2.8000000000000003,0.6100000000000001,1.01,2,N,53926
2.8000000000000003,0.6100000000000001,1.01,3,N,53927
2.8000000000000003,0.6100000000000001,1.01,4,N,53928
2.8000000000000003,0.6100000000000001,1.01,5,N,53929
2.8000000000000003,0.6100000000000001,1.11,1,N,53930
2.8000000000000003,0.6100000000000001,1.11,2,N,53931
2.8000000000000003,0.6100000000000001,1.11,3,N,53932
2.8000000000000003,0.6100000000000001,1.11,4,N,53933
2.8000000000000003,0.6100000000000001,1.11,5,N,53934
2.8000000000000003,0.6100000000000001,1.3,1,N,53935
2.8000000000000003,0.6100000000000001,1.3,2,N,53936
2.8000000000000003,0.6100000000000001,1.3,3,N,53937
2.8000000000000003,0.6100000000000001,1.3,4,N,53938
2.8000000000000003,0.6100000000000001,1.3,5,N,53939
2.8000000000000003,0.6100000000000001,1.6,1,N,53940
2.8000000000000003,0.6100000000000001,1.6,2,N,53941
2.8000000000000003,0.6100000000000001,1.6,3,N,53942
2.8000000000000003,0.6100000000000001,1.6,4,N,53943
2.8000000000000003,0.6100000000000001,1.6,5,N,53944
2.8000000000000003,0.6100000000000001,1.9,1,N,53945
2.8000000000000003,0.6100000000000001,1.9,2,N,53946
2.8000000000000003,0.6100000000000001,1.9,3,N,53947
2.8000000000000003,0.6100000000000001,1.9,4,N,53948
2.8000000000000003,0.6100000000000001,1.9,5,N,53949
2.8000000000000003,0.6100000000000001,2.2,1,N,53950
2.8000000000000003,0.6100000000000001,2.2,2,N,53951
2.8000000000000003,0.6100000000000001,2.2,3,N,53952
2.8000000000000003,0.6100000000000001,2.2,4,N,53953
2.8000000000000003,0.6100000000000001,2.2,5,N,53954
2.8000000000000003,0.6100000000000001,2.5,1,N,53955
2.8000000000000003,0.6100000000000001,2.5,2,N,53956
2.8000000000000003,0.6100000000000001,2.5,3,N,53957
2.8000000000000003,0.6100000000000001,2.5,4,N,53958
2.8000000000000003,0.6100000000000001,2.5,5,N,53959
2.8000000000000003,0.6100000000000001,2.8000000000000003,1,N,53960
2.8000000000000003,0.6100000000000001,2.8000000000000003,2,N,53961
2.8000000000000003,0.6100000000000001,2.8000000000000003,3,N,53962
2.8000000000000003,0.6100000000000001,2.8000000000000003,4,N,53963
2.8000000000000003,0.6100000000000001,2.8000000000000003,5,N,53964
2.8000000000000003,0.6100000000000001,3.1000000000000005,1,N,53965
2.8000000000000003,0.6100000000000001,3.1000000000000005,2,N,53966
2.8000000000000003,0.6100000000000001,3.1000000000000005,3,N,53967
2.8000000000000003,0.6100000000000001,3.1000000000000005,4,N,53968
2.8000000000000003,0.6100000000000001,3.1000000000000005,5,N,53969
2.8000000000000003,0.6100000000000001,3.4000000000000004,1,N,53970
2.8000000000000003,0.6100000000000001,3.4000000000000004,2,N,53971
2.8000000000000003,0.6100000000000001,3.4000000000000004,3,N,53972
2.8000000000000003,0.6100000000000001,3.4000000000000004,4,N,53973
2.8000000000000003,0.6100000000000001,3.4000000000000004,5,N,53974
2.8000000000000003,0.6100000000000001,3.7,1,N,53975
2.8000000000000003,0.6100000000000001,3.7,2,N,53976
2.8000000000000003,0.6100000000000001,3.7,3,N,53977
2.8000000000000003,0.6100000000000001,3.7,4,N,53978
2.8000000000000003,0.6100000000000001,3.7,5,N,53979
2.8000000000000003,0.6100000000000001,4.0,1,N,53980
2.8000000000000003,0.6100000000000001,4.0,2,N,53981
2.8000000000000003,0.6100000000000001,4.0,3,N,53982
2.8000000000000003,0.6100000000000001,4.0,4,N,53983
2.8000000000000003,0.6100000000000001,4.0,5,N,53984
2.8000000000000003,0.6100000000000001,4.300000000000002,1,N,53985
2.8000000000000003,0.6100000000000001,4.300000000000002,2,N,53986
2.8000000000000003,0.6100000000000001,4.300000000000002,3,N,53987
2.8000000000000003,0.6100000000000001,4.300000000000002,4,N,53988
2.8000000000000003,0.6100000000000001,4.300000000000002,5,N,53989
2.8000000000000003,0.6100000000000001,4.6000000000000005,1,N,53990
2.8000000000000003,0.6100000000000001,4.6000000000000005,2,N,53991
2.8000000000000003,0.6100000000000001,4.6000000000000005,3,N,53992
2.8000000000000003,0.6100000000000001,4.6000000000000005,4,N,53993
2.8000000000000003,0.6100000000000001,4.6000000000000005,5,N,53994
2.8000000000000003,0.6100000000000001,4.9,1,N,53995
2.8000000000000003,0.6100000000000001,4.9,2,N,53996
2.8000000000000003,0.6100000000000001,4.9,3,N,53997
2.8000000000000003,0.6100000000000001,4.9,4,N,53998
2.8000000000000003,0.6100000000000001,4.9,5,N,53999
2.8000000000000003,0.7100000000000001,0.01,1,N,54000
2.8000000000000003,0.7100000000000001,0.01,2,N,54001
2.8000000000000003,0.7100000000000001,0.01,3,N,54002
2.8000000000000003,0.7100000000000001,0.01,4,N,54003
2.8000000000000003,0.7100000000000001,0.01,5,N,54004
2.8000000000000003,0.7100000000000001,0.11,1,N,54005
2.8000000000000003,0.7100000000000001,0.11,2,N,54006
2.8000000000000003,0.7100000000000001,0.11,3,N,54007
2.8000000000000003,0.7100000000000001,0.11,4,N,54008
2.8000000000000003,0.7100000000000001,0.11,5,N,54009
2.8000000000000003,0.7100000000000001,0.21,1,N,54010
2.8000000000000003,0.7100000000000001,0.21,2,N,54011
2.8000000000000003,0.7100000000000001,0.21,3,N,54012
2.8000000000000003,0.7100000000000001,0.21,4,N,54013
2.8000000000000003,0.7100000000000001,0.21,5,N,54014
2.8000000000000003,0.7100000000000001,0.31000000000000005,1,N,54015
2.8000000000000003,0.7100000000000001,0.31000000000000005,2,N,54016
2.8000000000000003,0.7100000000000001,0.31000000000000005,3,N,54017
2.8000000000000003,0.7100000000000001,0.31000000000000005,4,N,54018
2.8000000000000003,0.7100000000000001,0.31000000000000005,5,N,54019
2.8000000000000003,0.7100000000000001,0.41,1,N,54020
2.8000000000000003,0.7100000000000001,0.41,2,N,54021
2.8000000000000003,0.7100000000000001,0.41,3,N,54022
2.8000000000000003,0.7100000000000001,0.41,4,N,54023
2.8000000000000003,0.7100000000000001,0.41,5,N,54024
2.8000000000000003,0.7100000000000001,0.51,1,N,54025
2.8000000000000003,0.7100000000000001,0.51,2,N,54026
2.8000000000000003,0.7100000000000001,0.51,3,N,54027
2.8000000000000003,0.7100000000000001,0.51,4,N,54028
2.8000000000000003,0.7100000000000001,0.51,5,N,54029
2.8000000000000003,0.7100000000000001,0.6100000000000001,1,N,54030
2.8000000000000003,0.7100000000000001,0.6100000000000001,2,N,54031
2.8000000000000003,0.7100000000000001,0.6100000000000001,3,N,54032
2.8000000000000003,0.7100000000000001,0.6100000000000001,4,N,54033
2.8000000000000003,0.7100000000000001,0.6100000000000001,5,N,54034
2.8000000000000003,0.7100000000000001,0.7100000000000001,1,N,54035
2.8000000000000003,0.7100000000000001,0.7100000000000001,2,N,54036
2.8000000000000003,0.7100000000000001,0.7100000000000001,3,N,54037
2.8000000000000003,0.7100000000000001,0.7100000000000001,4,N,54038
2.8000000000000003,0.7100000000000001,0.7100000000000001,5,N,54039
2.8000000000000003,0.7100000000000001,0.81,1,N,54040
2.8000000000000003,0.7100000000000001,0.81,2,N,54041
2.8000000000000003,0.7100000000000001,0.81,3,N,54042
2.8000000000000003,0.7100000000000001,0.81,4,N,54043
2.8000000000000003,0.7100000000000001,0.81,5,N,54044
2.8000000000000003,0.7100000000000001,0.91,1,N,54045
2.8000000000000003,0.7100000000000001,0.91,2,N,54046
2.8000000000000003,0.7100000000000001,0.91,3,N,54047
2.8000000000000003,0.7100000000000001,0.91,4,N,54048
2.8000000000000003,0.7100000000000001,0.91,5,N,54049
2.8000000000000003,0.7100000000000001,1.01,1,N,54050
2.8000000000000003,0.7100000000000001,1.01,2,N,54051
2.8000000000000003,0.7100000000000001,1.01,3,N,54052
2.8000000000000003,0.7100000000000001,1.01,4,N,54053
2.8000000000000003,0.7100000000000001,1.01,5,N,54054
2.8000000000000003,0.7100000000000001,1.11,1,N,54055
2.8000000000000003,0.7100000000000001,1.11,2,N,54056
2.8000000000000003,0.7100000000000001,1.11,3,N,54057
2.8000000000000003,0.7100000000000001,1.11,4,N,54058
2.8000000000000003,0.7100000000000001,1.11,5,N,54059
2.8000000000000003,0.7100000000000001,1.3,1,N,54060
2.8000000000000003,0.7100000000000001,1.3,2,N,54061
2.8000000000000003,0.7100000000000001,1.3,3,N,54062
2.8000000000000003,0.7100000000000001,1.3,4,N,54063
2.8000000000000003,0.7100000000000001,1.3,5,N,54064
2.8000000000000003,0.7100000000000001,1.6,1,N,54065
2.8000000000000003,0.7100000000000001,1.6,2,N,54066
2.8000000000000003,0.7100000000000001,1.6,3,N,54067
2.8000000000000003,0.7100000000000001,1.6,4,N,54068
2.8000000000000003,0.7100000000000001,1.6,5,N,54069
2.8000000000000003,0.7100000000000001,1.9,1,N,54070
2.8000000000000003,0.7100000000000001,1.9,2,N,54071
2.8000000000000003,0.7100000000000001,1.9,3,N,54072
2.8000000000000003,0.7100000000000001,1.9,4,N,54073
2.8000000000000003,0.7100000000000001,1.9,5,N,54074
2.8000000000000003,0.7100000000000001,2.2,1,N,54075
2.8000000000000003,0.7100000000000001,2.2,2,N,54076
2.8000000000000003,0.7100000000000001,2.2,3,N,54077
2.8000000000000003,0.7100000000000001,2.2,4,N,54078
2.8000000000000003,0.7100000000000001,2.2,5,N,54079
2.8000000000000003,0.7100000000000001,2.5,1,N,54080
2.8000000000000003,0.7100000000000001,2.5,2,N,54081
2.8000000000000003,0.7100000000000001,2.5,3,N,54082
2.8000000000000003,0.7100000000000001,2.5,4,N,54083
2.8000000000000003,0.7100000000000001,2.5,5,N,54084
2.8000000000000003,0.7100000000000001,2.8000000000000003,1,N,54085
2.8000000000000003,0.7100000000000001,2.8000000000000003,2,N,54086
2.8000000000000003,0.7100000000000001,2.8000000000000003,3,N,54087
2.8000000000000003,0.7100000000000001,2.8000000000000003,4,N,54088
2.8000000000000003,0.7100000000000001,2.8000000000000003,5,N,54089
2.8000000000000003,0.7100000000000001,3.1000000000000005,1,N,54090
2.8000000000000003,0.7100000000000001,3.1000000000000005,2,N,54091
2.8000000000000003,0.7100000000000001,3.1000000000000005,3,N,54092
2.8000000000000003,0.7100000000000001,3.1000000000000005,4,N,54093
2.8000000000000003,0.7100000000000001,3.1000000000000005,5,N,54094
2.8000000000000003,0.7100000000000001,3.4000000000000004,1,N,54095
2.8000000000000003,0.7100000000000001,3.4000000000000004,2,N,54096
2.8000000000000003,0.7100000000000001,3.4000000000000004,3,N,54097
2.8000000000000003,0.7100000000000001,3.4000000000000004,4,N,54098
2.8000000000000003,0.7100000000000001,3.4000000000000004,5,N,54099
2.8000000000000003,0.7100000000000001,3.7,1,N,54100
2.8000000000000003,0.7100000000000001,3.7,2,N,54101
2.8000000000000003,0.7100000000000001,3.7,3,N,54102
2.8000000000000003,0.7100000000000001,3.7,4,N,54103
2.8000000000000003,0.7100000000000001,3.7,5,N,54104
2.8000000000000003,0.7100000000000001,4.0,1,N,54105
2.8000000000000003,0.7100000000000001,4.0,2,N,54106
2.8000000000000003,0.7100000000000001,4.0,3,N,54107
2.8000000000000003,0.7100000000000001,4.0,4,N,54108
2.8000000000000003,0.7100000000000001,4.0,5,N,54109
2.8000000000000003,0.7100000000000001,4.300000000000002,1,N,54110
2.8000000000000003,0.7100000000000001,4.300000000000002,2,N,54111
2.8000000000000003,0.7100000000000001,4.300000000000002,3,N,54112
2.8000000000000003,0.7100000000000001,4.300000000000002,4,N,54113
2.8000000000000003,0.7100000000000001,4.300000000000002,5,N,54114
2.8000000000000003,0.7100000000000001,4.6000000000000005,1,N,54115
2.8000000000000003,0.7100000000000001,4.6000000000000005,2,N,54116
2.8000000000000003,0.7100000000000001,4.6000000000000005,3,N,54117
2.8000000000000003,0.7100000000000001,4.6000000000000005,4,N,54118
2.8000000000000003,0.7100000000000001,4.6000000000000005,5,N,54119
2.8000000000000003,0.7100000000000001,4.9,1,N,54120
2.8000000000000003,0.7100000000000001,4.9,2,N,54121
2.8000000000000003,0.7100000000000001,4.9,3,N,54122
2.8000000000000003,0.7100000000000001,4.9,4,N,54123
2.8000000000000003,0.7100000000000001,4.9,5,N,54124
2.8000000000000003,0.81,0.01,1,N,54125
2.8000000000000003,0.81,0.01,2,N,54126
2.8000000000000003,0.81,0.01,3,N,54127
2.8000000000000003,0.81,0.01,4,N,54128
2.8000000000000003,0.81,0.01,5,N,54129
2.8000000000000003,0.81,0.11,1,N,54130
2.8000000000000003,0.81,0.11,2,N,54131
2.8000000000000003,0.81,0.11,3,N,54132
2.8000000000000003,0.81,0.11,4,N,54133
2.8000000000000003,0.81,0.11,5,N,54134
2.8000000000000003,0.81,0.21,1,N,54135
2.8000000000000003,0.81,0.21,2,N,54136
2.8000000000000003,0.81,0.21,3,N,54137
2.8000000000000003,0.81,0.21,4,N,54138
2.8000000000000003,0.81,0.21,5,N,54139
2.8000000000000003,0.81,0.31000000000000005,1,N,54140
2.8000000000000003,0.81,0.31000000000000005,2,N,54141
2.8000000000000003,0.81,0.31000000000000005,3,N,54142
2.8000000000000003,0.81,0.31000000000000005,4,N,54143
2.8000000000000003,0.81,0.31000000000000005,5,N,54144
2.8000000000000003,0.81,0.41,1,N,54145
2.8000000000000003,0.81,0.41,2,N,54146
2.8000000000000003,0.81,0.41,3,N,54147
2.8000000000000003,0.81,0.41,4,N,54148
2.8000000000000003,0.81,0.41,5,N,54149
2.8000000000000003,0.81,0.51,1,N,54150
2.8000000000000003,0.81,0.51,2,N,54151
2.8000000000000003,0.81,0.51,3,N,54152
2.8000000000000003,0.81,0.51,4,N,54153
2.8000000000000003,0.81,0.51,5,N,54154
2.8000000000000003,0.81,0.6100000000000001,1,N,54155
2.8000000000000003,0.81,0.6100000000000001,2,N,54156
2.8000000000000003,0.81,0.6100000000000001,3,N,54157
2.8000000000000003,0.81,0.6100000000000001,4,N,54158
2.8000000000000003,0.81,0.6100000000000001,5,N,54159
2.8000000000000003,0.81,0.7100000000000001,1,N,54160
2.8000000000000003,0.81,0.7100000000000001,2,N,54161
2.8000000000000003,0.81,0.7100000000000001,3,N,54162
2.8000000000000003,0.81,0.7100000000000001,4,N,54163
2.8000000000000003,0.81,0.7100000000000001,5,N,54164
2.8000000000000003,0.81,0.81,1,N,54165
2.8000000000000003,0.81,0.81,2,N,54166
2.8000000000000003,0.81,0.81,3,N,54167
2.8000000000000003,0.81,0.81,4,N,54168
2.8000000000000003,0.81,0.81,5,N,54169
2.8000000000000003,0.81,0.91,1,N,54170
2.8000000000000003,0.81,0.91,2,N,54171
2.8000000000000003,0.81,0.91,3,N,54172
2.8000000000000003,0.81,0.91,4,N,54173
2.8000000000000003,0.81,0.91,5,N,54174
2.8000000000000003,0.81,1.01,1,N,54175
2.8000000000000003,0.81,1.01,2,N,54176
2.8000000000000003,0.81,1.01,3,N,54177
2.8000000000000003,0.81,1.01,4,N,54178
2.8000000000000003,0.81,1.01,5,N,54179
2.8000000000000003,0.81,1.11,1,N,54180
2.8000000000000003,0.81,1.11,2,N,54181
2.8000000000000003,0.81,1.11,3,N,54182
2.8000000000000003,0.81,1.11,4,N,54183
2.8000000000000003,0.81,1.11,5,N,54184
2.8000000000000003,0.81,1.3,1,N,54185
2.8000000000000003,0.81,1.3,2,N,54186
2.8000000000000003,0.81,1.3,3,N,54187
2.8000000000000003,0.81,1.3,4,N,54188
2.8000000000000003,0.81,1.3,5,N,54189
2.8000000000000003,0.81,1.6,1,N,54190
2.8000000000000003,0.81,1.6,2,N,54191
2.8000000000000003,0.81,1.6,3,N,54192
2.8000000000000003,0.81,1.6,4,N,54193
2.8000000000000003,0.81,1.6,5,N,54194
2.8000000000000003,0.81,1.9,1,N,54195
2.8000000000000003,0.81,1.9,2,N,54196
2.8000000000000003,0.81,1.9,3,N,54197
2.8000000000000003,0.81,1.9,4,N,54198
2.8000000000000003,0.81,1.9,5,N,54199
2.8000000000000003,0.81,2.2,1,N,54200
2.8000000000000003,0.81,2.2,2,N,54201
2.8000000000000003,0.81,2.2,3,N,54202
2.8000000000000003,0.81,2.2,4,N,54203
2.8000000000000003,0.81,2.2,5,N,54204
2.8000000000000003,0.81,2.5,1,N,54205
2.8000000000000003,0.81,2.5,2,N,54206
2.8000000000000003,0.81,2.5,3,N,54207
2.8000000000000003,0.81,2.5,4,N,54208
2.8000000000000003,0.81,2.5,5,N,54209
2.8000000000000003,0.81,2.8000000000000003,1,N,54210
2.8000000000000003,0.81,2.8000000000000003,2,N,54211
2.8000000000000003,0.81,2.8000000000000003,3,N,54212
2.8000000000000003,0.81,2.8000000000000003,4,N,54213
2.8000000000000003,0.81,2.8000000000000003,5,N,54214
2.8000000000000003,0.81,3.1000000000000005,1,N,54215
2.8000000000000003,0.81,3.1000000000000005,2,N,54216
2.8000000000000003,0.81,3.1000000000000005,3,N,54217
2.8000000000000003,0.81,3.1000000000000005,4,N,54218
2.8000000000000003,0.81,3.1000000000000005,5,N,54219
2.8000000000000003,0.81,3.4000000000000004,1,N,54220
2.8000000000000003,0.81,3.4000000000000004,2,N,54221
2.8000000000000003,0.81,3.4000000000000004,3,N,54222
2.8000000000000003,0.81,3.4000000000000004,4,N,54223
2.8000000000000003,0.81,3.4000000000000004,5,N,54224
2.8000000000000003,0.81,3.7,1,N,54225
2.8000000000000003,0.81,3.7,2,N,54226
2.8000000000000003,0.81,3.7,3,N,54227
2.8000000000000003,0.81,3.7,4,N,54228
2.8000000000000003,0.81,3.7,5,N,54229
2.8000000000000003,0.81,4.0,1,N,54230
2.8000000000000003,0.81,4.0,2,N,54231
2.8000000000000003,0.81,4.0,3,N,54232
2.8000000000000003,0.81,4.0,4,N,54233
2.8000000000000003,0.81,4.0,5,N,54234
2.8000000000000003,0.81,4.300000000000002,1,N,54235
2.8000000000000003,0.81,4.300000000000002,2,N,54236
2.8000000000000003,0.81,4.300000000000002,3,N,54237
2.8000000000000003,0.81,4.300000000000002,4,N,54238
2.8000000000000003,0.81,4.300000000000002,5,N,54239
2.8000000000000003,0.81,4.6000000000000005,1,N,54240
2.8000000000000003,0.81,4.6000000000000005,2,N,54241
2.8000000000000003,0.81,4.6000000000000005,3,N,54242
2.8000000000000003,0.81,4.6000000000000005,4,N,54243
2.8000000000000003,0.81,4.6000000000000005,5,N,54244
2.8000000000000003,0.81,4.9,1,N,54245
2.8000000000000003,0.81,4.9,2,N,54246
2.8000000000000003,0.81,4.9,3,N,54247
2.8000000000000003,0.81,4.9,4,N,54248
2.8000000000000003,0.81,4.9,5,N,54249
2.8000000000000003,0.91,0.01,1,N,54250
2.8000000000000003,0.91,0.01,2,N,54251
2.8000000000000003,0.91,0.01,3,N,54252
2.8000000000000003,0.91,0.01,4,N,54253
2.8000000000000003,0.91,0.01,5,N,54254
2.8000000000000003,0.91,0.11,1,N,54255
2.8000000000000003,0.91,0.11,2,N,54256
2.8000000000000003,0.91,0.11,3,N,54257
2.8000000000000003,0.91,0.11,4,N,54258
2.8000000000000003,0.91,0.11,5,N,54259
2.8000000000000003,0.91,0.21,1,N,54260
2.8000000000000003,0.91,0.21,2,N,54261
2.8000000000000003,0.91,0.21,3,N,54262
2.8000000000000003,0.91,0.21,4,N,54263
2.8000000000000003,0.91,0.21,5,N,54264
2.8000000000000003,0.91,0.31000000000000005,1,N,54265
2.8000000000000003,0.91,0.31000000000000005,2,N,54266
2.8000000000000003,0.91,0.31000000000000005,3,N,54267
2.8000000000000003,0.91,0.31000000000000005,4,N,54268
2.8000000000000003,0.91,0.31000000000000005,5,N,54269
2.8000000000000003,0.91,0.41,1,N,54270
2.8000000000000003,0.91,0.41,2,N,54271
2.8000000000000003,0.91,0.41,3,N,54272
2.8000000000000003,0.91,0.41,4,N,54273
2.8000000000000003,0.91,0.41,5,N,54274
2.8000000000000003,0.91,0.51,1,N,54275
2.8000000000000003,0.91,0.51,2,N,54276
2.8000000000000003,0.91,0.51,3,N,54277
2.8000000000000003,0.91,0.51,4,N,54278
2.8000000000000003,0.91,0.51,5,N,54279
2.8000000000000003,0.91,0.6100000000000001,1,N,54280
2.8000000000000003,0.91,0.6100000000000001,2,N,54281
2.8000000000000003,0.91,0.6100000000000001,3,N,54282
2.8000000000000003,0.91,0.6100000000000001,4,N,54283
2.8000000000000003,0.91,0.6100000000000001,5,N,54284
2.8000000000000003,0.91,0.7100000000000001,1,N,54285
2.8000000000000003,0.91,0.7100000000000001,2,N,54286
2.8000000000000003,0.91,0.7100000000000001,3,N,54287
2.8000000000000003,0.91,0.7100000000000001,4,N,54288
2.8000000000000003,0.91,0.7100000000000001,5,N,54289
2.8000000000000003,0.91,0.81,1,N,54290
2.8000000000000003,0.91,0.81,2,N,54291
2.8000000000000003,0.91,0.81,3,N,54292
2.8000000000000003,0.91,0.81,4,N,54293
2.8000000000000003,0.91,0.81,5,N,54294
2.8000000000000003,0.91,0.91,1,N,54295
2.8000000000000003,0.91,0.91,2,N,54296
2.8000000000000003,0.91,0.91,3,N,54297
2.8000000000000003,0.91,0.91,4,N,54298
2.8000000000000003,0.91,0.91,5,N,54299
2.8000000000000003,0.91,1.01,1,N,54300
2.8000000000000003,0.91,1.01,2,N,54301
2.8000000000000003,0.91,1.01,3,N,54302
2.8000000000000003,0.91,1.01,4,N,54303
2.8000000000000003,0.91,1.01,5,N,54304
2.8000000000000003,0.91,1.11,1,N,54305
2.8000000000000003,0.91,1.11,2,N,54306
2.8000000000000003,0.91,1.11,3,N,54307
2.8000000000000003,0.91,1.11,4,N,54308
2.8000000000000003,0.91,1.11,5,N,54309
2.8000000000000003,0.91,1.3,1,N,54310
2.8000000000000003,0.91,1.3,2,N,54311
2.8000000000000003,0.91,1.3,3,N,54312
2.8000000000000003,0.91,1.3,4,N,54313
2.8000000000000003,0.91,1.3,5,N,54314
2.8000000000000003,0.91,1.6,1,N,54315
2.8000000000000003,0.91,1.6,2,N,54316
2.8000000000000003,0.91,1.6,3,N,54317
2.8000000000000003,0.91,1.6,4,N,54318
2.8000000000000003,0.91,1.6,5,N,54319
2.8000000000000003,0.91,1.9,1,N,54320
2.8000000000000003,0.91,1.9,2,N,54321
2.8000000000000003,0.91,1.9,3,N,54322
2.8000000000000003,0.91,1.9,4,N,54323
2.8000000000000003,0.91,1.9,5,N,54324
2.8000000000000003,0.91,2.2,1,N,54325
2.8000000000000003,0.91,2.2,2,N,54326
2.8000000000000003,0.91,2.2,3,N,54327
2.8000000000000003,0.91,2.2,4,N,54328
2.8000000000000003,0.91,2.2,5,N,54329
2.8000000000000003,0.91,2.5,1,N,54330
2.8000000000000003,0.91,2.5,2,N,54331
2.8000000000000003,0.91,2.5,3,N,54332
2.8000000000000003,0.91,2.5,4,N,54333
2.8000000000000003,0.91,2.5,5,N,54334
2.8000000000000003,0.91,2.8000000000000003,1,N,54335
2.8000000000000003,0.91,2.8000000000000003,2,N,54336
2.8000000000000003,0.91,2.8000000000000003,3,N,54337
2.8000000000000003,0.91,2.8000000000000003,4,N,54338
2.8000000000000003,0.91,2.8000000000000003,5,N,54339
2.8000000000000003,0.91,3.1000000000000005,1,N,54340
2.8000000000000003,0.91,3.1000000000000005,2,N,54341
2.8000000000000003,0.91,3.1000000000000005,3,N,54342
2.8000000000000003,0.91,3.1000000000000005,4,N,54343
2.8000000000000003,0.91,3.1000000000000005,5,N,54344
2.8000000000000003,0.91,3.4000000000000004,1,N,54345
2.8000000000000003,0.91,3.4000000000000004,2,N,54346
2.8000000000000003,0.91,3.4000000000000004,3,N,54347
2.8000000000000003,0.91,3.4000000000000004,4,N,54348
2.8000000000000003,0.91,3.4000000000000004,5,N,54349
2.8000000000000003,0.91,3.7,1,N,54350
2.8000000000000003,0.91,3.7,2,N,54351
2.8000000000000003,0.91,3.7,3,N,54352
2.8000000000000003,0.91,3.7,4,N,54353
2.8000000000000003,0.91,3.7,5,N,54354
2.8000000000000003,0.91,4.0,1,N,54355
2.8000000000000003,0.91,4.0,2,N,54356
2.8000000000000003,0.91,4.0,3,N,54357
2.8000000000000003,0.91,4.0,4,N,54358
2.8000000000000003,0.91,4.0,5,N,54359
2.8000000000000003,0.91,4.300000000000002,1,N,54360
2.8000000000000003,0.91,4.300000000000002,2,N,54361
2.8000000000000003,0.91,4.300000000000002,3,N,54362
2.8000000000000003,0.91,4.300000000000002,4,N,54363
2.8000000000000003,0.91,4.300000000000002,5,N,54364
2.8000000000000003,0.91,4.6000000000000005,1,N,54365
2.8000000000000003,0.91,4.6000000000000005,2,N,54366
2.8000000000000003,0.91,4.6000000000000005,3,N,54367
2.8000000000000003,0.91,4.6000000000000005,4,N,54368
2.8000000000000003,0.91,4.6000000000000005,5,N,54369
2.8000000000000003,0.91,4.9,1,N,54370
2.8000000000000003,0.91,4.9,2,N,54371
2.8000000000000003,0.91,4.9,3,N,54372
2.8000000000000003,0.91,4.9,4,N,54373
2.8000000000000003,0.91,4.9,5,N,54374
2.8000000000000003,1.01,0.01,1,N,54375
2.8000000000000003,1.01,0.01,2,N,54376
2.8000000000000003,1.01,0.01,3,N,54377
2.8000000000000003,1.01,0.01,4,N,54378
2.8000000000000003,1.01,0.01,5,N,54379
2.8000000000000003,1.01,0.11,1,N,54380
2.8000000000000003,1.01,0.11,2,N,54381
2.8000000000000003,1.01,0.11,3,N,54382
2.8000000000000003,1.01,0.11,4,N,54383
2.8000000000000003,1.01,0.11,5,N,54384
2.8000000000000003,1.01,0.21,1,N,54385
2.8000000000000003,1.01,0.21,2,N,54386
2.8000000000000003,1.01,0.21,3,N,54387
2.8000000000000003,1.01,0.21,4,N,54388
2.8000000000000003,1.01,0.21,5,N,54389
2.8000000000000003,1.01,0.31000000000000005,1,N,54390
2.8000000000000003,1.01,0.31000000000000005,2,N,54391
2.8000000000000003,1.01,0.31000000000000005,3,N,54392
2.8000000000000003,1.01,0.31000000000000005,4,N,54393
2.8000000000000003,1.01,0.31000000000000005,5,N,54394
2.8000000000000003,1.01,0.41,1,N,54395
2.8000000000000003,1.01,0.41,2,N,54396
2.8000000000000003,1.01,0.41,3,N,54397
2.8000000000000003,1.01,0.41,4,N,54398
2.8000000000000003,1.01,0.41,5,N,54399
2.8000000000000003,1.01,0.51,1,N,54400
2.8000000000000003,1.01,0.51,2,N,54401
2.8000000000000003,1.01,0.51,3,N,54402
2.8000000000000003,1.01,0.51,4,N,54403
2.8000000000000003,1.01,0.51,5,N,54404
2.8000000000000003,1.01,0.6100000000000001,1,N,54405
2.8000000000000003,1.01,0.6100000000000001,2,N,54406
2.8000000000000003,1.01,0.6100000000000001,3,N,54407
2.8000000000000003,1.01,0.6100000000000001,4,N,54408
2.8000000000000003,1.01,0.6100000000000001,5,N,54409
2.8000000000000003,1.01,0.7100000000000001,1,N,54410
2.8000000000000003,1.01,0.7100000000000001,2,N,54411
2.8000000000000003,1.01,0.7100000000000001,3,N,54412
2.8000000000000003,1.01,0.7100000000000001,4,N,54413
2.8000000000000003,1.01,0.7100000000000001,5,N,54414
2.8000000000000003,1.01,0.81,1,N,54415
2.8000000000000003,1.01,0.81,2,N,54416
2.8000000000000003,1.01,0.81,3,N,54417
2.8000000000000003,1.01,0.81,4,N,54418
2.8000000000000003,1.01,0.81,5,N,54419
2.8000000000000003,1.01,0.91,1,N,54420
2.8000000000000003,1.01,0.91,2,N,54421
2.8000000000000003,1.01,0.91,3,N,54422
2.8000000000000003,1.01,0.91,4,N,54423
2.8000000000000003,1.01,0.91,5,N,54424
2.8000000000000003,1.01,1.01,1,N,54425
2.8000000000000003,1.01,1.01,2,N,54426
2.8000000000000003,1.01,1.01,3,N,54427
2.8000000000000003,1.01,1.01,4,N,54428
2.8000000000000003,1.01,1.01,5,N,54429
2.8000000000000003,1.01,1.11,1,N,54430
2.8000000000000003,1.01,1.11,2,N,54431
2.8000000000000003,1.01,1.11,3,N,54432
2.8000000000000003,1.01,1.11,4,N,54433
2.8000000000000003,1.01,1.11,5,N,54434
2.8000000000000003,1.01,1.3,1,N,54435
2.8000000000000003,1.01,1.3,2,N,54436
2.8000000000000003,1.01,1.3,3,N,54437
2.8000000000000003,1.01,1.3,4,N,54438
2.8000000000000003,1.01,1.3,5,N,54439
2.8000000000000003,1.01,1.6,1,N,54440
2.8000000000000003,1.01,1.6,2,N,54441
2.8000000000000003,1.01,1.6,3,N,54442
2.8000000000000003,1.01,1.6,4,N,54443
2.8000000000000003,1.01,1.6,5,N,54444
2.8000000000000003,1.01,1.9,1,N,54445
2.8000000000000003,1.01,1.9,2,N,54446
2.8000000000000003,1.01,1.9,3,N,54447
2.8000000000000003,1.01,1.9,4,N,54448
2.8000000000000003,1.01,1.9,5,N,54449
2.8000000000000003,1.01,2.2,1,N,54450
2.8000000000000003,1.01,2.2,2,N,54451
2.8000000000000003,1.01,2.2,3,N,54452
2.8000000000000003,1.01,2.2,4,N,54453
2.8000000000000003,1.01,2.2,5,N,54454
2.8000000000000003,1.01,2.5,1,N,54455
2.8000000000000003,1.01,2.5,2,N,54456
2.8000000000000003,1.01,2.5,3,N,54457
2.8000000000000003,1.01,2.5,4,N,54458
2.8000000000000003,1.01,2.5,5,N,54459
2.8000000000000003,1.01,2.8000000000000003,1,N,54460
2.8000000000000003,1.01,2.8000000000000003,2,N,54461
2.8000000000000003,1.01,2.8000000000000003,3,N,54462
2.8000000000000003,1.01,2.8000000000000003,4,N,54463
2.8000000000000003,1.01,2.8000000000000003,5,N,54464
2.8000000000000003,1.01,3.1000000000000005,1,N,54465
2.8000000000000003,1.01,3.1000000000000005,2,N,54466
2.8000000000000003,1.01,3.1000000000000005,3,N,54467
2.8000000000000003,1.01,3.1000000000000005,4,N,54468
2.8000000000000003,1.01,3.1000000000000005,5,N,54469
2.8000000000000003,1.01,3.4000000000000004,1,N,54470
2.8000000000000003,1.01,3.4000000000000004,2,N,54471
2.8000000000000003,1.01,3.4000000000000004,3,N,54472
2.8000000000000003,1.01,3.4000000000000004,4,N,54473
2.8000000000000003,1.01,3.4000000000000004,5,N,54474
2.8000000000000003,1.01,3.7,1,N,54475
2.8000000000000003,1.01,3.7,2,N,54476
2.8000000000000003,1.01,3.7,3,N,54477
2.8000000000000003,1.01,3.7,4,N,54478
2.8000000000000003,1.01,3.7,5,N,54479
2.8000000000000003,1.01,4.0,1,N,54480
2.8000000000000003,1.01,4.0,2,N,54481
2.8000000000000003,1.01,4.0,3,N,54482
2.8000000000000003,1.01,4.0,4,N,54483
2.8000000000000003,1.01,4.0,5,N,54484
2.8000000000000003,1.01,4.300000000000002,1,N,54485
2.8000000000000003,1.01,4.300000000000002,2,N,54486
2.8000000000000003,1.01,4.300000000000002,3,N,54487
2.8000000000000003,1.01,4.300000000000002,4,N,54488
2.8000000000000003,1.01,4.300000000000002,5,N,54489
2.8000000000000003,1.01,4.6000000000000005,1,N,54490
2.8000000000000003,1.01,4.6000000000000005,2,N,54491
2.8000000000000003,1.01,4.6000000000000005,3,N,54492
2.8000000000000003,1.01,4.6000000000000005,4,N,54493
2.8000000000000003,1.01,4.6000000000000005,5,N,54494
2.8000000000000003,1.01,4.9,1,N,54495
2.8000000000000003,1.01,4.9,2,N,54496
2.8000000000000003,1.01,4.9,3,N,54497
2.8000000000000003,1.01,4.9,4,N,54498
2.8000000000000003,1.01,4.9,5,N,54499
2.8000000000000003,1.11,0.01,1,N,54500
2.8000000000000003,1.11,0.01,2,N,54501
2.8000000000000003,1.11,0.01,3,N,54502
2.8000000000000003,1.11,0.01,4,N,54503
2.8000000000000003,1.11,0.01,5,N,54504
2.8000000000000003,1.11,0.11,1,N,54505
2.8000000000000003,1.11,0.11,2,N,54506
2.8000000000000003,1.11,0.11,3,N,54507
2.8000000000000003,1.11,0.11,4,N,54508
2.8000000000000003,1.11,0.11,5,N,54509
2.8000000000000003,1.11,0.21,1,N,54510
2.8000000000000003,1.11,0.21,2,N,54511
2.8000000000000003,1.11,0.21,3,N,54512
2.8000000000000003,1.11,0.21,4,N,54513
2.8000000000000003,1.11,0.21,5,N,54514
2.8000000000000003,1.11,0.31000000000000005,1,N,54515
2.8000000000000003,1.11,0.31000000000000005,2,N,54516
2.8000000000000003,1.11,0.31000000000000005,3,N,54517
2.8000000000000003,1.11,0.31000000000000005,4,N,54518
2.8000000000000003,1.11,0.31000000000000005,5,N,54519
2.8000000000000003,1.11,0.41,1,N,54520
2.8000000000000003,1.11,0.41,2,N,54521
2.8000000000000003,1.11,0.41,3,N,54522
2.8000000000000003,1.11,0.41,4,N,54523
2.8000000000000003,1.11,0.41,5,N,54524
2.8000000000000003,1.11,0.51,1,N,54525
2.8000000000000003,1.11,0.51,2,N,54526
2.8000000000000003,1.11,0.51,3,N,54527
2.8000000000000003,1.11,0.51,4,N,54528
2.8000000000000003,1.11,0.51,5,N,54529
2.8000000000000003,1.11,0.6100000000000001,1,N,54530
2.8000000000000003,1.11,0.6100000000000001,2,N,54531
2.8000000000000003,1.11,0.6100000000000001,3,N,54532
2.8000000000000003,1.11,0.6100000000000001,4,N,54533
2.8000000000000003,1.11,0.6100000000000001,5,N,54534
2.8000000000000003,1.11,0.7100000000000001,1,N,54535
2.8000000000000003,1.11,0.7100000000000001,2,N,54536
2.8000000000000003,1.11,0.7100000000000001,3,N,54537
2.8000000000000003,1.11,0.7100000000000001,4,N,54538
2.8000000000000003,1.11,0.7100000000000001,5,N,54539
2.8000000000000003,1.11,0.81,1,N,54540
2.8000000000000003,1.11,0.81,2,N,54541
2.8000000000000003,1.11,0.81,3,N,54542
2.8000000000000003,1.11,0.81,4,N,54543
2.8000000000000003,1.11,0.81,5,N,54544
2.8000000000000003,1.11,0.91,1,N,54545
2.8000000000000003,1.11,0.91,2,N,54546
2.8000000000000003,1.11,0.91,3,N,54547
2.8000000000000003,1.11,0.91,4,N,54548
2.8000000000000003,1.11,0.91,5,N,54549
2.8000000000000003,1.11,1.01,1,N,54550
2.8000000000000003,1.11,1.01,2,N,54551
2.8000000000000003,1.11,1.01,3,N,54552
2.8000000000000003,1.11,1.01,4,N,54553
2.8000000000000003,1.11,1.01,5,N,54554
2.8000000000000003,1.11,1.11,1,N,54555
2.8000000000000003,1.11,1.11,2,N,54556
2.8000000000000003,1.11,1.11,3,N,54557
2.8000000000000003,1.11,1.11,4,N,54558
2.8000000000000003,1.11,1.11,5,N,54559
2.8000000000000003,1.11,1.3,1,N,54560
2.8000000000000003,1.11,1.3,2,N,54561
2.8000000000000003,1.11,1.3,3,N,54562
2.8000000000000003,1.11,1.3,4,N,54563
2.8000000000000003,1.11,1.3,5,N,54564
2.8000000000000003,1.11,1.6,1,N,54565
2.8000000000000003,1.11,1.6,2,N,54566
2.8000000000000003,1.11,1.6,3,N,54567
2.8000000000000003,1.11,1.6,4,N,54568
2.8000000000000003,1.11,1.6,5,N,54569
2.8000000000000003,1.11,1.9,1,N,54570
2.8000000000000003,1.11,1.9,2,N,54571
2.8000000000000003,1.11,1.9,3,N,54572
2.8000000000000003,1.11,1.9,4,N,54573
2.8000000000000003,1.11,1.9,5,N,54574
2.8000000000000003,1.11,2.2,1,N,54575
2.8000000000000003,1.11,2.2,2,N,54576
2.8000000000000003,1.11,2.2,3,N,54577
2.8000000000000003,1.11,2.2,4,N,54578
2.8000000000000003,1.11,2.2,5,N,54579
2.8000000000000003,1.11,2.5,1,N,54580
2.8000000000000003,1.11,2.5,2,N,54581
2.8000000000000003,1.11,2.5,3,N,54582
2.8000000000000003,1.11,2.5,4,N,54583
2.8000000000000003,1.11,2.5,5,N,54584
2.8000000000000003,1.11,2.8000000000000003,1,N,54585
2.8000000000000003,1.11,2.8000000000000003,2,N,54586
2.8000000000000003,1.11,2.8000000000000003,3,N,54587
2.8000000000000003,1.11,2.8000000000000003,4,N,54588
2.8000000000000003,1.11,2.8000000000000003,5,N,54589
2.8000000000000003,1.11,3.1000000000000005,1,N,54590
2.8000000000000003,1.11,3.1000000000000005,2,N,54591
2.8000000000000003,1.11,3.1000000000000005,3,N,54592
2.8000000000000003,1.11,3.1000000000000005,4,N,54593
2.8000000000000003,1.11,3.1000000000000005,5,N,54594
2.8000000000000003,1.11,3.4000000000000004,1,N,54595
2.8000000000000003,1.11,3.4000000000000004,2,N,54596
2.8000000000000003,1.11,3.4000000000000004,3,N,54597
2.8000000000000003,1.11,3.4000000000000004,4,N,54598
2.8000000000000003,1.11,3.4000000000000004,5,N,54599
2.8000000000000003,1.11,3.7,1,N,54600
2.8000000000000003,1.11,3.7,2,N,54601
2.8000000000000003,1.11,3.7,3,N,54602
2.8000000000000003,1.11,3.7,4,N,54603
2.8000000000000003,1.11,3.7,5,N,54604
2.8000000000000003,1.11,4.0,1,N,54605
2.8000000000000003,1.11,4.0,2,N,54606
2.8000000000000003,1.11,4.0,3,N,54607
2.8000000000000003,1.11,4.0,4,N,54608
2.8000000000000003,1.11,4.0,5,N,54609
2.8000000000000003,1.11,4.300000000000002,1,N,54610
2.8000000000000003,1.11,4.300000000000002,2,N,54611
2.8000000000000003,1.11,4.300000000000002,3,N,54612
2.8000000000000003,1.11,4.300000000000002,4,N,54613
2.8000000000000003,1.11,4.300000000000002,5,N,54614
2.8000000000000003,1.11,4.6000000000000005,1,N,54615
2.8000000000000003,1.11,4.6000000000000005,2,N,54616
2.8000000000000003,1.11,4.6000000000000005,3,N,54617
2.8000000000000003,1.11,4.6000000000000005,4,N,54618
2.8000000000000003,1.11,4.6000000000000005,5,N,54619
2.8000000000000003,1.11,4.9,1,N,54620
2.8000000000000003,1.11,4.9,2,N,54621
2.8000000000000003,1.11,4.9,3,N,54622
2.8000000000000003,1.11,4.9,4,N,54623
2.8000000000000003,1.11,4.9,5,N,54624
2.8000000000000003,1.3,0.01,1,N,54625
2.8000000000000003,1.3,0.01,2,N,54626
2.8000000000000003,1.3,0.01,3,N,54627
2.8000000000000003,1.3,0.01,4,N,54628
2.8000000000000003,1.3,0.01,5,N,54629
2.8000000000000003,1.3,0.11,1,N,54630
2.8000000000000003,1.3,0.11,2,N,54631
2.8000000000000003,1.3,0.11,3,N,54632
2.8000000000000003,1.3,0.11,4,N,54633
2.8000000000000003,1.3,0.11,5,N,54634
2.8000000000000003,1.3,0.21,1,N,54635
2.8000000000000003,1.3,0.21,2,N,54636
2.8000000000000003,1.3,0.21,3,N,54637
2.8000000000000003,1.3,0.21,4,N,54638
2.8000000000000003,1.3,0.21,5,N,54639
2.8000000000000003,1.3,0.31000000000000005,1,N,54640
2.8000000000000003,1.3,0.31000000000000005,2,N,54641
2.8000000000000003,1.3,0.31000000000000005,3,N,54642
2.8000000000000003,1.3,0.31000000000000005,4,N,54643
2.8000000000000003,1.3,0.31000000000000005,5,N,54644
2.8000000000000003,1.3,0.41,1,N,54645
2.8000000000000003,1.3,0.41,2,N,54646
2.8000000000000003,1.3,0.41,3,N,54647
2.8000000000000003,1.3,0.41,4,N,54648
2.8000000000000003,1.3,0.41,5,N,54649
2.8000000000000003,1.3,0.51,1,N,54650
2.8000000000000003,1.3,0.51,2,N,54651
2.8000000000000003,1.3,0.51,3,N,54652
2.8000000000000003,1.3,0.51,4,N,54653
2.8000000000000003,1.3,0.51,5,N,54654
2.8000000000000003,1.3,0.6100000000000001,1,N,54655
2.8000000000000003,1.3,0.6100000000000001,2,N,54656
2.8000000000000003,1.3,0.6100000000000001,3,N,54657
2.8000000000000003,1.3,0.6100000000000001,4,N,54658
2.8000000000000003,1.3,0.6100000000000001,5,N,54659
2.8000000000000003,1.3,0.7100000000000001,1,N,54660
2.8000000000000003,1.3,0.7100000000000001,2,N,54661
2.8000000000000003,1.3,0.7100000000000001,3,N,54662
2.8000000000000003,1.3,0.7100000000000001,4,N,54663
2.8000000000000003,1.3,0.7100000000000001,5,N,54664
2.8000000000000003,1.3,0.81,1,N,54665
2.8000000000000003,1.3,0.81,2,N,54666
2.8000000000000003,1.3,0.81,3,N,54667
2.8000000000000003,1.3,0.81,4,N,54668
2.8000000000000003,1.3,0.81,5,N,54669
2.8000000000000003,1.3,0.91,1,N,54670
2.8000000000000003,1.3,0.91,2,N,54671
2.8000000000000003,1.3,0.91,3,N,54672
2.8000000000000003,1.3,0.91,4,N,54673
2.8000000000000003,1.3,0.91,5,N,54674
2.8000000000000003,1.3,1.01,1,N,54675
2.8000000000000003,1.3,1.01,2,N,54676
2.8000000000000003,1.3,1.01,3,N,54677
2.8000000000000003,1.3,1.01,4,N,54678
2.8000000000000003,1.3,1.01,5,N,54679
2.8000000000000003,1.3,1.11,1,N,54680
2.8000000000000003,1.3,1.11,2,N,54681
2.8000000000000003,1.3,1.11,3,N,54682
2.8000000000000003,1.3,1.11,4,N,54683
2.8000000000000003,1.3,1.11,5,N,54684
2.8000000000000003,1.3,1.3,1,N,54685
2.8000000000000003,1.3,1.3,2,N,54686
2.8000000000000003,1.3,1.3,3,N,54687
2.8000000000000003,1.3,1.3,4,N,54688
2.8000000000000003,1.3,1.3,5,N,54689
2.8000000000000003,1.3,1.6,1,N,54690
2.8000000000000003,1.3,1.6,2,N,54691
2.8000000000000003,1.3,1.6,3,N,54692
2.8000000000000003,1.3,1.6,4,N,54693
2.8000000000000003,1.3,1.6,5,N,54694
2.8000000000000003,1.3,1.9,1,N,54695
2.8000000000000003,1.3,1.9,2,N,54696
2.8000000000000003,1.3,1.9,3,N,54697
2.8000000000000003,1.3,1.9,4,N,54698
2.8000000000000003,1.3,1.9,5,N,54699
2.8000000000000003,1.3,2.2,1,N,54700
2.8000000000000003,1.3,2.2,2,N,54701
2.8000000000000003,1.3,2.2,3,N,54702
2.8000000000000003,1.3,2.2,4,N,54703
2.8000000000000003,1.3,2.2,5,N,54704
2.8000000000000003,1.3,2.5,1,N,54705
2.8000000000000003,1.3,2.5,2,N,54706
2.8000000000000003,1.3,2.5,3,N,54707
2.8000000000000003,1.3,2.5,4,N,54708
2.8000000000000003,1.3,2.5,5,N,54709
2.8000000000000003,1.3,2.8000000000000003,1,N,54710
2.8000000000000003,1.3,2.8000000000000003,2,N,54711
2.8000000000000003,1.3,2.8000000000000003,3,N,54712
2.8000000000000003,1.3,2.8000000000000003,4,N,54713
2.8000000000000003,1.3,2.8000000000000003,5,N,54714
2.8000000000000003,1.3,3.1000000000000005,1,N,54715
2.8000000000000003,1.3,3.1000000000000005,2,N,54716
2.8000000000000003,1.3,3.1000000000000005,3,N,54717
2.8000000000000003,1.3,3.1000000000000005,4,N,54718
2.8000000000000003,1.3,3.1000000000000005,5,N,54719
2.8000000000000003,1.3,3.4000000000000004,1,N,54720
2.8000000000000003,1.3,3.4000000000000004,2,N,54721
2.8000000000000003,1.3,3.4000000000000004,3,N,54722
2.8000000000000003,1.3,3.4000000000000004,4,N,54723
2.8000000000000003,1.3,3.4000000000000004,5,N,54724
2.8000000000000003,1.3,3.7,1,N,54725
2.8000000000000003,1.3,3.7,2,N,54726
2.8000000000000003,1.3,3.7,3,N,54727
2.8000000000000003,1.3,3.7,4,N,54728
2.8000000000000003,1.3,3.7,5,N,54729
2.8000000000000003,1.3,4.0,1,N,54730
2.8000000000000003,1.3,4.0,2,N,54731
2.8000000000000003,1.3,4.0,3,N,54732
2.8000000000000003,1.3,4.0,4,N,54733
2.8000000000000003,1.3,4.0,5,N,54734
2.8000000000000003,1.3,4.300000000000002,1,N,54735
2.8000000000000003,1.3,4.300000000000002,2,N,54736
2.8000000000000003,1.3,4.300000000000002,3,N,54737
2.8000000000000003,1.3,4.300000000000002,4,N,54738
2.8000000000000003,1.3,4.300000000000002,5,N,54739
2.8000000000000003,1.3,4.6000000000000005,1,N,54740
2.8000000000000003,1.3,4.6000000000000005,2,N,54741
2.8000000000000003,1.3,4.6000000000000005,3,N,54742
2.8000000000000003,1.3,4.6000000000000005,4,N,54743
2.8000000000000003,1.3,4.6000000000000005,5,N,54744
2.8000000000000003,1.3,4.9,1,N,54745
2.8000000000000003,1.3,4.9,2,N,54746
2.8000000000000003,1.3,4.9,3,N,54747
2.8000000000000003,1.3,4.9,4,N,54748
2.8000000000000003,1.3,4.9,5,N,54749
2.8000000000000003,1.6,0.01,1,N,54750
2.8000000000000003,1.6,0.01,2,N,54751
2.8000000000000003,1.6,0.01,3,N,54752
2.8000000000000003,1.6,0.01,4,N,54753
2.8000000000000003,1.6,0.01,5,N,54754
2.8000000000000003,1.6,0.11,1,N,54755
2.8000000000000003,1.6,0.11,2,N,54756
2.8000000000000003,1.6,0.11,3,N,54757
2.8000000000000003,1.6,0.11,4,N,54758
2.8000000000000003,1.6,0.11,5,N,54759
2.8000000000000003,1.6,0.21,1,N,54760
2.8000000000000003,1.6,0.21,2,N,54761
2.8000000000000003,1.6,0.21,3,N,54762
2.8000000000000003,1.6,0.21,4,N,54763
2.8000000000000003,1.6,0.21,5,N,54764
2.8000000000000003,1.6,0.31000000000000005,1,N,54765
2.8000000000000003,1.6,0.31000000000000005,2,N,54766
2.8000000000000003,1.6,0.31000000000000005,3,N,54767
2.8000000000000003,1.6,0.31000000000000005,4,N,54768
2.8000000000000003,1.6,0.31000000000000005,5,N,54769
2.8000000000000003,1.6,0.41,1,N,54770
2.8000000000000003,1.6,0.41,2,N,54771
2.8000000000000003,1.6,0.41,3,N,54772
2.8000000000000003,1.6,0.41,4,N,54773
2.8000000000000003,1.6,0.41,5,N,54774
2.8000000000000003,1.6,0.51,1,N,54775
2.8000000000000003,1.6,0.51,2,N,54776
2.8000000000000003,1.6,0.51,3,N,54777
2.8000000000000003,1.6,0.51,4,N,54778
2.8000000000000003,1.6,0.51,5,N,54779
2.8000000000000003,1.6,0.6100000000000001,1,N,54780
2.8000000000000003,1.6,0.6100000000000001,2,N,54781
2.8000000000000003,1.6,0.6100000000000001,3,N,54782
2.8000000000000003,1.6,0.6100000000000001,4,N,54783
2.8000000000000003,1.6,0.6100000000000001,5,N,54784
2.8000000000000003,1.6,0.7100000000000001,1,N,54785
2.8000000000000003,1.6,0.7100000000000001,2,N,54786
2.8000000000000003,1.6,0.7100000000000001,3,N,54787
2.8000000000000003,1.6,0.7100000000000001,4,N,54788
2.8000000000000003,1.6,0.7100000000000001,5,N,54789
2.8000000000000003,1.6,0.81,1,N,54790
2.8000000000000003,1.6,0.81,2,N,54791
2.8000000000000003,1.6,0.81,3,N,54792
2.8000000000000003,1.6,0.81,4,N,54793
2.8000000000000003,1.6,0.81,5,N,54794
2.8000000000000003,1.6,0.91,1,N,54795
2.8000000000000003,1.6,0.91,2,N,54796
2.8000000000000003,1.6,0.91,3,N,54797
2.8000000000000003,1.6,0.91,4,N,54798
2.8000000000000003,1.6,0.91,5,N,54799
2.8000000000000003,1.6,1.01,1,N,54800
2.8000000000000003,1.6,1.01,2,N,54801
2.8000000000000003,1.6,1.01,3,N,54802
2.8000000000000003,1.6,1.01,4,N,54803
2.8000000000000003,1.6,1.01,5,N,54804
2.8000000000000003,1.6,1.11,1,N,54805
2.8000000000000003,1.6,1.11,2,N,54806
2.8000000000000003,1.6,1.11,3,N,54807
2.8000000000000003,1.6,1.11,4,N,54808
2.8000000000000003,1.6,1.11,5,N,54809
2.8000000000000003,1.6,1.3,1,N,54810
2.8000000000000003,1.6,1.3,2,N,54811
2.8000000000000003,1.6,1.3,3,N,54812
2.8000000000000003,1.6,1.3,4,N,54813
2.8000000000000003,1.6,1.3,5,N,54814
2.8000000000000003,1.6,1.6,1,N,54815
2.8000000000000003,1.6,1.6,2,N,54816
2.8000000000000003,1.6,1.6,3,N,54817
2.8000000000000003,1.6,1.6,4,N,54818
2.8000000000000003,1.6,1.6,5,N,54819
2.8000000000000003,1.6,1.9,1,N,54820
2.8000000000000003,1.6,1.9,2,N,54821
2.8000000000000003,1.6,1.9,3,N,54822
2.8000000000000003,1.6,1.9,4,N,54823
2.8000000000000003,1.6,1.9,5,N,54824
2.8000000000000003,1.6,2.2,1,N,54825
2.8000000000000003,1.6,2.2,2,N,54826
2.8000000000000003,1.6,2.2,3,N,54827
2.8000000000000003,1.6,2.2,4,N,54828
2.8000000000000003,1.6,2.2,5,N,54829
2.8000000000000003,1.6,2.5,1,N,54830
2.8000000000000003,1.6,2.5,2,N,54831
2.8000000000000003,1.6,2.5,3,N,54832
2.8000000000000003,1.6,2.5,4,N,54833
2.8000000000000003,1.6,2.5,5,N,54834
2.8000000000000003,1.6,2.8000000000000003,1,N,54835
2.8000000000000003,1.6,2.8000000000000003,2,N,54836
2.8000000000000003,1.6,2.8000000000000003,3,N,54837
2.8000000000000003,1.6,2.8000000000000003,4,N,54838
2.8000000000000003,1.6,2.8000000000000003,5,N,54839
2.8000000000000003,1.6,3.1000000000000005,1,N,54840
2.8000000000000003,1.6,3.1000000000000005,2,N,54841
2.8000000000000003,1.6,3.1000000000000005,3,N,54842
2.8000000000000003,1.6,3.1000000000000005,4,N,54843
2.8000000000000003,1.6,3.1000000000000005,5,N,54844
2.8000000000000003,1.6,3.4000000000000004,1,N,54845
2.8000000000000003,1.6,3.4000000000000004,2,N,54846
2.8000000000000003,1.6,3.4000000000000004,3,N,54847
2.8000000000000003,1.6,3.4000000000000004,4,N,54848
2.8000000000000003,1.6,3.4000000000000004,5,N,54849
2.8000000000000003,1.6,3.7,1,N,54850
2.8000000000000003,1.6,3.7,2,N,54851
2.8000000000000003,1.6,3.7,3,N,54852
2.8000000000000003,1.6,3.7,4,N,54853
2.8000000000000003,1.6,3.7,5,N,54854
2.8000000000000003,1.6,4.0,1,N,54855
2.8000000000000003,1.6,4.0,2,N,54856
2.8000000000000003,1.6,4.0,3,N,54857
2.8000000000000003,1.6,4.0,4,N,54858
2.8000000000000003,1.6,4.0,5,N,54859
2.8000000000000003,1.6,4.300000000000002,1,N,54860
2.8000000000000003,1.6,4.300000000000002,2,N,54861
2.8000000000000003,1.6,4.300000000000002,3,N,54862
2.8000000000000003,1.6,4.300000000000002,4,N,54863
2.8000000000000003,1.6,4.300000000000002,5,N,54864
2.8000000000000003,1.6,4.6000000000000005,1,N,54865
2.8000000000000003,1.6,4.6000000000000005,2,N,54866
2.8000000000000003,1.6,4.6000000000000005,3,N,54867
2.8000000000000003,1.6,4.6000000000000005,4,N,54868
2.8000000000000003,1.6,4.6000000000000005,5,N,54869
2.8000000000000003,1.6,4.9,1,N,54870
2.8000000000000003,1.6,4.9,2,N,54871
2.8000000000000003,1.6,4.9,3,N,54872
2.8000000000000003,1.6,4.9,4,N,54873
2.8000000000000003,1.6,4.9,5,N,54874
2.8000000000000003,1.9,0.01,1,N,54875
2.8000000000000003,1.9,0.01,2,N,54876
2.8000000000000003,1.9,0.01,3,N,54877
2.8000000000000003,1.9,0.01,4,N,54878
2.8000000000000003,1.9,0.01,5,N,54879
2.8000000000000003,1.9,0.11,1,N,54880
2.8000000000000003,1.9,0.11,2,N,54881
2.8000000000000003,1.9,0.11,3,N,54882
2.8000000000000003,1.9,0.11,4,N,54883
2.8000000000000003,1.9,0.11,5,N,54884
2.8000000000000003,1.9,0.21,1,N,54885
2.8000000000000003,1.9,0.21,2,N,54886
2.8000000000000003,1.9,0.21,3,N,54887
2.8000000000000003,1.9,0.21,4,N,54888
2.8000000000000003,1.9,0.21,5,N,54889
2.8000000000000003,1.9,0.31000000000000005,1,N,54890
2.8000000000000003,1.9,0.31000000000000005,2,N,54891
2.8000000000000003,1.9,0.31000000000000005,3,N,54892
2.8000000000000003,1.9,0.31000000000000005,4,N,54893
2.8000000000000003,1.9,0.31000000000000005,5,N,54894
2.8000000000000003,1.9,0.41,1,N,54895
2.8000000000000003,1.9,0.41,2,N,54896
2.8000000000000003,1.9,0.41,3,N,54897
2.8000000000000003,1.9,0.41,4,N,54898
2.8000000000000003,1.9,0.41,5,N,54899
2.8000000000000003,1.9,0.51,1,N,54900
2.8000000000000003,1.9,0.51,2,N,54901
2.8000000000000003,1.9,0.51,3,N,54902
2.8000000000000003,1.9,0.51,4,N,54903
2.8000000000000003,1.9,0.51,5,N,54904
2.8000000000000003,1.9,0.6100000000000001,1,N,54905
2.8000000000000003,1.9,0.6100000000000001,2,N,54906
2.8000000000000003,1.9,0.6100000000000001,3,N,54907
2.8000000000000003,1.9,0.6100000000000001,4,N,54908
2.8000000000000003,1.9,0.6100000000000001,5,N,54909
2.8000000000000003,1.9,0.7100000000000001,1,N,54910
2.8000000000000003,1.9,0.7100000000000001,2,N,54911
2.8000000000000003,1.9,0.7100000000000001,3,N,54912
2.8000000000000003,1.9,0.7100000000000001,4,N,54913
2.8000000000000003,1.9,0.7100000000000001,5,N,54914
2.8000000000000003,1.9,0.81,1,N,54915
2.8000000000000003,1.9,0.81,2,N,54916
2.8000000000000003,1.9,0.81,3,N,54917
2.8000000000000003,1.9,0.81,4,N,54918
2.8000000000000003,1.9,0.81,5,N,54919
2.8000000000000003,1.9,0.91,1,N,54920
2.8000000000000003,1.9,0.91,2,N,54921
2.8000000000000003,1.9,0.91,3,N,54922
2.8000000000000003,1.9,0.91,4,N,54923
2.8000000000000003,1.9,0.91,5,N,54924
2.8000000000000003,1.9,1.01,1,N,54925
2.8000000000000003,1.9,1.01,2,N,54926
2.8000000000000003,1.9,1.01,3,N,54927
2.8000000000000003,1.9,1.01,4,N,54928
2.8000000000000003,1.9,1.01,5,N,54929
2.8000000000000003,1.9,1.11,1,N,54930
2.8000000000000003,1.9,1.11,2,N,54931
2.8000000000000003,1.9,1.11,3,N,54932
2.8000000000000003,1.9,1.11,4,N,54933
2.8000000000000003,1.9,1.11,5,N,54934
2.8000000000000003,1.9,1.3,1,N,54935
2.8000000000000003,1.9,1.3,2,N,54936
2.8000000000000003,1.9,1.3,3,N,54937
2.8000000000000003,1.9,1.3,4,N,54938
2.8000000000000003,1.9,1.3,5,N,54939
2.8000000000000003,1.9,1.6,1,N,54940
2.8000000000000003,1.9,1.6,2,N,54941
2.8000000000000003,1.9,1.6,3,N,54942
2.8000000000000003,1.9,1.6,4,N,54943
2.8000000000000003,1.9,1.6,5,N,54944
2.8000000000000003,1.9,1.9,1,N,54945
2.8000000000000003,1.9,1.9,2,N,54946
2.8000000000000003,1.9,1.9,3,N,54947
2.8000000000000003,1.9,1.9,4,N,54948
2.8000000000000003,1.9,1.9,5,N,54949
2.8000000000000003,1.9,2.2,1,N,54950
2.8000000000000003,1.9,2.2,2,N,54951
2.8000000000000003,1.9,2.2,3,N,54952
2.8000000000000003,1.9,2.2,4,N,54953
2.8000000000000003,1.9,2.2,5,N,54954
2.8000000000000003,1.9,2.5,1,N,54955
2.8000000000000003,1.9,2.5,2,N,54956
2.8000000000000003,1.9,2.5,3,N,54957
2.8000000000000003,1.9,2.5,4,N,54958
2.8000000000000003,1.9,2.5,5,N,54959
2.8000000000000003,1.9,2.8000000000000003,1,N,54960
2.8000000000000003,1.9,2.8000000000000003,2,N,54961
2.8000000000000003,1.9,2.8000000000000003,3,N,54962
2.8000000000000003,1.9,2.8000000000000003,4,N,54963
2.8000000000000003,1.9,2.8000000000000003,5,N,54964
2.8000000000000003,1.9,3.1000000000000005,1,N,54965
2.8000000000000003,1.9,3.1000000000000005,2,N,54966
2.8000000000000003,1.9,3.1000000000000005,3,N,54967
2.8000000000000003,1.9,3.1000000000000005,4,N,54968
2.8000000000000003,1.9,3.1000000000000005,5,N,54969
2.8000000000000003,1.9,3.4000000000000004,1,N,54970
2.8000000000000003,1.9,3.4000000000000004,2,N,54971
2.8000000000000003,1.9,3.4000000000000004,3,N,54972
2.8000000000000003,1.9,3.4000000000000004,4,N,54973
2.8000000000000003,1.9,3.4000000000000004,5,N,54974
2.8000000000000003,1.9,3.7,1,N,54975
2.8000000000000003,1.9,3.7,2,N,54976
2.8000000000000003,1.9,3.7,3,N,54977
2.8000000000000003,1.9,3.7,4,N,54978
2.8000000000000003,1.9,3.7,5,N,54979
2.8000000000000003,1.9,4.0,1,N,54980
2.8000000000000003,1.9,4.0,2,N,54981
2.8000000000000003,1.9,4.0,3,N,54982
2.8000000000000003,1.9,4.0,4,N,54983
2.8000000000000003,1.9,4.0,5,N,54984
2.8000000000000003,1.9,4.300000000000002,1,N,54985
2.8000000000000003,1.9,4.300000000000002,2,N,54986
2.8000000000000003,1.9,4.300000000000002,3,N,54987
2.8000000000000003,1.9,4.300000000000002,4,N,54988
2.8000000000000003,1.9,4.300000000000002,5,N,54989
2.8000000000000003,1.9,4.6000000000000005,1,N,54990
2.8000000000000003,1.9,4.6000000000000005,2,N,54991
2.8000000000000003,1.9,4.6000000000000005,3,N,54992
2.8000000000000003,1.9,4.6000000000000005,4,N,54993
2.8000000000000003,1.9,4.6000000000000005,5,N,54994
2.8000000000000003,1.9,4.9,1,N,54995
2.8000000000000003,1.9,4.9,2,N,54996
2.8000000000000003,1.9,4.9,3,N,54997
2.8000000000000003,1.9,4.9,4,N,54998
2.8000000000000003,1.9,4.9,5,N,54999
2.8000000000000003,2.2,0.01,1,N,55000
2.8000000000000003,2.2,0.01,2,N,55001
2.8000000000000003,2.2,0.01,3,N,55002
2.8000000000000003,2.2,0.01,4,N,55003
2.8000000000000003,2.2,0.01,5,N,55004
2.8000000000000003,2.2,0.11,1,N,55005
2.8000000000000003,2.2,0.11,2,N,55006
2.8000000000000003,2.2,0.11,3,N,55007
2.8000000000000003,2.2,0.11,4,N,55008
2.8000000000000003,2.2,0.11,5,N,55009
2.8000000000000003,2.2,0.21,1,N,55010
2.8000000000000003,2.2,0.21,2,N,55011
2.8000000000000003,2.2,0.21,3,N,55012
2.8000000000000003,2.2,0.21,4,N,55013
2.8000000000000003,2.2,0.21,5,N,55014
2.8000000000000003,2.2,0.31000000000000005,1,N,55015
2.8000000000000003,2.2,0.31000000000000005,2,N,55016
2.8000000000000003,2.2,0.31000000000000005,3,N,55017
2.8000000000000003,2.2,0.31000000000000005,4,N,55018
2.8000000000000003,2.2,0.31000000000000005,5,N,55019
2.8000000000000003,2.2,0.41,1,N,55020
2.8000000000000003,2.2,0.41,2,N,55021
2.8000000000000003,2.2,0.41,3,N,55022
2.8000000000000003,2.2,0.41,4,N,55023
2.8000000000000003,2.2,0.41,5,N,55024
2.8000000000000003,2.2,0.51,1,N,55025
2.8000000000000003,2.2,0.51,2,N,55026
2.8000000000000003,2.2,0.51,3,N,55027
2.8000000000000003,2.2,0.51,4,N,55028
2.8000000000000003,2.2,0.51,5,N,55029
2.8000000000000003,2.2,0.6100000000000001,1,N,55030
2.8000000000000003,2.2,0.6100000000000001,2,N,55031
2.8000000000000003,2.2,0.6100000000000001,3,N,55032
2.8000000000000003,2.2,0.6100000000000001,4,N,55033
2.8000000000000003,2.2,0.6100000000000001,5,N,55034
2.8000000000000003,2.2,0.7100000000000001,1,N,55035
2.8000000000000003,2.2,0.7100000000000001,2,N,55036
2.8000000000000003,2.2,0.7100000000000001,3,N,55037
2.8000000000000003,2.2,0.7100000000000001,4,N,55038
2.8000000000000003,2.2,0.7100000000000001,5,N,55039
2.8000000000000003,2.2,0.81,1,N,55040
2.8000000000000003,2.2,0.81,2,N,55041
2.8000000000000003,2.2,0.81,3,N,55042
2.8000000000000003,2.2,0.81,4,N,55043
2.8000000000000003,2.2,0.81,5,N,55044
2.8000000000000003,2.2,0.91,1,N,55045
2.8000000000000003,2.2,0.91,2,N,55046
2.8000000000000003,2.2,0.91,3,N,55047
2.8000000000000003,2.2,0.91,4,N,55048
2.8000000000000003,2.2,0.91,5,N,55049
2.8000000000000003,2.2,1.01,1,N,55050
2.8000000000000003,2.2,1.01,2,N,55051
2.8000000000000003,2.2,1.01,3,N,55052
2.8000000000000003,2.2,1.01,4,N,55053
2.8000000000000003,2.2,1.01,5,N,55054
2.8000000000000003,2.2,1.11,1,N,55055
2.8000000000000003,2.2,1.11,2,N,55056
2.8000000000000003,2.2,1.11,3,N,55057
2.8000000000000003,2.2,1.11,4,N,55058
2.8000000000000003,2.2,1.11,5,N,55059
2.8000000000000003,2.2,1.3,1,N,55060
2.8000000000000003,2.2,1.3,2,N,55061
2.8000000000000003,2.2,1.3,3,N,55062
2.8000000000000003,2.2,1.3,4,N,55063
2.8000000000000003,2.2,1.3,5,N,55064
2.8000000000000003,2.2,1.6,1,N,55065
2.8000000000000003,2.2,1.6,2,N,55066
2.8000000000000003,2.2,1.6,3,N,55067
2.8000000000000003,2.2,1.6,4,N,55068
2.8000000000000003,2.2,1.6,5,N,55069
2.8000000000000003,2.2,1.9,1,N,55070
2.8000000000000003,2.2,1.9,2,N,55071
2.8000000000000003,2.2,1.9,3,N,55072
2.8000000000000003,2.2,1.9,4,N,55073
2.8000000000000003,2.2,1.9,5,N,55074
2.8000000000000003,2.2,2.2,1,N,55075
2.8000000000000003,2.2,2.2,2,N,55076
2.8000000000000003,2.2,2.2,3,N,55077
2.8000000000000003,2.2,2.2,4,N,55078
2.8000000000000003,2.2,2.2,5,N,55079
2.8000000000000003,2.2,2.5,1,N,55080
2.8000000000000003,2.2,2.5,2,N,55081
2.8000000000000003,2.2,2.5,3,N,55082
2.8000000000000003,2.2,2.5,4,N,55083
2.8000000000000003,2.2,2.5,5,N,55084
2.8000000000000003,2.2,2.8000000000000003,1,N,55085
2.8000000000000003,2.2,2.8000000000000003,2,N,55086
2.8000000000000003,2.2,2.8000000000000003,3,N,55087
2.8000000000000003,2.2,2.8000000000000003,4,N,55088
2.8000000000000003,2.2,2.8000000000000003,5,N,55089
2.8000000000000003,2.2,3.1000000000000005,1,N,55090
2.8000000000000003,2.2,3.1000000000000005,2,N,55091
2.8000000000000003,2.2,3.1000000000000005,3,N,55092
2.8000000000000003,2.2,3.1000000000000005,4,N,55093
2.8000000000000003,2.2,3.1000000000000005,5,N,55094
2.8000000000000003,2.2,3.4000000000000004,1,N,55095
2.8000000000000003,2.2,3.4000000000000004,2,N,55096
2.8000000000000003,2.2,3.4000000000000004,3,N,55097
2.8000000000000003,2.2,3.4000000000000004,4,N,55098
2.8000000000000003,2.2,3.4000000000000004,5,N,55099
2.8000000000000003,2.2,3.7,1,N,55100
2.8000000000000003,2.2,3.7,2,N,55101
2.8000000000000003,2.2,3.7,3,N,55102
2.8000000000000003,2.2,3.7,4,N,55103
2.8000000000000003,2.2,3.7,5,N,55104
2.8000000000000003,2.2,4.0,1,N,55105
2.8000000000000003,2.2,4.0,2,N,55106
2.8000000000000003,2.2,4.0,3,N,55107
2.8000000000000003,2.2,4.0,4,N,55108
2.8000000000000003,2.2,4.0,5,N,55109
2.8000000000000003,2.2,4.300000000000002,1,N,55110
2.8000000000000003,2.2,4.300000000000002,2,N,55111
2.8000000000000003,2.2,4.300000000000002,3,N,55112
2.8000000000000003,2.2,4.300000000000002,4,N,55113
2.8000000000000003,2.2,4.300000000000002,5,N,55114
2.8000000000000003,2.2,4.6000000000000005,1,N,55115
2.8000000000000003,2.2,4.6000000000000005,2,N,55116
2.8000000000000003,2.2,4.6000000000000005,3,N,55117
2.8000000000000003,2.2,4.6000000000000005,4,N,55118
2.8000000000000003,2.2,4.6000000000000005,5,N,55119
2.8000000000000003,2.2,4.9,1,N,55120
2.8000000000000003,2.2,4.9,2,N,55121
2.8000000000000003,2.2,4.9,3,N,55122
2.8000000000000003,2.2,4.9,4,N,55123
2.8000000000000003,2.2,4.9,5,N,55124
2.8000000000000003,2.5,0.01,1,N,55125
2.8000000000000003,2.5,0.01,2,N,55126
2.8000000000000003,2.5,0.01,3,N,55127
2.8000000000000003,2.5,0.01,4,N,55128
2.8000000000000003,2.5,0.01,5,N,55129
2.8000000000000003,2.5,0.11,1,N,55130
2.8000000000000003,2.5,0.11,2,N,55131
2.8000000000000003,2.5,0.11,3,N,55132
2.8000000000000003,2.5,0.11,4,N,55133
2.8000000000000003,2.5,0.11,5,N,55134
2.8000000000000003,2.5,0.21,1,N,55135
2.8000000000000003,2.5,0.21,2,N,55136
2.8000000000000003,2.5,0.21,3,N,55137
2.8000000000000003,2.5,0.21,4,N,55138
2.8000000000000003,2.5,0.21,5,N,55139
2.8000000000000003,2.5,0.31000000000000005,1,N,55140
2.8000000000000003,2.5,0.31000000000000005,2,N,55141
2.8000000000000003,2.5,0.31000000000000005,3,N,55142
2.8000000000000003,2.5,0.31000000000000005,4,N,55143
2.8000000000000003,2.5,0.31000000000000005,5,N,55144
2.8000000000000003,2.5,0.41,1,N,55145
2.8000000000000003,2.5,0.41,2,N,55146
2.8000000000000003,2.5,0.41,3,N,55147
2.8000000000000003,2.5,0.41,4,N,55148
2.8000000000000003,2.5,0.41,5,N,55149
2.8000000000000003,2.5,0.51,1,N,55150
2.8000000000000003,2.5,0.51,2,N,55151
2.8000000000000003,2.5,0.51,3,N,55152
2.8000000000000003,2.5,0.51,4,N,55153
2.8000000000000003,2.5,0.51,5,N,55154
2.8000000000000003,2.5,0.6100000000000001,1,N,55155
2.8000000000000003,2.5,0.6100000000000001,2,N,55156
2.8000000000000003,2.5,0.6100000000000001,3,N,55157
2.8000000000000003,2.5,0.6100000000000001,4,N,55158
2.8000000000000003,2.5,0.6100000000000001,5,N,55159
2.8000000000000003,2.5,0.7100000000000001,1,N,55160
2.8000000000000003,2.5,0.7100000000000001,2,N,55161
2.8000000000000003,2.5,0.7100000000000001,3,N,55162
2.8000000000000003,2.5,0.7100000000000001,4,N,55163
2.8000000000000003,2.5,0.7100000000000001,5,N,55164
2.8000000000000003,2.5,0.81,1,N,55165
2.8000000000000003,2.5,0.81,2,N,55166
2.8000000000000003,2.5,0.81,3,N,55167
2.8000000000000003,2.5,0.81,4,N,55168
2.8000000000000003,2.5,0.81,5,N,55169
2.8000000000000003,2.5,0.91,1,N,55170
2.8000000000000003,2.5,0.91,2,N,55171
2.8000000000000003,2.5,0.91,3,N,55172
2.8000000000000003,2.5,0.91,4,N,55173
2.8000000000000003,2.5,0.91,5,N,55174
2.8000000000000003,2.5,1.01,1,N,55175
2.8000000000000003,2.5,1.01,2,N,55176
2.8000000000000003,2.5,1.01,3,N,55177
2.8000000000000003,2.5,1.01,4,N,55178
2.8000000000000003,2.5,1.01,5,N,55179
2.8000000000000003,2.5,1.11,1,N,55180
2.8000000000000003,2.5,1.11,2,N,55181
2.8000000000000003,2.5,1.11,3,N,55182
2.8000000000000003,2.5,1.11,4,N,55183
2.8000000000000003,2.5,1.11,5,N,55184
2.8000000000000003,2.5,1.3,1,N,55185
2.8000000000000003,2.5,1.3,2,N,55186
2.8000000000000003,2.5,1.3,3,N,55187
2.8000000000000003,2.5,1.3,4,N,55188
2.8000000000000003,2.5,1.3,5,N,55189
2.8000000000000003,2.5,1.6,1,N,55190
2.8000000000000003,2.5,1.6,2,N,55191
2.8000000000000003,2.5,1.6,3,N,55192
2.8000000000000003,2.5,1.6,4,N,55193
2.8000000000000003,2.5,1.6,5,N,55194
2.8000000000000003,2.5,1.9,1,N,55195
2.8000000000000003,2.5,1.9,2,N,55196
2.8000000000000003,2.5,1.9,3,N,55197
2.8000000000000003,2.5,1.9,4,N,55198
2.8000000000000003,2.5,1.9,5,N,55199
2.8000000000000003,2.5,2.2,1,N,55200
2.8000000000000003,2.5,2.2,2,N,55201
2.8000000000000003,2.5,2.2,3,N,55202
2.8000000000000003,2.5,2.2,4,N,55203
2.8000000000000003,2.5,2.2,5,N,55204
2.8000000000000003,2.5,2.5,1,N,55205
2.8000000000000003,2.5,2.5,2,N,55206
2.8000000000000003,2.5,2.5,3,N,55207
2.8000000000000003,2.5,2.5,4,N,55208
2.8000000000000003,2.5,2.5,5,N,55209
2.8000000000000003,2.5,2.8000000000000003,1,N,55210
2.8000000000000003,2.5,2.8000000000000003,2,N,55211
2.8000000000000003,2.5,2.8000000000000003,3,N,55212
2.8000000000000003,2.5,2.8000000000000003,4,N,55213
2.8000000000000003,2.5,2.8000000000000003,5,N,55214
2.8000000000000003,2.5,3.1000000000000005,1,N,55215
2.8000000000000003,2.5,3.1000000000000005,2,N,55216
2.8000000000000003,2.5,3.1000000000000005,3,N,55217
2.8000000000000003,2.5,3.1000000000000005,4,N,55218
2.8000000000000003,2.5,3.1000000000000005,5,N,55219
2.8000000000000003,2.5,3.4000000000000004,1,N,55220
2.8000000000000003,2.5,3.4000000000000004,2,N,55221
2.8000000000000003,2.5,3.4000000000000004,3,N,55222
2.8000000000000003,2.5,3.4000000000000004,4,N,55223
2.8000000000000003,2.5,3.4000000000000004,5,N,55224
2.8000000000000003,2.5,3.7,1,N,55225
2.8000000000000003,2.5,3.7,2,N,55226
2.8000000000000003,2.5,3.7,3,N,55227
2.8000000000000003,2.5,3.7,4,N,55228
2.8000000000000003,2.5,3.7,5,N,55229
2.8000000000000003,2.5,4.0,1,N,55230
2.8000000000000003,2.5,4.0,2,N,55231
2.8000000000000003,2.5,4.0,3,N,55232
2.8000000000000003,2.5,4.0,4,N,55233
2.8000000000000003,2.5,4.0,5,N,55234
2.8000000000000003,2.5,4.300000000000002,1,N,55235
2.8000000000000003,2.5,4.300000000000002,2,N,55236
2.8000000000000003,2.5,4.300000000000002,3,N,55237
2.8000000000000003,2.5,4.300000000000002,4,N,55238
2.8000000000000003,2.5,4.300000000000002,5,N,55239
2.8000000000000003,2.5,4.6000000000000005,1,N,55240
2.8000000000000003,2.5,4.6000000000000005,2,N,55241
2.8000000000000003,2.5,4.6000000000000005,3,N,55242
2.8000000000000003,2.5,4.6000000000000005,4,N,55243
2.8000000000000003,2.5,4.6000000000000005,5,N,55244
2.8000000000000003,2.5,4.9,1,N,55245
2.8000000000000003,2.5,4.9,2,N,55246
2.8000000000000003,2.5,4.9,3,N,55247
2.8000000000000003,2.5,4.9,4,N,55248
2.8000000000000003,2.5,4.9,5,N,55249
2.8000000000000003,2.8000000000000003,0.01,1,N,55250
2.8000000000000003,2.8000000000000003,0.01,2,N,55251
2.8000000000000003,2.8000000000000003,0.01,3,N,55252
2.8000000000000003,2.8000000000000003,0.01,4,N,55253
2.8000000000000003,2.8000000000000003,0.01,5,N,55254
2.8000000000000003,2.8000000000000003,0.11,1,N,55255
2.8000000000000003,2.8000000000000003,0.11,2,N,55256
2.8000000000000003,2.8000000000000003,0.11,3,N,55257
2.8000000000000003,2.8000000000000003,0.11,4,N,55258
2.8000000000000003,2.8000000000000003,0.11,5,N,55259
2.8000000000000003,2.8000000000000003,0.21,1,N,55260
2.8000000000000003,2.8000000000000003,0.21,2,N,55261
2.8000000000000003,2.8000000000000003,0.21,3,N,55262
2.8000000000000003,2.8000000000000003,0.21,4,N,55263
2.8000000000000003,2.8000000000000003,0.21,5,N,55264
2.8000000000000003,2.8000000000000003,0.31000000000000005,1,N,55265
2.8000000000000003,2.8000000000000003,0.31000000000000005,2,N,55266
2.8000000000000003,2.8000000000000003,0.31000000000000005,3,N,55267
2.8000000000000003,2.8000000000000003,0.31000000000000005,4,N,55268
2.8000000000000003,2.8000000000000003,0.31000000000000005,5,N,55269
2.8000000000000003,2.8000000000000003,0.41,1,N,55270
2.8000000000000003,2.8000000000000003,0.41,2,N,55271
2.8000000000000003,2.8000000000000003,0.41,3,N,55272
2.8000000000000003,2.8000000000000003,0.41,4,N,55273
2.8000000000000003,2.8000000000000003,0.41,5,N,55274
2.8000000000000003,2.8000000000000003,0.51,1,N,55275
2.8000000000000003,2.8000000000000003,0.51,2,N,55276
2.8000000000000003,2.8000000000000003,0.51,3,N,55277
2.8000000000000003,2.8000000000000003,0.51,4,N,55278
2.8000000000000003,2.8000000000000003,0.51,5,N,55279
2.8000000000000003,2.8000000000000003,0.6100000000000001,1,N,55280
2.8000000000000003,2.8000000000000003,0.6100000000000001,2,N,55281
2.8000000000000003,2.8000000000000003,0.6100000000000001,3,N,55282
2.8000000000000003,2.8000000000000003,0.6100000000000001,4,N,55283
2.8000000000000003,2.8000000000000003,0.6100000000000001,5,N,55284
2.8000000000000003,2.8000000000000003,0.7100000000000001,1,N,55285
2.8000000000000003,2.8000000000000003,0.7100000000000001,2,N,55286
2.8000000000000003,2.8000000000000003,0.7100000000000001,3,N,55287
2.8000000000000003,2.8000000000000003,0.7100000000000001,4,N,55288
2.8000000000000003,2.8000000000000003,0.7100000000000001,5,N,55289
2.8000000000000003,2.8000000000000003,0.81,1,N,55290
2.8000000000000003,2.8000000000000003,0.81,2,N,55291
2.8000000000000003,2.8000000000000003,0.81,3,N,55292
2.8000000000000003,2.8000000000000003,0.81,4,N,55293
2.8000000000000003,2.8000000000000003,0.81,5,N,55294
2.8000000000000003,2.8000000000000003,0.91,1,N,55295
2.8000000000000003,2.8000000000000003,0.91,2,N,55296
2.8000000000000003,2.8000000000000003,0.91,3,N,55297
2.8000000000000003,2.8000000000000003,0.91,4,N,55298
2.8000000000000003,2.8000000000000003,0.91,5,N,55299
2.8000000000000003,2.8000000000000003,1.01,1,N,55300
2.8000000000000003,2.8000000000000003,1.01,2,N,55301
2.8000000000000003,2.8000000000000003,1.01,3,N,55302
2.8000000000000003,2.8000000000000003,1.01,4,N,55303
2.8000000000000003,2.8000000000000003,1.01,5,N,55304
2.8000000000000003,2.8000000000000003,1.11,1,N,55305
2.8000000000000003,2.8000000000000003,1.11,2,N,55306
2.8000000000000003,2.8000000000000003,1.11,3,N,55307
2.8000000000000003,2.8000000000000003,1.11,4,N,55308
2.8000000000000003,2.8000000000000003,1.11,5,N,55309
2.8000000000000003,2.8000000000000003,1.3,1,N,55310
2.8000000000000003,2.8000000000000003,1.3,2,N,55311
2.8000000000000003,2.8000000000000003,1.3,3,N,55312
2.8000000000000003,2.8000000000000003,1.3,4,N,55313
2.8000000000000003,2.8000000000000003,1.3,5,N,55314
2.8000000000000003,2.8000000000000003,1.6,1,N,55315
2.8000000000000003,2.8000000000000003,1.6,2,N,55316
2.8000000000000003,2.8000000000000003,1.6,3,N,55317
2.8000000000000003,2.8000000000000003,1.6,4,N,55318
2.8000000000000003,2.8000000000000003,1.6,5,N,55319
2.8000000000000003,2.8000000000000003,1.9,1,N,55320
2.8000000000000003,2.8000000000000003,1.9,2,N,55321
2.8000000000000003,2.8000000000000003,1.9,3,N,55322
2.8000000000000003,2.8000000000000003,1.9,4,N,55323
2.8000000000000003,2.8000000000000003,1.9,5,N,55324
2.8000000000000003,2.8000000000000003,2.2,1,N,55325
2.8000000000000003,2.8000000000000003,2.2,2,N,55326
2.8000000000000003,2.8000000000000003,2.2,3,N,55327
2.8000000000000003,2.8000000000000003,2.2,4,N,55328
2.8000000000000003,2.8000000000000003,2.2,5,N,55329
2.8000000000000003,2.8000000000000003,2.5,1,N,55330
2.8000000000000003,2.8000000000000003,2.5,2,N,55331
2.8000000000000003,2.8000000000000003,2.5,3,N,55332
2.8000000000000003,2.8000000000000003,2.5,4,N,55333
2.8000000000000003,2.8000000000000003,2.5,5,N,55334
2.8000000000000003,2.8000000000000003,2.8000000000000003,1,N,55335
2.8000000000000003,2.8000000000000003,2.8000000000000003,2,N,55336
2.8000000000000003,2.8000000000000003,2.8000000000000003,3,N,55337
2.8000000000000003,2.8000000000000003,2.8000000000000003,4,N,55338
2.8000000000000003,2.8000000000000003,2.8000000000000003,5,N,55339
2.8000000000000003,2.8000000000000003,3.1000000000000005,1,N,55340
2.8000000000000003,2.8000000000000003,3.1000000000000005,2,N,55341
2.8000000000000003,2.8000000000000003,3.1000000000000005,3,N,55342
2.8000000000000003,2.8000000000000003,3.1000000000000005,4,N,55343
2.8000000000000003,2.8000000000000003,3.1000000000000005,5,N,55344
2.8000000000000003,2.8000000000000003,3.4000000000000004,1,N,55345
2.8000000000000003,2.8000000000000003,3.4000000000000004,2,N,55346
2.8000000000000003,2.8000000000000003,3.4000000000000004,3,N,55347
2.8000000000000003,2.8000000000000003,3.4000000000000004,4,N,55348
2.8000000000000003,2.8000000000000003,3.4000000000000004,5,N,55349
2.8000000000000003,2.8000000000000003,3.7,1,N,55350
2.8000000000000003,2.8000000000000003,3.7,2,N,55351
2.8000000000000003,2.8000000000000003,3.7,3,N,55352
2.8000000000000003,2.8000000000000003,3.7,4,N,55353
2.8000000000000003,2.8000000000000003,3.7,5,N,55354
2.8000000000000003,2.8000000000000003,4.0,1,N,55355
2.8000000000000003,2.8000000000000003,4.0,2,N,55356
2.8000000000000003,2.8000000000000003,4.0,3,N,55357
2.8000000000000003,2.8000000000000003,4.0,4,N,55358
2.8000000000000003,2.8000000000000003,4.0,5,N,55359
2.8000000000000003,2.8000000000000003,4.300000000000002,1,N,55360
2.8000000000000003,2.8000000000000003,4.300000000000002,2,N,55361
2.8000000000000003,2.8000000000000003,4.300000000000002,3,N,55362
2.8000000000000003,2.8000000000000003,4.300000000000002,4,N,55363
2.8000000000000003,2.8000000000000003,4.300000000000002,5,N,55364
2.8000000000000003,2.8000000000000003,4.6000000000000005,1,N,55365
2.8000000000000003,2.8000000000000003,4.6000000000000005,2,N,55366
2.8000000000000003,2.8000000000000003,4.6000000000000005,3,N,55367
2.8000000000000003,2.8000000000000003,4.6000000000000005,4,N,55368
2.8000000000000003,2.8000000000000003,4.6000000000000005,5,N,55369
2.8000000000000003,2.8000000000000003,4.9,1,N,55370
2.8000000000000003,2.8000000000000003,4.9,2,N,55371
2.8000000000000003,2.8000000000000003,4.9,3,N,55372
2.8000000000000003,2.8000000000000003,4.9,4,N,55373
2.8000000000000003,2.8000000000000003,4.9,5,N,55374
2.8000000000000003,3.1000000000000005,0.01,1,N,55375
2.8000000000000003,3.1000000000000005,0.01,2,N,55376
2.8000000000000003,3.1000000000000005,0.01,3,N,55377
2.8000000000000003,3.1000000000000005,0.01,4,N,55378
2.8000000000000003,3.1000000000000005,0.01,5,N,55379
2.8000000000000003,3.1000000000000005,0.11,1,N,55380
2.8000000000000003,3.1000000000000005,0.11,2,N,55381
2.8000000000000003,3.1000000000000005,0.11,3,N,55382
2.8000000000000003,3.1000000000000005,0.11,4,N,55383
2.8000000000000003,3.1000000000000005,0.11,5,N,55384
2.8000000000000003,3.1000000000000005,0.21,1,N,55385
2.8000000000000003,3.1000000000000005,0.21,2,N,55386
2.8000000000000003,3.1000000000000005,0.21,3,N,55387
2.8000000000000003,3.1000000000000005,0.21,4,N,55388
2.8000000000000003,3.1000000000000005,0.21,5,N,55389
2.8000000000000003,3.1000000000000005,0.31000000000000005,1,N,55390
2.8000000000000003,3.1000000000000005,0.31000000000000005,2,N,55391
2.8000000000000003,3.1000000000000005,0.31000000000000005,3,N,55392
2.8000000000000003,3.1000000000000005,0.31000000000000005,4,N,55393
2.8000000000000003,3.1000000000000005,0.31000000000000005,5,N,55394
2.8000000000000003,3.1000000000000005,0.41,1,N,55395
2.8000000000000003,3.1000000000000005,0.41,2,N,55396
2.8000000000000003,3.1000000000000005,0.41,3,N,55397
2.8000000000000003,3.1000000000000005,0.41,4,N,55398
2.8000000000000003,3.1000000000000005,0.41,5,N,55399
2.8000000000000003,3.1000000000000005,0.51,1,N,55400
2.8000000000000003,3.1000000000000005,0.51,2,N,55401
2.8000000000000003,3.1000000000000005,0.51,3,N,55402
2.8000000000000003,3.1000000000000005,0.51,4,N,55403
2.8000000000000003,3.1000000000000005,0.51,5,N,55404
2.8000000000000003,3.1000000000000005,0.6100000000000001,1,N,55405
2.8000000000000003,3.1000000000000005,0.6100000000000001,2,N,55406
2.8000000000000003,3.1000000000000005,0.6100000000000001,3,N,55407
2.8000000000000003,3.1000000000000005,0.6100000000000001,4,N,55408
2.8000000000000003,3.1000000000000005,0.6100000000000001,5,N,55409
2.8000000000000003,3.1000000000000005,0.7100000000000001,1,N,55410
2.8000000000000003,3.1000000000000005,0.7100000000000001,2,N,55411
2.8000000000000003,3.1000000000000005,0.7100000000000001,3,N,55412
2.8000000000000003,3.1000000000000005,0.7100000000000001,4,N,55413
2.8000000000000003,3.1000000000000005,0.7100000000000001,5,N,55414
2.8000000000000003,3.1000000000000005,0.81,1,N,55415
2.8000000000000003,3.1000000000000005,0.81,2,N,55416
2.8000000000000003,3.1000000000000005,0.81,3,N,55417
2.8000000000000003,3.1000000000000005,0.81,4,N,55418
2.8000000000000003,3.1000000000000005,0.81,5,N,55419
2.8000000000000003,3.1000000000000005,0.91,1,N,55420
2.8000000000000003,3.1000000000000005,0.91,2,N,55421
2.8000000000000003,3.1000000000000005,0.91,3,N,55422
2.8000000000000003,3.1000000000000005,0.91,4,N,55423
2.8000000000000003,3.1000000000000005,0.91,5,N,55424
2.8000000000000003,3.1000000000000005,1.01,1,N,55425
2.8000000000000003,3.1000000000000005,1.01,2,N,55426
2.8000000000000003,3.1000000000000005,1.01,3,N,55427
2.8000000000000003,3.1000000000000005,1.01,4,N,55428
2.8000000000000003,3.1000000000000005,1.01,5,N,55429
2.8000000000000003,3.1000000000000005,1.11,1,N,55430
2.8000000000000003,3.1000000000000005,1.11,2,N,55431
2.8000000000000003,3.1000000000000005,1.11,3,N,55432
2.8000000000000003,3.1000000000000005,1.11,4,N,55433
2.8000000000000003,3.1000000000000005,1.11,5,N,55434
2.8000000000000003,3.1000000000000005,1.3,1,N,55435
2.8000000000000003,3.1000000000000005,1.3,2,N,55436
2.8000000000000003,3.1000000000000005,1.3,3,N,55437
2.8000000000000003,3.1000000000000005,1.3,4,N,55438
2.8000000000000003,3.1000000000000005,1.3,5,N,55439
2.8000000000000003,3.1000000000000005,1.6,1,N,55440
2.8000000000000003,3.1000000000000005,1.6,2,N,55441
2.8000000000000003,3.1000000000000005,1.6,3,N,55442
2.8000000000000003,3.1000000000000005,1.6,4,N,55443
2.8000000000000003,3.1000000000000005,1.6,5,N,55444
2.8000000000000003,3.1000000000000005,1.9,1,N,55445
2.8000000000000003,3.1000000000000005,1.9,2,N,55446
2.8000000000000003,3.1000000000000005,1.9,3,N,55447
2.8000000000000003,3.1000000000000005,1.9,4,N,55448
2.8000000000000003,3.1000000000000005,1.9,5,N,55449
2.8000000000000003,3.1000000000000005,2.2,1,N,55450
2.8000000000000003,3.1000000000000005,2.2,2,N,55451
2.8000000000000003,3.1000000000000005,2.2,3,N,55452
2.8000000000000003,3.1000000000000005,2.2,4,N,55453
2.8000000000000003,3.1000000000000005,2.2,5,N,55454
2.8000000000000003,3.1000000000000005,2.5,1,N,55455
2.8000000000000003,3.1000000000000005,2.5,2,N,55456
2.8000000000000003,3.1000000000000005,2.5,3,N,55457
2.8000000000000003,3.1000000000000005,2.5,4,N,55458
2.8000000000000003,3.1000000000000005,2.5,5,N,55459
2.8000000000000003,3.1000000000000005,2.8000000000000003,1,N,55460
2.8000000000000003,3.1000000000000005,2.8000000000000003,2,N,55461
2.8000000000000003,3.1000000000000005,2.8000000000000003,3,N,55462
2.8000000000000003,3.1000000000000005,2.8000000000000003,4,N,55463
2.8000000000000003,3.1000000000000005,2.8000000000000003,5,N,55464
2.8000000000000003,3.1000000000000005,3.1000000000000005,1,N,55465
2.8000000000000003,3.1000000000000005,3.1000000000000005,2,N,55466
2.8000000000000003,3.1000000000000005,3.1000000000000005,3,N,55467
2.8000000000000003,3.1000000000000005,3.1000000000000005,4,N,55468
2.8000000000000003,3.1000000000000005,3.1000000000000005,5,N,55469
2.8000000000000003,3.1000000000000005,3.4000000000000004,1,N,55470
2.8000000000000003,3.1000000000000005,3.4000000000000004,2,N,55471
2.8000000000000003,3.1000000000000005,3.4000000000000004,3,N,55472
2.8000000000000003,3.1000000000000005,3.4000000000000004,4,N,55473
2.8000000000000003,3.1000000000000005,3.4000000000000004,5,N,55474
2.8000000000000003,3.1000000000000005,3.7,1,N,55475
2.8000000000000003,3.1000000000000005,3.7,2,N,55476
2.8000000000000003,3.1000000000000005,3.7,3,N,55477
2.8000000000000003,3.1000000000000005,3.7,4,N,55478
2.8000000000000003,3.1000000000000005,3.7,5,N,55479
2.8000000000000003,3.1000000000000005,4.0,1,N,55480
2.8000000000000003,3.1000000000000005,4.0,2,N,55481
2.8000000000000003,3.1000000000000005,4.0,3,N,55482
2.8000000000000003,3.1000000000000005,4.0,4,N,55483
2.8000000000000003,3.1000000000000005,4.0,5,N,55484
2.8000000000000003,3.1000000000000005,4.300000000000002,1,N,55485
2.8000000000000003,3.1000000000000005,4.300000000000002,2,N,55486
2.8000000000000003,3.1000000000000005,4.300000000000002,3,N,55487
2.8000000000000003,3.1000000000000005,4.300000000000002,4,N,55488
2.8000000000000003,3.1000000000000005,4.300000000000002,5,N,55489
2.8000000000000003,3.1000000000000005,4.6000000000000005,1,N,55490
2.8000000000000003,3.1000000000000005,4.6000000000000005,2,N,55491
2.8000000000000003,3.1000000000000005,4.6000000000000005,3,N,55492
2.8000000000000003,3.1000000000000005,4.6000000000000005,4,N,55493
2.8000000000000003,3.1000000000000005,4.6000000000000005,5,N,55494
2.8000000000000003,3.1000000000000005,4.9,1,N,55495
2.8000000000000003,3.1000000000000005,4.9,2,N,55496
2.8000000000000003,3.1000000000000005,4.9,3,N,55497
2.8000000000000003,3.1000000000000005,4.9,4,N,55498
2.8000000000000003,3.1000000000000005,4.9,5,N,55499
2.8000000000000003,3.4000000000000004,0.01,1,N,55500
2.8000000000000003,3.4000000000000004,0.01,2,N,55501
2.8000000000000003,3.4000000000000004,0.01,3,N,55502
2.8000000000000003,3.4000000000000004,0.01,4,N,55503
2.8000000000000003,3.4000000000000004,0.01,5,N,55504
2.8000000000000003,3.4000000000000004,0.11,1,N,55505
2.8000000000000003,3.4000000000000004,0.11,2,N,55506
2.8000000000000003,3.4000000000000004,0.11,3,N,55507
2.8000000000000003,3.4000000000000004,0.11,4,N,55508
2.8000000000000003,3.4000000000000004,0.11,5,N,55509
2.8000000000000003,3.4000000000000004,0.21,1,N,55510
2.8000000000000003,3.4000000000000004,0.21,2,N,55511
2.8000000000000003,3.4000000000000004,0.21,3,N,55512
2.8000000000000003,3.4000000000000004,0.21,4,N,55513
2.8000000000000003,3.4000000000000004,0.21,5,N,55514
2.8000000000000003,3.4000000000000004,0.31000000000000005,1,N,55515
2.8000000000000003,3.4000000000000004,0.31000000000000005,2,N,55516
2.8000000000000003,3.4000000000000004,0.31000000000000005,3,N,55517
2.8000000000000003,3.4000000000000004,0.31000000000000005,4,N,55518
2.8000000000000003,3.4000000000000004,0.31000000000000005,5,N,55519
2.8000000000000003,3.4000000000000004,0.41,1,N,55520
2.8000000000000003,3.4000000000000004,0.41,2,N,55521
2.8000000000000003,3.4000000000000004,0.41,3,N,55522
2.8000000000000003,3.4000000000000004,0.41,4,N,55523
2.8000000000000003,3.4000000000000004,0.41,5,N,55524
2.8000000000000003,3.4000000000000004,0.51,1,N,55525
2.8000000000000003,3.4000000000000004,0.51,2,N,55526
2.8000000000000003,3.4000000000000004,0.51,3,N,55527
2.8000000000000003,3.4000000000000004,0.51,4,N,55528
2.8000000000000003,3.4000000000000004,0.51,5,N,55529
2.8000000000000003,3.4000000000000004,0.6100000000000001,1,N,55530
2.8000000000000003,3.4000000000000004,0.6100000000000001,2,N,55531
2.8000000000000003,3.4000000000000004,0.6100000000000001,3,N,55532
2.8000000000000003,3.4000000000000004,0.6100000000000001,4,N,55533
2.8000000000000003,3.4000000000000004,0.6100000000000001,5,N,55534
2.8000000000000003,3.4000000000000004,0.7100000000000001,1,N,55535
2.8000000000000003,3.4000000000000004,0.7100000000000001,2,N,55536
2.8000000000000003,3.4000000000000004,0.7100000000000001,3,N,55537
2.8000000000000003,3.4000000000000004,0.7100000000000001,4,N,55538
2.8000000000000003,3.4000000000000004,0.7100000000000001,5,N,55539
2.8000000000000003,3.4000000000000004,0.81,1,N,55540
2.8000000000000003,3.4000000000000004,0.81,2,N,55541
2.8000000000000003,3.4000000000000004,0.81,3,N,55542
2.8000000000000003,3.4000000000000004,0.81,4,N,55543
2.8000000000000003,3.4000000000000004,0.81,5,N,55544
2.8000000000000003,3.4000000000000004,0.91,1,N,55545
2.8000000000000003,3.4000000000000004,0.91,2,N,55546
2.8000000000000003,3.4000000000000004,0.91,3,N,55547
2.8000000000000003,3.4000000000000004,0.91,4,N,55548
2.8000000000000003,3.4000000000000004,0.91,5,N,55549
2.8000000000000003,3.4000000000000004,1.01,1,N,55550
2.8000000000000003,3.4000000000000004,1.01,2,N,55551
2.8000000000000003,3.4000000000000004,1.01,3,N,55552
2.8000000000000003,3.4000000000000004,1.01,4,N,55553
2.8000000000000003,3.4000000000000004,1.01,5,N,55554
2.8000000000000003,3.4000000000000004,1.11,1,N,55555
2.8000000000000003,3.4000000000000004,1.11,2,N,55556
2.8000000000000003,3.4000000000000004,1.11,3,N,55557
2.8000000000000003,3.4000000000000004,1.11,4,N,55558
2.8000000000000003,3.4000000000000004,1.11,5,N,55559
2.8000000000000003,3.4000000000000004,1.3,1,N,55560
2.8000000000000003,3.4000000000000004,1.3,2,N,55561
2.8000000000000003,3.4000000000000004,1.3,3,N,55562
2.8000000000000003,3.4000000000000004,1.3,4,N,55563
2.8000000000000003,3.4000000000000004,1.3,5,N,55564
2.8000000000000003,3.4000000000000004,1.6,1,N,55565
2.8000000000000003,3.4000000000000004,1.6,2,N,55566
2.8000000000000003,3.4000000000000004,1.6,3,N,55567
2.8000000000000003,3.4000000000000004,1.6,4,N,55568
2.8000000000000003,3.4000000000000004,1.6,5,N,55569
2.8000000000000003,3.4000000000000004,1.9,1,N,55570
2.8000000000000003,3.4000000000000004,1.9,2,N,55571
2.8000000000000003,3.4000000000000004,1.9,3,N,55572
2.8000000000000003,3.4000000000000004,1.9,4,N,55573
2.8000000000000003,3.4000000000000004,1.9,5,N,55574
2.8000000000000003,3.4000000000000004,2.2,1,N,55575
2.8000000000000003,3.4000000000000004,2.2,2,N,55576
2.8000000000000003,3.4000000000000004,2.2,3,N,55577
2.8000000000000003,3.4000000000000004,2.2,4,N,55578
2.8000000000000003,3.4000000000000004,2.2,5,N,55579
2.8000000000000003,3.4000000000000004,2.5,1,N,55580
2.8000000000000003,3.4000000000000004,2.5,2,N,55581
2.8000000000000003,3.4000000000000004,2.5,3,N,55582
2.8000000000000003,3.4000000000000004,2.5,4,N,55583
2.8000000000000003,3.4000000000000004,2.5,5,N,55584
2.8000000000000003,3.4000000000000004,2.8000000000000003,1,N,55585
2.8000000000000003,3.4000000000000004,2.8000000000000003,2,N,55586
2.8000000000000003,3.4000000000000004,2.8000000000000003,3,N,55587
2.8000000000000003,3.4000000000000004,2.8000000000000003,4,N,55588
2.8000000000000003,3.4000000000000004,2.8000000000000003,5,N,55589
2.8000000000000003,3.4000000000000004,3.1000000000000005,1,N,55590
2.8000000000000003,3.4000000000000004,3.1000000000000005,2,N,55591
2.8000000000000003,3.4000000000000004,3.1000000000000005,3,N,55592
2.8000000000000003,3.4000000000000004,3.1000000000000005,4,N,55593
2.8000000000000003,3.4000000000000004,3.1000000000000005,5,N,55594
2.8000000000000003,3.4000000000000004,3.4000000000000004,1,N,55595
2.8000000000000003,3.4000000000000004,3.4000000000000004,2,N,55596
2.8000000000000003,3.4000000000000004,3.4000000000000004,3,N,55597
2.8000000000000003,3.4000000000000004,3.4000000000000004,4,N,55598
2.8000000000000003,3.4000000000000004,3.4000000000000004,5,N,55599
2.8000000000000003,3.4000000000000004,3.7,1,N,55600
2.8000000000000003,3.4000000000000004,3.7,2,N,55601
2.8000000000000003,3.4000000000000004,3.7,3,N,55602
2.8000000000000003,3.4000000000000004,3.7,4,N,55603
2.8000000000000003,3.4000000000000004,3.7,5,N,55604
2.8000000000000003,3.4000000000000004,4.0,1,N,55605
2.8000000000000003,3.4000000000000004,4.0,2,N,55606
2.8000000000000003,3.4000000000000004,4.0,3,N,55607
2.8000000000000003,3.4000000000000004,4.0,4,N,55608
2.8000000000000003,3.4000000000000004,4.0,5,N,55609
2.8000000000000003,3.4000000000000004,4.300000000000002,1,N,55610
2.8000000000000003,3.4000000000000004,4.300000000000002,2,N,55611
2.8000000000000003,3.4000000000000004,4.300000000000002,3,N,55612
2.8000000000000003,3.4000000000000004,4.300000000000002,4,N,55613
2.8000000000000003,3.4000000000000004,4.300000000000002,5,N,55614
2.8000000000000003,3.4000000000000004,4.6000000000000005,1,N,55615
2.8000000000000003,3.4000000000000004,4.6000000000000005,2,N,55616
2.8000000000000003,3.4000000000000004,4.6000000000000005,3,N,55617
2.8000000000000003,3.4000000000000004,4.6000000000000005,4,N,55618
2.8000000000000003,3.4000000000000004,4.6000000000000005,5,N,55619
2.8000000000000003,3.4000000000000004,4.9,1,N,55620
2.8000000000000003,3.4000000000000004,4.9,2,N,55621
2.8000000000000003,3.4000000000000004,4.9,3,N,55622
2.8000000000000003,3.4000000000000004,4.9,4,N,55623
2.8000000000000003,3.4000000000000004,4.9,5,N,55624
2.8000000000000003,3.7,0.01,1,N,55625
2.8000000000000003,3.7,0.01,2,N,55626
2.8000000000000003,3.7,0.01,3,N,55627
2.8000000000000003,3.7,0.01,4,N,55628
2.8000000000000003,3.7,0.01,5,N,55629
2.8000000000000003,3.7,0.11,1,N,55630
2.8000000000000003,3.7,0.11,2,N,55631
2.8000000000000003,3.7,0.11,3,N,55632
2.8000000000000003,3.7,0.11,4,N,55633
2.8000000000000003,3.7,0.11,5,N,55634
2.8000000000000003,3.7,0.21,1,N,55635
2.8000000000000003,3.7,0.21,2,N,55636
2.8000000000000003,3.7,0.21,3,N,55637
2.8000000000000003,3.7,0.21,4,N,55638
2.8000000000000003,3.7,0.21,5,N,55639
2.8000000000000003,3.7,0.31000000000000005,1,N,55640
2.8000000000000003,3.7,0.31000000000000005,2,N,55641
2.8000000000000003,3.7,0.31000000000000005,3,N,55642
2.8000000000000003,3.7,0.31000000000000005,4,N,55643
2.8000000000000003,3.7,0.31000000000000005,5,N,55644
2.8000000000000003,3.7,0.41,1,N,55645
2.8000000000000003,3.7,0.41,2,N,55646
2.8000000000000003,3.7,0.41,3,N,55647
2.8000000000000003,3.7,0.41,4,N,55648
2.8000000000000003,3.7,0.41,5,N,55649
2.8000000000000003,3.7,0.51,1,N,55650
2.8000000000000003,3.7,0.51,2,N,55651
2.8000000000000003,3.7,0.51,3,N,55652
2.8000000000000003,3.7,0.51,4,N,55653
2.8000000000000003,3.7,0.51,5,N,55654
2.8000000000000003,3.7,0.6100000000000001,1,N,55655
2.8000000000000003,3.7,0.6100000000000001,2,N,55656
2.8000000000000003,3.7,0.6100000000000001,3,N,55657
2.8000000000000003,3.7,0.6100000000000001,4,N,55658
2.8000000000000003,3.7,0.6100000000000001,5,N,55659
2.8000000000000003,3.7,0.7100000000000001,1,N,55660
2.8000000000000003,3.7,0.7100000000000001,2,N,55661
2.8000000000000003,3.7,0.7100000000000001,3,N,55662
2.8000000000000003,3.7,0.7100000000000001,4,N,55663
2.8000000000000003,3.7,0.7100000000000001,5,N,55664
2.8000000000000003,3.7,0.81,1,N,55665
2.8000000000000003,3.7,0.81,2,N,55666
2.8000000000000003,3.7,0.81,3,N,55667
2.8000000000000003,3.7,0.81,4,N,55668
2.8000000000000003,3.7,0.81,5,N,55669
2.8000000000000003,3.7,0.91,1,N,55670
2.8000000000000003,3.7,0.91,2,N,55671
2.8000000000000003,3.7,0.91,3,N,55672
2.8000000000000003,3.7,0.91,4,N,55673
2.8000000000000003,3.7,0.91,5,N,55674
2.8000000000000003,3.7,1.01,1,N,55675
2.8000000000000003,3.7,1.01,2,N,55676
2.8000000000000003,3.7,1.01,3,N,55677
2.8000000000000003,3.7,1.01,4,N,55678
2.8000000000000003,3.7,1.01,5,N,55679
2.8000000000000003,3.7,1.11,1,N,55680
2.8000000000000003,3.7,1.11,2,N,55681
2.8000000000000003,3.7,1.11,3,N,55682
2.8000000000000003,3.7,1.11,4,N,55683
2.8000000000000003,3.7,1.11,5,N,55684
2.8000000000000003,3.7,1.3,1,N,55685
2.8000000000000003,3.7,1.3,2,N,55686
2.8000000000000003,3.7,1.3,3,N,55687
2.8000000000000003,3.7,1.3,4,N,55688
2.8000000000000003,3.7,1.3,5,N,55689
2.8000000000000003,3.7,1.6,1,N,55690
2.8000000000000003,3.7,1.6,2,N,55691
2.8000000000000003,3.7,1.6,3,N,55692
2.8000000000000003,3.7,1.6,4,N,55693
2.8000000000000003,3.7,1.6,5,N,55694
2.8000000000000003,3.7,1.9,1,N,55695
2.8000000000000003,3.7,1.9,2,N,55696
2.8000000000000003,3.7,1.9,3,N,55697
2.8000000000000003,3.7,1.9,4,N,55698
2.8000000000000003,3.7,1.9,5,N,55699
2.8000000000000003,3.7,2.2,1,N,55700
2.8000000000000003,3.7,2.2,2,N,55701
2.8000000000000003,3.7,2.2,3,N,55702
2.8000000000000003,3.7,2.2,4,N,55703
2.8000000000000003,3.7,2.2,5,N,55704
2.8000000000000003,3.7,2.5,1,N,55705
2.8000000000000003,3.7,2.5,2,N,55706
2.8000000000000003,3.7,2.5,3,N,55707
2.8000000000000003,3.7,2.5,4,N,55708
2.8000000000000003,3.7,2.5,5,N,55709
2.8000000000000003,3.7,2.8000000000000003,1,N,55710
2.8000000000000003,3.7,2.8000000000000003,2,N,55711
2.8000000000000003,3.7,2.8000000000000003,3,N,55712
2.8000000000000003,3.7,2.8000000000000003,4,N,55713
2.8000000000000003,3.7,2.8000000000000003,5,N,55714
2.8000000000000003,3.7,3.1000000000000005,1,N,55715
2.8000000000000003,3.7,3.1000000000000005,2,N,55716
2.8000000000000003,3.7,3.1000000000000005,3,N,55717
2.8000000000000003,3.7,3.1000000000000005,4,N,55718
2.8000000000000003,3.7,3.1000000000000005,5,N,55719
2.8000000000000003,3.7,3.4000000000000004,1,N,55720
2.8000000000000003,3.7,3.4000000000000004,2,N,55721
2.8000000000000003,3.7,3.4000000000000004,3,N,55722
2.8000000000000003,3.7,3.4000000000000004,4,N,55723
2.8000000000000003,3.7,3.4000000000000004,5,N,55724
2.8000000000000003,3.7,3.7,1,N,55725
2.8000000000000003,3.7,3.7,2,N,55726
2.8000000000000003,3.7,3.7,3,N,55727
2.8000000000000003,3.7,3.7,4,N,55728
2.8000000000000003,3.7,3.7,5,N,55729
2.8000000000000003,3.7,4.0,1,N,55730
2.8000000000000003,3.7,4.0,2,N,55731
2.8000000000000003,3.7,4.0,3,N,55732
2.8000000000000003,3.7,4.0,4,N,55733
2.8000000000000003,3.7,4.0,5,N,55734
2.8000000000000003,3.7,4.300000000000002,1,N,55735
2.8000000000000003,3.7,4.300000000000002,2,N,55736
2.8000000000000003,3.7,4.300000000000002,3,N,55737
2.8000000000000003,3.7,4.300000000000002,4,N,55738
2.8000000000000003,3.7,4.300000000000002,5,N,55739
2.8000000000000003,3.7,4.6000000000000005,1,N,55740
2.8000000000000003,3.7,4.6000000000000005,2,N,55741
2.8000000000000003,3.7,4.6000000000000005,3,N,55742
2.8000000000000003,3.7,4.6000000000000005,4,N,55743
2.8000000000000003,3.7,4.6000000000000005,5,N,55744
2.8000000000000003,3.7,4.9,1,N,55745
2.8000000000000003,3.7,4.9,2,N,55746
2.8000000000000003,3.7,4.9,3,N,55747
2.8000000000000003,3.7,4.9,4,N,55748
2.8000000000000003,3.7,4.9,5,N,55749
2.8000000000000003,4.0,0.01,1,N,55750
2.8000000000000003,4.0,0.01,2,N,55751
2.8000000000000003,4.0,0.01,3,N,55752
2.8000000000000003,4.0,0.01,4,N,55753
2.8000000000000003,4.0,0.01,5,N,55754
2.8000000000000003,4.0,0.11,1,N,55755
2.8000000000000003,4.0,0.11,2,N,55756
2.8000000000000003,4.0,0.11,3,N,55757
2.8000000000000003,4.0,0.11,4,N,55758
2.8000000000000003,4.0,0.11,5,N,55759
2.8000000000000003,4.0,0.21,1,N,55760
2.8000000000000003,4.0,0.21,2,N,55761
2.8000000000000003,4.0,0.21,3,N,55762
2.8000000000000003,4.0,0.21,4,N,55763
2.8000000000000003,4.0,0.21,5,N,55764
2.8000000000000003,4.0,0.31000000000000005,1,N,55765
2.8000000000000003,4.0,0.31000000000000005,2,N,55766
2.8000000000000003,4.0,0.31000000000000005,3,N,55767
2.8000000000000003,4.0,0.31000000000000005,4,N,55768
2.8000000000000003,4.0,0.31000000000000005,5,N,55769
2.8000000000000003,4.0,0.41,1,N,55770
2.8000000000000003,4.0,0.41,2,N,55771
2.8000000000000003,4.0,0.41,3,N,55772
2.8000000000000003,4.0,0.41,4,N,55773
2.8000000000000003,4.0,0.41,5,N,55774
2.8000000000000003,4.0,0.51,1,N,55775
2.8000000000000003,4.0,0.51,2,N,55776
2.8000000000000003,4.0,0.51,3,N,55777
2.8000000000000003,4.0,0.51,4,N,55778
2.8000000000000003,4.0,0.51,5,N,55779
2.8000000000000003,4.0,0.6100000000000001,1,N,55780
2.8000000000000003,4.0,0.6100000000000001,2,N,55781
2.8000000000000003,4.0,0.6100000000000001,3,N,55782
2.8000000000000003,4.0,0.6100000000000001,4,N,55783
2.8000000000000003,4.0,0.6100000000000001,5,N,55784
2.8000000000000003,4.0,0.7100000000000001,1,N,55785
2.8000000000000003,4.0,0.7100000000000001,2,N,55786
2.8000000000000003,4.0,0.7100000000000001,3,N,55787
2.8000000000000003,4.0,0.7100000000000001,4,N,55788
2.8000000000000003,4.0,0.7100000000000001,5,N,55789
2.8000000000000003,4.0,0.81,1,N,55790
2.8000000000000003,4.0,0.81,2,N,55791
2.8000000000000003,4.0,0.81,3,N,55792
2.8000000000000003,4.0,0.81,4,N,55793
2.8000000000000003,4.0,0.81,5,N,55794
2.8000000000000003,4.0,0.91,1,N,55795
2.8000000000000003,4.0,0.91,2,N,55796
2.8000000000000003,4.0,0.91,3,N,55797
2.8000000000000003,4.0,0.91,4,N,55798
2.8000000000000003,4.0,0.91,5,N,55799
2.8000000000000003,4.0,1.01,1,N,55800
2.8000000000000003,4.0,1.01,2,N,55801
2.8000000000000003,4.0,1.01,3,N,55802
2.8000000000000003,4.0,1.01,4,N,55803
2.8000000000000003,4.0,1.01,5,N,55804
2.8000000000000003,4.0,1.11,1,N,55805
2.8000000000000003,4.0,1.11,2,N,55806
2.8000000000000003,4.0,1.11,3,N,55807
2.8000000000000003,4.0,1.11,4,N,55808
2.8000000000000003,4.0,1.11,5,N,55809
2.8000000000000003,4.0,1.3,1,N,55810
2.8000000000000003,4.0,1.3,2,N,55811
2.8000000000000003,4.0,1.3,3,N,55812
2.8000000000000003,4.0,1.3,4,N,55813
2.8000000000000003,4.0,1.3,5,N,55814
2.8000000000000003,4.0,1.6,1,N,55815
2.8000000000000003,4.0,1.6,2,N,55816
2.8000000000000003,4.0,1.6,3,N,55817
2.8000000000000003,4.0,1.6,4,N,55818
2.8000000000000003,4.0,1.6,5,N,55819
2.8000000000000003,4.0,1.9,1,N,55820
2.8000000000000003,4.0,1.9,2,N,55821
2.8000000000000003,4.0,1.9,3,N,55822
2.8000000000000003,4.0,1.9,4,N,55823
2.8000000000000003,4.0,1.9,5,N,55824
2.8000000000000003,4.0,2.2,1,N,55825
2.8000000000000003,4.0,2.2,2,N,55826
2.8000000000000003,4.0,2.2,3,N,55827
2.8000000000000003,4.0,2.2,4,N,55828
2.8000000000000003,4.0,2.2,5,N,55829
2.8000000000000003,4.0,2.5,1,N,55830
2.8000000000000003,4.0,2.5,2,N,55831
2.8000000000000003,4.0,2.5,3,N,55832
2.8000000000000003,4.0,2.5,4,N,55833
2.8000000000000003,4.0,2.5,5,N,55834
2.8000000000000003,4.0,2.8000000000000003,1,N,55835
2.8000000000000003,4.0,2.8000000000000003,2,N,55836
2.8000000000000003,4.0,2.8000000000000003,3,N,55837
2.8000000000000003,4.0,2.8000000000000003,4,N,55838
2.8000000000000003,4.0,2.8000000000000003,5,N,55839
2.8000000000000003,4.0,3.1000000000000005,1,N,55840
2.8000000000000003,4.0,3.1000000000000005,2,N,55841
2.8000000000000003,4.0,3.1000000000000005,3,N,55842
2.8000000000000003,4.0,3.1000000000000005,4,N,55843
2.8000000000000003,4.0,3.1000000000000005,5,N,55844
2.8000000000000003,4.0,3.4000000000000004,1,N,55845
2.8000000000000003,4.0,3.4000000000000004,2,N,55846
2.8000000000000003,4.0,3.4000000000000004,3,N,55847
2.8000000000000003,4.0,3.4000000000000004,4,N,55848
2.8000000000000003,4.0,3.4000000000000004,5,N,55849
2.8000000000000003,4.0,3.7,1,N,55850
2.8000000000000003,4.0,3.7,2,N,55851
2.8000000000000003,4.0,3.7,3,N,55852
2.8000000000000003,4.0,3.7,4,N,55853
2.8000000000000003,4.0,3.7,5,N,55854
2.8000000000000003,4.0,4.0,1,N,55855
2.8000000000000003,4.0,4.0,2,N,55856
2.8000000000000003,4.0,4.0,3,N,55857
2.8000000000000003,4.0,4.0,4,N,55858
2.8000000000000003,4.0,4.0,5,N,55859
2.8000000000000003,4.0,4.300000000000002,1,N,55860
2.8000000000000003,4.0,4.300000000000002,2,N,55861
2.8000000000000003,4.0,4.300000000000002,3,N,55862
2.8000000000000003,4.0,4.300000000000002,4,N,55863
2.8000000000000003,4.0,4.300000000000002,5,N,55864
2.8000000000000003,4.0,4.6000000000000005,1,N,55865
2.8000000000000003,4.0,4.6000000000000005,2,N,55866
2.8000000000000003,4.0,4.6000000000000005,3,N,55867
2.8000000000000003,4.0,4.6000000000000005,4,N,55868
2.8000000000000003,4.0,4.6000000000000005,5,N,55869
2.8000000000000003,4.0,4.9,1,N,55870
2.8000000000000003,4.0,4.9,2,N,55871
2.8000000000000003,4.0,4.9,3,N,55872
2.8000000000000003,4.0,4.9,4,N,55873
2.8000000000000003,4.0,4.9,5,N,55874
2.8000000000000003,4.300000000000002,0.01,1,N,55875
2.8000000000000003,4.300000000000002,0.01,2,N,55876
2.8000000000000003,4.300000000000002,0.01,3,N,55877
2.8000000000000003,4.300000000000002,0.01,4,N,55878
2.8000000000000003,4.300000000000002,0.01,5,N,55879
2.8000000000000003,4.300000000000002,0.11,1,N,55880
2.8000000000000003,4.300000000000002,0.11,2,N,55881
2.8000000000000003,4.300000000000002,0.11,3,N,55882
2.8000000000000003,4.300000000000002,0.11,4,N,55883
2.8000000000000003,4.300000000000002,0.11,5,N,55884
2.8000000000000003,4.300000000000002,0.21,1,N,55885
2.8000000000000003,4.300000000000002,0.21,2,N,55886
2.8000000000000003,4.300000000000002,0.21,3,N,55887
2.8000000000000003,4.300000000000002,0.21,4,N,55888
2.8000000000000003,4.300000000000002,0.21,5,N,55889
2.8000000000000003,4.300000000000002,0.31000000000000005,1,N,55890
2.8000000000000003,4.300000000000002,0.31000000000000005,2,N,55891
2.8000000000000003,4.300000000000002,0.31000000000000005,3,N,55892
2.8000000000000003,4.300000000000002,0.31000000000000005,4,N,55893
2.8000000000000003,4.300000000000002,0.31000000000000005,5,N,55894
2.8000000000000003,4.300000000000002,0.41,1,N,55895
2.8000000000000003,4.300000000000002,0.41,2,N,55896
2.8000000000000003,4.300000000000002,0.41,3,N,55897
2.8000000000000003,4.300000000000002,0.41,4,N,55898
2.8000000000000003,4.300000000000002,0.41,5,N,55899
2.8000000000000003,4.300000000000002,0.51,1,N,55900
2.8000000000000003,4.300000000000002,0.51,2,N,55901
2.8000000000000003,4.300000000000002,0.51,3,N,55902
2.8000000000000003,4.300000000000002,0.51,4,N,55903
2.8000000000000003,4.300000000000002,0.51,5,N,55904
2.8000000000000003,4.300000000000002,0.6100000000000001,1,N,55905
2.8000000000000003,4.300000000000002,0.6100000000000001,2,N,55906
2.8000000000000003,4.300000000000002,0.6100000000000001,3,N,55907
2.8000000000000003,4.300000000000002,0.6100000000000001,4,N,55908
2.8000000000000003,4.300000000000002,0.6100000000000001,5,N,55909
2.8000000000000003,4.300000000000002,0.7100000000000001,1,N,55910
2.8000000000000003,4.300000000000002,0.7100000000000001,2,N,55911
2.8000000000000003,4.300000000000002,0.7100000000000001,3,N,55912
2.8000000000000003,4.300000000000002,0.7100000000000001,4,N,55913
2.8000000000000003,4.300000000000002,0.7100000000000001,5,N,55914
2.8000000000000003,4.300000000000002,0.81,1,N,55915
2.8000000000000003,4.300000000000002,0.81,2,N,55916
2.8000000000000003,4.300000000000002,0.81,3,N,55917
2.8000000000000003,4.300000000000002,0.81,4,N,55918
2.8000000000000003,4.300000000000002,0.81,5,N,55919
2.8000000000000003,4.300000000000002,0.91,1,N,55920
2.8000000000000003,4.300000000000002,0.91,2,N,55921
2.8000000000000003,4.300000000000002,0.91,3,N,55922
2.8000000000000003,4.300000000000002,0.91,4,N,55923
2.8000000000000003,4.300000000000002,0.91,5,N,55924
2.8000000000000003,4.300000000000002,1.01,1,N,55925
2.8000000000000003,4.300000000000002,1.01,2,N,55926
2.8000000000000003,4.300000000000002,1.01,3,N,55927
2.8000000000000003,4.300000000000002,1.01,4,N,55928
2.8000000000000003,4.300000000000002,1.01,5,N,55929
2.8000000000000003,4.300000000000002,1.11,1,N,55930
2.8000000000000003,4.300000000000002,1.11,2,N,55931
2.8000000000000003,4.300000000000002,1.11,3,N,55932
2.8000000000000003,4.300000000000002,1.11,4,N,55933
2.8000000000000003,4.300000000000002,1.11,5,N,55934
2.8000000000000003,4.300000000000002,1.3,1,N,55935
2.8000000000000003,4.300000000000002,1.3,2,N,55936
2.8000000000000003,4.300000000000002,1.3,3,N,55937
2.8000000000000003,4.300000000000002,1.3,4,N,55938
2.8000000000000003,4.300000000000002,1.3,5,N,55939
2.8000000000000003,4.300000000000002,1.6,1,N,55940
2.8000000000000003,4.300000000000002,1.6,2,N,55941
2.8000000000000003,4.300000000000002,1.6,3,N,55942
2.8000000000000003,4.300000000000002,1.6,4,N,55943
2.8000000000000003,4.300000000000002,1.6,5,N,55944
2.8000000000000003,4.300000000000002,1.9,1,N,55945
2.8000000000000003,4.300000000000002,1.9,2,N,55946
2.8000000000000003,4.300000000000002,1.9,3,N,55947
2.8000000000000003,4.300000000000002,1.9,4,N,55948
2.8000000000000003,4.300000000000002,1.9,5,N,55949
2.8000000000000003,4.300000000000002,2.2,1,N,55950
2.8000000000000003,4.300000000000002,2.2,2,N,55951
2.8000000000000003,4.300000000000002,2.2,3,N,55952
2.8000000000000003,4.300000000000002,2.2,4,N,55953
2.8000000000000003,4.300000000000002,2.2,5,N,55954
2.8000000000000003,4.300000000000002,2.5,1,N,55955
2.8000000000000003,4.300000000000002,2.5,2,N,55956
2.8000000000000003,4.300000000000002,2.5,3,N,55957
2.8000000000000003,4.300000000000002,2.5,4,N,55958
2.8000000000000003,4.300000000000002,2.5,5,N,55959
2.8000000000000003,4.300000000000002,2.8000000000000003,1,N,55960
2.8000000000000003,4.300000000000002,2.8000000000000003,2,N,55961
2.8000000000000003,4.300000000000002,2.8000000000000003,3,N,55962
2.8000000000000003,4.300000000000002,2.8000000000000003,4,N,55963
2.8000000000000003,4.300000000000002,2.8000000000000003,5,N,55964
2.8000000000000003,4.300000000000002,3.1000000000000005,1,N,55965
2.8000000000000003,4.300000000000002,3.1000000000000005,2,N,55966
2.8000000000000003,4.300000000000002,3.1000000000000005,3,N,55967
2.8000000000000003,4.300000000000002,3.1000000000000005,4,N,55968
2.8000000000000003,4.300000000000002,3.1000000000000005,5,N,55969
2.8000000000000003,4.300000000000002,3.4000000000000004,1,N,55970
2.8000000000000003,4.300000000000002,3.4000000000000004,2,N,55971
2.8000000000000003,4.300000000000002,3.4000000000000004,3,N,55972
2.8000000000000003,4.300000000000002,3.4000000000000004,4,N,55973
2.8000000000000003,4.300000000000002,3.4000000000000004,5,N,55974
2.8000000000000003,4.300000000000002,3.7,1,N,55975
2.8000000000000003,4.300000000000002,3.7,2,N,55976
2.8000000000000003,4.300000000000002,3.7,3,N,55977
2.8000000000000003,4.300000000000002,3.7,4,N,55978
2.8000000000000003,4.300000000000002,3.7,5,N,55979
2.8000000000000003,4.300000000000002,4.0,1,N,55980
2.8000000000000003,4.300000000000002,4.0,2,N,55981
2.8000000000000003,4.300000000000002,4.0,3,N,55982
2.8000000000000003,4.300000000000002,4.0,4,N,55983
2.8000000000000003,4.300000000000002,4.0,5,N,55984
2.8000000000000003,4.300000000000002,4.300000000000002,1,N,55985
2.8000000000000003,4.300000000000002,4.300000000000002,2,N,55986
2.8000000000000003,4.300000000000002,4.300000000000002,3,N,55987
2.8000000000000003,4.300000000000002,4.300000000000002,4,N,55988
2.8000000000000003,4.300000000000002,4.300000000000002,5,N,55989
2.8000000000000003,4.300000000000002,4.6000000000000005,1,N,55990
2.8000000000000003,4.300000000000002,4.6000000000000005,2,N,55991
2.8000000000000003,4.300000000000002,4.6000000000000005,3,N,55992
2.8000000000000003,4.300000000000002,4.6000000000000005,4,N,55993
2.8000000000000003,4.300000000000002,4.6000000000000005,5,N,55994
2.8000000000000003,4.300000000000002,4.9,1,N,55995
2.8000000000000003,4.300000000000002,4.9,2,N,55996
2.8000000000000003,4.300000000000002,4.9,3,N,55997
2.8000000000000003,4.300000000000002,4.9,4,N,55998
2.8000000000000003,4.300000000000002,4.9,5,N,55999
2.8000000000000003,4.6000000000000005,0.01,1,N,56000
2.8000000000000003,4.6000000000000005,0.01,2,N,56001
2.8000000000000003,4.6000000000000005,0.01,3,N,56002
2.8000000000000003,4.6000000000000005,0.01,4,N,56003
2.8000000000000003,4.6000000000000005,0.01,5,N,56004
2.8000000000000003,4.6000000000000005,0.11,1,N,56005
2.8000000000000003,4.6000000000000005,0.11,2,N,56006
2.8000000000000003,4.6000000000000005,0.11,3,N,56007
2.8000000000000003,4.6000000000000005,0.11,4,N,56008
2.8000000000000003,4.6000000000000005,0.11,5,N,56009
2.8000000000000003,4.6000000000000005,0.21,1,N,56010
2.8000000000000003,4.6000000000000005,0.21,2,N,56011
2.8000000000000003,4.6000000000000005,0.21,3,N,56012
2.8000000000000003,4.6000000000000005,0.21,4,N,56013
2.8000000000000003,4.6000000000000005,0.21,5,N,56014
2.8000000000000003,4.6000000000000005,0.31000000000000005,1,N,56015
2.8000000000000003,4.6000000000000005,0.31000000000000005,2,N,56016
2.8000000000000003,4.6000000000000005,0.31000000000000005,3,N,56017
2.8000000000000003,4.6000000000000005,0.31000000000000005,4,N,56018
2.8000000000000003,4.6000000000000005,0.31000000000000005,5,N,56019
2.8000000000000003,4.6000000000000005,0.41,1,N,56020
2.8000000000000003,4.6000000000000005,0.41,2,N,56021
2.8000000000000003,4.6000000000000005,0.41,3,N,56022
2.8000000000000003,4.6000000000000005,0.41,4,N,56023
2.8000000000000003,4.6000000000000005,0.41,5,N,56024
2.8000000000000003,4.6000000000000005,0.51,1,N,56025
2.8000000000000003,4.6000000000000005,0.51,2,N,56026
2.8000000000000003,4.6000000000000005,0.51,3,N,56027
2.8000000000000003,4.6000000000000005,0.51,4,N,56028
2.8000000000000003,4.6000000000000005,0.51,5,N,56029
2.8000000000000003,4.6000000000000005,0.6100000000000001,1,N,56030
2.8000000000000003,4.6000000000000005,0.6100000000000001,2,N,56031
2.8000000000000003,4.6000000000000005,0.6100000000000001,3,N,56032
2.8000000000000003,4.6000000000000005,0.6100000000000001,4,N,56033
2.8000000000000003,4.6000000000000005,0.6100000000000001,5,N,56034
2.8000000000000003,4.6000000000000005,0.7100000000000001,1,N,56035
2.8000000000000003,4.6000000000000005,0.7100000000000001,2,N,56036
2.8000000000000003,4.6000000000000005,0.7100000000000001,3,N,56037
2.8000000000000003,4.6000000000000005,0.7100000000000001,4,N,56038
2.8000000000000003,4.6000000000000005,0.7100000000000001,5,N,56039
2.8000000000000003,4.6000000000000005,0.81,1,N,56040
2.8000000000000003,4.6000000000000005,0.81,2,N,56041
2.8000000000000003,4.6000000000000005,0.81,3,N,56042
2.8000000000000003,4.6000000000000005,0.81,4,N,56043
2.8000000000000003,4.6000000000000005,0.81,5,N,56044
2.8000000000000003,4.6000000000000005,0.91,1,N,56045
2.8000000000000003,4.6000000000000005,0.91,2,N,56046
2.8000000000000003,4.6000000000000005,0.91,3,N,56047
2.8000000000000003,4.6000000000000005,0.91,4,N,56048
2.8000000000000003,4.6000000000000005,0.91,5,N,56049
2.8000000000000003,4.6000000000000005,1.01,1,N,56050
2.8000000000000003,4.6000000000000005,1.01,2,N,56051
2.8000000000000003,4.6000000000000005,1.01,3,N,56052
2.8000000000000003,4.6000000000000005,1.01,4,N,56053
2.8000000000000003,4.6000000000000005,1.01,5,N,56054
2.8000000000000003,4.6000000000000005,1.11,1,N,56055
2.8000000000000003,4.6000000000000005,1.11,2,N,56056
2.8000000000000003,4.6000000000000005,1.11,3,N,56057
2.8000000000000003,4.6000000000000005,1.11,4,N,56058
2.8000000000000003,4.6000000000000005,1.11,5,N,56059
2.8000000000000003,4.6000000000000005,1.3,1,N,56060
2.8000000000000003,4.6000000000000005,1.3,2,N,56061
2.8000000000000003,4.6000000000000005,1.3,3,N,56062
2.8000000000000003,4.6000000000000005,1.3,4,N,56063
2.8000000000000003,4.6000000000000005,1.3,5,N,56064
2.8000000000000003,4.6000000000000005,1.6,1,N,56065
2.8000000000000003,4.6000000000000005,1.6,2,N,56066
2.8000000000000003,4.6000000000000005,1.6,3,N,56067
2.8000000000000003,4.6000000000000005,1.6,4,N,56068
2.8000000000000003,4.6000000000000005,1.6,5,N,56069
2.8000000000000003,4.6000000000000005,1.9,1,N,56070
2.8000000000000003,4.6000000000000005,1.9,2,N,56071
2.8000000000000003,4.6000000000000005,1.9,3,N,56072
2.8000000000000003,4.6000000000000005,1.9,4,N,56073
2.8000000000000003,4.6000000000000005,1.9,5,N,56074
2.8000000000000003,4.6000000000000005,2.2,1,N,56075
2.8000000000000003,4.6000000000000005,2.2,2,N,56076
2.8000000000000003,4.6000000000000005,2.2,3,N,56077
2.8000000000000003,4.6000000000000005,2.2,4,N,56078
2.8000000000000003,4.6000000000000005,2.2,5,N,56079
2.8000000000000003,4.6000000000000005,2.5,1,N,56080
2.8000000000000003,4.6000000000000005,2.5,2,N,56081
2.8000000000000003,4.6000000000000005,2.5,3,N,56082
2.8000000000000003,4.6000000000000005,2.5,4,N,56083
2.8000000000000003,4.6000000000000005,2.5,5,N,56084
2.8000000000000003,4.6000000000000005,2.8000000000000003,1,N,56085
2.8000000000000003,4.6000000000000005,2.8000000000000003,2,N,56086
2.8000000000000003,4.6000000000000005,2.8000000000000003,3,N,56087
2.8000000000000003,4.6000000000000005,2.8000000000000003,4,N,56088
2.8000000000000003,4.6000000000000005,2.8000000000000003,5,N,56089
2.8000000000000003,4.6000000000000005,3.1000000000000005,1,N,56090
2.8000000000000003,4.6000000000000005,3.1000000000000005,2,N,56091
2.8000000000000003,4.6000000000000005,3.1000000000000005,3,N,56092
2.8000000000000003,4.6000000000000005,3.1000000000000005,4,N,56093
2.8000000000000003,4.6000000000000005,3.1000000000000005,5,N,56094
2.8000000000000003,4.6000000000000005,3.4000000000000004,1,N,56095
2.8000000000000003,4.6000000000000005,3.4000000000000004,2,N,56096
2.8000000000000003,4.6000000000000005,3.4000000000000004,3,N,56097
2.8000000000000003,4.6000000000000005,3.4000000000000004,4,N,56098
2.8000000000000003,4.6000000000000005,3.4000000000000004,5,N,56099
2.8000000000000003,4.6000000000000005,3.7,1,N,56100
2.8000000000000003,4.6000000000000005,3.7,2,N,56101
2.8000000000000003,4.6000000000000005,3.7,3,N,56102
2.8000000000000003,4.6000000000000005,3.7,4,N,56103
2.8000000000000003,4.6000000000000005,3.7,5,N,56104
2.8000000000000003,4.6000000000000005,4.0,1,N,56105
2.8000000000000003,4.6000000000000005,4.0,2,N,56106
2.8000000000000003,4.6000000000000005,4.0,3,N,56107
2.8000000000000003,4.6000000000000005,4.0,4,N,56108
2.8000000000000003,4.6000000000000005,4.0,5,N,56109
2.8000000000000003,4.6000000000000005,4.300000000000002,1,N,56110
2.8000000000000003,4.6000000000000005,4.300000000000002,2,N,56111
2.8000000000000003,4.6000000000000005,4.300000000000002,3,N,56112
2.8000000000000003,4.6000000000000005,4.300000000000002,4,N,56113
2.8000000000000003,4.6000000000000005,4.300000000000002,5,N,56114
2.8000000000000003,4.6000000000000005,4.6000000000000005,1,N,56115
2.8000000000000003,4.6000000000000005,4.6000000000000005,2,N,56116
2.8000000000000003,4.6000000000000005,4.6000000000000005,3,N,56117
2.8000000000000003,4.6000000000000005,4.6000000000000005,4,N,56118
2.8000000000000003,4.6000000000000005,4.6000000000000005,5,N,56119
2.8000000000000003,4.6000000000000005,4.9,1,N,56120
2.8000000000000003,4.6000000000000005,4.9,2,N,56121
2.8000000000000003,4.6000000000000005,4.9,3,N,56122
2.8000000000000003,4.6000000000000005,4.9,4,N,56123
2.8000000000000003,4.6000000000000005,4.9,5,N,56124
2.8000000000000003,4.9,0.01,1,N,56125
2.8000000000000003,4.9,0.01,2,N,56126
2.8000000000000003,4.9,0.01,3,N,56127
2.8000000000000003,4.9,0.01,4,N,56128
2.8000000000000003,4.9,0.01,5,N,56129
2.8000000000000003,4.9,0.11,1,N,56130
2.8000000000000003,4.9,0.11,2,N,56131
2.8000000000000003,4.9,0.11,3,N,56132
2.8000000000000003,4.9,0.11,4,N,56133
2.8000000000000003,4.9,0.11,5,N,56134
2.8000000000000003,4.9,0.21,1,N,56135
2.8000000000000003,4.9,0.21,2,N,56136
2.8000000000000003,4.9,0.21,3,N,56137
2.8000000000000003,4.9,0.21,4,N,56138
2.8000000000000003,4.9,0.21,5,N,56139
2.8000000000000003,4.9,0.31000000000000005,1,N,56140
2.8000000000000003,4.9,0.31000000000000005,2,N,56141
2.8000000000000003,4.9,0.31000000000000005,3,N,56142
2.8000000000000003,4.9,0.31000000000000005,4,N,56143
2.8000000000000003,4.9,0.31000000000000005,5,N,56144
2.8000000000000003,4.9,0.41,1,N,56145
2.8000000000000003,4.9,0.41,2,N,56146
2.8000000000000003,4.9,0.41,3,N,56147
2.8000000000000003,4.9,0.41,4,N,56148
2.8000000000000003,4.9,0.41,5,N,56149
2.8000000000000003,4.9,0.51,1,N,56150
2.8000000000000003,4.9,0.51,2,N,56151
2.8000000000000003,4.9,0.51,3,N,56152
2.8000000000000003,4.9,0.51,4,N,56153
2.8000000000000003,4.9,0.51,5,N,56154
2.8000000000000003,4.9,0.6100000000000001,1,N,56155
2.8000000000000003,4.9,0.6100000000000001,2,N,56156
2.8000000000000003,4.9,0.6100000000000001,3,N,56157
2.8000000000000003,4.9,0.6100000000000001,4,N,56158
2.8000000000000003,4.9,0.6100000000000001,5,N,56159
2.8000000000000003,4.9,0.7100000000000001,1,N,56160
2.8000000000000003,4.9,0.7100000000000001,2,N,56161
2.8000000000000003,4.9,0.7100000000000001,3,N,56162
2.8000000000000003,4.9,0.7100000000000001,4,N,56163
2.8000000000000003,4.9,0.7100000000000001,5,N,56164
2.8000000000000003,4.9,0.81,1,N,56165
2.8000000000000003,4.9,0.81,2,N,56166
2.8000000000000003,4.9,0.81,3,N,56167
2.8000000000000003,4.9,0.81,4,N,56168
2.8000000000000003,4.9,0.81,5,N,56169
2.8000000000000003,4.9,0.91,1,N,56170
2.8000000000000003,4.9,0.91,2,N,56171
2.8000000000000003,4.9,0.91,3,N,56172
2.8000000000000003,4.9,0.91,4,N,56173
2.8000000000000003,4.9,0.91,5,N,56174
2.8000000000000003,4.9,1.01,1,N,56175
2.8000000000000003,4.9,1.01,2,N,56176
2.8000000000000003,4.9,1.01,3,N,56177
2.8000000000000003,4.9,1.01,4,N,56178
2.8000000000000003,4.9,1.01,5,N,56179
2.8000000000000003,4.9,1.11,1,N,56180
2.8000000000000003,4.9,1.11,2,N,56181
2.8000000000000003,4.9,1.11,3,N,56182
2.8000000000000003,4.9,1.11,4,N,56183
2.8000000000000003,4.9,1.11,5,N,56184
2.8000000000000003,4.9,1.3,1,N,56185
2.8000000000000003,4.9,1.3,2,N,56186
2.8000000000000003,4.9,1.3,3,N,56187
2.8000000000000003,4.9,1.3,4,N,56188
2.8000000000000003,4.9,1.3,5,N,56189
2.8000000000000003,4.9,1.6,1,N,56190
2.8000000000000003,4.9,1.6,2,N,56191
2.8000000000000003,4.9,1.6,3,N,56192
2.8000000000000003,4.9,1.6,4,N,56193
2.8000000000000003,4.9,1.6,5,N,56194
2.8000000000000003,4.9,1.9,1,N,56195
2.8000000000000003,4.9,1.9,2,N,56196
2.8000000000000003,4.9,1.9,3,N,56197
2.8000000000000003,4.9,1.9,4,N,56198
2.8000000000000003,4.9,1.9,5,N,56199
2.8000000000000003,4.9,2.2,1,N,56200
2.8000000000000003,4.9,2.2,2,N,56201
2.8000000000000003,4.9,2.2,3,N,56202
2.8000000000000003,4.9,2.2,4,N,56203
2.8000000000000003,4.9,2.2,5,N,56204
2.8000000000000003,4.9,2.5,1,N,56205
2.8000000000000003,4.9,2.5,2,N,56206
2.8000000000000003,4.9,2.5,3,N,56207
2.8000000000000003,4.9,2.5,4,N,56208
2.8000000000000003,4.9,2.5,5,N,56209
2.8000000000000003,4.9,2.8000000000000003,1,N,56210
2.8000000000000003,4.9,2.8000000000000003,2,N,56211
2.8000000000000003,4.9,2.8000000000000003,3,N,56212
2.8000000000000003,4.9,2.8000000000000003,4,N,56213
2.8000000000000003,4.9,2.8000000000000003,5,N,56214
2.8000000000000003,4.9,3.1000000000000005,1,N,56215
2.8000000000000003,4.9,3.1000000000000005,2,N,56216
2.8000000000000003,4.9,3.1000000000000005,3,N,56217
2.8000000000000003,4.9,3.1000000000000005,4,N,56218
2.8000000000000003,4.9,3.1000000000000005,5,N,56219
2.8000000000000003,4.9,3.4000000000000004,1,N,56220
2.8000000000000003,4.9,3.4000000000000004,2,N,56221
2.8000000000000003,4.9,3.4000000000000004,3,N,56222
2.8000000000000003,4.9,3.4000000000000004,4,N,56223
2.8000000000000003,4.9,3.4000000000000004,5,N,56224
2.8000000000000003,4.9,3.7,1,N,56225
2.8000000000000003,4.9,3.7,2,N,56226
2.8000000000000003,4.9,3.7,3,N,56227
2.8000000000000003,4.9,3.7,4,N,56228
2.8000000000000003,4.9,3.7,5,N,56229
2.8000000000000003,4.9,4.0,1,N,56230
2.8000000000000003,4.9,4.0,2,N,56231
2.8000000000000003,4.9,4.0,3,N,56232
2.8000000000000003,4.9,4.0,4,N,56233
2.8000000000000003,4.9,4.0,5,N,56234
2.8000000000000003,4.9,4.300000000000002,1,N,56235
2.8000000000000003,4.9,4.300000000000002,2,N,56236
2.8000000000000003,4.9,4.300000000000002,3,N,56237
2.8000000000000003,4.9,4.300000000000002,4,N,56238
2.8000000000000003,4.9,4.300000000000002,5,N,56239
2.8000000000000003,4.9,4.6000000000000005,1,N,56240
2.8000000000000003,4.9,4.6000000000000005,2,N,56241
2.8000000000000003,4.9,4.6000000000000005,3,N,56242
2.8000000000000003,4.9,4.6000000000000005,4,N,56243
2.8000000000000003,4.9,4.6000000000000005,5,N,56244
2.8000000000000003,4.9,4.9,1,N,56245
2.8000000000000003,4.9,4.9,2,N,56246
2.8000000000000003,4.9,4.9,3,N,56247
2.8000000000000003,4.9,4.9,4,N,56248
2.8000000000000003,4.9,4.9,5,N,56249
3.1000000000000005,0.01,0.01,1,N,56250
3.1000000000000005,0.01,0.01,2,N,56251
3.1000000000000005,0.01,0.01,3,N,56252
3.1000000000000005,0.01,0.01,4,N,56253
3.1000000000000005,0.01,0.01,5,N,56254
3.1000000000000005,0.01,0.11,1,N,56255
3.1000000000000005,0.01,0.11,2,N,56256
3.1000000000000005,0.01,0.11,3,N,56257
3.1000000000000005,0.01,0.11,4,N,56258
3.1000000000000005,0.01,0.11,5,N,56259
3.1000000000000005,0.01,0.21,1,N,56260
3.1000000000000005,0.01,0.21,2,N,56261
3.1000000000000005,0.01,0.21,3,N,56262
3.1000000000000005,0.01,0.21,4,N,56263
3.1000000000000005,0.01,0.21,5,N,56264
3.1000000000000005,0.01,0.31000000000000005,1,N,56265
3.1000000000000005,0.01,0.31000000000000005,2,N,56266
3.1000000000000005,0.01,0.31000000000000005,3,N,56267
3.1000000000000005,0.01,0.31000000000000005,4,N,56268
3.1000000000000005,0.01,0.31000000000000005,5,N,56269
3.1000000000000005,0.01,0.41,1,N,56270
3.1000000000000005,0.01,0.41,2,N,56271
3.1000000000000005,0.01,0.41,3,N,56272
3.1000000000000005,0.01,0.41,4,N,56273
3.1000000000000005,0.01,0.41,5,N,56274
3.1000000000000005,0.01,0.51,1,N,56275
3.1000000000000005,0.01,0.51,2,N,56276
3.1000000000000005,0.01,0.51,3,N,56277
3.1000000000000005,0.01,0.51,4,N,56278
3.1000000000000005,0.01,0.51,5,N,56279
3.1000000000000005,0.01,0.6100000000000001,1,N,56280
3.1000000000000005,0.01,0.6100000000000001,2,N,56281
3.1000000000000005,0.01,0.6100000000000001,3,N,56282
3.1000000000000005,0.01,0.6100000000000001,4,N,56283
3.1000000000000005,0.01,0.6100000000000001,5,N,56284
3.1000000000000005,0.01,0.7100000000000001,1,N,56285
3.1000000000000005,0.01,0.7100000000000001,2,N,56286
3.1000000000000005,0.01,0.7100000000000001,3,N,56287
3.1000000000000005,0.01,0.7100000000000001,4,N,56288
3.1000000000000005,0.01,0.7100000000000001,5,N,56289
3.1000000000000005,0.01,0.81,1,N,56290
3.1000000000000005,0.01,0.81,2,N,56291
3.1000000000000005,0.01,0.81,3,N,56292
3.1000000000000005,0.01,0.81,4,N,56293
3.1000000000000005,0.01,0.81,5,N,56294
3.1000000000000005,0.01,0.91,1,N,56295
3.1000000000000005,0.01,0.91,2,N,56296
3.1000000000000005,0.01,0.91,3,N,56297
3.1000000000000005,0.01,0.91,4,N,56298
3.1000000000000005,0.01,0.91,5,N,56299
3.1000000000000005,0.01,1.01,1,N,56300
3.1000000000000005,0.01,1.01,2,N,56301
3.1000000000000005,0.01,1.01,3,N,56302
3.1000000000000005,0.01,1.01,4,N,56303
3.1000000000000005,0.01,1.01,5,N,56304
3.1000000000000005,0.01,1.11,1,N,56305
3.1000000000000005,0.01,1.11,2,N,56306
3.1000000000000005,0.01,1.11,3,N,56307
3.1000000000000005,0.01,1.11,4,N,56308
3.1000000000000005,0.01,1.11,5,N,56309
3.1000000000000005,0.01,1.3,1,N,56310
3.1000000000000005,0.01,1.3,2,N,56311
3.1000000000000005,0.01,1.3,3,N,56312
3.1000000000000005,0.01,1.3,4,N,56313
3.1000000000000005,0.01,1.3,5,N,56314
3.1000000000000005,0.01,1.6,1,N,56315
3.1000000000000005,0.01,1.6,2,N,56316
3.1000000000000005,0.01,1.6,3,N,56317
3.1000000000000005,0.01,1.6,4,N,56318
3.1000000000000005,0.01,1.6,5,N,56319
3.1000000000000005,0.01,1.9,1,N,56320
3.1000000000000005,0.01,1.9,2,N,56321
3.1000000000000005,0.01,1.9,3,N,56322
3.1000000000000005,0.01,1.9,4,N,56323
3.1000000000000005,0.01,1.9,5,N,56324
3.1000000000000005,0.01,2.2,1,N,56325
3.1000000000000005,0.01,2.2,2,N,56326
3.1000000000000005,0.01,2.2,3,N,56327
3.1000000000000005,0.01,2.2,4,N,56328
3.1000000000000005,0.01,2.2,5,N,56329
3.1000000000000005,0.01,2.5,1,N,56330
3.1000000000000005,0.01,2.5,2,N,56331
3.1000000000000005,0.01,2.5,3,N,56332
3.1000000000000005,0.01,2.5,4,N,56333
3.1000000000000005,0.01,2.5,5,N,56334
3.1000000000000005,0.01,2.8000000000000003,1,N,56335
3.1000000000000005,0.01,2.8000000000000003,2,N,56336
3.1000000000000005,0.01,2.8000000000000003,3,N,56337
3.1000000000000005,0.01,2.8000000000000003,4,N,56338
3.1000000000000005,0.01,2.8000000000000003,5,N,56339
3.1000000000000005,0.01,3.1000000000000005,1,N,56340
3.1000000000000005,0.01,3.1000000000000005,2,N,56341
3.1000000000000005,0.01,3.1000000000000005,3,N,56342
3.1000000000000005,0.01,3.1000000000000005,4,N,56343
3.1000000000000005,0.01,3.1000000000000005,5,N,56344
3.1000000000000005,0.01,3.4000000000000004,1,N,56345
3.1000000000000005,0.01,3.4000000000000004,2,N,56346
3.1000000000000005,0.01,3.4000000000000004,3,N,56347
3.1000000000000005,0.01,3.4000000000000004,4,N,56348
3.1000000000000005,0.01,3.4000000000000004,5,N,56349
3.1000000000000005,0.01,3.7,1,N,56350
3.1000000000000005,0.01,3.7,2,N,56351
3.1000000000000005,0.01,3.7,3,N,56352
3.1000000000000005,0.01,3.7,4,N,56353
3.1000000000000005,0.01,3.7,5,N,56354
3.1000000000000005,0.01,4.0,1,N,56355
3.1000000000000005,0.01,4.0,2,N,56356
3.1000000000000005,0.01,4.0,3,N,56357
3.1000000000000005,0.01,4.0,4,N,56358
3.1000000000000005,0.01,4.0,5,N,56359
3.1000000000000005,0.01,4.300000000000002,1,N,56360
3.1000000000000005,0.01,4.300000000000002,2,N,56361
3.1000000000000005,0.01,4.300000000000002,3,N,56362
3.1000000000000005,0.01,4.300000000000002,4,N,56363
3.1000000000000005,0.01,4.300000000000002,5,N,56364
3.1000000000000005,0.01,4.6000000000000005,1,N,56365
3.1000000000000005,0.01,4.6000000000000005,2,N,56366
3.1000000000000005,0.01,4.6000000000000005,3,N,56367
3.1000000000000005,0.01,4.6000000000000005,4,N,56368
3.1000000000000005,0.01,4.6000000000000005,5,N,56369
3.1000000000000005,0.01,4.9,1,N,56370
3.1000000000000005,0.01,4.9,2,N,56371
3.1000000000000005,0.01,4.9,3,N,56372
3.1000000000000005,0.01,4.9,4,N,56373
3.1000000000000005,0.01,4.9,5,N,56374
3.1000000000000005,0.11,0.01,1,N,56375
3.1000000000000005,0.11,0.01,2,N,56376
3.1000000000000005,0.11,0.01,3,N,56377
3.1000000000000005,0.11,0.01,4,N,56378
3.1000000000000005,0.11,0.01,5,N,56379
3.1000000000000005,0.11,0.11,1,N,56380
3.1000000000000005,0.11,0.11,2,N,56381
3.1000000000000005,0.11,0.11,3,N,56382
3.1000000000000005,0.11,0.11,4,N,56383
3.1000000000000005,0.11,0.11,5,N,56384
3.1000000000000005,0.11,0.21,1,N,56385
3.1000000000000005,0.11,0.21,2,N,56386
3.1000000000000005,0.11,0.21,3,N,56387
3.1000000000000005,0.11,0.21,4,N,56388
3.1000000000000005,0.11,0.21,5,N,56389
3.1000000000000005,0.11,0.31000000000000005,1,N,56390
3.1000000000000005,0.11,0.31000000000000005,2,N,56391
3.1000000000000005,0.11,0.31000000000000005,3,N,56392
3.1000000000000005,0.11,0.31000000000000005,4,N,56393
3.1000000000000005,0.11,0.31000000000000005,5,N,56394
3.1000000000000005,0.11,0.41,1,N,56395
3.1000000000000005,0.11,0.41,2,N,56396
3.1000000000000005,0.11,0.41,3,N,56397
3.1000000000000005,0.11,0.41,4,N,56398
3.1000000000000005,0.11,0.41,5,N,56399
3.1000000000000005,0.11,0.51,1,N,56400
3.1000000000000005,0.11,0.51,2,N,56401
3.1000000000000005,0.11,0.51,3,N,56402
3.1000000000000005,0.11,0.51,4,N,56403
3.1000000000000005,0.11,0.51,5,N,56404
3.1000000000000005,0.11,0.6100000000000001,1,N,56405
3.1000000000000005,0.11,0.6100000000000001,2,N,56406
3.1000000000000005,0.11,0.6100000000000001,3,N,56407
3.1000000000000005,0.11,0.6100000000000001,4,N,56408
3.1000000000000005,0.11,0.6100000000000001,5,N,56409
3.1000000000000005,0.11,0.7100000000000001,1,N,56410
3.1000000000000005,0.11,0.7100000000000001,2,N,56411
3.1000000000000005,0.11,0.7100000000000001,3,N,56412
3.1000000000000005,0.11,0.7100000000000001,4,N,56413
3.1000000000000005,0.11,0.7100000000000001,5,N,56414
3.1000000000000005,0.11,0.81,1,N,56415
3.1000000000000005,0.11,0.81,2,N,56416
3.1000000000000005,0.11,0.81,3,N,56417
3.1000000000000005,0.11,0.81,4,N,56418
3.1000000000000005,0.11,0.81,5,N,56419
3.1000000000000005,0.11,0.91,1,N,56420
3.1000000000000005,0.11,0.91,2,N,56421
3.1000000000000005,0.11,0.91,3,N,56422
3.1000000000000005,0.11,0.91,4,N,56423
3.1000000000000005,0.11,0.91,5,N,56424
3.1000000000000005,0.11,1.01,1,N,56425
3.1000000000000005,0.11,1.01,2,N,56426
3.1000000000000005,0.11,1.01,3,N,56427
3.1000000000000005,0.11,1.01,4,N,56428
3.1000000000000005,0.11,1.01,5,N,56429
3.1000000000000005,0.11,1.11,1,N,56430
3.1000000000000005,0.11,1.11,2,N,56431
3.1000000000000005,0.11,1.11,3,N,56432
3.1000000000000005,0.11,1.11,4,N,56433
3.1000000000000005,0.11,1.11,5,N,56434
3.1000000000000005,0.11,1.3,1,N,56435
3.1000000000000005,0.11,1.3,2,N,56436
3.1000000000000005,0.11,1.3,3,N,56437
3.1000000000000005,0.11,1.3,4,N,56438
3.1000000000000005,0.11,1.3,5,N,56439
3.1000000000000005,0.11,1.6,1,N,56440
3.1000000000000005,0.11,1.6,2,N,56441
3.1000000000000005,0.11,1.6,3,N,56442
3.1000000000000005,0.11,1.6,4,N,56443
3.1000000000000005,0.11,1.6,5,N,56444
3.1000000000000005,0.11,1.9,1,N,56445
3.1000000000000005,0.11,1.9,2,N,56446
3.1000000000000005,0.11,1.9,3,N,56447
3.1000000000000005,0.11,1.9,4,N,56448
3.1000000000000005,0.11,1.9,5,N,56449
3.1000000000000005,0.11,2.2,1,N,56450
3.1000000000000005,0.11,2.2,2,N,56451
3.1000000000000005,0.11,2.2,3,N,56452
3.1000000000000005,0.11,2.2,4,N,56453
3.1000000000000005,0.11,2.2,5,N,56454
3.1000000000000005,0.11,2.5,1,N,56455
3.1000000000000005,0.11,2.5,2,N,56456
3.1000000000000005,0.11,2.5,3,N,56457
3.1000000000000005,0.11,2.5,4,N,56458
3.1000000000000005,0.11,2.5,5,N,56459
3.1000000000000005,0.11,2.8000000000000003,1,N,56460
3.1000000000000005,0.11,2.8000000000000003,2,N,56461
3.1000000000000005,0.11,2.8000000000000003,3,N,56462
3.1000000000000005,0.11,2.8000000000000003,4,N,56463
3.1000000000000005,0.11,2.8000000000000003,5,N,56464
3.1000000000000005,0.11,3.1000000000000005,1,N,56465
3.1000000000000005,0.11,3.1000000000000005,2,N,56466
3.1000000000000005,0.11,3.1000000000000005,3,N,56467
3.1000000000000005,0.11,3.1000000000000005,4,N,56468
3.1000000000000005,0.11,3.1000000000000005,5,N,56469
3.1000000000000005,0.11,3.4000000000000004,1,N,56470
3.1000000000000005,0.11,3.4000000000000004,2,N,56471
3.1000000000000005,0.11,3.4000000000000004,3,N,56472
3.1000000000000005,0.11,3.4000000000000004,4,N,56473
3.1000000000000005,0.11,3.4000000000000004,5,N,56474
3.1000000000000005,0.11,3.7,1,N,56475
3.1000000000000005,0.11,3.7,2,N,56476
3.1000000000000005,0.11,3.7,3,N,56477
3.1000000000000005,0.11,3.7,4,N,56478
3.1000000000000005,0.11,3.7,5,N,56479
3.1000000000000005,0.11,4.0,1,N,56480
3.1000000000000005,0.11,4.0,2,N,56481
3.1000000000000005,0.11,4.0,3,N,56482
3.1000000000000005,0.11,4.0,4,N,56483
3.1000000000000005,0.11,4.0,5,N,56484
3.1000000000000005,0.11,4.300000000000002,1,N,56485
3.1000000000000005,0.11,4.300000000000002,2,N,56486
3.1000000000000005,0.11,4.300000000000002,3,N,56487
3.1000000000000005,0.11,4.300000000000002,4,N,56488
3.1000000000000005,0.11,4.300000000000002,5,N,56489
3.1000000000000005,0.11,4.6000000000000005,1,N,56490
3.1000000000000005,0.11,4.6000000000000005,2,N,56491
3.1000000000000005,0.11,4.6000000000000005,3,N,56492
3.1000000000000005,0.11,4.6000000000000005,4,N,56493
3.1000000000000005,0.11,4.6000000000000005,5,N,56494
3.1000000000000005,0.11,4.9,1,N,56495
3.1000000000000005,0.11,4.9,2,N,56496
3.1000000000000005,0.11,4.9,3,N,56497
3.1000000000000005,0.11,4.9,4,N,56498
3.1000000000000005,0.11,4.9,5,N,56499
3.1000000000000005,0.21,0.01,1,N,56500
3.1000000000000005,0.21,0.01,2,N,56501
3.1000000000000005,0.21,0.01,3,N,56502
3.1000000000000005,0.21,0.01,4,N,56503
3.1000000000000005,0.21,0.01,5,N,56504
3.1000000000000005,0.21,0.11,1,N,56505
3.1000000000000005,0.21,0.11,2,N,56506
3.1000000000000005,0.21,0.11,3,N,56507
3.1000000000000005,0.21,0.11,4,N,56508
3.1000000000000005,0.21,0.11,5,N,56509
3.1000000000000005,0.21,0.21,1,N,56510
3.1000000000000005,0.21,0.21,2,N,56511
3.1000000000000005,0.21,0.21,3,N,56512
3.1000000000000005,0.21,0.21,4,N,56513
3.1000000000000005,0.21,0.21,5,N,56514
3.1000000000000005,0.21,0.31000000000000005,1,N,56515
3.1000000000000005,0.21,0.31000000000000005,2,N,56516
3.1000000000000005,0.21,0.31000000000000005,3,N,56517
3.1000000000000005,0.21,0.31000000000000005,4,N,56518
3.1000000000000005,0.21,0.31000000000000005,5,N,56519
3.1000000000000005,0.21,0.41,1,N,56520
3.1000000000000005,0.21,0.41,2,N,56521
3.1000000000000005,0.21,0.41,3,N,56522
3.1000000000000005,0.21,0.41,4,N,56523
3.1000000000000005,0.21,0.41,5,N,56524
3.1000000000000005,0.21,0.51,1,N,56525
3.1000000000000005,0.21,0.51,2,N,56526
3.1000000000000005,0.21,0.51,3,N,56527
3.1000000000000005,0.21,0.51,4,N,56528
3.1000000000000005,0.21,0.51,5,N,56529
3.1000000000000005,0.21,0.6100000000000001,1,N,56530
3.1000000000000005,0.21,0.6100000000000001,2,N,56531
3.1000000000000005,0.21,0.6100000000000001,3,N,56532
3.1000000000000005,0.21,0.6100000000000001,4,N,56533
3.1000000000000005,0.21,0.6100000000000001,5,N,56534
3.1000000000000005,0.21,0.7100000000000001,1,N,56535
3.1000000000000005,0.21,0.7100000000000001,2,N,56536
3.1000000000000005,0.21,0.7100000000000001,3,N,56537
3.1000000000000005,0.21,0.7100000000000001,4,N,56538
3.1000000000000005,0.21,0.7100000000000001,5,N,56539
3.1000000000000005,0.21,0.81,1,N,56540
3.1000000000000005,0.21,0.81,2,N,56541
3.1000000000000005,0.21,0.81,3,N,56542
3.1000000000000005,0.21,0.81,4,N,56543
3.1000000000000005,0.21,0.81,5,N,56544
3.1000000000000005,0.21,0.91,1,N,56545
3.1000000000000005,0.21,0.91,2,N,56546
3.1000000000000005,0.21,0.91,3,N,56547
3.1000000000000005,0.21,0.91,4,N,56548
3.1000000000000005,0.21,0.91,5,N,56549
3.1000000000000005,0.21,1.01,1,N,56550
3.1000000000000005,0.21,1.01,2,N,56551
3.1000000000000005,0.21,1.01,3,N,56552
3.1000000000000005,0.21,1.01,4,N,56553
3.1000000000000005,0.21,1.01,5,N,56554
3.1000000000000005,0.21,1.11,1,N,56555
3.1000000000000005,0.21,1.11,2,N,56556
3.1000000000000005,0.21,1.11,3,N,56557
3.1000000000000005,0.21,1.11,4,N,56558
3.1000000000000005,0.21,1.11,5,N,56559
3.1000000000000005,0.21,1.3,1,N,56560
3.1000000000000005,0.21,1.3,2,N,56561
3.1000000000000005,0.21,1.3,3,N,56562
3.1000000000000005,0.21,1.3,4,N,56563
3.1000000000000005,0.21,1.3,5,N,56564
3.1000000000000005,0.21,1.6,1,N,56565
3.1000000000000005,0.21,1.6,2,N,56566
3.1000000000000005,0.21,1.6,3,N,56567
3.1000000000000005,0.21,1.6,4,N,56568
3.1000000000000005,0.21,1.6,5,N,56569
3.1000000000000005,0.21,1.9,1,N,56570
3.1000000000000005,0.21,1.9,2,N,56571
3.1000000000000005,0.21,1.9,3,N,56572
3.1000000000000005,0.21,1.9,4,N,56573
3.1000000000000005,0.21,1.9,5,N,56574
3.1000000000000005,0.21,2.2,1,N,56575
3.1000000000000005,0.21,2.2,2,N,56576
3.1000000000000005,0.21,2.2,3,N,56577
3.1000000000000005,0.21,2.2,4,N,56578
3.1000000000000005,0.21,2.2,5,N,56579
3.1000000000000005,0.21,2.5,1,N,56580
3.1000000000000005,0.21,2.5,2,N,56581
3.1000000000000005,0.21,2.5,3,N,56582
3.1000000000000005,0.21,2.5,4,N,56583
3.1000000000000005,0.21,2.5,5,N,56584
3.1000000000000005,0.21,2.8000000000000003,1,N,56585
3.1000000000000005,0.21,2.8000000000000003,2,N,56586
3.1000000000000005,0.21,2.8000000000000003,3,N,56587
3.1000000000000005,0.21,2.8000000000000003,4,N,56588
3.1000000000000005,0.21,2.8000000000000003,5,N,56589
3.1000000000000005,0.21,3.1000000000000005,1,N,56590
3.1000000000000005,0.21,3.1000000000000005,2,N,56591
3.1000000000000005,0.21,3.1000000000000005,3,N,56592
3.1000000000000005,0.21,3.1000000000000005,4,N,56593
3.1000000000000005,0.21,3.1000000000000005,5,N,56594
3.1000000000000005,0.21,3.4000000000000004,1,N,56595
3.1000000000000005,0.21,3.4000000000000004,2,N,56596
3.1000000000000005,0.21,3.4000000000000004,3,N,56597
3.1000000000000005,0.21,3.4000000000000004,4,N,56598
3.1000000000000005,0.21,3.4000000000000004,5,N,56599
3.1000000000000005,0.21,3.7,1,N,56600
3.1000000000000005,0.21,3.7,2,N,56601
3.1000000000000005,0.21,3.7,3,N,56602
3.1000000000000005,0.21,3.7,4,N,56603
3.1000000000000005,0.21,3.7,5,N,56604
3.1000000000000005,0.21,4.0,1,N,56605
3.1000000000000005,0.21,4.0,2,N,56606
3.1000000000000005,0.21,4.0,3,N,56607
3.1000000000000005,0.21,4.0,4,N,56608
3.1000000000000005,0.21,4.0,5,N,56609
3.1000000000000005,0.21,4.300000000000002,1,N,56610
3.1000000000000005,0.21,4.300000000000002,2,N,56611
3.1000000000000005,0.21,4.300000000000002,3,N,56612
3.1000000000000005,0.21,4.300000000000002,4,N,56613
3.1000000000000005,0.21,4.300000000000002,5,N,56614
3.1000000000000005,0.21,4.6000000000000005,1,N,56615
3.1000000000000005,0.21,4.6000000000000005,2,N,56616
3.1000000000000005,0.21,4.6000000000000005,3,N,56617
3.1000000000000005,0.21,4.6000000000000005,4,N,56618
3.1000000000000005,0.21,4.6000000000000005,5,N,56619
3.1000000000000005,0.21,4.9,1,N,56620
3.1000000000000005,0.21,4.9,2,N,56621
3.1000000000000005,0.21,4.9,3,N,56622
3.1000000000000005,0.21,4.9,4,N,56623
3.1000000000000005,0.21,4.9,5,N,56624
3.1000000000000005,0.31000000000000005,0.01,1,N,56625
3.1000000000000005,0.31000000000000005,0.01,2,N,56626
3.1000000000000005,0.31000000000000005,0.01,3,N,56627
3.1000000000000005,0.31000000000000005,0.01,4,N,56628
3.1000000000000005,0.31000000000000005,0.01,5,N,56629
3.1000000000000005,0.31000000000000005,0.11,1,N,56630
3.1000000000000005,0.31000000000000005,0.11,2,N,56631
3.1000000000000005,0.31000000000000005,0.11,3,N,56632
3.1000000000000005,0.31000000000000005,0.11,4,N,56633
3.1000000000000005,0.31000000000000005,0.11,5,N,56634
3.1000000000000005,0.31000000000000005,0.21,1,N,56635
3.1000000000000005,0.31000000000000005,0.21,2,N,56636
3.1000000000000005,0.31000000000000005,0.21,3,N,56637
3.1000000000000005,0.31000000000000005,0.21,4,N,56638
3.1000000000000005,0.31000000000000005,0.21,5,N,56639
3.1000000000000005,0.31000000000000005,0.31000000000000005,1,N,56640
3.1000000000000005,0.31000000000000005,0.31000000000000005,2,N,56641
3.1000000000000005,0.31000000000000005,0.31000000000000005,3,N,56642
3.1000000000000005,0.31000000000000005,0.31000000000000005,4,N,56643
3.1000000000000005,0.31000000000000005,0.31000000000000005,5,N,56644
3.1000000000000005,0.31000000000000005,0.41,1,N,56645
3.1000000000000005,0.31000000000000005,0.41,2,N,56646
3.1000000000000005,0.31000000000000005,0.41,3,N,56647
3.1000000000000005,0.31000000000000005,0.41,4,N,56648
3.1000000000000005,0.31000000000000005,0.41,5,N,56649
3.1000000000000005,0.31000000000000005,0.51,1,N,56650
3.1000000000000005,0.31000000000000005,0.51,2,N,56651
3.1000000000000005,0.31000000000000005,0.51,3,N,56652
3.1000000000000005,0.31000000000000005,0.51,4,N,56653
3.1000000000000005,0.31000000000000005,0.51,5,N,56654
3.1000000000000005,0.31000000000000005,0.6100000000000001,1,N,56655
3.1000000000000005,0.31000000000000005,0.6100000000000001,2,N,56656
3.1000000000000005,0.31000000000000005,0.6100000000000001,3,N,56657
3.1000000000000005,0.31000000000000005,0.6100000000000001,4,N,56658
3.1000000000000005,0.31000000000000005,0.6100000000000001,5,N,56659
3.1000000000000005,0.31000000000000005,0.7100000000000001,1,N,56660
3.1000000000000005,0.31000000000000005,0.7100000000000001,2,N,56661
3.1000000000000005,0.31000000000000005,0.7100000000000001,3,N,56662
3.1000000000000005,0.31000000000000005,0.7100000000000001,4,N,56663
3.1000000000000005,0.31000000000000005,0.7100000000000001,5,N,56664
3.1000000000000005,0.31000000000000005,0.81,1,N,56665
3.1000000000000005,0.31000000000000005,0.81,2,N,56666
3.1000000000000005,0.31000000000000005,0.81,3,N,56667
3.1000000000000005,0.31000000000000005,0.81,4,N,56668
3.1000000000000005,0.31000000000000005,0.81,5,N,56669
3.1000000000000005,0.31000000000000005,0.91,1,N,56670
3.1000000000000005,0.31000000000000005,0.91,2,N,56671
3.1000000000000005,0.31000000000000005,0.91,3,N,56672
3.1000000000000005,0.31000000000000005,0.91,4,N,56673
3.1000000000000005,0.31000000000000005,0.91,5,N,56674
3.1000000000000005,0.31000000000000005,1.01,1,N,56675
3.1000000000000005,0.31000000000000005,1.01,2,N,56676
3.1000000000000005,0.31000000000000005,1.01,3,N,56677
3.1000000000000005,0.31000000000000005,1.01,4,N,56678
3.1000000000000005,0.31000000000000005,1.01,5,N,56679
3.1000000000000005,0.31000000000000005,1.11,1,N,56680
3.1000000000000005,0.31000000000000005,1.11,2,N,56681
3.1000000000000005,0.31000000000000005,1.11,3,N,56682
3.1000000000000005,0.31000000000000005,1.11,4,N,56683
3.1000000000000005,0.31000000000000005,1.11,5,N,56684
3.1000000000000005,0.31000000000000005,1.3,1,N,56685
3.1000000000000005,0.31000000000000005,1.3,2,N,56686
3.1000000000000005,0.31000000000000005,1.3,3,N,56687
3.1000000000000005,0.31000000000000005,1.3,4,N,56688
3.1000000000000005,0.31000000000000005,1.3,5,N,56689
3.1000000000000005,0.31000000000000005,1.6,1,N,56690
3.1000000000000005,0.31000000000000005,1.6,2,N,56691
3.1000000000000005,0.31000000000000005,1.6,3,N,56692
3.1000000000000005,0.31000000000000005,1.6,4,N,56693
3.1000000000000005,0.31000000000000005,1.6,5,N,56694
3.1000000000000005,0.31000000000000005,1.9,1,N,56695
3.1000000000000005,0.31000000000000005,1.9,2,N,56696
3.1000000000000005,0.31000000000000005,1.9,3,N,56697
3.1000000000000005,0.31000000000000005,1.9,4,N,56698
3.1000000000000005,0.31000000000000005,1.9,5,N,56699
3.1000000000000005,0.31000000000000005,2.2,1,N,56700
3.1000000000000005,0.31000000000000005,2.2,2,N,56701
3.1000000000000005,0.31000000000000005,2.2,3,N,56702
3.1000000000000005,0.31000000000000005,2.2,4,N,56703
3.1000000000000005,0.31000000000000005,2.2,5,N,56704
3.1000000000000005,0.31000000000000005,2.5,1,N,56705
3.1000000000000005,0.31000000000000005,2.5,2,N,56706
3.1000000000000005,0.31000000000000005,2.5,3,N,56707
3.1000000000000005,0.31000000000000005,2.5,4,N,56708
3.1000000000000005,0.31000000000000005,2.5,5,N,56709
3.1000000000000005,0.31000000000000005,2.8000000000000003,1,N,56710
3.1000000000000005,0.31000000000000005,2.8000000000000003,2,N,56711
3.1000000000000005,0.31000000000000005,2.8000000000000003,3,N,56712
3.1000000000000005,0.31000000000000005,2.8000000000000003,4,N,56713
3.1000000000000005,0.31000000000000005,2.8000000000000003,5,N,56714
3.1000000000000005,0.31000000000000005,3.1000000000000005,1,N,56715
3.1000000000000005,0.31000000000000005,3.1000000000000005,2,N,56716
3.1000000000000005,0.31000000000000005,3.1000000000000005,3,N,56717
3.1000000000000005,0.31000000000000005,3.1000000000000005,4,N,56718
3.1000000000000005,0.31000000000000005,3.1000000000000005,5,N,56719
3.1000000000000005,0.31000000000000005,3.4000000000000004,1,N,56720
3.1000000000000005,0.31000000000000005,3.4000000000000004,2,N,56721
3.1000000000000005,0.31000000000000005,3.4000000000000004,3,N,56722
3.1000000000000005,0.31000000000000005,3.4000000000000004,4,N,56723
3.1000000000000005,0.31000000000000005,3.4000000000000004,5,N,56724
3.1000000000000005,0.31000000000000005,3.7,1,N,56725
3.1000000000000005,0.31000000000000005,3.7,2,N,56726
3.1000000000000005,0.31000000000000005,3.7,3,N,56727
3.1000000000000005,0.31000000000000005,3.7,4,N,56728
3.1000000000000005,0.31000000000000005,3.7,5,N,56729
3.1000000000000005,0.31000000000000005,4.0,1,N,56730
3.1000000000000005,0.31000000000000005,4.0,2,N,56731
3.1000000000000005,0.31000000000000005,4.0,3,N,56732
3.1000000000000005,0.31000000000000005,4.0,4,N,56733
3.1000000000000005,0.31000000000000005,4.0,5,N,56734
3.1000000000000005,0.31000000000000005,4.300000000000002,1,N,56735
3.1000000000000005,0.31000000000000005,4.300000000000002,2,N,56736
3.1000000000000005,0.31000000000000005,4.300000000000002,3,N,56737
3.1000000000000005,0.31000000000000005,4.300000000000002,4,N,56738
3.1000000000000005,0.31000000000000005,4.300000000000002,5,N,56739
3.1000000000000005,0.31000000000000005,4.6000000000000005,1,N,56740
3.1000000000000005,0.31000000000000005,4.6000000000000005,2,N,56741
3.1000000000000005,0.31000000000000005,4.6000000000000005,3,N,56742
3.1000000000000005,0.31000000000000005,4.6000000000000005,4,N,56743
3.1000000000000005,0.31000000000000005,4.6000000000000005,5,N,56744
3.1000000000000005,0.31000000000000005,4.9,1,N,56745
3.1000000000000005,0.31000000000000005,4.9,2,N,56746
3.1000000000000005,0.31000000000000005,4.9,3,N,56747
3.1000000000000005,0.31000000000000005,4.9,4,N,56748
3.1000000000000005,0.31000000000000005,4.9,5,N,56749
3.1000000000000005,0.41,0.01,1,N,56750
3.1000000000000005,0.41,0.01,2,N,56751
3.1000000000000005,0.41,0.01,3,N,56752
3.1000000000000005,0.41,0.01,4,N,56753
3.1000000000000005,0.41,0.01,5,N,56754
3.1000000000000005,0.41,0.11,1,N,56755
3.1000000000000005,0.41,0.11,2,N,56756
3.1000000000000005,0.41,0.11,3,N,56757
3.1000000000000005,0.41,0.11,4,N,56758
3.1000000000000005,0.41,0.11,5,N,56759
3.1000000000000005,0.41,0.21,1,N,56760
3.1000000000000005,0.41,0.21,2,N,56761
3.1000000000000005,0.41,0.21,3,N,56762
3.1000000000000005,0.41,0.21,4,N,56763
3.1000000000000005,0.41,0.21,5,N,56764
3.1000000000000005,0.41,0.31000000000000005,1,N,56765
3.1000000000000005,0.41,0.31000000000000005,2,N,56766
3.1000000000000005,0.41,0.31000000000000005,3,N,56767
3.1000000000000005,0.41,0.31000000000000005,4,N,56768
3.1000000000000005,0.41,0.31000000000000005,5,N,56769
3.1000000000000005,0.41,0.41,1,N,56770
3.1000000000000005,0.41,0.41,2,N,56771
3.1000000000000005,0.41,0.41,3,N,56772
3.1000000000000005,0.41,0.41,4,N,56773
3.1000000000000005,0.41,0.41,5,N,56774
3.1000000000000005,0.41,0.51,1,N,56775
3.1000000000000005,0.41,0.51,2,N,56776
3.1000000000000005,0.41,0.51,3,N,56777
3.1000000000000005,0.41,0.51,4,N,56778
3.1000000000000005,0.41,0.51,5,N,56779
3.1000000000000005,0.41,0.6100000000000001,1,N,56780
3.1000000000000005,0.41,0.6100000000000001,2,N,56781
3.1000000000000005,0.41,0.6100000000000001,3,N,56782
3.1000000000000005,0.41,0.6100000000000001,4,N,56783
3.1000000000000005,0.41,0.6100000000000001,5,N,56784
3.1000000000000005,0.41,0.7100000000000001,1,N,56785
3.1000000000000005,0.41,0.7100000000000001,2,N,56786
3.1000000000000005,0.41,0.7100000000000001,3,N,56787
3.1000000000000005,0.41,0.7100000000000001,4,N,56788
3.1000000000000005,0.41,0.7100000000000001,5,N,56789
3.1000000000000005,0.41,0.81,1,N,56790
3.1000000000000005,0.41,0.81,2,N,56791
3.1000000000000005,0.41,0.81,3,N,56792
3.1000000000000005,0.41,0.81,4,N,56793
3.1000000000000005,0.41,0.81,5,N,56794
3.1000000000000005,0.41,0.91,1,N,56795
3.1000000000000005,0.41,0.91,2,N,56796
3.1000000000000005,0.41,0.91,3,N,56797
3.1000000000000005,0.41,0.91,4,N,56798
3.1000000000000005,0.41,0.91,5,N,56799
3.1000000000000005,0.41,1.01,1,N,56800
3.1000000000000005,0.41,1.01,2,N,56801
3.1000000000000005,0.41,1.01,3,N,56802
3.1000000000000005,0.41,1.01,4,N,56803
3.1000000000000005,0.41,1.01,5,N,56804
3.1000000000000005,0.41,1.11,1,N,56805
3.1000000000000005,0.41,1.11,2,N,56806
3.1000000000000005,0.41,1.11,3,N,56807
3.1000000000000005,0.41,1.11,4,N,56808
3.1000000000000005,0.41,1.11,5,N,56809
3.1000000000000005,0.41,1.3,1,N,56810
3.1000000000000005,0.41,1.3,2,N,56811
3.1000000000000005,0.41,1.3,3,N,56812
3.1000000000000005,0.41,1.3,4,N,56813
3.1000000000000005,0.41,1.3,5,N,56814
3.1000000000000005,0.41,1.6,1,N,56815
3.1000000000000005,0.41,1.6,2,N,56816
3.1000000000000005,0.41,1.6,3,N,56817
3.1000000000000005,0.41,1.6,4,N,56818
3.1000000000000005,0.41,1.6,5,N,56819
3.1000000000000005,0.41,1.9,1,N,56820
3.1000000000000005,0.41,1.9,2,N,56821
3.1000000000000005,0.41,1.9,3,N,56822
3.1000000000000005,0.41,1.9,4,N,56823
3.1000000000000005,0.41,1.9,5,N,56824
3.1000000000000005,0.41,2.2,1,N,56825
3.1000000000000005,0.41,2.2,2,N,56826
3.1000000000000005,0.41,2.2,3,N,56827
3.1000000000000005,0.41,2.2,4,N,56828
3.1000000000000005,0.41,2.2,5,N,56829
3.1000000000000005,0.41,2.5,1,N,56830
3.1000000000000005,0.41,2.5,2,N,56831
3.1000000000000005,0.41,2.5,3,N,56832
3.1000000000000005,0.41,2.5,4,N,56833
3.1000000000000005,0.41,2.5,5,N,56834
3.1000000000000005,0.41,2.8000000000000003,1,N,56835
3.1000000000000005,0.41,2.8000000000000003,2,N,56836
3.1000000000000005,0.41,2.8000000000000003,3,N,56837
3.1000000000000005,0.41,2.8000000000000003,4,N,56838
3.1000000000000005,0.41,2.8000000000000003,5,N,56839
3.1000000000000005,0.41,3.1000000000000005,1,N,56840
3.1000000000000005,0.41,3.1000000000000005,2,N,56841
3.1000000000000005,0.41,3.1000000000000005,3,N,56842
3.1000000000000005,0.41,3.1000000000000005,4,N,56843
3.1000000000000005,0.41,3.1000000000000005,5,N,56844
3.1000000000000005,0.41,3.4000000000000004,1,N,56845
3.1000000000000005,0.41,3.4000000000000004,2,N,56846
3.1000000000000005,0.41,3.4000000000000004,3,N,56847
3.1000000000000005,0.41,3.4000000000000004,4,N,56848
3.1000000000000005,0.41,3.4000000000000004,5,N,56849
3.1000000000000005,0.41,3.7,1,N,56850
3.1000000000000005,0.41,3.7,2,N,56851
3.1000000000000005,0.41,3.7,3,N,56852
3.1000000000000005,0.41,3.7,4,N,56853
3.1000000000000005,0.41,3.7,5,N,56854
3.1000000000000005,0.41,4.0,1,N,56855
3.1000000000000005,0.41,4.0,2,N,56856
3.1000000000000005,0.41,4.0,3,N,56857
3.1000000000000005,0.41,4.0,4,N,56858
3.1000000000000005,0.41,4.0,5,N,56859
3.1000000000000005,0.41,4.300000000000002,1,N,56860
3.1000000000000005,0.41,4.300000000000002,2,N,56861
3.1000000000000005,0.41,4.300000000000002,3,N,56862
3.1000000000000005,0.41,4.300000000000002,4,N,56863
3.1000000000000005,0.41,4.300000000000002,5,N,56864
3.1000000000000005,0.41,4.6000000000000005,1,N,56865
3.1000000000000005,0.41,4.6000000000000005,2,N,56866
3.1000000000000005,0.41,4.6000000000000005,3,N,56867
3.1000000000000005,0.41,4.6000000000000005,4,N,56868
3.1000000000000005,0.41,4.6000000000000005,5,N,56869
3.1000000000000005,0.41,4.9,1,N,56870
3.1000000000000005,0.41,4.9,2,N,56871
3.1000000000000005,0.41,4.9,3,N,56872
3.1000000000000005,0.41,4.9,4,N,56873
3.1000000000000005,0.41,4.9,5,N,56874
3.1000000000000005,0.51,0.01,1,N,56875
3.1000000000000005,0.51,0.01,2,N,56876
3.1000000000000005,0.51,0.01,3,N,56877
3.1000000000000005,0.51,0.01,4,N,56878
3.1000000000000005,0.51,0.01,5,N,56879
3.1000000000000005,0.51,0.11,1,N,56880
3.1000000000000005,0.51,0.11,2,N,56881
3.1000000000000005,0.51,0.11,3,N,56882
3.1000000000000005,0.51,0.11,4,N,56883
3.1000000000000005,0.51,0.11,5,N,56884
3.1000000000000005,0.51,0.21,1,N,56885
3.1000000000000005,0.51,0.21,2,N,56886
3.1000000000000005,0.51,0.21,3,N,56887
3.1000000000000005,0.51,0.21,4,N,56888
3.1000000000000005,0.51,0.21,5,N,56889
3.1000000000000005,0.51,0.31000000000000005,1,N,56890
3.1000000000000005,0.51,0.31000000000000005,2,N,56891
3.1000000000000005,0.51,0.31000000000000005,3,N,56892
3.1000000000000005,0.51,0.31000000000000005,4,N,56893
3.1000000000000005,0.51,0.31000000000000005,5,N,56894
3.1000000000000005,0.51,0.41,1,N,56895
3.1000000000000005,0.51,0.41,2,N,56896
3.1000000000000005,0.51,0.41,3,N,56897
3.1000000000000005,0.51,0.41,4,N,56898
3.1000000000000005,0.51,0.41,5,N,56899
3.1000000000000005,0.51,0.51,1,N,56900
3.1000000000000005,0.51,0.51,2,N,56901
3.1000000000000005,0.51,0.51,3,N,56902
3.1000000000000005,0.51,0.51,4,N,56903
3.1000000000000005,0.51,0.51,5,N,56904
3.1000000000000005,0.51,0.6100000000000001,1,N,56905
3.1000000000000005,0.51,0.6100000000000001,2,N,56906
3.1000000000000005,0.51,0.6100000000000001,3,N,56907
3.1000000000000005,0.51,0.6100000000000001,4,N,56908
3.1000000000000005,0.51,0.6100000000000001,5,N,56909
3.1000000000000005,0.51,0.7100000000000001,1,N,56910
3.1000000000000005,0.51,0.7100000000000001,2,N,56911
3.1000000000000005,0.51,0.7100000000000001,3,N,56912
3.1000000000000005,0.51,0.7100000000000001,4,N,56913
3.1000000000000005,0.51,0.7100000000000001,5,N,56914
3.1000000000000005,0.51,0.81,1,N,56915
3.1000000000000005,0.51,0.81,2,N,56916
3.1000000000000005,0.51,0.81,3,N,56917
3.1000000000000005,0.51,0.81,4,N,56918
3.1000000000000005,0.51,0.81,5,N,56919
3.1000000000000005,0.51,0.91,1,N,56920
3.1000000000000005,0.51,0.91,2,N,56921
3.1000000000000005,0.51,0.91,3,N,56922
3.1000000000000005,0.51,0.91,4,N,56923
3.1000000000000005,0.51,0.91,5,N,56924
3.1000000000000005,0.51,1.01,1,N,56925
3.1000000000000005,0.51,1.01,2,N,56926
3.1000000000000005,0.51,1.01,3,N,56927
3.1000000000000005,0.51,1.01,4,N,56928
3.1000000000000005,0.51,1.01,5,N,56929
3.1000000000000005,0.51,1.11,1,N,56930
3.1000000000000005,0.51,1.11,2,N,56931
3.1000000000000005,0.51,1.11,3,N,56932
3.1000000000000005,0.51,1.11,4,N,56933
3.1000000000000005,0.51,1.11,5,N,56934
3.1000000000000005,0.51,1.3,1,N,56935
3.1000000000000005,0.51,1.3,2,N,56936
3.1000000000000005,0.51,1.3,3,N,56937
3.1000000000000005,0.51,1.3,4,N,56938
3.1000000000000005,0.51,1.3,5,N,56939
3.1000000000000005,0.51,1.6,1,N,56940
3.1000000000000005,0.51,1.6,2,N,56941
3.1000000000000005,0.51,1.6,3,N,56942
3.1000000000000005,0.51,1.6,4,N,56943
3.1000000000000005,0.51,1.6,5,N,56944
3.1000000000000005,0.51,1.9,1,N,56945
3.1000000000000005,0.51,1.9,2,N,56946
3.1000000000000005,0.51,1.9,3,N,56947
3.1000000000000005,0.51,1.9,4,N,56948
3.1000000000000005,0.51,1.9,5,N,56949
3.1000000000000005,0.51,2.2,1,N,56950
3.1000000000000005,0.51,2.2,2,N,56951
3.1000000000000005,0.51,2.2,3,N,56952
3.1000000000000005,0.51,2.2,4,N,56953
3.1000000000000005,0.51,2.2,5,N,56954
3.1000000000000005,0.51,2.5,1,N,56955
3.1000000000000005,0.51,2.5,2,N,56956
3.1000000000000005,0.51,2.5,3,N,56957
3.1000000000000005,0.51,2.5,4,N,56958
3.1000000000000005,0.51,2.5,5,N,56959
3.1000000000000005,0.51,2.8000000000000003,1,N,56960
3.1000000000000005,0.51,2.8000000000000003,2,N,56961
3.1000000000000005,0.51,2.8000000000000003,3,N,56962
3.1000000000000005,0.51,2.8000000000000003,4,N,56963
3.1000000000000005,0.51,2.8000000000000003,5,N,56964
3.1000000000000005,0.51,3.1000000000000005,1,N,56965
3.1000000000000005,0.51,3.1000000000000005,2,N,56966
3.1000000000000005,0.51,3.1000000000000005,3,N,56967
3.1000000000000005,0.51,3.1000000000000005,4,N,56968
3.1000000000000005,0.51,3.1000000000000005,5,N,56969
3.1000000000000005,0.51,3.4000000000000004,1,N,56970
3.1000000000000005,0.51,3.4000000000000004,2,N,56971
3.1000000000000005,0.51,3.4000000000000004,3,N,56972
3.1000000000000005,0.51,3.4000000000000004,4,N,56973
3.1000000000000005,0.51,3.4000000000000004,5,N,56974
3.1000000000000005,0.51,3.7,1,N,56975
3.1000000000000005,0.51,3.7,2,N,56976
3.1000000000000005,0.51,3.7,3,N,56977
3.1000000000000005,0.51,3.7,4,N,56978
3.1000000000000005,0.51,3.7,5,N,56979
3.1000000000000005,0.51,4.0,1,N,56980
3.1000000000000005,0.51,4.0,2,N,56981
3.1000000000000005,0.51,4.0,3,N,56982
3.1000000000000005,0.51,4.0,4,N,56983
3.1000000000000005,0.51,4.0,5,N,56984
3.1000000000000005,0.51,4.300000000000002,1,N,56985
3.1000000000000005,0.51,4.300000000000002,2,N,56986
3.1000000000000005,0.51,4.300000000000002,3,N,56987
3.1000000000000005,0.51,4.300000000000002,4,N,56988
3.1000000000000005,0.51,4.300000000000002,5,N,56989
3.1000000000000005,0.51,4.6000000000000005,1,N,56990
3.1000000000000005,0.51,4.6000000000000005,2,N,56991
3.1000000000000005,0.51,4.6000000000000005,3,N,56992
3.1000000000000005,0.51,4.6000000000000005,4,N,56993
3.1000000000000005,0.51,4.6000000000000005,5,N,56994
3.1000000000000005,0.51,4.9,1,N,56995
3.1000000000000005,0.51,4.9,2,N,56996
3.1000000000000005,0.51,4.9,3,N,56997
3.1000000000000005,0.51,4.9,4,N,56998
3.1000000000000005,0.51,4.9,5,N,56999
3.1000000000000005,0.6100000000000001,0.01,1,N,57000
3.1000000000000005,0.6100000000000001,0.01,2,N,57001
3.1000000000000005,0.6100000000000001,0.01,3,N,57002
3.1000000000000005,0.6100000000000001,0.01,4,N,57003
3.1000000000000005,0.6100000000000001,0.01,5,N,57004
3.1000000000000005,0.6100000000000001,0.11,1,N,57005
3.1000000000000005,0.6100000000000001,0.11,2,N,57006
3.1000000000000005,0.6100000000000001,0.11,3,N,57007
3.1000000000000005,0.6100000000000001,0.11,4,N,57008
3.1000000000000005,0.6100000000000001,0.11,5,N,57009
3.1000000000000005,0.6100000000000001,0.21,1,N,57010
3.1000000000000005,0.6100000000000001,0.21,2,N,57011
3.1000000000000005,0.6100000000000001,0.21,3,N,57012
3.1000000000000005,0.6100000000000001,0.21,4,N,57013
3.1000000000000005,0.6100000000000001,0.21,5,N,57014
3.1000000000000005,0.6100000000000001,0.31000000000000005,1,N,57015
3.1000000000000005,0.6100000000000001,0.31000000000000005,2,N,57016
3.1000000000000005,0.6100000000000001,0.31000000000000005,3,N,57017
3.1000000000000005,0.6100000000000001,0.31000000000000005,4,N,57018
3.1000000000000005,0.6100000000000001,0.31000000000000005,5,N,57019
3.1000000000000005,0.6100000000000001,0.41,1,N,57020
3.1000000000000005,0.6100000000000001,0.41,2,N,57021
3.1000000000000005,0.6100000000000001,0.41,3,N,57022
3.1000000000000005,0.6100000000000001,0.41,4,N,57023
3.1000000000000005,0.6100000000000001,0.41,5,N,57024
3.1000000000000005,0.6100000000000001,0.51,1,N,57025
3.1000000000000005,0.6100000000000001,0.51,2,N,57026
3.1000000000000005,0.6100000000000001,0.51,3,N,57027
3.1000000000000005,0.6100000000000001,0.51,4,N,57028
3.1000000000000005,0.6100000000000001,0.51,5,N,57029
3.1000000000000005,0.6100000000000001,0.6100000000000001,1,N,57030
3.1000000000000005,0.6100000000000001,0.6100000000000001,2,N,57031
3.1000000000000005,0.6100000000000001,0.6100000000000001,3,N,57032
3.1000000000000005,0.6100000000000001,0.6100000000000001,4,N,57033
3.1000000000000005,0.6100000000000001,0.6100000000000001,5,N,57034
3.1000000000000005,0.6100000000000001,0.7100000000000001,1,N,57035
3.1000000000000005,0.6100000000000001,0.7100000000000001,2,N,57036
3.1000000000000005,0.6100000000000001,0.7100000000000001,3,N,57037
3.1000000000000005,0.6100000000000001,0.7100000000000001,4,N,57038
3.1000000000000005,0.6100000000000001,0.7100000000000001,5,N,57039
3.1000000000000005,0.6100000000000001,0.81,1,N,57040
3.1000000000000005,0.6100000000000001,0.81,2,N,57041
3.1000000000000005,0.6100000000000001,0.81,3,N,57042
3.1000000000000005,0.6100000000000001,0.81,4,N,57043
3.1000000000000005,0.6100000000000001,0.81,5,N,57044
3.1000000000000005,0.6100000000000001,0.91,1,N,57045
3.1000000000000005,0.6100000000000001,0.91,2,N,57046
3.1000000000000005,0.6100000000000001,0.91,3,N,57047
3.1000000000000005,0.6100000000000001,0.91,4,N,57048
3.1000000000000005,0.6100000000000001,0.91,5,N,57049
3.1000000000000005,0.6100000000000001,1.01,1,N,57050
3.1000000000000005,0.6100000000000001,1.01,2,N,57051
3.1000000000000005,0.6100000000000001,1.01,3,N,57052
3.1000000000000005,0.6100000000000001,1.01,4,N,57053
3.1000000000000005,0.6100000000000001,1.01,5,N,57054
3.1000000000000005,0.6100000000000001,1.11,1,N,57055
3.1000000000000005,0.6100000000000001,1.11,2,N,57056
3.1000000000000005,0.6100000000000001,1.11,3,N,57057
3.1000000000000005,0.6100000000000001,1.11,4,N,57058
3.1000000000000005,0.6100000000000001,1.11,5,N,57059
3.1000000000000005,0.6100000000000001,1.3,1,N,57060
3.1000000000000005,0.6100000000000001,1.3,2,N,57061
3.1000000000000005,0.6100000000000001,1.3,3,N,57062
3.1000000000000005,0.6100000000000001,1.3,4,N,57063
3.1000000000000005,0.6100000000000001,1.3,5,N,57064
3.1000000000000005,0.6100000000000001,1.6,1,N,57065
3.1000000000000005,0.6100000000000001,1.6,2,N,57066
3.1000000000000005,0.6100000000000001,1.6,3,N,57067
3.1000000000000005,0.6100000000000001,1.6,4,N,57068
3.1000000000000005,0.6100000000000001,1.6,5,N,57069
3.1000000000000005,0.6100000000000001,1.9,1,N,57070
3.1000000000000005,0.6100000000000001,1.9,2,N,57071
3.1000000000000005,0.6100000000000001,1.9,3,N,57072
3.1000000000000005,0.6100000000000001,1.9,4,N,57073
3.1000000000000005,0.6100000000000001,1.9,5,N,57074
3.1000000000000005,0.6100000000000001,2.2,1,N,57075
3.1000000000000005,0.6100000000000001,2.2,2,N,57076
3.1000000000000005,0.6100000000000001,2.2,3,N,57077
3.1000000000000005,0.6100000000000001,2.2,4,N,57078
3.1000000000000005,0.6100000000000001,2.2,5,N,57079
3.1000000000000005,0.6100000000000001,2.5,1,N,57080
3.1000000000000005,0.6100000000000001,2.5,2,N,57081
3.1000000000000005,0.6100000000000001,2.5,3,N,57082
3.1000000000000005,0.6100000000000001,2.5,4,N,57083
3.1000000000000005,0.6100000000000001,2.5,5,N,57084
3.1000000000000005,0.6100000000000001,2.8000000000000003,1,N,57085
3.1000000000000005,0.6100000000000001,2.8000000000000003,2,N,57086
3.1000000000000005,0.6100000000000001,2.8000000000000003,3,N,57087
3.1000000000000005,0.6100000000000001,2.8000000000000003,4,N,57088
3.1000000000000005,0.6100000000000001,2.8000000000000003,5,N,57089
3.1000000000000005,0.6100000000000001,3.1000000000000005,1,N,57090
3.1000000000000005,0.6100000000000001,3.1000000000000005,2,N,57091
3.1000000000000005,0.6100000000000001,3.1000000000000005,3,N,57092
3.1000000000000005,0.6100000000000001,3.1000000000000005,4,N,57093
3.1000000000000005,0.6100000000000001,3.1000000000000005,5,N,57094
3.1000000000000005,0.6100000000000001,3.4000000000000004,1,N,57095
3.1000000000000005,0.6100000000000001,3.4000000000000004,2,N,57096
3.1000000000000005,0.6100000000000001,3.4000000000000004,3,N,57097
3.1000000000000005,0.6100000000000001,3.4000000000000004,4,N,57098
3.1000000000000005,0.6100000000000001,3.4000000000000004,5,N,57099
3.1000000000000005,0.6100000000000001,3.7,1,N,57100
3.1000000000000005,0.6100000000000001,3.7,2,N,57101
3.1000000000000005,0.6100000000000001,3.7,3,N,57102
3.1000000000000005,0.6100000000000001,3.7,4,N,57103
3.1000000000000005,0.6100000000000001,3.7,5,N,57104
3.1000000000000005,0.6100000000000001,4.0,1,N,57105
3.1000000000000005,0.6100000000000001,4.0,2,N,57106
3.1000000000000005,0.6100000000000001,4.0,3,N,57107
3.1000000000000005,0.6100000000000001,4.0,4,N,57108
3.1000000000000005,0.6100000000000001,4.0,5,N,57109
3.1000000000000005,0.6100000000000001,4.300000000000002,1,N,57110
3.1000000000000005,0.6100000000000001,4.300000000000002,2,N,57111
3.1000000000000005,0.6100000000000001,4.300000000000002,3,N,57112
3.1000000000000005,0.6100000000000001,4.300000000000002,4,N,57113
3.1000000000000005,0.6100000000000001,4.300000000000002,5,N,57114
3.1000000000000005,0.6100000000000001,4.6000000000000005,1,N,57115
3.1000000000000005,0.6100000000000001,4.6000000000000005,2,N,57116
3.1000000000000005,0.6100000000000001,4.6000000000000005,3,N,57117
3.1000000000000005,0.6100000000000001,4.6000000000000005,4,N,57118
3.1000000000000005,0.6100000000000001,4.6000000000000005,5,N,57119
3.1000000000000005,0.6100000000000001,4.9,1,N,57120
3.1000000000000005,0.6100000000000001,4.9,2,N,57121
3.1000000000000005,0.6100000000000001,4.9,3,N,57122
3.1000000000000005,0.6100000000000001,4.9,4,N,57123
3.1000000000000005,0.6100000000000001,4.9,5,N,57124
3.1000000000000005,0.7100000000000001,0.01,1,N,57125
3.1000000000000005,0.7100000000000001,0.01,2,N,57126
3.1000000000000005,0.7100000000000001,0.01,3,N,57127
3.1000000000000005,0.7100000000000001,0.01,4,N,57128
3.1000000000000005,0.7100000000000001,0.01,5,N,57129
3.1000000000000005,0.7100000000000001,0.11,1,N,57130
3.1000000000000005,0.7100000000000001,0.11,2,N,57131
3.1000000000000005,0.7100000000000001,0.11,3,N,57132
3.1000000000000005,0.7100000000000001,0.11,4,N,57133
3.1000000000000005,0.7100000000000001,0.11,5,N,57134
3.1000000000000005,0.7100000000000001,0.21,1,N,57135
3.1000000000000005,0.7100000000000001,0.21,2,N,57136
3.1000000000000005,0.7100000000000001,0.21,3,N,57137
3.1000000000000005,0.7100000000000001,0.21,4,N,57138
3.1000000000000005,0.7100000000000001,0.21,5,N,57139
3.1000000000000005,0.7100000000000001,0.31000000000000005,1,N,57140
3.1000000000000005,0.7100000000000001,0.31000000000000005,2,N,57141
3.1000000000000005,0.7100000000000001,0.31000000000000005,3,N,57142
3.1000000000000005,0.7100000000000001,0.31000000000000005,4,N,57143
3.1000000000000005,0.7100000000000001,0.31000000000000005,5,N,57144
3.1000000000000005,0.7100000000000001,0.41,1,N,57145
3.1000000000000005,0.7100000000000001,0.41,2,N,57146
3.1000000000000005,0.7100000000000001,0.41,3,N,57147
3.1000000000000005,0.7100000000000001,0.41,4,N,57148
3.1000000000000005,0.7100000000000001,0.41,5,N,57149
3.1000000000000005,0.7100000000000001,0.51,1,N,57150
3.1000000000000005,0.7100000000000001,0.51,2,N,57151
3.1000000000000005,0.7100000000000001,0.51,3,N,57152
3.1000000000000005,0.7100000000000001,0.51,4,N,57153
3.1000000000000005,0.7100000000000001,0.51,5,N,57154
3.1000000000000005,0.7100000000000001,0.6100000000000001,1,N,57155
3.1000000000000005,0.7100000000000001,0.6100000000000001,2,N,57156
3.1000000000000005,0.7100000000000001,0.6100000000000001,3,N,57157
3.1000000000000005,0.7100000000000001,0.6100000000000001,4,N,57158
3.1000000000000005,0.7100000000000001,0.6100000000000001,5,N,57159
3.1000000000000005,0.7100000000000001,0.7100000000000001,1,N,57160
3.1000000000000005,0.7100000000000001,0.7100000000000001,2,N,57161
3.1000000000000005,0.7100000000000001,0.7100000000000001,3,N,57162
3.1000000000000005,0.7100000000000001,0.7100000000000001,4,N,57163
3.1000000000000005,0.7100000000000001,0.7100000000000001,5,N,57164
3.1000000000000005,0.7100000000000001,0.81,1,N,57165
3.1000000000000005,0.7100000000000001,0.81,2,N,57166
3.1000000000000005,0.7100000000000001,0.81,3,N,57167
3.1000000000000005,0.7100000000000001,0.81,4,N,57168
3.1000000000000005,0.7100000000000001,0.81,5,N,57169
3.1000000000000005,0.7100000000000001,0.91,1,N,57170
3.1000000000000005,0.7100000000000001,0.91,2,N,57171
3.1000000000000005,0.7100000000000001,0.91,3,N,57172
3.1000000000000005,0.7100000000000001,0.91,4,N,57173
3.1000000000000005,0.7100000000000001,0.91,5,N,57174
3.1000000000000005,0.7100000000000001,1.01,1,N,57175
3.1000000000000005,0.7100000000000001,1.01,2,N,57176
3.1000000000000005,0.7100000000000001,1.01,3,N,57177
3.1000000000000005,0.7100000000000001,1.01,4,N,57178
3.1000000000000005,0.7100000000000001,1.01,5,N,57179
3.1000000000000005,0.7100000000000001,1.11,1,N,57180
3.1000000000000005,0.7100000000000001,1.11,2,N,57181
3.1000000000000005,0.7100000000000001,1.11,3,N,57182
3.1000000000000005,0.7100000000000001,1.11,4,N,57183
3.1000000000000005,0.7100000000000001,1.11,5,N,57184
3.1000000000000005,0.7100000000000001,1.3,1,N,57185
3.1000000000000005,0.7100000000000001,1.3,2,N,57186
3.1000000000000005,0.7100000000000001,1.3,3,N,57187
3.1000000000000005,0.7100000000000001,1.3,4,N,57188
3.1000000000000005,0.7100000000000001,1.3,5,N,57189
3.1000000000000005,0.7100000000000001,1.6,1,N,57190
3.1000000000000005,0.7100000000000001,1.6,2,N,57191
3.1000000000000005,0.7100000000000001,1.6,3,N,57192
3.1000000000000005,0.7100000000000001,1.6,4,N,57193
3.1000000000000005,0.7100000000000001,1.6,5,N,57194
3.1000000000000005,0.7100000000000001,1.9,1,N,57195
3.1000000000000005,0.7100000000000001,1.9,2,N,57196
3.1000000000000005,0.7100000000000001,1.9,3,N,57197
3.1000000000000005,0.7100000000000001,1.9,4,N,57198
3.1000000000000005,0.7100000000000001,1.9,5,N,57199
3.1000000000000005,0.7100000000000001,2.2,1,N,57200
3.1000000000000005,0.7100000000000001,2.2,2,N,57201
3.1000000000000005,0.7100000000000001,2.2,3,N,57202
3.1000000000000005,0.7100000000000001,2.2,4,N,57203
3.1000000000000005,0.7100000000000001,2.2,5,N,57204
3.1000000000000005,0.7100000000000001,2.5,1,N,57205
3.1000000000000005,0.7100000000000001,2.5,2,N,57206
3.1000000000000005,0.7100000000000001,2.5,3,N,57207
3.1000000000000005,0.7100000000000001,2.5,4,N,57208
3.1000000000000005,0.7100000000000001,2.5,5,N,57209
3.1000000000000005,0.7100000000000001,2.8000000000000003,1,N,57210
3.1000000000000005,0.7100000000000001,2.8000000000000003,2,N,57211
3.1000000000000005,0.7100000000000001,2.8000000000000003,3,N,57212
3.1000000000000005,0.7100000000000001,2.8000000000000003,4,N,57213
3.1000000000000005,0.7100000000000001,2.8000000000000003,5,N,57214
3.1000000000000005,0.7100000000000001,3.1000000000000005,1,N,57215
3.1000000000000005,0.7100000000000001,3.1000000000000005,2,N,57216
3.1000000000000005,0.7100000000000001,3.1000000000000005,3,N,57217
3.1000000000000005,0.7100000000000001,3.1000000000000005,4,N,57218
3.1000000000000005,0.7100000000000001,3.1000000000000005,5,N,57219
3.1000000000000005,0.7100000000000001,3.4000000000000004,1,N,57220
3.1000000000000005,0.7100000000000001,3.4000000000000004,2,N,57221
3.1000000000000005,0.7100000000000001,3.4000000000000004,3,N,57222
3.1000000000000005,0.7100000000000001,3.4000000000000004,4,N,57223
3.1000000000000005,0.7100000000000001,3.4000000000000004,5,N,57224
3.1000000000000005,0.7100000000000001,3.7,1,N,57225
3.1000000000000005,0.7100000000000001,3.7,2,N,57226
3.1000000000000005,0.7100000000000001,3.7,3,N,57227
3.1000000000000005,0.7100000000000001,3.7,4,N,57228
3.1000000000000005,0.7100000000000001,3.7,5,N,57229
3.1000000000000005,0.7100000000000001,4.0,1,N,57230
3.1000000000000005,0.7100000000000001,4.0,2,N,57231
3.1000000000000005,0.7100000000000001,4.0,3,N,57232
3.1000000000000005,0.7100000000000001,4.0,4,N,57233
3.1000000000000005,0.7100000000000001,4.0,5,N,57234
3.1000000000000005,0.7100000000000001,4.300000000000002,1,N,57235
3.1000000000000005,0.7100000000000001,4.300000000000002,2,N,57236
3.1000000000000005,0.7100000000000001,4.300000000000002,3,N,57237
3.1000000000000005,0.7100000000000001,4.300000000000002,4,N,57238
3.1000000000000005,0.7100000000000001,4.300000000000002,5,N,57239
3.1000000000000005,0.7100000000000001,4.6000000000000005,1,N,57240
3.1000000000000005,0.7100000000000001,4.6000000000000005,2,N,57241
3.1000000000000005,0.7100000000000001,4.6000000000000005,3,N,57242
3.1000000000000005,0.7100000000000001,4.6000000000000005,4,N,57243
3.1000000000000005,0.7100000000000001,4.6000000000000005,5,N,57244
3.1000000000000005,0.7100000000000001,4.9,1,N,57245
3.1000000000000005,0.7100000000000001,4.9,2,N,57246
3.1000000000000005,0.7100000000000001,4.9,3,N,57247
3.1000000000000005,0.7100000000000001,4.9,4,N,57248
3.1000000000000005,0.7100000000000001,4.9,5,N,57249
3.1000000000000005,0.81,0.01,1,N,57250
3.1000000000000005,0.81,0.01,2,N,57251
3.1000000000000005,0.81,0.01,3,N,57252
3.1000000000000005,0.81,0.01,4,N,57253
3.1000000000000005,0.81,0.01,5,N,57254
3.1000000000000005,0.81,0.11,1,N,57255
3.1000000000000005,0.81,0.11,2,N,57256
3.1000000000000005,0.81,0.11,3,N,57257
3.1000000000000005,0.81,0.11,4,N,57258
3.1000000000000005,0.81,0.11,5,N,57259
3.1000000000000005,0.81,0.21,1,N,57260
3.1000000000000005,0.81,0.21,2,N,57261
3.1000000000000005,0.81,0.21,3,N,57262
3.1000000000000005,0.81,0.21,4,N,57263
3.1000000000000005,0.81,0.21,5,N,57264
3.1000000000000005,0.81,0.31000000000000005,1,N,57265
3.1000000000000005,0.81,0.31000000000000005,2,N,57266
3.1000000000000005,0.81,0.31000000000000005,3,N,57267
3.1000000000000005,0.81,0.31000000000000005,4,N,57268
3.1000000000000005,0.81,0.31000000000000005,5,N,57269
3.1000000000000005,0.81,0.41,1,N,57270
3.1000000000000005,0.81,0.41,2,N,57271
3.1000000000000005,0.81,0.41,3,N,57272
3.1000000000000005,0.81,0.41,4,N,57273
3.1000000000000005,0.81,0.41,5,N,57274
3.1000000000000005,0.81,0.51,1,N,57275
3.1000000000000005,0.81,0.51,2,N,57276
3.1000000000000005,0.81,0.51,3,N,57277
3.1000000000000005,0.81,0.51,4,N,57278
3.1000000000000005,0.81,0.51,5,N,57279
3.1000000000000005,0.81,0.6100000000000001,1,N,57280
3.1000000000000005,0.81,0.6100000000000001,2,N,57281
3.1000000000000005,0.81,0.6100000000000001,3,N,57282
3.1000000000000005,0.81,0.6100000000000001,4,N,57283
3.1000000000000005,0.81,0.6100000000000001,5,N,57284
3.1000000000000005,0.81,0.7100000000000001,1,N,57285
3.1000000000000005,0.81,0.7100000000000001,2,N,57286
3.1000000000000005,0.81,0.7100000000000001,3,N,57287
3.1000000000000005,0.81,0.7100000000000001,4,N,57288
3.1000000000000005,0.81,0.7100000000000001,5,N,57289
3.1000000000000005,0.81,0.81,1,N,57290
3.1000000000000005,0.81,0.81,2,N,57291
3.1000000000000005,0.81,0.81,3,N,57292
3.1000000000000005,0.81,0.81,4,N,57293
3.1000000000000005,0.81,0.81,5,N,57294
3.1000000000000005,0.81,0.91,1,N,57295
3.1000000000000005,0.81,0.91,2,N,57296
3.1000000000000005,0.81,0.91,3,N,57297
3.1000000000000005,0.81,0.91,4,N,57298
3.1000000000000005,0.81,0.91,5,N,57299
3.1000000000000005,0.81,1.01,1,N,57300
3.1000000000000005,0.81,1.01,2,N,57301
3.1000000000000005,0.81,1.01,3,N,57302
3.1000000000000005,0.81,1.01,4,N,57303
3.1000000000000005,0.81,1.01,5,N,57304
3.1000000000000005,0.81,1.11,1,N,57305
3.1000000000000005,0.81,1.11,2,N,57306
3.1000000000000005,0.81,1.11,3,N,57307
3.1000000000000005,0.81,1.11,4,N,57308
3.1000000000000005,0.81,1.11,5,N,57309
3.1000000000000005,0.81,1.3,1,N,57310
3.1000000000000005,0.81,1.3,2,N,57311
3.1000000000000005,0.81,1.3,3,N,57312
3.1000000000000005,0.81,1.3,4,N,57313
3.1000000000000005,0.81,1.3,5,N,57314
3.1000000000000005,0.81,1.6,1,N,57315
3.1000000000000005,0.81,1.6,2,N,57316
3.1000000000000005,0.81,1.6,3,N,57317
3.1000000000000005,0.81,1.6,4,N,57318
3.1000000000000005,0.81,1.6,5,N,57319
3.1000000000000005,0.81,1.9,1,N,57320
3.1000000000000005,0.81,1.9,2,N,57321
3.1000000000000005,0.81,1.9,3,N,57322
3.1000000000000005,0.81,1.9,4,N,57323
3.1000000000000005,0.81,1.9,5,N,57324
3.1000000000000005,0.81,2.2,1,N,57325
3.1000000000000005,0.81,2.2,2,N,57326
3.1000000000000005,0.81,2.2,3,N,57327
3.1000000000000005,0.81,2.2,4,N,57328
3.1000000000000005,0.81,2.2,5,N,57329
3.1000000000000005,0.81,2.5,1,N,57330
3.1000000000000005,0.81,2.5,2,N,57331
3.1000000000000005,0.81,2.5,3,N,57332
3.1000000000000005,0.81,2.5,4,N,57333
3.1000000000000005,0.81,2.5,5,N,57334
3.1000000000000005,0.81,2.8000000000000003,1,N,57335
3.1000000000000005,0.81,2.8000000000000003,2,N,57336
3.1000000000000005,0.81,2.8000000000000003,3,N,57337
3.1000000000000005,0.81,2.8000000000000003,4,N,57338
3.1000000000000005,0.81,2.8000000000000003,5,N,57339
3.1000000000000005,0.81,3.1000000000000005,1,N,57340
3.1000000000000005,0.81,3.1000000000000005,2,N,57341
3.1000000000000005,0.81,3.1000000000000005,3,N,57342
3.1000000000000005,0.81,3.1000000000000005,4,N,57343
3.1000000000000005,0.81,3.1000000000000005,5,N,57344
3.1000000000000005,0.81,3.4000000000000004,1,N,57345
3.1000000000000005,0.81,3.4000000000000004,2,N,57346
3.1000000000000005,0.81,3.4000000000000004,3,N,57347
3.1000000000000005,0.81,3.4000000000000004,4,N,57348
3.1000000000000005,0.81,3.4000000000000004,5,N,57349
3.1000000000000005,0.81,3.7,1,N,57350
3.1000000000000005,0.81,3.7,2,N,57351
3.1000000000000005,0.81,3.7,3,N,57352
3.1000000000000005,0.81,3.7,4,N,57353
3.1000000000000005,0.81,3.7,5,N,57354
3.1000000000000005,0.81,4.0,1,N,57355
3.1000000000000005,0.81,4.0,2,N,57356
3.1000000000000005,0.81,4.0,3,N,57357
3.1000000000000005,0.81,4.0,4,N,57358
3.1000000000000005,0.81,4.0,5,N,57359
3.1000000000000005,0.81,4.300000000000002,1,N,57360
3.1000000000000005,0.81,4.300000000000002,2,N,57361
3.1000000000000005,0.81,4.300000000000002,3,N,57362
3.1000000000000005,0.81,4.300000000000002,4,N,57363
3.1000000000000005,0.81,4.300000000000002,5,N,57364
3.1000000000000005,0.81,4.6000000000000005,1,N,57365
3.1000000000000005,0.81,4.6000000000000005,2,N,57366
3.1000000000000005,0.81,4.6000000000000005,3,N,57367
3.1000000000000005,0.81,4.6000000000000005,4,N,57368
3.1000000000000005,0.81,4.6000000000000005,5,N,57369
3.1000000000000005,0.81,4.9,1,N,57370
3.1000000000000005,0.81,4.9,2,N,57371
3.1000000000000005,0.81,4.9,3,N,57372
3.1000000000000005,0.81,4.9,4,N,57373
3.1000000000000005,0.81,4.9,5,N,57374
3.1000000000000005,0.91,0.01,1,N,57375
3.1000000000000005,0.91,0.01,2,N,57376
3.1000000000000005,0.91,0.01,3,N,57377
3.1000000000000005,0.91,0.01,4,N,57378
3.1000000000000005,0.91,0.01,5,N,57379
3.1000000000000005,0.91,0.11,1,N,57380
3.1000000000000005,0.91,0.11,2,N,57381
3.1000000000000005,0.91,0.11,3,N,57382
3.1000000000000005,0.91,0.11,4,N,57383
3.1000000000000005,0.91,0.11,5,N,57384
3.1000000000000005,0.91,0.21,1,N,57385
3.1000000000000005,0.91,0.21,2,N,57386
3.1000000000000005,0.91,0.21,3,N,57387
3.1000000000000005,0.91,0.21,4,N,57388
3.1000000000000005,0.91,0.21,5,N,57389
3.1000000000000005,0.91,0.31000000000000005,1,N,57390
3.1000000000000005,0.91,0.31000000000000005,2,N,57391
3.1000000000000005,0.91,0.31000000000000005,3,N,57392
3.1000000000000005,0.91,0.31000000000000005,4,N,57393
3.1000000000000005,0.91,0.31000000000000005,5,N,57394
3.1000000000000005,0.91,0.41,1,N,57395
3.1000000000000005,0.91,0.41,2,N,57396
3.1000000000000005,0.91,0.41,3,N,57397
3.1000000000000005,0.91,0.41,4,N,57398
3.1000000000000005,0.91,0.41,5,N,57399
3.1000000000000005,0.91,0.51,1,N,57400
3.1000000000000005,0.91,0.51,2,N,57401
3.1000000000000005,0.91,0.51,3,N,57402
3.1000000000000005,0.91,0.51,4,N,57403
3.1000000000000005,0.91,0.51,5,N,57404
3.1000000000000005,0.91,0.6100000000000001,1,N,57405
3.1000000000000005,0.91,0.6100000000000001,2,N,57406
3.1000000000000005,0.91,0.6100000000000001,3,N,57407
3.1000000000000005,0.91,0.6100000000000001,4,N,57408
3.1000000000000005,0.91,0.6100000000000001,5,N,57409
3.1000000000000005,0.91,0.7100000000000001,1,N,57410
3.1000000000000005,0.91,0.7100000000000001,2,N,57411
3.1000000000000005,0.91,0.7100000000000001,3,N,57412
3.1000000000000005,0.91,0.7100000000000001,4,N,57413
3.1000000000000005,0.91,0.7100000000000001,5,N,57414
3.1000000000000005,0.91,0.81,1,N,57415
3.1000000000000005,0.91,0.81,2,N,57416
3.1000000000000005,0.91,0.81,3,N,57417
3.1000000000000005,0.91,0.81,4,N,57418
3.1000000000000005,0.91,0.81,5,N,57419
3.1000000000000005,0.91,0.91,1,N,57420
3.1000000000000005,0.91,0.91,2,N,57421
3.1000000000000005,0.91,0.91,3,N,57422
3.1000000000000005,0.91,0.91,4,N,57423
3.1000000000000005,0.91,0.91,5,N,57424
3.1000000000000005,0.91,1.01,1,N,57425
3.1000000000000005,0.91,1.01,2,N,57426
3.1000000000000005,0.91,1.01,3,N,57427
3.1000000000000005,0.91,1.01,4,N,57428
3.1000000000000005,0.91,1.01,5,N,57429
3.1000000000000005,0.91,1.11,1,N,57430
3.1000000000000005,0.91,1.11,2,N,57431
3.1000000000000005,0.91,1.11,3,N,57432
3.1000000000000005,0.91,1.11,4,N,57433
3.1000000000000005,0.91,1.11,5,N,57434
3.1000000000000005,0.91,1.3,1,N,57435
3.1000000000000005,0.91,1.3,2,N,57436
3.1000000000000005,0.91,1.3,3,N,57437
3.1000000000000005,0.91,1.3,4,N,57438
3.1000000000000005,0.91,1.3,5,N,57439
3.1000000000000005,0.91,1.6,1,N,57440
3.1000000000000005,0.91,1.6,2,N,57441
3.1000000000000005,0.91,1.6,3,N,57442
3.1000000000000005,0.91,1.6,4,N,57443
3.1000000000000005,0.91,1.6,5,N,57444
3.1000000000000005,0.91,1.9,1,N,57445
3.1000000000000005,0.91,1.9,2,N,57446
3.1000000000000005,0.91,1.9,3,N,57447
3.1000000000000005,0.91,1.9,4,N,57448
3.1000000000000005,0.91,1.9,5,N,57449
3.1000000000000005,0.91,2.2,1,N,57450
3.1000000000000005,0.91,2.2,2,N,57451
3.1000000000000005,0.91,2.2,3,N,57452
3.1000000000000005,0.91,2.2,4,N,57453
3.1000000000000005,0.91,2.2,5,N,57454
3.1000000000000005,0.91,2.5,1,N,57455
3.1000000000000005,0.91,2.5,2,N,57456
3.1000000000000005,0.91,2.5,3,N,57457
3.1000000000000005,0.91,2.5,4,N,57458
3.1000000000000005,0.91,2.5,5,N,57459
3.1000000000000005,0.91,2.8000000000000003,1,N,57460
3.1000000000000005,0.91,2.8000000000000003,2,N,57461
3.1000000000000005,0.91,2.8000000000000003,3,N,57462
3.1000000000000005,0.91,2.8000000000000003,4,N,57463
3.1000000000000005,0.91,2.8000000000000003,5,N,57464
3.1000000000000005,0.91,3.1000000000000005,1,N,57465
3.1000000000000005,0.91,3.1000000000000005,2,N,57466
3.1000000000000005,0.91,3.1000000000000005,3,N,57467
3.1000000000000005,0.91,3.1000000000000005,4,N,57468
3.1000000000000005,0.91,3.1000000000000005,5,N,57469
3.1000000000000005,0.91,3.4000000000000004,1,N,57470
3.1000000000000005,0.91,3.4000000000000004,2,N,57471
3.1000000000000005,0.91,3.4000000000000004,3,N,57472
3.1000000000000005,0.91,3.4000000000000004,4,N,57473
3.1000000000000005,0.91,3.4000000000000004,5,N,57474
3.1000000000000005,0.91,3.7,1,N,57475
3.1000000000000005,0.91,3.7,2,N,57476
3.1000000000000005,0.91,3.7,3,N,57477
3.1000000000000005,0.91,3.7,4,N,57478
3.1000000000000005,0.91,3.7,5,N,57479
3.1000000000000005,0.91,4.0,1,N,57480
3.1000000000000005,0.91,4.0,2,N,57481
3.1000000000000005,0.91,4.0,3,N,57482
3.1000000000000005,0.91,4.0,4,N,57483
3.1000000000000005,0.91,4.0,5,N,57484
3.1000000000000005,0.91,4.300000000000002,1,N,57485
3.1000000000000005,0.91,4.300000000000002,2,N,57486
3.1000000000000005,0.91,4.300000000000002,3,N,57487
3.1000000000000005,0.91,4.300000000000002,4,N,57488
3.1000000000000005,0.91,4.300000000000002,5,N,57489
3.1000000000000005,0.91,4.6000000000000005,1,N,57490
3.1000000000000005,0.91,4.6000000000000005,2,N,57491
3.1000000000000005,0.91,4.6000000000000005,3,N,57492
3.1000000000000005,0.91,4.6000000000000005,4,N,57493
3.1000000000000005,0.91,4.6000000000000005,5,N,57494
3.1000000000000005,0.91,4.9,1,N,57495
3.1000000000000005,0.91,4.9,2,N,57496
3.1000000000000005,0.91,4.9,3,N,57497
3.1000000000000005,0.91,4.9,4,N,57498
3.1000000000000005,0.91,4.9,5,N,57499
3.1000000000000005,1.01,0.01,1,N,57500
3.1000000000000005,1.01,0.01,2,N,57501
3.1000000000000005,1.01,0.01,3,N,57502
3.1000000000000005,1.01,0.01,4,N,57503
3.1000000000000005,1.01,0.01,5,N,57504
3.1000000000000005,1.01,0.11,1,N,57505
3.1000000000000005,1.01,0.11,2,N,57506
3.1000000000000005,1.01,0.11,3,N,57507
3.1000000000000005,1.01,0.11,4,N,57508
3.1000000000000005,1.01,0.11,5,N,57509
3.1000000000000005,1.01,0.21,1,N,57510
3.1000000000000005,1.01,0.21,2,N,57511
3.1000000000000005,1.01,0.21,3,N,57512
3.1000000000000005,1.01,0.21,4,N,57513
3.1000000000000005,1.01,0.21,5,N,57514
3.1000000000000005,1.01,0.31000000000000005,1,N,57515
3.1000000000000005,1.01,0.31000000000000005,2,N,57516
3.1000000000000005,1.01,0.31000000000000005,3,N,57517
3.1000000000000005,1.01,0.31000000000000005,4,N,57518
3.1000000000000005,1.01,0.31000000000000005,5,N,57519
3.1000000000000005,1.01,0.41,1,N,57520
3.1000000000000005,1.01,0.41,2,N,57521
3.1000000000000005,1.01,0.41,3,N,57522
3.1000000000000005,1.01,0.41,4,N,57523
3.1000000000000005,1.01,0.41,5,N,57524
3.1000000000000005,1.01,0.51,1,N,57525
3.1000000000000005,1.01,0.51,2,N,57526
3.1000000000000005,1.01,0.51,3,N,57527
3.1000000000000005,1.01,0.51,4,N,57528
3.1000000000000005,1.01,0.51,5,N,57529
3.1000000000000005,1.01,0.6100000000000001,1,N,57530
3.1000000000000005,1.01,0.6100000000000001,2,N,57531
3.1000000000000005,1.01,0.6100000000000001,3,N,57532
3.1000000000000005,1.01,0.6100000000000001,4,N,57533
3.1000000000000005,1.01,0.6100000000000001,5,N,57534
3.1000000000000005,1.01,0.7100000000000001,1,N,57535
3.1000000000000005,1.01,0.7100000000000001,2,N,57536
3.1000000000000005,1.01,0.7100000000000001,3,N,57537
3.1000000000000005,1.01,0.7100000000000001,4,N,57538
3.1000000000000005,1.01,0.7100000000000001,5,N,57539
3.1000000000000005,1.01,0.81,1,N,57540
3.1000000000000005,1.01,0.81,2,N,57541
3.1000000000000005,1.01,0.81,3,N,57542
3.1000000000000005,1.01,0.81,4,N,57543
3.1000000000000005,1.01,0.81,5,N,57544
3.1000000000000005,1.01,0.91,1,N,57545
3.1000000000000005,1.01,0.91,2,N,57546
3.1000000000000005,1.01,0.91,3,N,57547
3.1000000000000005,1.01,0.91,4,N,57548
3.1000000000000005,1.01,0.91,5,N,57549
3.1000000000000005,1.01,1.01,1,N,57550
3.1000000000000005,1.01,1.01,2,N,57551
3.1000000000000005,1.01,1.01,3,N,57552
3.1000000000000005,1.01,1.01,4,N,57553
3.1000000000000005,1.01,1.01,5,N,57554
3.1000000000000005,1.01,1.11,1,N,57555
3.1000000000000005,1.01,1.11,2,N,57556
3.1000000000000005,1.01,1.11,3,N,57557
3.1000000000000005,1.01,1.11,4,N,57558
3.1000000000000005,1.01,1.11,5,N,57559
3.1000000000000005,1.01,1.3,1,N,57560
3.1000000000000005,1.01,1.3,2,N,57561
3.1000000000000005,1.01,1.3,3,N,57562
3.1000000000000005,1.01,1.3,4,N,57563
3.1000000000000005,1.01,1.3,5,N,57564
3.1000000000000005,1.01,1.6,1,N,57565
3.1000000000000005,1.01,1.6,2,N,57566
3.1000000000000005,1.01,1.6,3,N,57567
3.1000000000000005,1.01,1.6,4,N,57568
3.1000000000000005,1.01,1.6,5,N,57569
3.1000000000000005,1.01,1.9,1,N,57570
3.1000000000000005,1.01,1.9,2,N,57571
3.1000000000000005,1.01,1.9,3,N,57572
3.1000000000000005,1.01,1.9,4,N,57573
3.1000000000000005,1.01,1.9,5,N,57574
3.1000000000000005,1.01,2.2,1,N,57575
3.1000000000000005,1.01,2.2,2,N,57576
3.1000000000000005,1.01,2.2,3,N,57577
3.1000000000000005,1.01,2.2,4,N,57578
3.1000000000000005,1.01,2.2,5,N,57579
3.1000000000000005,1.01,2.5,1,N,57580
3.1000000000000005,1.01,2.5,2,N,57581
3.1000000000000005,1.01,2.5,3,N,57582
3.1000000000000005,1.01,2.5,4,N,57583
3.1000000000000005,1.01,2.5,5,N,57584
3.1000000000000005,1.01,2.8000000000000003,1,N,57585
3.1000000000000005,1.01,2.8000000000000003,2,N,57586
3.1000000000000005,1.01,2.8000000000000003,3,N,57587
3.1000000000000005,1.01,2.8000000000000003,4,N,57588
3.1000000000000005,1.01,2.8000000000000003,5,N,57589
3.1000000000000005,1.01,3.1000000000000005,1,N,57590
3.1000000000000005,1.01,3.1000000000000005,2,N,57591
3.1000000000000005,1.01,3.1000000000000005,3,N,57592
3.1000000000000005,1.01,3.1000000000000005,4,N,57593
3.1000000000000005,1.01,3.1000000000000005,5,N,57594
3.1000000000000005,1.01,3.4000000000000004,1,N,57595
3.1000000000000005,1.01,3.4000000000000004,2,N,57596
3.1000000000000005,1.01,3.4000000000000004,3,N,57597
3.1000000000000005,1.01,3.4000000000000004,4,N,57598
3.1000000000000005,1.01,3.4000000000000004,5,N,57599
3.1000000000000005,1.01,3.7,1,N,57600
3.1000000000000005,1.01,3.7,2,N,57601
3.1000000000000005,1.01,3.7,3,N,57602
3.1000000000000005,1.01,3.7,4,N,57603
3.1000000000000005,1.01,3.7,5,N,57604
3.1000000000000005,1.01,4.0,1,N,57605
3.1000000000000005,1.01,4.0,2,N,57606
3.1000000000000005,1.01,4.0,3,N,57607
3.1000000000000005,1.01,4.0,4,N,57608
3.1000000000000005,1.01,4.0,5,N,57609
3.1000000000000005,1.01,4.300000000000002,1,N,57610
3.1000000000000005,1.01,4.300000000000002,2,N,57611
3.1000000000000005,1.01,4.300000000000002,3,N,57612
3.1000000000000005,1.01,4.300000000000002,4,N,57613
3.1000000000000005,1.01,4.300000000000002,5,N,57614
3.1000000000000005,1.01,4.6000000000000005,1,N,57615
3.1000000000000005,1.01,4.6000000000000005,2,N,57616
3.1000000000000005,1.01,4.6000000000000005,3,N,57617
3.1000000000000005,1.01,4.6000000000000005,4,N,57618
3.1000000000000005,1.01,4.6000000000000005,5,N,57619
3.1000000000000005,1.01,4.9,1,N,57620
3.1000000000000005,1.01,4.9,2,N,57621
3.1000000000000005,1.01,4.9,3,N,57622
3.1000000000000005,1.01,4.9,4,N,57623
3.1000000000000005,1.01,4.9,5,N,57624
3.1000000000000005,1.11,0.01,1,N,57625
3.1000000000000005,1.11,0.01,2,N,57626
3.1000000000000005,1.11,0.01,3,N,57627
3.1000000000000005,1.11,0.01,4,N,57628
3.1000000000000005,1.11,0.01,5,N,57629
3.1000000000000005,1.11,0.11,1,N,57630
3.1000000000000005,1.11,0.11,2,N,57631
3.1000000000000005,1.11,0.11,3,N,57632
3.1000000000000005,1.11,0.11,4,N,57633
3.1000000000000005,1.11,0.11,5,N,57634
3.1000000000000005,1.11,0.21,1,N,57635
3.1000000000000005,1.11,0.21,2,N,57636
3.1000000000000005,1.11,0.21,3,N,57637
3.1000000000000005,1.11,0.21,4,N,57638
3.1000000000000005,1.11,0.21,5,N,57639
3.1000000000000005,1.11,0.31000000000000005,1,N,57640
3.1000000000000005,1.11,0.31000000000000005,2,N,57641
3.1000000000000005,1.11,0.31000000000000005,3,N,57642
3.1000000000000005,1.11,0.31000000000000005,4,N,57643
3.1000000000000005,1.11,0.31000000000000005,5,N,57644
3.1000000000000005,1.11,0.41,1,N,57645
3.1000000000000005,1.11,0.41,2,N,57646
3.1000000000000005,1.11,0.41,3,N,57647
3.1000000000000005,1.11,0.41,4,N,57648
3.1000000000000005,1.11,0.41,5,N,57649
3.1000000000000005,1.11,0.51,1,N,57650
3.1000000000000005,1.11,0.51,2,N,57651
3.1000000000000005,1.11,0.51,3,N,57652
3.1000000000000005,1.11,0.51,4,N,57653
3.1000000000000005,1.11,0.51,5,N,57654
3.1000000000000005,1.11,0.6100000000000001,1,N,57655
3.1000000000000005,1.11,0.6100000000000001,2,N,57656
3.1000000000000005,1.11,0.6100000000000001,3,N,57657
3.1000000000000005,1.11,0.6100000000000001,4,N,57658
3.1000000000000005,1.11,0.6100000000000001,5,N,57659
3.1000000000000005,1.11,0.7100000000000001,1,N,57660
3.1000000000000005,1.11,0.7100000000000001,2,N,57661
3.1000000000000005,1.11,0.7100000000000001,3,N,57662
3.1000000000000005,1.11,0.7100000000000001,4,N,57663
3.1000000000000005,1.11,0.7100000000000001,5,N,57664
3.1000000000000005,1.11,0.81,1,N,57665
3.1000000000000005,1.11,0.81,2,N,57666
3.1000000000000005,1.11,0.81,3,N,57667
3.1000000000000005,1.11,0.81,4,N,57668
3.1000000000000005,1.11,0.81,5,N,57669
3.1000000000000005,1.11,0.91,1,N,57670
3.1000000000000005,1.11,0.91,2,N,57671
3.1000000000000005,1.11,0.91,3,N,57672
3.1000000000000005,1.11,0.91,4,N,57673
3.1000000000000005,1.11,0.91,5,N,57674
3.1000000000000005,1.11,1.01,1,N,57675
3.1000000000000005,1.11,1.01,2,N,57676
3.1000000000000005,1.11,1.01,3,N,57677
3.1000000000000005,1.11,1.01,4,N,57678
3.1000000000000005,1.11,1.01,5,N,57679
3.1000000000000005,1.11,1.11,1,N,57680
3.1000000000000005,1.11,1.11,2,N,57681
3.1000000000000005,1.11,1.11,3,N,57682
3.1000000000000005,1.11,1.11,4,N,57683
3.1000000000000005,1.11,1.11,5,N,57684
3.1000000000000005,1.11,1.3,1,N,57685
3.1000000000000005,1.11,1.3,2,N,57686
3.1000000000000005,1.11,1.3,3,N,57687
3.1000000000000005,1.11,1.3,4,N,57688
3.1000000000000005,1.11,1.3,5,N,57689
3.1000000000000005,1.11,1.6,1,N,57690
3.1000000000000005,1.11,1.6,2,N,57691
3.1000000000000005,1.11,1.6,3,N,57692
3.1000000000000005,1.11,1.6,4,N,57693
3.1000000000000005,1.11,1.6,5,N,57694
3.1000000000000005,1.11,1.9,1,N,57695
3.1000000000000005,1.11,1.9,2,N,57696
3.1000000000000005,1.11,1.9,3,N,57697
3.1000000000000005,1.11,1.9,4,N,57698
3.1000000000000005,1.11,1.9,5,N,57699
3.1000000000000005,1.11,2.2,1,N,57700
3.1000000000000005,1.11,2.2,2,N,57701
3.1000000000000005,1.11,2.2,3,N,57702
3.1000000000000005,1.11,2.2,4,N,57703
3.1000000000000005,1.11,2.2,5,N,57704
3.1000000000000005,1.11,2.5,1,N,57705
3.1000000000000005,1.11,2.5,2,N,57706
3.1000000000000005,1.11,2.5,3,N,57707
3.1000000000000005,1.11,2.5,4,N,57708
3.1000000000000005,1.11,2.5,5,N,57709
3.1000000000000005,1.11,2.8000000000000003,1,N,57710
3.1000000000000005,1.11,2.8000000000000003,2,N,57711
3.1000000000000005,1.11,2.8000000000000003,3,N,57712
3.1000000000000005,1.11,2.8000000000000003,4,N,57713
3.1000000000000005,1.11,2.8000000000000003,5,N,57714
3.1000000000000005,1.11,3.1000000000000005,1,N,57715
3.1000000000000005,1.11,3.1000000000000005,2,N,57716
3.1000000000000005,1.11,3.1000000000000005,3,N,57717
3.1000000000000005,1.11,3.1000000000000005,4,N,57718
3.1000000000000005,1.11,3.1000000000000005,5,N,57719
3.1000000000000005,1.11,3.4000000000000004,1,N,57720
3.1000000000000005,1.11,3.4000000000000004,2,N,57721
3.1000000000000005,1.11,3.4000000000000004,3,N,57722
3.1000000000000005,1.11,3.4000000000000004,4,N,57723
3.1000000000000005,1.11,3.4000000000000004,5,N,57724
3.1000000000000005,1.11,3.7,1,N,57725
3.1000000000000005,1.11,3.7,2,N,57726
3.1000000000000005,1.11,3.7,3,N,57727
3.1000000000000005,1.11,3.7,4,N,57728
3.1000000000000005,1.11,3.7,5,N,57729
3.1000000000000005,1.11,4.0,1,N,57730
3.1000000000000005,1.11,4.0,2,N,57731
3.1000000000000005,1.11,4.0,3,N,57732
3.1000000000000005,1.11,4.0,4,N,57733
3.1000000000000005,1.11,4.0,5,N,57734
3.1000000000000005,1.11,4.300000000000002,1,N,57735
3.1000000000000005,1.11,4.300000000000002,2,N,57736
3.1000000000000005,1.11,4.300000000000002,3,N,57737
3.1000000000000005,1.11,4.300000000000002,4,N,57738
3.1000000000000005,1.11,4.300000000000002,5,N,57739
3.1000000000000005,1.11,4.6000000000000005,1,N,57740
3.1000000000000005,1.11,4.6000000000000005,2,N,57741
3.1000000000000005,1.11,4.6000000000000005,3,N,57742
3.1000000000000005,1.11,4.6000000000000005,4,N,57743
3.1000000000000005,1.11,4.6000000000000005,5,N,57744
3.1000000000000005,1.11,4.9,1,N,57745
3.1000000000000005,1.11,4.9,2,N,57746
3.1000000000000005,1.11,4.9,3,N,57747
3.1000000000000005,1.11,4.9,4,N,57748
3.1000000000000005,1.11,4.9,5,N,57749
3.1000000000000005,1.3,0.01,1,N,57750
3.1000000000000005,1.3,0.01,2,N,57751
3.1000000000000005,1.3,0.01,3,N,57752
3.1000000000000005,1.3,0.01,4,N,57753
3.1000000000000005,1.3,0.01,5,N,57754
3.1000000000000005,1.3,0.11,1,N,57755
3.1000000000000005,1.3,0.11,2,N,57756
3.1000000000000005,1.3,0.11,3,N,57757
3.1000000000000005,1.3,0.11,4,N,57758
3.1000000000000005,1.3,0.11,5,N,57759
3.1000000000000005,1.3,0.21,1,N,57760
3.1000000000000005,1.3,0.21,2,N,57761
3.1000000000000005,1.3,0.21,3,N,57762
3.1000000000000005,1.3,0.21,4,N,57763
3.1000000000000005,1.3,0.21,5,N,57764
3.1000000000000005,1.3,0.31000000000000005,1,N,57765
3.1000000000000005,1.3,0.31000000000000005,2,N,57766
3.1000000000000005,1.3,0.31000000000000005,3,N,57767
3.1000000000000005,1.3,0.31000000000000005,4,N,57768
3.1000000000000005,1.3,0.31000000000000005,5,N,57769
3.1000000000000005,1.3,0.41,1,N,57770
3.1000000000000005,1.3,0.41,2,N,57771
3.1000000000000005,1.3,0.41,3,N,57772
3.1000000000000005,1.3,0.41,4,N,57773
3.1000000000000005,1.3,0.41,5,N,57774
3.1000000000000005,1.3,0.51,1,N,57775
3.1000000000000005,1.3,0.51,2,N,57776
3.1000000000000005,1.3,0.51,3,N,57777
3.1000000000000005,1.3,0.51,4,N,57778
3.1000000000000005,1.3,0.51,5,N,57779
3.1000000000000005,1.3,0.6100000000000001,1,N,57780
3.1000000000000005,1.3,0.6100000000000001,2,N,57781
3.1000000000000005,1.3,0.6100000000000001,3,N,57782
3.1000000000000005,1.3,0.6100000000000001,4,N,57783
3.1000000000000005,1.3,0.6100000000000001,5,N,57784
3.1000000000000005,1.3,0.7100000000000001,1,N,57785
3.1000000000000005,1.3,0.7100000000000001,2,N,57786
3.1000000000000005,1.3,0.7100000000000001,3,N,57787
3.1000000000000005,1.3,0.7100000000000001,4,N,57788
3.1000000000000005,1.3,0.7100000000000001,5,N,57789
3.1000000000000005,1.3,0.81,1,N,57790
3.1000000000000005,1.3,0.81,2,N,57791
3.1000000000000005,1.3,0.81,3,N,57792
3.1000000000000005,1.3,0.81,4,N,57793
3.1000000000000005,1.3,0.81,5,N,57794
3.1000000000000005,1.3,0.91,1,N,57795
3.1000000000000005,1.3,0.91,2,N,57796
3.1000000000000005,1.3,0.91,3,N,57797
3.1000000000000005,1.3,0.91,4,N,57798
3.1000000000000005,1.3,0.91,5,N,57799
3.1000000000000005,1.3,1.01,1,N,57800
3.1000000000000005,1.3,1.01,2,N,57801
3.1000000000000005,1.3,1.01,3,N,57802
3.1000000000000005,1.3,1.01,4,N,57803
3.1000000000000005,1.3,1.01,5,N,57804
3.1000000000000005,1.3,1.11,1,N,57805
3.1000000000000005,1.3,1.11,2,N,57806
3.1000000000000005,1.3,1.11,3,N,57807
3.1000000000000005,1.3,1.11,4,N,57808
3.1000000000000005,1.3,1.11,5,N,57809
3.1000000000000005,1.3,1.3,1,N,57810
3.1000000000000005,1.3,1.3,2,N,57811
3.1000000000000005,1.3,1.3,3,N,57812
3.1000000000000005,1.3,1.3,4,N,57813
3.1000000000000005,1.3,1.3,5,N,57814
3.1000000000000005,1.3,1.6,1,N,57815
3.1000000000000005,1.3,1.6,2,N,57816
3.1000000000000005,1.3,1.6,3,N,57817
3.1000000000000005,1.3,1.6,4,N,57818
3.1000000000000005,1.3,1.6,5,N,57819
3.1000000000000005,1.3,1.9,1,N,57820
3.1000000000000005,1.3,1.9,2,N,57821
3.1000000000000005,1.3,1.9,3,N,57822
3.1000000000000005,1.3,1.9,4,N,57823
3.1000000000000005,1.3,1.9,5,N,57824
3.1000000000000005,1.3,2.2,1,N,57825
3.1000000000000005,1.3,2.2,2,N,57826
3.1000000000000005,1.3,2.2,3,N,57827
3.1000000000000005,1.3,2.2,4,N,57828
3.1000000000000005,1.3,2.2,5,N,57829
3.1000000000000005,1.3,2.5,1,N,57830
3.1000000000000005,1.3,2.5,2,N,57831
3.1000000000000005,1.3,2.5,3,N,57832
3.1000000000000005,1.3,2.5,4,N,57833
3.1000000000000005,1.3,2.5,5,N,57834
3.1000000000000005,1.3,2.8000000000000003,1,N,57835
3.1000000000000005,1.3,2.8000000000000003,2,N,57836
3.1000000000000005,1.3,2.8000000000000003,3,N,57837
3.1000000000000005,1.3,2.8000000000000003,4,N,57838
3.1000000000000005,1.3,2.8000000000000003,5,N,57839
3.1000000000000005,1.3,3.1000000000000005,1,N,57840
3.1000000000000005,1.3,3.1000000000000005,2,N,57841
3.1000000000000005,1.3,3.1000000000000005,3,N,57842
3.1000000000000005,1.3,3.1000000000000005,4,N,57843
3.1000000000000005,1.3,3.1000000000000005,5,N,57844
3.1000000000000005,1.3,3.4000000000000004,1,N,57845
3.1000000000000005,1.3,3.4000000000000004,2,N,57846
3.1000000000000005,1.3,3.4000000000000004,3,N,57847
3.1000000000000005,1.3,3.4000000000000004,4,N,57848
3.1000000000000005,1.3,3.4000000000000004,5,N,57849
3.1000000000000005,1.3,3.7,1,N,57850
3.1000000000000005,1.3,3.7,2,N,57851
3.1000000000000005,1.3,3.7,3,N,57852
3.1000000000000005,1.3,3.7,4,N,57853
3.1000000000000005,1.3,3.7,5,N,57854
3.1000000000000005,1.3,4.0,1,N,57855
3.1000000000000005,1.3,4.0,2,N,57856
3.1000000000000005,1.3,4.0,3,N,57857
3.1000000000000005,1.3,4.0,4,N,57858
3.1000000000000005,1.3,4.0,5,N,57859
3.1000000000000005,1.3,4.300000000000002,1,N,57860
3.1000000000000005,1.3,4.300000000000002,2,N,57861
3.1000000000000005,1.3,4.300000000000002,3,N,57862
3.1000000000000005,1.3,4.300000000000002,4,N,57863
3.1000000000000005,1.3,4.300000000000002,5,N,57864
3.1000000000000005,1.3,4.6000000000000005,1,N,57865
3.1000000000000005,1.3,4.6000000000000005,2,N,57866
3.1000000000000005,1.3,4.6000000000000005,3,N,57867
3.1000000000000005,1.3,4.6000000000000005,4,N,57868
3.1000000000000005,1.3,4.6000000000000005,5,N,57869
3.1000000000000005,1.3,4.9,1,N,57870
3.1000000000000005,1.3,4.9,2,N,57871
3.1000000000000005,1.3,4.9,3,N,57872
3.1000000000000005,1.3,4.9,4,N,57873
3.1000000000000005,1.3,4.9,5,N,57874
3.1000000000000005,1.6,0.01,1,N,57875
3.1000000000000005,1.6,0.01,2,N,57876
3.1000000000000005,1.6,0.01,3,N,57877
3.1000000000000005,1.6,0.01,4,N,57878
3.1000000000000005,1.6,0.01,5,N,57879
3.1000000000000005,1.6,0.11,1,N,57880
3.1000000000000005,1.6,0.11,2,N,57881
3.1000000000000005,1.6,0.11,3,N,57882
3.1000000000000005,1.6,0.11,4,N,57883
3.1000000000000005,1.6,0.11,5,N,57884
3.1000000000000005,1.6,0.21,1,N,57885
3.1000000000000005,1.6,0.21,2,N,57886
3.1000000000000005,1.6,0.21,3,N,57887
3.1000000000000005,1.6,0.21,4,N,57888
3.1000000000000005,1.6,0.21,5,N,57889
3.1000000000000005,1.6,0.31000000000000005,1,N,57890
3.1000000000000005,1.6,0.31000000000000005,2,N,57891
3.1000000000000005,1.6,0.31000000000000005,3,N,57892
3.1000000000000005,1.6,0.31000000000000005,4,N,57893
3.1000000000000005,1.6,0.31000000000000005,5,N,57894
3.1000000000000005,1.6,0.41,1,N,57895
3.1000000000000005,1.6,0.41,2,N,57896
3.1000000000000005,1.6,0.41,3,N,57897
3.1000000000000005,1.6,0.41,4,N,57898
3.1000000000000005,1.6,0.41,5,N,57899
3.1000000000000005,1.6,0.51,1,N,57900
3.1000000000000005,1.6,0.51,2,N,57901
3.1000000000000005,1.6,0.51,3,N,57902
3.1000000000000005,1.6,0.51,4,N,57903
3.1000000000000005,1.6,0.51,5,N,57904
3.1000000000000005,1.6,0.6100000000000001,1,N,57905
3.1000000000000005,1.6,0.6100000000000001,2,N,57906
3.1000000000000005,1.6,0.6100000000000001,3,N,57907
3.1000000000000005,1.6,0.6100000000000001,4,N,57908
3.1000000000000005,1.6,0.6100000000000001,5,N,57909
3.1000000000000005,1.6,0.7100000000000001,1,N,57910
3.1000000000000005,1.6,0.7100000000000001,2,N,57911
3.1000000000000005,1.6,0.7100000000000001,3,N,57912
3.1000000000000005,1.6,0.7100000000000001,4,N,57913
3.1000000000000005,1.6,0.7100000000000001,5,N,57914
3.1000000000000005,1.6,0.81,1,N,57915
3.1000000000000005,1.6,0.81,2,N,57916
3.1000000000000005,1.6,0.81,3,N,57917
3.1000000000000005,1.6,0.81,4,N,57918
3.1000000000000005,1.6,0.81,5,N,57919
3.1000000000000005,1.6,0.91,1,N,57920
3.1000000000000005,1.6,0.91,2,N,57921
3.1000000000000005,1.6,0.91,3,N,57922
3.1000000000000005,1.6,0.91,4,N,57923
3.1000000000000005,1.6,0.91,5,N,57924
3.1000000000000005,1.6,1.01,1,N,57925
3.1000000000000005,1.6,1.01,2,N,57926
3.1000000000000005,1.6,1.01,3,N,57927
3.1000000000000005,1.6,1.01,4,N,57928
3.1000000000000005,1.6,1.01,5,N,57929
3.1000000000000005,1.6,1.11,1,N,57930
3.1000000000000005,1.6,1.11,2,N,57931
3.1000000000000005,1.6,1.11,3,N,57932
3.1000000000000005,1.6,1.11,4,N,57933
3.1000000000000005,1.6,1.11,5,N,57934
3.1000000000000005,1.6,1.3,1,N,57935
3.1000000000000005,1.6,1.3,2,N,57936
3.1000000000000005,1.6,1.3,3,N,57937
3.1000000000000005,1.6,1.3,4,N,57938
3.1000000000000005,1.6,1.3,5,N,57939
3.1000000000000005,1.6,1.6,1,N,57940
3.1000000000000005,1.6,1.6,2,N,57941
3.1000000000000005,1.6,1.6,3,N,57942
3.1000000000000005,1.6,1.6,4,N,57943
3.1000000000000005,1.6,1.6,5,N,57944
3.1000000000000005,1.6,1.9,1,N,57945
3.1000000000000005,1.6,1.9,2,N,57946
3.1000000000000005,1.6,1.9,3,N,57947
3.1000000000000005,1.6,1.9,4,N,57948
3.1000000000000005,1.6,1.9,5,N,57949
3.1000000000000005,1.6,2.2,1,N,57950
3.1000000000000005,1.6,2.2,2,N,57951
3.1000000000000005,1.6,2.2,3,N,57952
3.1000000000000005,1.6,2.2,4,N,57953
3.1000000000000005,1.6,2.2,5,N,57954
3.1000000000000005,1.6,2.5,1,N,57955
3.1000000000000005,1.6,2.5,2,N,57956
3.1000000000000005,1.6,2.5,3,N,57957
3.1000000000000005,1.6,2.5,4,N,57958
3.1000000000000005,1.6,2.5,5,N,57959
3.1000000000000005,1.6,2.8000000000000003,1,N,57960
3.1000000000000005,1.6,2.8000000000000003,2,N,57961
3.1000000000000005,1.6,2.8000000000000003,3,N,57962
3.1000000000000005,1.6,2.8000000000000003,4,N,57963
3.1000000000000005,1.6,2.8000000000000003,5,N,57964
3.1000000000000005,1.6,3.1000000000000005,1,N,57965
3.1000000000000005,1.6,3.1000000000000005,2,N,57966
3.1000000000000005,1.6,3.1000000000000005,3,N,57967
3.1000000000000005,1.6,3.1000000000000005,4,N,57968
3.1000000000000005,1.6,3.1000000000000005,5,N,57969
3.1000000000000005,1.6,3.4000000000000004,1,N,57970
3.1000000000000005,1.6,3.4000000000000004,2,N,57971
3.1000000000000005,1.6,3.4000000000000004,3,N,57972
3.1000000000000005,1.6,3.4000000000000004,4,N,57973
3.1000000000000005,1.6,3.4000000000000004,5,N,57974
3.1000000000000005,1.6,3.7,1,N,57975
3.1000000000000005,1.6,3.7,2,N,57976
3.1000000000000005,1.6,3.7,3,N,57977
3.1000000000000005,1.6,3.7,4,N,57978
3.1000000000000005,1.6,3.7,5,N,57979
3.1000000000000005,1.6,4.0,1,N,57980
3.1000000000000005,1.6,4.0,2,N,57981
3.1000000000000005,1.6,4.0,3,N,57982
3.1000000000000005,1.6,4.0,4,N,57983
3.1000000000000005,1.6,4.0,5,N,57984
3.1000000000000005,1.6,4.300000000000002,1,N,57985
3.1000000000000005,1.6,4.300000000000002,2,N,57986
3.1000000000000005,1.6,4.300000000000002,3,N,57987
3.1000000000000005,1.6,4.300000000000002,4,N,57988
3.1000000000000005,1.6,4.300000000000002,5,N,57989
3.1000000000000005,1.6,4.6000000000000005,1,N,57990
3.1000000000000005,1.6,4.6000000000000005,2,N,57991
3.1000000000000005,1.6,4.6000000000000005,3,N,57992
3.1000000000000005,1.6,4.6000000000000005,4,N,57993
3.1000000000000005,1.6,4.6000000000000005,5,N,57994
3.1000000000000005,1.6,4.9,1,N,57995
3.1000000000000005,1.6,4.9,2,N,57996
3.1000000000000005,1.6,4.9,3,N,57997
3.1000000000000005,1.6,4.9,4,N,57998
3.1000000000000005,1.6,4.9,5,N,57999
3.1000000000000005,1.9,0.01,1,N,58000
3.1000000000000005,1.9,0.01,2,N,58001
3.1000000000000005,1.9,0.01,3,N,58002
3.1000000000000005,1.9,0.01,4,N,58003
3.1000000000000005,1.9,0.01,5,N,58004
3.1000000000000005,1.9,0.11,1,N,58005
3.1000000000000005,1.9,0.11,2,N,58006
3.1000000000000005,1.9,0.11,3,N,58007
3.1000000000000005,1.9,0.11,4,N,58008
3.1000000000000005,1.9,0.11,5,N,58009
3.1000000000000005,1.9,0.21,1,N,58010
3.1000000000000005,1.9,0.21,2,N,58011
3.1000000000000005,1.9,0.21,3,N,58012
3.1000000000000005,1.9,0.21,4,N,58013
3.1000000000000005,1.9,0.21,5,N,58014
3.1000000000000005,1.9,0.31000000000000005,1,N,58015
3.1000000000000005,1.9,0.31000000000000005,2,N,58016
3.1000000000000005,1.9,0.31000000000000005,3,N,58017
3.1000000000000005,1.9,0.31000000000000005,4,N,58018
3.1000000000000005,1.9,0.31000000000000005,5,N,58019
3.1000000000000005,1.9,0.41,1,N,58020
3.1000000000000005,1.9,0.41,2,N,58021
3.1000000000000005,1.9,0.41,3,N,58022
3.1000000000000005,1.9,0.41,4,N,58023
3.1000000000000005,1.9,0.41,5,N,58024
3.1000000000000005,1.9,0.51,1,N,58025
3.1000000000000005,1.9,0.51,2,N,58026
3.1000000000000005,1.9,0.51,3,N,58027
3.1000000000000005,1.9,0.51,4,N,58028
3.1000000000000005,1.9,0.51,5,N,58029
3.1000000000000005,1.9,0.6100000000000001,1,N,58030
3.1000000000000005,1.9,0.6100000000000001,2,N,58031
3.1000000000000005,1.9,0.6100000000000001,3,N,58032
3.1000000000000005,1.9,0.6100000000000001,4,N,58033
3.1000000000000005,1.9,0.6100000000000001,5,N,58034
3.1000000000000005,1.9,0.7100000000000001,1,N,58035
3.1000000000000005,1.9,0.7100000000000001,2,N,58036
3.1000000000000005,1.9,0.7100000000000001,3,N,58037
3.1000000000000005,1.9,0.7100000000000001,4,N,58038
3.1000000000000005,1.9,0.7100000000000001,5,N,58039
3.1000000000000005,1.9,0.81,1,N,58040
3.1000000000000005,1.9,0.81,2,N,58041
3.1000000000000005,1.9,0.81,3,N,58042
3.1000000000000005,1.9,0.81,4,N,58043
3.1000000000000005,1.9,0.81,5,N,58044
3.1000000000000005,1.9,0.91,1,N,58045
3.1000000000000005,1.9,0.91,2,N,58046
3.1000000000000005,1.9,0.91,3,N,58047
3.1000000000000005,1.9,0.91,4,N,58048
3.1000000000000005,1.9,0.91,5,N,58049
3.1000000000000005,1.9,1.01,1,N,58050
3.1000000000000005,1.9,1.01,2,N,58051
3.1000000000000005,1.9,1.01,3,N,58052
3.1000000000000005,1.9,1.01,4,N,58053
3.1000000000000005,1.9,1.01,5,N,58054
3.1000000000000005,1.9,1.11,1,N,58055
3.1000000000000005,1.9,1.11,2,N,58056
3.1000000000000005,1.9,1.11,3,N,58057
3.1000000000000005,1.9,1.11,4,N,58058
3.1000000000000005,1.9,1.11,5,N,58059
3.1000000000000005,1.9,1.3,1,N,58060
3.1000000000000005,1.9,1.3,2,N,58061
3.1000000000000005,1.9,1.3,3,N,58062
3.1000000000000005,1.9,1.3,4,N,58063
3.1000000000000005,1.9,1.3,5,N,58064
3.1000000000000005,1.9,1.6,1,N,58065
3.1000000000000005,1.9,1.6,2,N,58066
3.1000000000000005,1.9,1.6,3,N,58067
3.1000000000000005,1.9,1.6,4,N,58068
3.1000000000000005,1.9,1.6,5,N,58069
3.1000000000000005,1.9,1.9,1,N,58070
3.1000000000000005,1.9,1.9,2,N,58071
3.1000000000000005,1.9,1.9,3,N,58072
3.1000000000000005,1.9,1.9,4,N,58073
3.1000000000000005,1.9,1.9,5,N,58074
3.1000000000000005,1.9,2.2,1,N,58075
3.1000000000000005,1.9,2.2,2,N,58076
3.1000000000000005,1.9,2.2,3,N,58077
3.1000000000000005,1.9,2.2,4,N,58078
3.1000000000000005,1.9,2.2,5,N,58079
3.1000000000000005,1.9,2.5,1,N,58080
3.1000000000000005,1.9,2.5,2,N,58081
3.1000000000000005,1.9,2.5,3,N,58082
3.1000000000000005,1.9,2.5,4,N,58083
3.1000000000000005,1.9,2.5,5,N,58084
3.1000000000000005,1.9,2.8000000000000003,1,N,58085
3.1000000000000005,1.9,2.8000000000000003,2,N,58086
3.1000000000000005,1.9,2.8000000000000003,3,N,58087
3.1000000000000005,1.9,2.8000000000000003,4,N,58088
3.1000000000000005,1.9,2.8000000000000003,5,N,58089
3.1000000000000005,1.9,3.1000000000000005,1,N,58090
3.1000000000000005,1.9,3.1000000000000005,2,N,58091
3.1000000000000005,1.9,3.1000000000000005,3,N,58092
3.1000000000000005,1.9,3.1000000000000005,4,N,58093
3.1000000000000005,1.9,3.1000000000000005,5,N,58094
3.1000000000000005,1.9,3.4000000000000004,1,N,58095
3.1000000000000005,1.9,3.4000000000000004,2,N,58096
3.1000000000000005,1.9,3.4000000000000004,3,N,58097
3.1000000000000005,1.9,3.4000000000000004,4,N,58098
3.1000000000000005,1.9,3.4000000000000004,5,N,58099
3.1000000000000005,1.9,3.7,1,N,58100
3.1000000000000005,1.9,3.7,2,N,58101
3.1000000000000005,1.9,3.7,3,N,58102
3.1000000000000005,1.9,3.7,4,N,58103
3.1000000000000005,1.9,3.7,5,N,58104
3.1000000000000005,1.9,4.0,1,N,58105
3.1000000000000005,1.9,4.0,2,N,58106
3.1000000000000005,1.9,4.0,3,N,58107
3.1000000000000005,1.9,4.0,4,N,58108
3.1000000000000005,1.9,4.0,5,N,58109
3.1000000000000005,1.9,4.300000000000002,1,N,58110
3.1000000000000005,1.9,4.300000000000002,2,N,58111
3.1000000000000005,1.9,4.300000000000002,3,N,58112
3.1000000000000005,1.9,4.300000000000002,4,N,58113
3.1000000000000005,1.9,4.300000000000002,5,N,58114
3.1000000000000005,1.9,4.6000000000000005,1,N,58115
3.1000000000000005,1.9,4.6000000000000005,2,N,58116
3.1000000000000005,1.9,4.6000000000000005,3,N,58117
3.1000000000000005,1.9,4.6000000000000005,4,N,58118
3.1000000000000005,1.9,4.6000000000000005,5,N,58119
3.1000000000000005,1.9,4.9,1,N,58120
3.1000000000000005,1.9,4.9,2,N,58121
3.1000000000000005,1.9,4.9,3,N,58122
3.1000000000000005,1.9,4.9,4,N,58123
3.1000000000000005,1.9,4.9,5,N,58124
3.1000000000000005,2.2,0.01,1,N,58125
3.1000000000000005,2.2,0.01,2,N,58126
3.1000000000000005,2.2,0.01,3,N,58127
3.1000000000000005,2.2,0.01,4,N,58128
3.1000000000000005,2.2,0.01,5,N,58129
3.1000000000000005,2.2,0.11,1,N,58130
3.1000000000000005,2.2,0.11,2,N,58131
3.1000000000000005,2.2,0.11,3,N,58132
3.1000000000000005,2.2,0.11,4,N,58133
3.1000000000000005,2.2,0.11,5,N,58134
3.1000000000000005,2.2,0.21,1,N,58135
3.1000000000000005,2.2,0.21,2,N,58136
3.1000000000000005,2.2,0.21,3,N,58137
3.1000000000000005,2.2,0.21,4,N,58138
3.1000000000000005,2.2,0.21,5,N,58139
3.1000000000000005,2.2,0.31000000000000005,1,N,58140
3.1000000000000005,2.2,0.31000000000000005,2,N,58141
3.1000000000000005,2.2,0.31000000000000005,3,N,58142
3.1000000000000005,2.2,0.31000000000000005,4,N,58143
3.1000000000000005,2.2,0.31000000000000005,5,N,58144
3.1000000000000005,2.2,0.41,1,N,58145
3.1000000000000005,2.2,0.41,2,N,58146
3.1000000000000005,2.2,0.41,3,N,58147
3.1000000000000005,2.2,0.41,4,N,58148
3.1000000000000005,2.2,0.41,5,N,58149
3.1000000000000005,2.2,0.51,1,N,58150
3.1000000000000005,2.2,0.51,2,N,58151
3.1000000000000005,2.2,0.51,3,N,58152
3.1000000000000005,2.2,0.51,4,N,58153
3.1000000000000005,2.2,0.51,5,N,58154
3.1000000000000005,2.2,0.6100000000000001,1,N,58155
3.1000000000000005,2.2,0.6100000000000001,2,N,58156
3.1000000000000005,2.2,0.6100000000000001,3,N,58157
3.1000000000000005,2.2,0.6100000000000001,4,N,58158
3.1000000000000005,2.2,0.6100000000000001,5,N,58159
3.1000000000000005,2.2,0.7100000000000001,1,N,58160
3.1000000000000005,2.2,0.7100000000000001,2,N,58161
3.1000000000000005,2.2,0.7100000000000001,3,N,58162
3.1000000000000005,2.2,0.7100000000000001,4,N,58163
3.1000000000000005,2.2,0.7100000000000001,5,N,58164
3.1000000000000005,2.2,0.81,1,N,58165
3.1000000000000005,2.2,0.81,2,N,58166
3.1000000000000005,2.2,0.81,3,N,58167
3.1000000000000005,2.2,0.81,4,N,58168
3.1000000000000005,2.2,0.81,5,N,58169
3.1000000000000005,2.2,0.91,1,N,58170
3.1000000000000005,2.2,0.91,2,N,58171
3.1000000000000005,2.2,0.91,3,N,58172
3.1000000000000005,2.2,0.91,4,N,58173
3.1000000000000005,2.2,0.91,5,N,58174
3.1000000000000005,2.2,1.01,1,N,58175
3.1000000000000005,2.2,1.01,2,N,58176
3.1000000000000005,2.2,1.01,3,N,58177
3.1000000000000005,2.2,1.01,4,N,58178
3.1000000000000005,2.2,1.01,5,N,58179
3.1000000000000005,2.2,1.11,1,N,58180
3.1000000000000005,2.2,1.11,2,N,58181
3.1000000000000005,2.2,1.11,3,N,58182
3.1000000000000005,2.2,1.11,4,N,58183
3.1000000000000005,2.2,1.11,5,N,58184
3.1000000000000005,2.2,1.3,1,N,58185
3.1000000000000005,2.2,1.3,2,N,58186
3.1000000000000005,2.2,1.3,3,N,58187
3.1000000000000005,2.2,1.3,4,N,58188
3.1000000000000005,2.2,1.3,5,N,58189
3.1000000000000005,2.2,1.6,1,N,58190
3.1000000000000005,2.2,1.6,2,N,58191
3.1000000000000005,2.2,1.6,3,N,58192
3.1000000000000005,2.2,1.6,4,N,58193
3.1000000000000005,2.2,1.6,5,N,58194
3.1000000000000005,2.2,1.9,1,N,58195
3.1000000000000005,2.2,1.9,2,N,58196
3.1000000000000005,2.2,1.9,3,N,58197
3.1000000000000005,2.2,1.9,4,N,58198
3.1000000000000005,2.2,1.9,5,N,58199
3.1000000000000005,2.2,2.2,1,N,58200
3.1000000000000005,2.2,2.2,2,N,58201
3.1000000000000005,2.2,2.2,3,N,58202
3.1000000000000005,2.2,2.2,4,N,58203
3.1000000000000005,2.2,2.2,5,N,58204
3.1000000000000005,2.2,2.5,1,N,58205
3.1000000000000005,2.2,2.5,2,N,58206
3.1000000000000005,2.2,2.5,3,N,58207
3.1000000000000005,2.2,2.5,4,N,58208
3.1000000000000005,2.2,2.5,5,N,58209
3.1000000000000005,2.2,2.8000000000000003,1,N,58210
3.1000000000000005,2.2,2.8000000000000003,2,N,58211
3.1000000000000005,2.2,2.8000000000000003,3,N,58212
3.1000000000000005,2.2,2.8000000000000003,4,N,58213
3.1000000000000005,2.2,2.8000000000000003,5,N,58214
3.1000000000000005,2.2,3.1000000000000005,1,N,58215
3.1000000000000005,2.2,3.1000000000000005,2,N,58216
3.1000000000000005,2.2,3.1000000000000005,3,N,58217
3.1000000000000005,2.2,3.1000000000000005,4,N,58218
3.1000000000000005,2.2,3.1000000000000005,5,N,58219
3.1000000000000005,2.2,3.4000000000000004,1,N,58220
3.1000000000000005,2.2,3.4000000000000004,2,N,58221
3.1000000000000005,2.2,3.4000000000000004,3,N,58222
3.1000000000000005,2.2,3.4000000000000004,4,N,58223
3.1000000000000005,2.2,3.4000000000000004,5,N,58224
3.1000000000000005,2.2,3.7,1,N,58225
3.1000000000000005,2.2,3.7,2,N,58226
3.1000000000000005,2.2,3.7,3,N,58227
3.1000000000000005,2.2,3.7,4,N,58228
3.1000000000000005,2.2,3.7,5,N,58229
3.1000000000000005,2.2,4.0,1,N,58230
3.1000000000000005,2.2,4.0,2,N,58231
3.1000000000000005,2.2,4.0,3,N,58232
3.1000000000000005,2.2,4.0,4,N,58233
3.1000000000000005,2.2,4.0,5,N,58234
3.1000000000000005,2.2,4.300000000000002,1,N,58235
3.1000000000000005,2.2,4.300000000000002,2,N,58236
3.1000000000000005,2.2,4.300000000000002,3,N,58237
3.1000000000000005,2.2,4.300000000000002,4,N,58238
3.1000000000000005,2.2,4.300000000000002,5,N,58239
3.1000000000000005,2.2,4.6000000000000005,1,N,58240
3.1000000000000005,2.2,4.6000000000000005,2,N,58241
3.1000000000000005,2.2,4.6000000000000005,3,N,58242
3.1000000000000005,2.2,4.6000000000000005,4,N,58243
3.1000000000000005,2.2,4.6000000000000005,5,N,58244
3.1000000000000005,2.2,4.9,1,N,58245
3.1000000000000005,2.2,4.9,2,N,58246
3.1000000000000005,2.2,4.9,3,N,58247
3.1000000000000005,2.2,4.9,4,N,58248
3.1000000000000005,2.2,4.9,5,N,58249
3.1000000000000005,2.5,0.01,1,N,58250
3.1000000000000005,2.5,0.01,2,N,58251
3.1000000000000005,2.5,0.01,3,N,58252
3.1000000000000005,2.5,0.01,4,N,58253
3.1000000000000005,2.5,0.01,5,N,58254
3.1000000000000005,2.5,0.11,1,N,58255
3.1000000000000005,2.5,0.11,2,N,58256
3.1000000000000005,2.5,0.11,3,N,58257
3.1000000000000005,2.5,0.11,4,N,58258
3.1000000000000005,2.5,0.11,5,N,58259
3.1000000000000005,2.5,0.21,1,N,58260
3.1000000000000005,2.5,0.21,2,N,58261
3.1000000000000005,2.5,0.21,3,N,58262
3.1000000000000005,2.5,0.21,4,N,58263
3.1000000000000005,2.5,0.21,5,N,58264
3.1000000000000005,2.5,0.31000000000000005,1,N,58265
3.1000000000000005,2.5,0.31000000000000005,2,N,58266
3.1000000000000005,2.5,0.31000000000000005,3,N,58267
3.1000000000000005,2.5,0.31000000000000005,4,N,58268
3.1000000000000005,2.5,0.31000000000000005,5,N,58269
3.1000000000000005,2.5,0.41,1,N,58270
3.1000000000000005,2.5,0.41,2,N,58271
3.1000000000000005,2.5,0.41,3,N,58272
3.1000000000000005,2.5,0.41,4,N,58273
3.1000000000000005,2.5,0.41,5,N,58274
3.1000000000000005,2.5,0.51,1,N,58275
3.1000000000000005,2.5,0.51,2,N,58276
3.1000000000000005,2.5,0.51,3,N,58277
3.1000000000000005,2.5,0.51,4,N,58278
3.1000000000000005,2.5,0.51,5,N,58279
3.1000000000000005,2.5,0.6100000000000001,1,N,58280
3.1000000000000005,2.5,0.6100000000000001,2,N,58281
3.1000000000000005,2.5,0.6100000000000001,3,N,58282
3.1000000000000005,2.5,0.6100000000000001,4,N,58283
3.1000000000000005,2.5,0.6100000000000001,5,N,58284
3.1000000000000005,2.5,0.7100000000000001,1,N,58285
3.1000000000000005,2.5,0.7100000000000001,2,N,58286
3.1000000000000005,2.5,0.7100000000000001,3,N,58287
3.1000000000000005,2.5,0.7100000000000001,4,N,58288
3.1000000000000005,2.5,0.7100000000000001,5,N,58289
3.1000000000000005,2.5,0.81,1,N,58290
3.1000000000000005,2.5,0.81,2,N,58291
3.1000000000000005,2.5,0.81,3,N,58292
3.1000000000000005,2.5,0.81,4,N,58293
3.1000000000000005,2.5,0.81,5,N,58294
3.1000000000000005,2.5,0.91,1,N,58295
3.1000000000000005,2.5,0.91,2,N,58296
3.1000000000000005,2.5,0.91,3,N,58297
3.1000000000000005,2.5,0.91,4,N,58298
3.1000000000000005,2.5,0.91,5,N,58299
3.1000000000000005,2.5,1.01,1,N,58300
3.1000000000000005,2.5,1.01,2,N,58301
3.1000000000000005,2.5,1.01,3,N,58302
3.1000000000000005,2.5,1.01,4,N,58303
3.1000000000000005,2.5,1.01,5,N,58304
3.1000000000000005,2.5,1.11,1,N,58305
3.1000000000000005,2.5,1.11,2,N,58306
3.1000000000000005,2.5,1.11,3,N,58307
3.1000000000000005,2.5,1.11,4,N,58308
3.1000000000000005,2.5,1.11,5,N,58309
3.1000000000000005,2.5,1.3,1,N,58310
3.1000000000000005,2.5,1.3,2,N,58311
3.1000000000000005,2.5,1.3,3,N,58312
3.1000000000000005,2.5,1.3,4,N,58313
3.1000000000000005,2.5,1.3,5,N,58314
3.1000000000000005,2.5,1.6,1,N,58315
3.1000000000000005,2.5,1.6,2,N,58316
3.1000000000000005,2.5,1.6,3,N,58317
3.1000000000000005,2.5,1.6,4,N,58318
3.1000000000000005,2.5,1.6,5,N,58319
3.1000000000000005,2.5,1.9,1,N,58320
3.1000000000000005,2.5,1.9,2,N,58321
3.1000000000000005,2.5,1.9,3,N,58322
3.1000000000000005,2.5,1.9,4,N,58323
3.1000000000000005,2.5,1.9,5,N,58324
3.1000000000000005,2.5,2.2,1,N,58325
3.1000000000000005,2.5,2.2,2,N,58326
3.1000000000000005,2.5,2.2,3,N,58327
3.1000000000000005,2.5,2.2,4,N,58328
3.1000000000000005,2.5,2.2,5,N,58329
3.1000000000000005,2.5,2.5,1,N,58330
3.1000000000000005,2.5,2.5,2,N,58331
3.1000000000000005,2.5,2.5,3,N,58332
3.1000000000000005,2.5,2.5,4,N,58333
3.1000000000000005,2.5,2.5,5,N,58334
3.1000000000000005,2.5,2.8000000000000003,1,N,58335
3.1000000000000005,2.5,2.8000000000000003,2,N,58336
3.1000000000000005,2.5,2.8000000000000003,3,N,58337
3.1000000000000005,2.5,2.8000000000000003,4,N,58338
3.1000000000000005,2.5,2.8000000000000003,5,N,58339
3.1000000000000005,2.5,3.1000000000000005,1,N,58340
3.1000000000000005,2.5,3.1000000000000005,2,N,58341
3.1000000000000005,2.5,3.1000000000000005,3,N,58342
3.1000000000000005,2.5,3.1000000000000005,4,N,58343
3.1000000000000005,2.5,3.1000000000000005,5,N,58344
3.1000000000000005,2.5,3.4000000000000004,1,N,58345
3.1000000000000005,2.5,3.4000000000000004,2,N,58346
3.1000000000000005,2.5,3.4000000000000004,3,N,58347
3.1000000000000005,2.5,3.4000000000000004,4,N,58348
3.1000000000000005,2.5,3.4000000000000004,5,N,58349
3.1000000000000005,2.5,3.7,1,N,58350
3.1000000000000005,2.5,3.7,2,N,58351
3.1000000000000005,2.5,3.7,3,N,58352
3.1000000000000005,2.5,3.7,4,N,58353
3.1000000000000005,2.5,3.7,5,N,58354
3.1000000000000005,2.5,4.0,1,N,58355
3.1000000000000005,2.5,4.0,2,N,58356
3.1000000000000005,2.5,4.0,3,N,58357
3.1000000000000005,2.5,4.0,4,N,58358
3.1000000000000005,2.5,4.0,5,N,58359
3.1000000000000005,2.5,4.300000000000002,1,N,58360
3.1000000000000005,2.5,4.300000000000002,2,N,58361
3.1000000000000005,2.5,4.300000000000002,3,N,58362
3.1000000000000005,2.5,4.300000000000002,4,N,58363
3.1000000000000005,2.5,4.300000000000002,5,N,58364
3.1000000000000005,2.5,4.6000000000000005,1,N,58365
3.1000000000000005,2.5,4.6000000000000005,2,N,58366
3.1000000000000005,2.5,4.6000000000000005,3,N,58367
3.1000000000000005,2.5,4.6000000000000005,4,N,58368
3.1000000000000005,2.5,4.6000000000000005,5,N,58369
3.1000000000000005,2.5,4.9,1,N,58370
3.1000000000000005,2.5,4.9,2,N,58371
3.1000000000000005,2.5,4.9,3,N,58372
3.1000000000000005,2.5,4.9,4,N,58373
3.1000000000000005,2.5,4.9,5,N,58374
3.1000000000000005,2.8000000000000003,0.01,1,N,58375
3.1000000000000005,2.8000000000000003,0.01,2,N,58376
3.1000000000000005,2.8000000000000003,0.01,3,N,58377
3.1000000000000005,2.8000000000000003,0.01,4,N,58378
3.1000000000000005,2.8000000000000003,0.01,5,N,58379
3.1000000000000005,2.8000000000000003,0.11,1,N,58380
3.1000000000000005,2.8000000000000003,0.11,2,N,58381
3.1000000000000005,2.8000000000000003,0.11,3,N,58382
3.1000000000000005,2.8000000000000003,0.11,4,N,58383
3.1000000000000005,2.8000000000000003,0.11,5,N,58384
3.1000000000000005,2.8000000000000003,0.21,1,N,58385
3.1000000000000005,2.8000000000000003,0.21,2,N,58386
3.1000000000000005,2.8000000000000003,0.21,3,N,58387
3.1000000000000005,2.8000000000000003,0.21,4,N,58388
3.1000000000000005,2.8000000000000003,0.21,5,N,58389
3.1000000000000005,2.8000000000000003,0.31000000000000005,1,N,58390
3.1000000000000005,2.8000000000000003,0.31000000000000005,2,N,58391
3.1000000000000005,2.8000000000000003,0.31000000000000005,3,N,58392
3.1000000000000005,2.8000000000000003,0.31000000000000005,4,N,58393
3.1000000000000005,2.8000000000000003,0.31000000000000005,5,N,58394
3.1000000000000005,2.8000000000000003,0.41,1,N,58395
3.1000000000000005,2.8000000000000003,0.41,2,N,58396
3.1000000000000005,2.8000000000000003,0.41,3,N,58397
3.1000000000000005,2.8000000000000003,0.41,4,N,58398
3.1000000000000005,2.8000000000000003,0.41,5,N,58399
3.1000000000000005,2.8000000000000003,0.51,1,N,58400
3.1000000000000005,2.8000000000000003,0.51,2,N,58401
3.1000000000000005,2.8000000000000003,0.51,3,N,58402
3.1000000000000005,2.8000000000000003,0.51,4,N,58403
3.1000000000000005,2.8000000000000003,0.51,5,N,58404
3.1000000000000005,2.8000000000000003,0.6100000000000001,1,N,58405
3.1000000000000005,2.8000000000000003,0.6100000000000001,2,N,58406
3.1000000000000005,2.8000000000000003,0.6100000000000001,3,N,58407
3.1000000000000005,2.8000000000000003,0.6100000000000001,4,N,58408
3.1000000000000005,2.8000000000000003,0.6100000000000001,5,N,58409
3.1000000000000005,2.8000000000000003,0.7100000000000001,1,N,58410
3.1000000000000005,2.8000000000000003,0.7100000000000001,2,N,58411
3.1000000000000005,2.8000000000000003,0.7100000000000001,3,N,58412
3.1000000000000005,2.8000000000000003,0.7100000000000001,4,N,58413
3.1000000000000005,2.8000000000000003,0.7100000000000001,5,N,58414
3.1000000000000005,2.8000000000000003,0.81,1,N,58415
3.1000000000000005,2.8000000000000003,0.81,2,N,58416
3.1000000000000005,2.8000000000000003,0.81,3,N,58417
3.1000000000000005,2.8000000000000003,0.81,4,N,58418
3.1000000000000005,2.8000000000000003,0.81,5,N,58419
3.1000000000000005,2.8000000000000003,0.91,1,N,58420
3.1000000000000005,2.8000000000000003,0.91,2,N,58421
3.1000000000000005,2.8000000000000003,0.91,3,N,58422
3.1000000000000005,2.8000000000000003,0.91,4,N,58423
3.1000000000000005,2.8000000000000003,0.91,5,N,58424
3.1000000000000005,2.8000000000000003,1.01,1,N,58425
3.1000000000000005,2.8000000000000003,1.01,2,N,58426
3.1000000000000005,2.8000000000000003,1.01,3,N,58427
3.1000000000000005,2.8000000000000003,1.01,4,N,58428
3.1000000000000005,2.8000000000000003,1.01,5,N,58429
3.1000000000000005,2.8000000000000003,1.11,1,N,58430
3.1000000000000005,2.8000000000000003,1.11,2,N,58431
3.1000000000000005,2.8000000000000003,1.11,3,N,58432
3.1000000000000005,2.8000000000000003,1.11,4,N,58433
3.1000000000000005,2.8000000000000003,1.11,5,N,58434
3.1000000000000005,2.8000000000000003,1.3,1,N,58435
3.1000000000000005,2.8000000000000003,1.3,2,N,58436
3.1000000000000005,2.8000000000000003,1.3,3,N,58437
3.1000000000000005,2.8000000000000003,1.3,4,N,58438
3.1000000000000005,2.8000000000000003,1.3,5,N,58439
3.1000000000000005,2.8000000000000003,1.6,1,N,58440
3.1000000000000005,2.8000000000000003,1.6,2,N,58441
3.1000000000000005,2.8000000000000003,1.6,3,N,58442
3.1000000000000005,2.8000000000000003,1.6,4,N,58443
3.1000000000000005,2.8000000000000003,1.6,5,N,58444
3.1000000000000005,2.8000000000000003,1.9,1,N,58445
3.1000000000000005,2.8000000000000003,1.9,2,N,58446
3.1000000000000005,2.8000000000000003,1.9,3,N,58447
3.1000000000000005,2.8000000000000003,1.9,4,N,58448
3.1000000000000005,2.8000000000000003,1.9,5,N,58449
3.1000000000000005,2.8000000000000003,2.2,1,N,58450
3.1000000000000005,2.8000000000000003,2.2,2,N,58451
3.1000000000000005,2.8000000000000003,2.2,3,N,58452
3.1000000000000005,2.8000000000000003,2.2,4,N,58453
3.1000000000000005,2.8000000000000003,2.2,5,N,58454
3.1000000000000005,2.8000000000000003,2.5,1,N,58455
3.1000000000000005,2.8000000000000003,2.5,2,N,58456
3.1000000000000005,2.8000000000000003,2.5,3,N,58457
3.1000000000000005,2.8000000000000003,2.5,4,N,58458
3.1000000000000005,2.8000000000000003,2.5,5,N,58459
3.1000000000000005,2.8000000000000003,2.8000000000000003,1,N,58460
3.1000000000000005,2.8000000000000003,2.8000000000000003,2,N,58461
3.1000000000000005,2.8000000000000003,2.8000000000000003,3,N,58462
3.1000000000000005,2.8000000000000003,2.8000000000000003,4,N,58463
3.1000000000000005,2.8000000000000003,2.8000000000000003,5,N,58464
3.1000000000000005,2.8000000000000003,3.1000000000000005,1,N,58465
3.1000000000000005,2.8000000000000003,3.1000000000000005,2,N,58466
3.1000000000000005,2.8000000000000003,3.1000000000000005,3,N,58467
3.1000000000000005,2.8000000000000003,3.1000000000000005,4,N,58468
3.1000000000000005,2.8000000000000003,3.1000000000000005,5,N,58469
3.1000000000000005,2.8000000000000003,3.4000000000000004,1,N,58470
3.1000000000000005,2.8000000000000003,3.4000000000000004,2,N,58471
3.1000000000000005,2.8000000000000003,3.4000000000000004,3,N,58472
3.1000000000000005,2.8000000000000003,3.4000000000000004,4,N,58473
3.1000000000000005,2.8000000000000003,3.4000000000000004,5,N,58474
3.1000000000000005,2.8000000000000003,3.7,1,N,58475
3.1000000000000005,2.8000000000000003,3.7,2,N,58476
3.1000000000000005,2.8000000000000003,3.7,3,N,58477
3.1000000000000005,2.8000000000000003,3.7,4,N,58478
3.1000000000000005,2.8000000000000003,3.7,5,N,58479
3.1000000000000005,2.8000000000000003,4.0,1,N,58480
3.1000000000000005,2.8000000000000003,4.0,2,N,58481
3.1000000000000005,2.8000000000000003,4.0,3,N,58482
3.1000000000000005,2.8000000000000003,4.0,4,N,58483
3.1000000000000005,2.8000000000000003,4.0,5,N,58484
3.1000000000000005,2.8000000000000003,4.300000000000002,1,N,58485
3.1000000000000005,2.8000000000000003,4.300000000000002,2,N,58486
3.1000000000000005,2.8000000000000003,4.300000000000002,3,N,58487
3.1000000000000005,2.8000000000000003,4.300000000000002,4,N,58488
3.1000000000000005,2.8000000000000003,4.300000000000002,5,N,58489
3.1000000000000005,2.8000000000000003,4.6000000000000005,1,N,58490
3.1000000000000005,2.8000000000000003,4.6000000000000005,2,N,58491
3.1000000000000005,2.8000000000000003,4.6000000000000005,3,N,58492
3.1000000000000005,2.8000000000000003,4.6000000000000005,4,N,58493
3.1000000000000005,2.8000000000000003,4.6000000000000005,5,N,58494
3.1000000000000005,2.8000000000000003,4.9,1,N,58495
3.1000000000000005,2.8000000000000003,4.9,2,N,58496
3.1000000000000005,2.8000000000000003,4.9,3,N,58497
3.1000000000000005,2.8000000000000003,4.9,4,N,58498
3.1000000000000005,2.8000000000000003,4.9,5,N,58499
3.1000000000000005,3.1000000000000005,0.01,1,N,58500
3.1000000000000005,3.1000000000000005,0.01,2,N,58501
3.1000000000000005,3.1000000000000005,0.01,3,N,58502
3.1000000000000005,3.1000000000000005,0.01,4,N,58503
3.1000000000000005,3.1000000000000005,0.01,5,N,58504
3.1000000000000005,3.1000000000000005,0.11,1,N,58505
3.1000000000000005,3.1000000000000005,0.11,2,N,58506
3.1000000000000005,3.1000000000000005,0.11,3,N,58507
3.1000000000000005,3.1000000000000005,0.11,4,N,58508
3.1000000000000005,3.1000000000000005,0.11,5,N,58509
3.1000000000000005,3.1000000000000005,0.21,1,N,58510
3.1000000000000005,3.1000000000000005,0.21,2,N,58511
3.1000000000000005,3.1000000000000005,0.21,3,N,58512
3.1000000000000005,3.1000000000000005,0.21,4,N,58513
3.1000000000000005,3.1000000000000005,0.21,5,N,58514
3.1000000000000005,3.1000000000000005,0.31000000000000005,1,N,58515
3.1000000000000005,3.1000000000000005,0.31000000000000005,2,N,58516
3.1000000000000005,3.1000000000000005,0.31000000000000005,3,N,58517
3.1000000000000005,3.1000000000000005,0.31000000000000005,4,N,58518
3.1000000000000005,3.1000000000000005,0.31000000000000005,5,N,58519
3.1000000000000005,3.1000000000000005,0.41,1,N,58520
3.1000000000000005,3.1000000000000005,0.41,2,N,58521
3.1000000000000005,3.1000000000000005,0.41,3,N,58522
3.1000000000000005,3.1000000000000005,0.41,4,N,58523
3.1000000000000005,3.1000000000000005,0.41,5,N,58524
3.1000000000000005,3.1000000000000005,0.51,1,N,58525
3.1000000000000005,3.1000000000000005,0.51,2,N,58526
3.1000000000000005,3.1000000000000005,0.51,3,N,58527
3.1000000000000005,3.1000000000000005,0.51,4,N,58528
3.1000000000000005,3.1000000000000005,0.51,5,N,58529
3.1000000000000005,3.1000000000000005,0.6100000000000001,1,N,58530
3.1000000000000005,3.1000000000000005,0.6100000000000001,2,N,58531
3.1000000000000005,3.1000000000000005,0.6100000000000001,3,N,58532
3.1000000000000005,3.1000000000000005,0.6100000000000001,4,N,58533
3.1000000000000005,3.1000000000000005,0.6100000000000001,5,N,58534
3.1000000000000005,3.1000000000000005,0.7100000000000001,1,N,58535
3.1000000000000005,3.1000000000000005,0.7100000000000001,2,N,58536
3.1000000000000005,3.1000000000000005,0.7100000000000001,3,N,58537
3.1000000000000005,3.1000000000000005,0.7100000000000001,4,N,58538
3.1000000000000005,3.1000000000000005,0.7100000000000001,5,N,58539
3.1000000000000005,3.1000000000000005,0.81,1,N,58540
3.1000000000000005,3.1000000000000005,0.81,2,N,58541
3.1000000000000005,3.1000000000000005,0.81,3,N,58542
3.1000000000000005,3.1000000000000005,0.81,4,N,58543
3.1000000000000005,3.1000000000000005,0.81,5,N,58544
3.1000000000000005,3.1000000000000005,0.91,1,N,58545
3.1000000000000005,3.1000000000000005,0.91,2,N,58546
3.1000000000000005,3.1000000000000005,0.91,3,N,58547
3.1000000000000005,3.1000000000000005,0.91,4,N,58548
3.1000000000000005,3.1000000000000005,0.91,5,N,58549
3.1000000000000005,3.1000000000000005,1.01,1,N,58550
3.1000000000000005,3.1000000000000005,1.01,2,N,58551
3.1000000000000005,3.1000000000000005,1.01,3,N,58552
3.1000000000000005,3.1000000000000005,1.01,4,N,58553
3.1000000000000005,3.1000000000000005,1.01,5,N,58554
3.1000000000000005,3.1000000000000005,1.11,1,N,58555
3.1000000000000005,3.1000000000000005,1.11,2,N,58556
3.1000000000000005,3.1000000000000005,1.11,3,N,58557
3.1000000000000005,3.1000000000000005,1.11,4,N,58558
3.1000000000000005,3.1000000000000005,1.11,5,N,58559
3.1000000000000005,3.1000000000000005,1.3,1,N,58560
3.1000000000000005,3.1000000000000005,1.3,2,N,58561
3.1000000000000005,3.1000000000000005,1.3,3,N,58562
3.1000000000000005,3.1000000000000005,1.3,4,N,58563
3.1000000000000005,3.1000000000000005,1.3,5,N,58564
3.1000000000000005,3.1000000000000005,1.6,1,N,58565
3.1000000000000005,3.1000000000000005,1.6,2,N,58566
3.1000000000000005,3.1000000000000005,1.6,3,N,58567
3.1000000000000005,3.1000000000000005,1.6,4,N,58568
3.1000000000000005,3.1000000000000005,1.6,5,N,58569
3.1000000000000005,3.1000000000000005,1.9,1,N,58570
3.1000000000000005,3.1000000000000005,1.9,2,N,58571
3.1000000000000005,3.1000000000000005,1.9,3,N,58572
3.1000000000000005,3.1000000000000005,1.9,4,N,58573
3.1000000000000005,3.1000000000000005,1.9,5,N,58574
3.1000000000000005,3.1000000000000005,2.2,1,N,58575
3.1000000000000005,3.1000000000000005,2.2,2,N,58576
3.1000000000000005,3.1000000000000005,2.2,3,N,58577
3.1000000000000005,3.1000000000000005,2.2,4,N,58578
3.1000000000000005,3.1000000000000005,2.2,5,N,58579
3.1000000000000005,3.1000000000000005,2.5,1,N,58580
3.1000000000000005,3.1000000000000005,2.5,2,N,58581
3.1000000000000005,3.1000000000000005,2.5,3,N,58582
3.1000000000000005,3.1000000000000005,2.5,4,N,58583
3.1000000000000005,3.1000000000000005,2.5,5,N,58584
3.1000000000000005,3.1000000000000005,2.8000000000000003,1,N,58585
3.1000000000000005,3.1000000000000005,2.8000000000000003,2,N,58586
3.1000000000000005,3.1000000000000005,2.8000000000000003,3,N,58587
3.1000000000000005,3.1000000000000005,2.8000000000000003,4,N,58588
3.1000000000000005,3.1000000000000005,2.8000000000000003,5,N,58589
3.1000000000000005,3.1000000000000005,3.1000000000000005,1,N,58590
3.1000000000000005,3.1000000000000005,3.1000000000000005,2,N,58591
3.1000000000000005,3.1000000000000005,3.1000000000000005,3,N,58592
3.1000000000000005,3.1000000000000005,3.1000000000000005,4,N,58593
3.1000000000000005,3.1000000000000005,3.1000000000000005,5,N,58594
3.1000000000000005,3.1000000000000005,3.4000000000000004,1,N,58595
3.1000000000000005,3.1000000000000005,3.4000000000000004,2,N,58596
3.1000000000000005,3.1000000000000005,3.4000000000000004,3,N,58597
3.1000000000000005,3.1000000000000005,3.4000000000000004,4,N,58598
3.1000000000000005,3.1000000000000005,3.4000000000000004,5,N,58599
3.1000000000000005,3.1000000000000005,3.7,1,N,58600
3.1000000000000005,3.1000000000000005,3.7,2,N,58601
3.1000000000000005,3.1000000000000005,3.7,3,N,58602
3.1000000000000005,3.1000000000000005,3.7,4,N,58603
3.1000000000000005,3.1000000000000005,3.7,5,N,58604
3.1000000000000005,3.1000000000000005,4.0,1,N,58605
3.1000000000000005,3.1000000000000005,4.0,2,N,58606
3.1000000000000005,3.1000000000000005,4.0,3,N,58607
3.1000000000000005,3.1000000000000005,4.0,4,N,58608
3.1000000000000005,3.1000000000000005,4.0,5,N,58609
3.1000000000000005,3.1000000000000005,4.300000000000002,1,N,58610
3.1000000000000005,3.1000000000000005,4.300000000000002,2,N,58611
3.1000000000000005,3.1000000000000005,4.300000000000002,3,N,58612
3.1000000000000005,3.1000000000000005,4.300000000000002,4,N,58613
3.1000000000000005,3.1000000000000005,4.300000000000002,5,N,58614
3.1000000000000005,3.1000000000000005,4.6000000000000005,1,N,58615
3.1000000000000005,3.1000000000000005,4.6000000000000005,2,N,58616
3.1000000000000005,3.1000000000000005,4.6000000000000005,3,N,58617
3.1000000000000005,3.1000000000000005,4.6000000000000005,4,N,58618
3.1000000000000005,3.1000000000000005,4.6000000000000005,5,N,58619
3.1000000000000005,3.1000000000000005,4.9,1,N,58620
3.1000000000000005,3.1000000000000005,4.9,2,N,58621
3.1000000000000005,3.1000000000000005,4.9,3,N,58622
3.1000000000000005,3.1000000000000005,4.9,4,N,58623
3.1000000000000005,3.1000000000000005,4.9,5,N,58624
3.1000000000000005,3.4000000000000004,0.01,1,N,58625
3.1000000000000005,3.4000000000000004,0.01,2,N,58626
3.1000000000000005,3.4000000000000004,0.01,3,N,58627
3.1000000000000005,3.4000000000000004,0.01,4,N,58628
3.1000000000000005,3.4000000000000004,0.01,5,N,58629
3.1000000000000005,3.4000000000000004,0.11,1,N,58630
3.1000000000000005,3.4000000000000004,0.11,2,N,58631
3.1000000000000005,3.4000000000000004,0.11,3,N,58632
3.1000000000000005,3.4000000000000004,0.11,4,N,58633
3.1000000000000005,3.4000000000000004,0.11,5,N,58634
3.1000000000000005,3.4000000000000004,0.21,1,N,58635
3.1000000000000005,3.4000000000000004,0.21,2,N,58636
3.1000000000000005,3.4000000000000004,0.21,3,N,58637
3.1000000000000005,3.4000000000000004,0.21,4,N,58638
3.1000000000000005,3.4000000000000004,0.21,5,N,58639
3.1000000000000005,3.4000000000000004,0.31000000000000005,1,N,58640
3.1000000000000005,3.4000000000000004,0.31000000000000005,2,N,58641
3.1000000000000005,3.4000000000000004,0.31000000000000005,3,N,58642
3.1000000000000005,3.4000000000000004,0.31000000000000005,4,N,58643
3.1000000000000005,3.4000000000000004,0.31000000000000005,5,N,58644
3.1000000000000005,3.4000000000000004,0.41,1,N,58645
3.1000000000000005,3.4000000000000004,0.41,2,N,58646
3.1000000000000005,3.4000000000000004,0.41,3,N,58647
3.1000000000000005,3.4000000000000004,0.41,4,N,58648
3.1000000000000005,3.4000000000000004,0.41,5,N,58649
3.1000000000000005,3.4000000000000004,0.51,1,N,58650
3.1000000000000005,3.4000000000000004,0.51,2,N,58651
3.1000000000000005,3.4000000000000004,0.51,3,N,58652
3.1000000000000005,3.4000000000000004,0.51,4,N,58653
3.1000000000000005,3.4000000000000004,0.51,5,N,58654
3.1000000000000005,3.4000000000000004,0.6100000000000001,1,N,58655
3.1000000000000005,3.4000000000000004,0.6100000000000001,2,N,58656
3.1000000000000005,3.4000000000000004,0.6100000000000001,3,N,58657
3.1000000000000005,3.4000000000000004,0.6100000000000001,4,N,58658
3.1000000000000005,3.4000000000000004,0.6100000000000001,5,N,58659
3.1000000000000005,3.4000000000000004,0.7100000000000001,1,N,58660
3.1000000000000005,3.4000000000000004,0.7100000000000001,2,N,58661
3.1000000000000005,3.4000000000000004,0.7100000000000001,3,N,58662
3.1000000000000005,3.4000000000000004,0.7100000000000001,4,N,58663
3.1000000000000005,3.4000000000000004,0.7100000000000001,5,N,58664
3.1000000000000005,3.4000000000000004,0.81,1,N,58665
3.1000000000000005,3.4000000000000004,0.81,2,N,58666
3.1000000000000005,3.4000000000000004,0.81,3,N,58667
3.1000000000000005,3.4000000000000004,0.81,4,N,58668
3.1000000000000005,3.4000000000000004,0.81,5,N,58669
3.1000000000000005,3.4000000000000004,0.91,1,N,58670
3.1000000000000005,3.4000000000000004,0.91,2,N,58671
3.1000000000000005,3.4000000000000004,0.91,3,N,58672
3.1000000000000005,3.4000000000000004,0.91,4,N,58673
3.1000000000000005,3.4000000000000004,0.91,5,N,58674
3.1000000000000005,3.4000000000000004,1.01,1,N,58675
3.1000000000000005,3.4000000000000004,1.01,2,N,58676
3.1000000000000005,3.4000000000000004,1.01,3,N,58677
3.1000000000000005,3.4000000000000004,1.01,4,N,58678
3.1000000000000005,3.4000000000000004,1.01,5,N,58679
3.1000000000000005,3.4000000000000004,1.11,1,N,58680
3.1000000000000005,3.4000000000000004,1.11,2,N,58681
3.1000000000000005,3.4000000000000004,1.11,3,N,58682
3.1000000000000005,3.4000000000000004,1.11,4,N,58683
3.1000000000000005,3.4000000000000004,1.11,5,N,58684
3.1000000000000005,3.4000000000000004,1.3,1,N,58685
3.1000000000000005,3.4000000000000004,1.3,2,N,58686
3.1000000000000005,3.4000000000000004,1.3,3,N,58687
3.1000000000000005,3.4000000000000004,1.3,4,N,58688
3.1000000000000005,3.4000000000000004,1.3,5,N,58689
3.1000000000000005,3.4000000000000004,1.6,1,N,58690
3.1000000000000005,3.4000000000000004,1.6,2,N,58691
3.1000000000000005,3.4000000000000004,1.6,3,N,58692
3.1000000000000005,3.4000000000000004,1.6,4,N,58693
3.1000000000000005,3.4000000000000004,1.6,5,N,58694
3.1000000000000005,3.4000000000000004,1.9,1,N,58695
3.1000000000000005,3.4000000000000004,1.9,2,N,58696
3.1000000000000005,3.4000000000000004,1.9,3,N,58697
3.1000000000000005,3.4000000000000004,1.9,4,N,58698
3.1000000000000005,3.4000000000000004,1.9,5,N,58699
3.1000000000000005,3.4000000000000004,2.2,1,N,58700
3.1000000000000005,3.4000000000000004,2.2,2,N,58701
3.1000000000000005,3.4000000000000004,2.2,3,N,58702
3.1000000000000005,3.4000000000000004,2.2,4,N,58703
3.1000000000000005,3.4000000000000004,2.2,5,N,58704
3.1000000000000005,3.4000000000000004,2.5,1,N,58705
3.1000000000000005,3.4000000000000004,2.5,2,N,58706
3.1000000000000005,3.4000000000000004,2.5,3,N,58707
3.1000000000000005,3.4000000000000004,2.5,4,N,58708
3.1000000000000005,3.4000000000000004,2.5,5,N,58709
3.1000000000000005,3.4000000000000004,2.8000000000000003,1,N,58710
3.1000000000000005,3.4000000000000004,2.8000000000000003,2,N,58711
3.1000000000000005,3.4000000000000004,2.8000000000000003,3,N,58712
3.1000000000000005,3.4000000000000004,2.8000000000000003,4,N,58713
3.1000000000000005,3.4000000000000004,2.8000000000000003,5,N,58714
3.1000000000000005,3.4000000000000004,3.1000000000000005,1,N,58715
3.1000000000000005,3.4000000000000004,3.1000000000000005,2,N,58716
3.1000000000000005,3.4000000000000004,3.1000000000000005,3,N,58717
3.1000000000000005,3.4000000000000004,3.1000000000000005,4,N,58718
3.1000000000000005,3.4000000000000004,3.1000000000000005,5,N,58719
3.1000000000000005,3.4000000000000004,3.4000000000000004,1,N,58720
3.1000000000000005,3.4000000000000004,3.4000000000000004,2,N,58721
3.1000000000000005,3.4000000000000004,3.4000000000000004,3,N,58722
3.1000000000000005,3.4000000000000004,3.4000000000000004,4,N,58723
3.1000000000000005,3.4000000000000004,3.4000000000000004,5,N,58724
3.1000000000000005,3.4000000000000004,3.7,1,N,58725
3.1000000000000005,3.4000000000000004,3.7,2,N,58726
3.1000000000000005,3.4000000000000004,3.7,3,N,58727
3.1000000000000005,3.4000000000000004,3.7,4,N,58728
3.1000000000000005,3.4000000000000004,3.7,5,N,58729
3.1000000000000005,3.4000000000000004,4.0,1,N,58730
3.1000000000000005,3.4000000000000004,4.0,2,N,58731
3.1000000000000005,3.4000000000000004,4.0,3,N,58732
3.1000000000000005,3.4000000000000004,4.0,4,N,58733
3.1000000000000005,3.4000000000000004,4.0,5,N,58734
3.1000000000000005,3.4000000000000004,4.300000000000002,1,N,58735
3.1000000000000005,3.4000000000000004,4.300000000000002,2,N,58736
3.1000000000000005,3.4000000000000004,4.300000000000002,3,N,58737
3.1000000000000005,3.4000000000000004,4.300000000000002,4,N,58738
3.1000000000000005,3.4000000000000004,4.300000000000002,5,N,58739
3.1000000000000005,3.4000000000000004,4.6000000000000005,1,N,58740
3.1000000000000005,3.4000000000000004,4.6000000000000005,2,N,58741
3.1000000000000005,3.4000000000000004,4.6000000000000005,3,N,58742
3.1000000000000005,3.4000000000000004,4.6000000000000005,4,N,58743
3.1000000000000005,3.4000000000000004,4.6000000000000005,5,N,58744
3.1000000000000005,3.4000000000000004,4.9,1,N,58745
3.1000000000000005,3.4000000000000004,4.9,2,N,58746
3.1000000000000005,3.4000000000000004,4.9,3,N,58747
3.1000000000000005,3.4000000000000004,4.9,4,N,58748
3.1000000000000005,3.4000000000000004,4.9,5,N,58749
3.1000000000000005,3.7,0.01,1,N,58750
3.1000000000000005,3.7,0.01,2,N,58751
3.1000000000000005,3.7,0.01,3,N,58752
3.1000000000000005,3.7,0.01,4,N,58753
3.1000000000000005,3.7,0.01,5,N,58754
3.1000000000000005,3.7,0.11,1,N,58755
3.1000000000000005,3.7,0.11,2,N,58756
3.1000000000000005,3.7,0.11,3,N,58757
3.1000000000000005,3.7,0.11,4,N,58758
3.1000000000000005,3.7,0.11,5,N,58759
3.1000000000000005,3.7,0.21,1,N,58760
3.1000000000000005,3.7,0.21,2,N,58761
3.1000000000000005,3.7,0.21,3,N,58762
3.1000000000000005,3.7,0.21,4,N,58763
3.1000000000000005,3.7,0.21,5,N,58764
3.1000000000000005,3.7,0.31000000000000005,1,N,58765
3.1000000000000005,3.7,0.31000000000000005,2,N,58766
3.1000000000000005,3.7,0.31000000000000005,3,N,58767
3.1000000000000005,3.7,0.31000000000000005,4,N,58768
3.1000000000000005,3.7,0.31000000000000005,5,N,58769
3.1000000000000005,3.7,0.41,1,N,58770
3.1000000000000005,3.7,0.41,2,N,58771
3.1000000000000005,3.7,0.41,3,N,58772
3.1000000000000005,3.7,0.41,4,N,58773
3.1000000000000005,3.7,0.41,5,N,58774
3.1000000000000005,3.7,0.51,1,N,58775
3.1000000000000005,3.7,0.51,2,N,58776
3.1000000000000005,3.7,0.51,3,N,58777
3.1000000000000005,3.7,0.51,4,N,58778
3.1000000000000005,3.7,0.51,5,N,58779
3.1000000000000005,3.7,0.6100000000000001,1,N,58780
3.1000000000000005,3.7,0.6100000000000001,2,N,58781
3.1000000000000005,3.7,0.6100000000000001,3,N,58782
3.1000000000000005,3.7,0.6100000000000001,4,N,58783
3.1000000000000005,3.7,0.6100000000000001,5,N,58784
3.1000000000000005,3.7,0.7100000000000001,1,N,58785
3.1000000000000005,3.7,0.7100000000000001,2,N,58786
3.1000000000000005,3.7,0.7100000000000001,3,N,58787
3.1000000000000005,3.7,0.7100000000000001,4,N,58788
3.1000000000000005,3.7,0.7100000000000001,5,N,58789
3.1000000000000005,3.7,0.81,1,N,58790
3.1000000000000005,3.7,0.81,2,N,58791
3.1000000000000005,3.7,0.81,3,N,58792
3.1000000000000005,3.7,0.81,4,N,58793
3.1000000000000005,3.7,0.81,5,N,58794
3.1000000000000005,3.7,0.91,1,N,58795
3.1000000000000005,3.7,0.91,2,N,58796
3.1000000000000005,3.7,0.91,3,N,58797
3.1000000000000005,3.7,0.91,4,N,58798
3.1000000000000005,3.7,0.91,5,N,58799
3.1000000000000005,3.7,1.01,1,N,58800
3.1000000000000005,3.7,1.01,2,N,58801
3.1000000000000005,3.7,1.01,3,N,58802
3.1000000000000005,3.7,1.01,4,N,58803
3.1000000000000005,3.7,1.01,5,N,58804
3.1000000000000005,3.7,1.11,1,N,58805
3.1000000000000005,3.7,1.11,2,N,58806
3.1000000000000005,3.7,1.11,3,N,58807
3.1000000000000005,3.7,1.11,4,N,58808
3.1000000000000005,3.7,1.11,5,N,58809
3.1000000000000005,3.7,1.3,1,N,58810
3.1000000000000005,3.7,1.3,2,N,58811
3.1000000000000005,3.7,1.3,3,N,58812
3.1000000000000005,3.7,1.3,4,N,58813
3.1000000000000005,3.7,1.3,5,N,58814
3.1000000000000005,3.7,1.6,1,N,58815
3.1000000000000005,3.7,1.6,2,N,58816
3.1000000000000005,3.7,1.6,3,N,58817
3.1000000000000005,3.7,1.6,4,N,58818
3.1000000000000005,3.7,1.6,5,N,58819
3.1000000000000005,3.7,1.9,1,N,58820
3.1000000000000005,3.7,1.9,2,N,58821
3.1000000000000005,3.7,1.9,3,N,58822
3.1000000000000005,3.7,1.9,4,N,58823
3.1000000000000005,3.7,1.9,5,N,58824
3.1000000000000005,3.7,2.2,1,N,58825
3.1000000000000005,3.7,2.2,2,N,58826
3.1000000000000005,3.7,2.2,3,N,58827
3.1000000000000005,3.7,2.2,4,N,58828
3.1000000000000005,3.7,2.2,5,N,58829
3.1000000000000005,3.7,2.5,1,N,58830
3.1000000000000005,3.7,2.5,2,N,58831
3.1000000000000005,3.7,2.5,3,N,58832
3.1000000000000005,3.7,2.5,4,N,58833
3.1000000000000005,3.7,2.5,5,N,58834
3.1000000000000005,3.7,2.8000000000000003,1,N,58835
3.1000000000000005,3.7,2.8000000000000003,2,N,58836
3.1000000000000005,3.7,2.8000000000000003,3,N,58837
3.1000000000000005,3.7,2.8000000000000003,4,N,58838
3.1000000000000005,3.7,2.8000000000000003,5,N,58839
3.1000000000000005,3.7,3.1000000000000005,1,N,58840
3.1000000000000005,3.7,3.1000000000000005,2,N,58841
3.1000000000000005,3.7,3.1000000000000005,3,N,58842
3.1000000000000005,3.7,3.1000000000000005,4,N,58843
3.1000000000000005,3.7,3.1000000000000005,5,N,58844
3.1000000000000005,3.7,3.4000000000000004,1,N,58845
3.1000000000000005,3.7,3.4000000000000004,2,N,58846
3.1000000000000005,3.7,3.4000000000000004,3,N,58847
3.1000000000000005,3.7,3.4000000000000004,4,N,58848
3.1000000000000005,3.7,3.4000000000000004,5,N,58849
3.1000000000000005,3.7,3.7,1,N,58850
3.1000000000000005,3.7,3.7,2,N,58851
3.1000000000000005,3.7,3.7,3,N,58852
3.1000000000000005,3.7,3.7,4,N,58853
3.1000000000000005,3.7,3.7,5,N,58854
3.1000000000000005,3.7,4.0,1,N,58855
3.1000000000000005,3.7,4.0,2,N,58856
3.1000000000000005,3.7,4.0,3,N,58857
3.1000000000000005,3.7,4.0,4,N,58858
3.1000000000000005,3.7,4.0,5,N,58859
3.1000000000000005,3.7,4.300000000000002,1,N,58860
3.1000000000000005,3.7,4.300000000000002,2,N,58861
3.1000000000000005,3.7,4.300000000000002,3,N,58862
3.1000000000000005,3.7,4.300000000000002,4,N,58863
3.1000000000000005,3.7,4.300000000000002,5,N,58864
3.1000000000000005,3.7,4.6000000000000005,1,N,58865
3.1000000000000005,3.7,4.6000000000000005,2,N,58866
3.1000000000000005,3.7,4.6000000000000005,3,N,58867
3.1000000000000005,3.7,4.6000000000000005,4,N,58868
3.1000000000000005,3.7,4.6000000000000005,5,N,58869
3.1000000000000005,3.7,4.9,1,N,58870
3.1000000000000005,3.7,4.9,2,N,58871
3.1000000000000005,3.7,4.9,3,N,58872
3.1000000000000005,3.7,4.9,4,N,58873
3.1000000000000005,3.7,4.9,5,N,58874
3.1000000000000005,4.0,0.01,1,N,58875
3.1000000000000005,4.0,0.01,2,N,58876
3.1000000000000005,4.0,0.01,3,N,58877
3.1000000000000005,4.0,0.01,4,N,58878
3.1000000000000005,4.0,0.01,5,N,58879
3.1000000000000005,4.0,0.11,1,N,58880
3.1000000000000005,4.0,0.11,2,N,58881
3.1000000000000005,4.0,0.11,3,N,58882
3.1000000000000005,4.0,0.11,4,N,58883
3.1000000000000005,4.0,0.11,5,N,58884
3.1000000000000005,4.0,0.21,1,N,58885
3.1000000000000005,4.0,0.21,2,N,58886
3.1000000000000005,4.0,0.21,3,N,58887
3.1000000000000005,4.0,0.21,4,N,58888
3.1000000000000005,4.0,0.21,5,N,58889
3.1000000000000005,4.0,0.31000000000000005,1,N,58890
3.1000000000000005,4.0,0.31000000000000005,2,N,58891
3.1000000000000005,4.0,0.31000000000000005,3,N,58892
3.1000000000000005,4.0,0.31000000000000005,4,N,58893
3.1000000000000005,4.0,0.31000000000000005,5,N,58894
3.1000000000000005,4.0,0.41,1,N,58895
3.1000000000000005,4.0,0.41,2,N,58896
3.1000000000000005,4.0,0.41,3,N,58897
3.1000000000000005,4.0,0.41,4,N,58898
3.1000000000000005,4.0,0.41,5,N,58899
3.1000000000000005,4.0,0.51,1,N,58900
3.1000000000000005,4.0,0.51,2,N,58901
3.1000000000000005,4.0,0.51,3,N,58902
3.1000000000000005,4.0,0.51,4,N,58903
3.1000000000000005,4.0,0.51,5,N,58904
3.1000000000000005,4.0,0.6100000000000001,1,N,58905
3.1000000000000005,4.0,0.6100000000000001,2,N,58906
3.1000000000000005,4.0,0.6100000000000001,3,N,58907
3.1000000000000005,4.0,0.6100000000000001,4,N,58908
3.1000000000000005,4.0,0.6100000000000001,5,N,58909
3.1000000000000005,4.0,0.7100000000000001,1,N,58910
3.1000000000000005,4.0,0.7100000000000001,2,N,58911
3.1000000000000005,4.0,0.7100000000000001,3,N,58912
3.1000000000000005,4.0,0.7100000000000001,4,N,58913
3.1000000000000005,4.0,0.7100000000000001,5,N,58914
3.1000000000000005,4.0,0.81,1,N,58915
3.1000000000000005,4.0,0.81,2,N,58916
3.1000000000000005,4.0,0.81,3,N,58917
3.1000000000000005,4.0,0.81,4,N,58918
3.1000000000000005,4.0,0.81,5,N,58919
3.1000000000000005,4.0,0.91,1,N,58920
3.1000000000000005,4.0,0.91,2,N,58921
3.1000000000000005,4.0,0.91,3,N,58922
3.1000000000000005,4.0,0.91,4,N,58923
3.1000000000000005,4.0,0.91,5,N,58924
3.1000000000000005,4.0,1.01,1,N,58925
3.1000000000000005,4.0,1.01,2,N,58926
3.1000000000000005,4.0,1.01,3,N,58927
3.1000000000000005,4.0,1.01,4,N,58928
3.1000000000000005,4.0,1.01,5,N,58929
3.1000000000000005,4.0,1.11,1,N,58930
3.1000000000000005,4.0,1.11,2,N,58931
3.1000000000000005,4.0,1.11,3,N,58932
3.1000000000000005,4.0,1.11,4,N,58933
3.1000000000000005,4.0,1.11,5,N,58934
3.1000000000000005,4.0,1.3,1,N,58935
3.1000000000000005,4.0,1.3,2,N,58936
3.1000000000000005,4.0,1.3,3,N,58937
3.1000000000000005,4.0,1.3,4,N,58938
3.1000000000000005,4.0,1.3,5,N,58939
3.1000000000000005,4.0,1.6,1,N,58940
3.1000000000000005,4.0,1.6,2,N,58941
3.1000000000000005,4.0,1.6,3,N,58942
3.1000000000000005,4.0,1.6,4,N,58943
3.1000000000000005,4.0,1.6,5,N,58944
3.1000000000000005,4.0,1.9,1,N,58945
3.1000000000000005,4.0,1.9,2,N,58946
3.1000000000000005,4.0,1.9,3,N,58947
3.1000000000000005,4.0,1.9,4,N,58948
3.1000000000000005,4.0,1.9,5,N,58949
3.1000000000000005,4.0,2.2,1,N,58950
3.1000000000000005,4.0,2.2,2,N,58951
3.1000000000000005,4.0,2.2,3,N,58952
3.1000000000000005,4.0,2.2,4,N,58953
3.1000000000000005,4.0,2.2,5,N,58954
3.1000000000000005,4.0,2.5,1,N,58955
3.1000000000000005,4.0,2.5,2,N,58956
3.1000000000000005,4.0,2.5,3,N,58957
3.1000000000000005,4.0,2.5,4,N,58958
3.1000000000000005,4.0,2.5,5,N,58959
3.1000000000000005,4.0,2.8000000000000003,1,N,58960
3.1000000000000005,4.0,2.8000000000000003,2,N,58961
3.1000000000000005,4.0,2.8000000000000003,3,N,58962
3.1000000000000005,4.0,2.8000000000000003,4,N,58963
3.1000000000000005,4.0,2.8000000000000003,5,N,58964
3.1000000000000005,4.0,3.1000000000000005,1,N,58965
3.1000000000000005,4.0,3.1000000000000005,2,N,58966
3.1000000000000005,4.0,3.1000000000000005,3,N,58967
3.1000000000000005,4.0,3.1000000000000005,4,N,58968
3.1000000000000005,4.0,3.1000000000000005,5,N,58969
3.1000000000000005,4.0,3.4000000000000004,1,N,58970
3.1000000000000005,4.0,3.4000000000000004,2,N,58971
3.1000000000000005,4.0,3.4000000000000004,3,N,58972
3.1000000000000005,4.0,3.4000000000000004,4,N,58973
3.1000000000000005,4.0,3.4000000000000004,5,N,58974
3.1000000000000005,4.0,3.7,1,N,58975
3.1000000000000005,4.0,3.7,2,N,58976
3.1000000000000005,4.0,3.7,3,N,58977
3.1000000000000005,4.0,3.7,4,N,58978
3.1000000000000005,4.0,3.7,5,N,58979
3.1000000000000005,4.0,4.0,1,N,58980
3.1000000000000005,4.0,4.0,2,N,58981
3.1000000000000005,4.0,4.0,3,N,58982
3.1000000000000005,4.0,4.0,4,N,58983
3.1000000000000005,4.0,4.0,5,N,58984
3.1000000000000005,4.0,4.300000000000002,1,N,58985
3.1000000000000005,4.0,4.300000000000002,2,N,58986
3.1000000000000005,4.0,4.300000000000002,3,N,58987
3.1000000000000005,4.0,4.300000000000002,4,N,58988
3.1000000000000005,4.0,4.300000000000002,5,N,58989
3.1000000000000005,4.0,4.6000000000000005,1,N,58990
3.1000000000000005,4.0,4.6000000000000005,2,N,58991
3.1000000000000005,4.0,4.6000000000000005,3,N,58992
3.1000000000000005,4.0,4.6000000000000005,4,N,58993
3.1000000000000005,4.0,4.6000000000000005,5,N,58994
3.1000000000000005,4.0,4.9,1,N,58995
3.1000000000000005,4.0,4.9,2,N,58996
3.1000000000000005,4.0,4.9,3,N,58997
3.1000000000000005,4.0,4.9,4,N,58998
3.1000000000000005,4.0,4.9,5,N,58999
3.1000000000000005,4.300000000000002,0.01,1,N,59000
3.1000000000000005,4.300000000000002,0.01,2,N,59001
3.1000000000000005,4.300000000000002,0.01,3,N,59002
3.1000000000000005,4.300000000000002,0.01,4,N,59003
3.1000000000000005,4.300000000000002,0.01,5,N,59004
3.1000000000000005,4.300000000000002,0.11,1,N,59005
3.1000000000000005,4.300000000000002,0.11,2,N,59006
3.1000000000000005,4.300000000000002,0.11,3,N,59007
3.1000000000000005,4.300000000000002,0.11,4,N,59008
3.1000000000000005,4.300000000000002,0.11,5,N,59009
3.1000000000000005,4.300000000000002,0.21,1,N,59010
3.1000000000000005,4.300000000000002,0.21,2,N,59011
3.1000000000000005,4.300000000000002,0.21,3,N,59012
3.1000000000000005,4.300000000000002,0.21,4,N,59013
3.1000000000000005,4.300000000000002,0.21,5,N,59014
3.1000000000000005,4.300000000000002,0.31000000000000005,1,N,59015
3.1000000000000005,4.300000000000002,0.31000000000000005,2,N,59016
3.1000000000000005,4.300000000000002,0.31000000000000005,3,N,59017
3.1000000000000005,4.300000000000002,0.31000000000000005,4,N,59018
3.1000000000000005,4.300000000000002,0.31000000000000005,5,N,59019
3.1000000000000005,4.300000000000002,0.41,1,N,59020
3.1000000000000005,4.300000000000002,0.41,2,N,59021
3.1000000000000005,4.300000000000002,0.41,3,N,59022
3.1000000000000005,4.300000000000002,0.41,4,N,59023
3.1000000000000005,4.300000000000002,0.41,5,N,59024
3.1000000000000005,4.300000000000002,0.51,1,N,59025
3.1000000000000005,4.300000000000002,0.51,2,N,59026
3.1000000000000005,4.300000000000002,0.51,3,N,59027
3.1000000000000005,4.300000000000002,0.51,4,N,59028
3.1000000000000005,4.300000000000002,0.51,5,N,59029
3.1000000000000005,4.300000000000002,0.6100000000000001,1,N,59030
3.1000000000000005,4.300000000000002,0.6100000000000001,2,N,59031
3.1000000000000005,4.300000000000002,0.6100000000000001,3,N,59032
3.1000000000000005,4.300000000000002,0.6100000000000001,4,N,59033
3.1000000000000005,4.300000000000002,0.6100000000000001,5,N,59034
3.1000000000000005,4.300000000000002,0.7100000000000001,1,N,59035
3.1000000000000005,4.300000000000002,0.7100000000000001,2,N,59036
3.1000000000000005,4.300000000000002,0.7100000000000001,3,N,59037
3.1000000000000005,4.300000000000002,0.7100000000000001,4,N,59038
3.1000000000000005,4.300000000000002,0.7100000000000001,5,N,59039
3.1000000000000005,4.300000000000002,0.81,1,N,59040
3.1000000000000005,4.300000000000002,0.81,2,N,59041
3.1000000000000005,4.300000000000002,0.81,3,N,59042
3.1000000000000005,4.300000000000002,0.81,4,N,59043
3.1000000000000005,4.300000000000002,0.81,5,N,59044
3.1000000000000005,4.300000000000002,0.91,1,N,59045
3.1000000000000005,4.300000000000002,0.91,2,N,59046
3.1000000000000005,4.300000000000002,0.91,3,N,59047
3.1000000000000005,4.300000000000002,0.91,4,N,59048
3.1000000000000005,4.300000000000002,0.91,5,N,59049
3.1000000000000005,4.300000000000002,1.01,1,N,59050
3.1000000000000005,4.300000000000002,1.01,2,N,59051
3.1000000000000005,4.300000000000002,1.01,3,N,59052
3.1000000000000005,4.300000000000002,1.01,4,N,59053
3.1000000000000005,4.300000000000002,1.01,5,N,59054
3.1000000000000005,4.300000000000002,1.11,1,N,59055
3.1000000000000005,4.300000000000002,1.11,2,N,59056
3.1000000000000005,4.300000000000002,1.11,3,N,59057
3.1000000000000005,4.300000000000002,1.11,4,N,59058
3.1000000000000005,4.300000000000002,1.11,5,N,59059
3.1000000000000005,4.300000000000002,1.3,1,N,59060
3.1000000000000005,4.300000000000002,1.3,2,N,59061
3.1000000000000005,4.300000000000002,1.3,3,N,59062
3.1000000000000005,4.300000000000002,1.3,4,N,59063
3.1000000000000005,4.300000000000002,1.3,5,N,59064
3.1000000000000005,4.300000000000002,1.6,1,N,59065
3.1000000000000005,4.300000000000002,1.6,2,N,59066
3.1000000000000005,4.300000000000002,1.6,3,N,59067
3.1000000000000005,4.300000000000002,1.6,4,N,59068
3.1000000000000005,4.300000000000002,1.6,5,N,59069
3.1000000000000005,4.300000000000002,1.9,1,N,59070
3.1000000000000005,4.300000000000002,1.9,2,N,59071
3.1000000000000005,4.300000000000002,1.9,3,N,59072
3.1000000000000005,4.300000000000002,1.9,4,N,59073
3.1000000000000005,4.300000000000002,1.9,5,N,59074
3.1000000000000005,4.300000000000002,2.2,1,N,59075
3.1000000000000005,4.300000000000002,2.2,2,N,59076
3.1000000000000005,4.300000000000002,2.2,3,N,59077
3.1000000000000005,4.300000000000002,2.2,4,N,59078
3.1000000000000005,4.300000000000002,2.2,5,N,59079
3.1000000000000005,4.300000000000002,2.5,1,N,59080
3.1000000000000005,4.300000000000002,2.5,2,N,59081
3.1000000000000005,4.300000000000002,2.5,3,N,59082
3.1000000000000005,4.300000000000002,2.5,4,N,59083
3.1000000000000005,4.300000000000002,2.5,5,N,59084
3.1000000000000005,4.300000000000002,2.8000000000000003,1,N,59085
3.1000000000000005,4.300000000000002,2.8000000000000003,2,N,59086
3.1000000000000005,4.300000000000002,2.8000000000000003,3,N,59087
3.1000000000000005,4.300000000000002,2.8000000000000003,4,N,59088
3.1000000000000005,4.300000000000002,2.8000000000000003,5,N,59089
3.1000000000000005,4.300000000000002,3.1000000000000005,1,N,59090
3.1000000000000005,4.300000000000002,3.1000000000000005,2,N,59091
3.1000000000000005,4.300000000000002,3.1000000000000005,3,N,59092
3.1000000000000005,4.300000000000002,3.1000000000000005,4,N,59093
3.1000000000000005,4.300000000000002,3.1000000000000005,5,N,59094
3.1000000000000005,4.300000000000002,3.4000000000000004,1,N,59095
3.1000000000000005,4.300000000000002,3.4000000000000004,2,N,59096
3.1000000000000005,4.300000000000002,3.4000000000000004,3,N,59097
3.1000000000000005,4.300000000000002,3.4000000000000004,4,N,59098
3.1000000000000005,4.300000000000002,3.4000000000000004,5,N,59099
3.1000000000000005,4.300000000000002,3.7,1,N,59100
3.1000000000000005,4.300000000000002,3.7,2,N,59101
3.1000000000000005,4.300000000000002,3.7,3,N,59102
3.1000000000000005,4.300000000000002,3.7,4,N,59103
3.1000000000000005,4.300000000000002,3.7,5,N,59104
3.1000000000000005,4.300000000000002,4.0,1,N,59105
3.1000000000000005,4.300000000000002,4.0,2,N,59106
3.1000000000000005,4.300000000000002,4.0,3,N,59107
3.1000000000000005,4.300000000000002,4.0,4,N,59108
3.1000000000000005,4.300000000000002,4.0,5,N,59109
3.1000000000000005,4.300000000000002,4.300000000000002,1,N,59110
3.1000000000000005,4.300000000000002,4.300000000000002,2,N,59111
3.1000000000000005,4.300000000000002,4.300000000000002,3,N,59112
3.1000000000000005,4.300000000000002,4.300000000000002,4,N,59113
3.1000000000000005,4.300000000000002,4.300000000000002,5,N,59114
3.1000000000000005,4.300000000000002,4.6000000000000005,1,N,59115
3.1000000000000005,4.300000000000002,4.6000000000000005,2,N,59116
3.1000000000000005,4.300000000000002,4.6000000000000005,3,N,59117
3.1000000000000005,4.300000000000002,4.6000000000000005,4,N,59118
3.1000000000000005,4.300000000000002,4.6000000000000005,5,N,59119
3.1000000000000005,4.300000000000002,4.9,1,N,59120
3.1000000000000005,4.300000000000002,4.9,2,N,59121
3.1000000000000005,4.300000000000002,4.9,3,N,59122
3.1000000000000005,4.300000000000002,4.9,4,N,59123
3.1000000000000005,4.300000000000002,4.9,5,N,59124
3.1000000000000005,4.6000000000000005,0.01,1,N,59125
3.1000000000000005,4.6000000000000005,0.01,2,N,59126
3.1000000000000005,4.6000000000000005,0.01,3,N,59127
3.1000000000000005,4.6000000000000005,0.01,4,N,59128
3.1000000000000005,4.6000000000000005,0.01,5,N,59129
3.1000000000000005,4.6000000000000005,0.11,1,N,59130
3.1000000000000005,4.6000000000000005,0.11,2,N,59131
3.1000000000000005,4.6000000000000005,0.11,3,N,59132
3.1000000000000005,4.6000000000000005,0.11,4,N,59133
3.1000000000000005,4.6000000000000005,0.11,5,N,59134
3.1000000000000005,4.6000000000000005,0.21,1,N,59135
3.1000000000000005,4.6000000000000005,0.21,2,N,59136
3.1000000000000005,4.6000000000000005,0.21,3,N,59137
3.1000000000000005,4.6000000000000005,0.21,4,N,59138
3.1000000000000005,4.6000000000000005,0.21,5,N,59139
3.1000000000000005,4.6000000000000005,0.31000000000000005,1,N,59140
3.1000000000000005,4.6000000000000005,0.31000000000000005,2,N,59141
3.1000000000000005,4.6000000000000005,0.31000000000000005,3,N,59142
3.1000000000000005,4.6000000000000005,0.31000000000000005,4,N,59143
3.1000000000000005,4.6000000000000005,0.31000000000000005,5,N,59144
3.1000000000000005,4.6000000000000005,0.41,1,N,59145
3.1000000000000005,4.6000000000000005,0.41,2,N,59146
3.1000000000000005,4.6000000000000005,0.41,3,N,59147
3.1000000000000005,4.6000000000000005,0.41,4,N,59148
3.1000000000000005,4.6000000000000005,0.41,5,N,59149
3.1000000000000005,4.6000000000000005,0.51,1,N,59150
3.1000000000000005,4.6000000000000005,0.51,2,N,59151
3.1000000000000005,4.6000000000000005,0.51,3,N,59152
3.1000000000000005,4.6000000000000005,0.51,4,N,59153
3.1000000000000005,4.6000000000000005,0.51,5,N,59154
3.1000000000000005,4.6000000000000005,0.6100000000000001,1,N,59155
3.1000000000000005,4.6000000000000005,0.6100000000000001,2,N,59156
3.1000000000000005,4.6000000000000005,0.6100000000000001,3,N,59157
3.1000000000000005,4.6000000000000005,0.6100000000000001,4,N,59158
3.1000000000000005,4.6000000000000005,0.6100000000000001,5,N,59159
3.1000000000000005,4.6000000000000005,0.7100000000000001,1,N,59160
3.1000000000000005,4.6000000000000005,0.7100000000000001,2,N,59161
3.1000000000000005,4.6000000000000005,0.7100000000000001,3,N,59162
3.1000000000000005,4.6000000000000005,0.7100000000000001,4,N,59163
3.1000000000000005,4.6000000000000005,0.7100000000000001,5,N,59164
3.1000000000000005,4.6000000000000005,0.81,1,N,59165
3.1000000000000005,4.6000000000000005,0.81,2,N,59166
3.1000000000000005,4.6000000000000005,0.81,3,N,59167
3.1000000000000005,4.6000000000000005,0.81,4,N,59168
3.1000000000000005,4.6000000000000005,0.81,5,N,59169
3.1000000000000005,4.6000000000000005,0.91,1,N,59170
3.1000000000000005,4.6000000000000005,0.91,2,N,59171
3.1000000000000005,4.6000000000000005,0.91,3,N,59172
3.1000000000000005,4.6000000000000005,0.91,4,N,59173
3.1000000000000005,4.6000000000000005,0.91,5,N,59174
3.1000000000000005,4.6000000000000005,1.01,1,N,59175
3.1000000000000005,4.6000000000000005,1.01,2,N,59176
3.1000000000000005,4.6000000000000005,1.01,3,N,59177
3.1000000000000005,4.6000000000000005,1.01,4,N,59178
3.1000000000000005,4.6000000000000005,1.01,5,N,59179
3.1000000000000005,4.6000000000000005,1.11,1,N,59180
3.1000000000000005,4.6000000000000005,1.11,2,N,59181
3.1000000000000005,4.6000000000000005,1.11,3,N,59182
3.1000000000000005,4.6000000000000005,1.11,4,N,59183
3.1000000000000005,4.6000000000000005,1.11,5,N,59184
3.1000000000000005,4.6000000000000005,1.3,1,N,59185
3.1000000000000005,4.6000000000000005,1.3,2,N,59186
3.1000000000000005,4.6000000000000005,1.3,3,N,59187
3.1000000000000005,4.6000000000000005,1.3,4,N,59188
3.1000000000000005,4.6000000000000005,1.3,5,N,59189
3.1000000000000005,4.6000000000000005,1.6,1,N,59190
3.1000000000000005,4.6000000000000005,1.6,2,N,59191
3.1000000000000005,4.6000000000000005,1.6,3,N,59192
3.1000000000000005,4.6000000000000005,1.6,4,N,59193
3.1000000000000005,4.6000000000000005,1.6,5,N,59194
3.1000000000000005,4.6000000000000005,1.9,1,N,59195
3.1000000000000005,4.6000000000000005,1.9,2,N,59196
3.1000000000000005,4.6000000000000005,1.9,3,N,59197
3.1000000000000005,4.6000000000000005,1.9,4,N,59198
3.1000000000000005,4.6000000000000005,1.9,5,N,59199
3.1000000000000005,4.6000000000000005,2.2,1,N,59200
3.1000000000000005,4.6000000000000005,2.2,2,N,59201
3.1000000000000005,4.6000000000000005,2.2,3,N,59202
3.1000000000000005,4.6000000000000005,2.2,4,N,59203
3.1000000000000005,4.6000000000000005,2.2,5,N,59204
3.1000000000000005,4.6000000000000005,2.5,1,N,59205
3.1000000000000005,4.6000000000000005,2.5,2,N,59206
3.1000000000000005,4.6000000000000005,2.5,3,N,59207
3.1000000000000005,4.6000000000000005,2.5,4,N,59208
3.1000000000000005,4.6000000000000005,2.5,5,N,59209
3.1000000000000005,4.6000000000000005,2.8000000000000003,1,N,59210
3.1000000000000005,4.6000000000000005,2.8000000000000003,2,N,59211
3.1000000000000005,4.6000000000000005,2.8000000000000003,3,N,59212
3.1000000000000005,4.6000000000000005,2.8000000000000003,4,N,59213
3.1000000000000005,4.6000000000000005,2.8000000000000003,5,N,59214
3.1000000000000005,4.6000000000000005,3.1000000000000005,1,N,59215
3.1000000000000005,4.6000000000000005,3.1000000000000005,2,N,59216
3.1000000000000005,4.6000000000000005,3.1000000000000005,3,N,59217
3.1000000000000005,4.6000000000000005,3.1000000000000005,4,N,59218
3.1000000000000005,4.6000000000000005,3.1000000000000005,5,N,59219
3.1000000000000005,4.6000000000000005,3.4000000000000004,1,N,59220
3.1000000000000005,4.6000000000000005,3.4000000000000004,2,N,59221
3.1000000000000005,4.6000000000000005,3.4000000000000004,3,N,59222
3.1000000000000005,4.6000000000000005,3.4000000000000004,4,N,59223
3.1000000000000005,4.6000000000000005,3.4000000000000004,5,N,59224
3.1000000000000005,4.6000000000000005,3.7,1,N,59225
3.1000000000000005,4.6000000000000005,3.7,2,N,59226
3.1000000000000005,4.6000000000000005,3.7,3,N,59227
3.1000000000000005,4.6000000000000005,3.7,4,N,59228
3.1000000000000005,4.6000000000000005,3.7,5,N,59229
3.1000000000000005,4.6000000000000005,4.0,1,N,59230
3.1000000000000005,4.6000000000000005,4.0,2,N,59231
3.1000000000000005,4.6000000000000005,4.0,3,N,59232
3.1000000000000005,4.6000000000000005,4.0,4,N,59233
3.1000000000000005,4.6000000000000005,4.0,5,N,59234
3.1000000000000005,4.6000000000000005,4.300000000000002,1,N,59235
3.1000000000000005,4.6000000000000005,4.300000000000002,2,N,59236
3.1000000000000005,4.6000000000000005,4.300000000000002,3,N,59237
3.1000000000000005,4.6000000000000005,4.300000000000002,4,N,59238
3.1000000000000005,4.6000000000000005,4.300000000000002,5,N,59239
3.1000000000000005,4.6000000000000005,4.6000000000000005,1,N,59240
3.1000000000000005,4.6000000000000005,4.6000000000000005,2,N,59241
3.1000000000000005,4.6000000000000005,4.6000000000000005,3,N,59242
3.1000000000000005,4.6000000000000005,4.6000000000000005,4,N,59243
3.1000000000000005,4.6000000000000005,4.6000000000000005,5,N,59244
3.1000000000000005,4.6000000000000005,4.9,1,N,59245
3.1000000000000005,4.6000000000000005,4.9,2,N,59246
3.1000000000000005,4.6000000000000005,4.9,3,N,59247
3.1000000000000005,4.6000000000000005,4.9,4,N,59248
3.1000000000000005,4.6000000000000005,4.9,5,N,59249
3.1000000000000005,4.9,0.01,1,N,59250
3.1000000000000005,4.9,0.01,2,N,59251
3.1000000000000005,4.9,0.01,3,N,59252
3.1000000000000005,4.9,0.01,4,N,59253
3.1000000000000005,4.9,0.01,5,N,59254
3.1000000000000005,4.9,0.11,1,N,59255
3.1000000000000005,4.9,0.11,2,N,59256
3.1000000000000005,4.9,0.11,3,N,59257
3.1000000000000005,4.9,0.11,4,N,59258
3.1000000000000005,4.9,0.11,5,N,59259
3.1000000000000005,4.9,0.21,1,N,59260
3.1000000000000005,4.9,0.21,2,N,59261
3.1000000000000005,4.9,0.21,3,N,59262
3.1000000000000005,4.9,0.21,4,N,59263
3.1000000000000005,4.9,0.21,5,N,59264
3.1000000000000005,4.9,0.31000000000000005,1,N,59265
3.1000000000000005,4.9,0.31000000000000005,2,N,59266
3.1000000000000005,4.9,0.31000000000000005,3,N,59267
3.1000000000000005,4.9,0.31000000000000005,4,N,59268
3.1000000000000005,4.9,0.31000000000000005,5,N,59269
3.1000000000000005,4.9,0.41,1,N,59270
3.1000000000000005,4.9,0.41,2,N,59271
3.1000000000000005,4.9,0.41,3,N,59272
3.1000000000000005,4.9,0.41,4,N,59273
3.1000000000000005,4.9,0.41,5,N,59274
3.1000000000000005,4.9,0.51,1,N,59275
3.1000000000000005,4.9,0.51,2,N,59276
3.1000000000000005,4.9,0.51,3,N,59277
3.1000000000000005,4.9,0.51,4,N,59278
3.1000000000000005,4.9,0.51,5,N,59279
3.1000000000000005,4.9,0.6100000000000001,1,N,59280
3.1000000000000005,4.9,0.6100000000000001,2,N,59281
3.1000000000000005,4.9,0.6100000000000001,3,N,59282
3.1000000000000005,4.9,0.6100000000000001,4,N,59283
3.1000000000000005,4.9,0.6100000000000001,5,N,59284
3.1000000000000005,4.9,0.7100000000000001,1,N,59285
3.1000000000000005,4.9,0.7100000000000001,2,N,59286
3.1000000000000005,4.9,0.7100000000000001,3,N,59287
3.1000000000000005,4.9,0.7100000000000001,4,N,59288
3.1000000000000005,4.9,0.7100000000000001,5,N,59289
3.1000000000000005,4.9,0.81,1,N,59290
3.1000000000000005,4.9,0.81,2,N,59291
3.1000000000000005,4.9,0.81,3,N,59292
3.1000000000000005,4.9,0.81,4,N,59293
3.1000000000000005,4.9,0.81,5,N,59294
3.1000000000000005,4.9,0.91,1,N,59295
3.1000000000000005,4.9,0.91,2,N,59296
3.1000000000000005,4.9,0.91,3,N,59297
3.1000000000000005,4.9,0.91,4,N,59298
3.1000000000000005,4.9,0.91,5,N,59299
3.1000000000000005,4.9,1.01,1,N,59300
3.1000000000000005,4.9,1.01,2,N,59301
3.1000000000000005,4.9,1.01,3,N,59302
3.1000000000000005,4.9,1.01,4,N,59303
3.1000000000000005,4.9,1.01,5,N,59304
3.1000000000000005,4.9,1.11,1,N,59305
3.1000000000000005,4.9,1.11,2,N,59306
3.1000000000000005,4.9,1.11,3,N,59307
3.1000000000000005,4.9,1.11,4,N,59308
3.1000000000000005,4.9,1.11,5,N,59309
3.1000000000000005,4.9,1.3,1,N,59310
3.1000000000000005,4.9,1.3,2,N,59311
3.1000000000000005,4.9,1.3,3,N,59312
3.1000000000000005,4.9,1.3,4,N,59313
3.1000000000000005,4.9,1.3,5,N,59314
3.1000000000000005,4.9,1.6,1,N,59315
3.1000000000000005,4.9,1.6,2,N,59316
3.1000000000000005,4.9,1.6,3,N,59317
3.1000000000000005,4.9,1.6,4,N,59318
3.1000000000000005,4.9,1.6,5,N,59319
3.1000000000000005,4.9,1.9,1,N,59320
3.1000000000000005,4.9,1.9,2,N,59321
3.1000000000000005,4.9,1.9,3,N,59322
3.1000000000000005,4.9,1.9,4,N,59323
3.1000000000000005,4.9,1.9,5,N,59324
3.1000000000000005,4.9,2.2,1,N,59325
3.1000000000000005,4.9,2.2,2,N,59326
3.1000000000000005,4.9,2.2,3,N,59327
3.1000000000000005,4.9,2.2,4,N,59328
3.1000000000000005,4.9,2.2,5,N,59329
3.1000000000000005,4.9,2.5,1,N,59330
3.1000000000000005,4.9,2.5,2,N,59331
3.1000000000000005,4.9,2.5,3,N,59332
3.1000000000000005,4.9,2.5,4,N,59333
3.1000000000000005,4.9,2.5,5,N,59334
3.1000000000000005,4.9,2.8000000000000003,1,N,59335
3.1000000000000005,4.9,2.8000000000000003,2,N,59336
3.1000000000000005,4.9,2.8000000000000003,3,N,59337
3.1000000000000005,4.9,2.8000000000000003,4,N,59338
3.1000000000000005,4.9,2.8000000000000003,5,N,59339
3.1000000000000005,4.9,3.1000000000000005,1,N,59340
3.1000000000000005,4.9,3.1000000000000005,2,N,59341
3.1000000000000005,4.9,3.1000000000000005,3,N,59342
3.1000000000000005,4.9,3.1000000000000005,4,N,59343
3.1000000000000005,4.9,3.1000000000000005,5,N,59344
3.1000000000000005,4.9,3.4000000000000004,1,N,59345
3.1000000000000005,4.9,3.4000000000000004,2,N,59346
3.1000000000000005,4.9,3.4000000000000004,3,N,59347
3.1000000000000005,4.9,3.4000000000000004,4,N,59348
3.1000000000000005,4.9,3.4000000000000004,5,N,59349
3.1000000000000005,4.9,3.7,1,N,59350
3.1000000000000005,4.9,3.7,2,N,59351
3.1000000000000005,4.9,3.7,3,N,59352
3.1000000000000005,4.9,3.7,4,N,59353
3.1000000000000005,4.9,3.7,5,N,59354
3.1000000000000005,4.9,4.0,1,N,59355
3.1000000000000005,4.9,4.0,2,N,59356
3.1000000000000005,4.9,4.0,3,N,59357
3.1000000000000005,4.9,4.0,4,N,59358
3.1000000000000005,4.9,4.0,5,N,59359
3.1000000000000005,4.9,4.300000000000002,1,N,59360
3.1000000000000005,4.9,4.300000000000002,2,N,59361
3.1000000000000005,4.9,4.300000000000002,3,N,59362
3.1000000000000005,4.9,4.300000000000002,4,N,59363
3.1000000000000005,4.9,4.300000000000002,5,N,59364
3.1000000000000005,4.9,4.6000000000000005,1,N,59365
3.1000000000000005,4.9,4.6000000000000005,2,N,59366
3.1000000000000005,4.9,4.6000000000000005,3,N,59367
3.1000000000000005,4.9,4.6000000000000005,4,N,59368
3.1000000000000005,4.9,4.6000000000000005,5,N,59369
3.1000000000000005,4.9,4.9,1,N,59370
3.1000000000000005,4.9,4.9,2,N,59371
3.1000000000000005,4.9,4.9,3,N,59372
3.1000000000000005,4.9,4.9,4,N,59373
3.1000000000000005,4.9,4.9,5,N,59374
3.4000000000000004,0.01,0.01,1,N,59375
3.4000000000000004,0.01,0.01,2,N,59376
3.4000000000000004,0.01,0.01,3,N,59377
3.4000000000000004,0.01,0.01,4,N,59378
3.4000000000000004,0.01,0.01,5,N,59379
3.4000000000000004,0.01,0.11,1,N,59380
3.4000000000000004,0.01,0.11,2,N,59381
3.4000000000000004,0.01,0.11,3,N,59382
3.4000000000000004,0.01,0.11,4,N,59383
3.4000000000000004,0.01,0.11,5,N,59384
3.4000000000000004,0.01,0.21,1,N,59385
3.4000000000000004,0.01,0.21,2,N,59386
3.4000000000000004,0.01,0.21,3,N,59387
3.4000000000000004,0.01,0.21,4,N,59388
3.4000000000000004,0.01,0.21,5,N,59389
3.4000000000000004,0.01,0.31000000000000005,1,N,59390
3.4000000000000004,0.01,0.31000000000000005,2,N,59391
3.4000000000000004,0.01,0.31000000000000005,3,N,59392
3.4000000000000004,0.01,0.31000000000000005,4,N,59393
3.4000000000000004,0.01,0.31000000000000005,5,N,59394
3.4000000000000004,0.01,0.41,1,N,59395
3.4000000000000004,0.01,0.41,2,N,59396
3.4000000000000004,0.01,0.41,3,N,59397
3.4000000000000004,0.01,0.41,4,N,59398
3.4000000000000004,0.01,0.41,5,N,59399
3.4000000000000004,0.01,0.51,1,N,59400
3.4000000000000004,0.01,0.51,2,N,59401
3.4000000000000004,0.01,0.51,3,N,59402
3.4000000000000004,0.01,0.51,4,N,59403
3.4000000000000004,0.01,0.51,5,N,59404
3.4000000000000004,0.01,0.6100000000000001,1,N,59405
3.4000000000000004,0.01,0.6100000000000001,2,N,59406
3.4000000000000004,0.01,0.6100000000000001,3,N,59407
3.4000000000000004,0.01,0.6100000000000001,4,N,59408
3.4000000000000004,0.01,0.6100000000000001,5,N,59409
3.4000000000000004,0.01,0.7100000000000001,1,N,59410
3.4000000000000004,0.01,0.7100000000000001,2,N,59411
3.4000000000000004,0.01,0.7100000000000001,3,N,59412
3.4000000000000004,0.01,0.7100000000000001,4,N,59413
3.4000000000000004,0.01,0.7100000000000001,5,N,59414
3.4000000000000004,0.01,0.81,1,N,59415
3.4000000000000004,0.01,0.81,2,N,59416
3.4000000000000004,0.01,0.81,3,N,59417
3.4000000000000004,0.01,0.81,4,N,59418
3.4000000000000004,0.01,0.81,5,N,59419
3.4000000000000004,0.01,0.91,1,N,59420
3.4000000000000004,0.01,0.91,2,N,59421
3.4000000000000004,0.01,0.91,3,N,59422
3.4000000000000004,0.01,0.91,4,N,59423
3.4000000000000004,0.01,0.91,5,N,59424
3.4000000000000004,0.01,1.01,1,N,59425
3.4000000000000004,0.01,1.01,2,N,59426
3.4000000000000004,0.01,1.01,3,N,59427
3.4000000000000004,0.01,1.01,4,N,59428
3.4000000000000004,0.01,1.01,5,N,59429
3.4000000000000004,0.01,1.11,1,N,59430
3.4000000000000004,0.01,1.11,2,N,59431
3.4000000000000004,0.01,1.11,3,N,59432
3.4000000000000004,0.01,1.11,4,N,59433
3.4000000000000004,0.01,1.11,5,N,59434
3.4000000000000004,0.01,1.3,1,N,59435
3.4000000000000004,0.01,1.3,2,N,59436
3.4000000000000004,0.01,1.3,3,N,59437
3.4000000000000004,0.01,1.3,4,N,59438
3.4000000000000004,0.01,1.3,5,N,59439
3.4000000000000004,0.01,1.6,1,N,59440
3.4000000000000004,0.01,1.6,2,N,59441
3.4000000000000004,0.01,1.6,3,N,59442
3.4000000000000004,0.01,1.6,4,N,59443
3.4000000000000004,0.01,1.6,5,N,59444
3.4000000000000004,0.01,1.9,1,N,59445
3.4000000000000004,0.01,1.9,2,N,59446
3.4000000000000004,0.01,1.9,3,N,59447
3.4000000000000004,0.01,1.9,4,N,59448
3.4000000000000004,0.01,1.9,5,N,59449
3.4000000000000004,0.01,2.2,1,N,59450
3.4000000000000004,0.01,2.2,2,N,59451
3.4000000000000004,0.01,2.2,3,N,59452
3.4000000000000004,0.01,2.2,4,N,59453
3.4000000000000004,0.01,2.2,5,N,59454
3.4000000000000004,0.01,2.5,1,N,59455
3.4000000000000004,0.01,2.5,2,N,59456
3.4000000000000004,0.01,2.5,3,N,59457
3.4000000000000004,0.01,2.5,4,N,59458
3.4000000000000004,0.01,2.5,5,N,59459
3.4000000000000004,0.01,2.8000000000000003,1,N,59460
3.4000000000000004,0.01,2.8000000000000003,2,N,59461
3.4000000000000004,0.01,2.8000000000000003,3,N,59462
3.4000000000000004,0.01,2.8000000000000003,4,N,59463
3.4000000000000004,0.01,2.8000000000000003,5,N,59464
3.4000000000000004,0.01,3.1000000000000005,1,N,59465
3.4000000000000004,0.01,3.1000000000000005,2,N,59466
3.4000000000000004,0.01,3.1000000000000005,3,N,59467
3.4000000000000004,0.01,3.1000000000000005,4,N,59468
3.4000000000000004,0.01,3.1000000000000005,5,N,59469
3.4000000000000004,0.01,3.4000000000000004,1,N,59470
3.4000000000000004,0.01,3.4000000000000004,2,N,59471
3.4000000000000004,0.01,3.4000000000000004,3,N,59472
3.4000000000000004,0.01,3.4000000000000004,4,N,59473
3.4000000000000004,0.01,3.4000000000000004,5,N,59474
3.4000000000000004,0.01,3.7,1,N,59475
3.4000000000000004,0.01,3.7,2,N,59476
3.4000000000000004,0.01,3.7,3,N,59477
3.4000000000000004,0.01,3.7,4,N,59478
3.4000000000000004,0.01,3.7,5,N,59479
3.4000000000000004,0.01,4.0,1,N,59480
3.4000000000000004,0.01,4.0,2,N,59481
3.4000000000000004,0.01,4.0,3,N,59482
3.4000000000000004,0.01,4.0,4,N,59483
3.4000000000000004,0.01,4.0,5,N,59484
3.4000000000000004,0.01,4.300000000000002,1,N,59485
3.4000000000000004,0.01,4.300000000000002,2,N,59486
3.4000000000000004,0.01,4.300000000000002,3,N,59487
3.4000000000000004,0.01,4.300000000000002,4,N,59488
3.4000000000000004,0.01,4.300000000000002,5,N,59489
3.4000000000000004,0.01,4.6000000000000005,1,N,59490
3.4000000000000004,0.01,4.6000000000000005,2,N,59491
3.4000000000000004,0.01,4.6000000000000005,3,N,59492
3.4000000000000004,0.01,4.6000000000000005,4,N,59493
3.4000000000000004,0.01,4.6000000000000005,5,N,59494
3.4000000000000004,0.01,4.9,1,N,59495
3.4000000000000004,0.01,4.9,2,N,59496
3.4000000000000004,0.01,4.9,3,N,59497
3.4000000000000004,0.01,4.9,4,N,59498
3.4000000000000004,0.01,4.9,5,N,59499
3.4000000000000004,0.11,0.01,1,N,59500
3.4000000000000004,0.11,0.01,2,N,59501
3.4000000000000004,0.11,0.01,3,N,59502
3.4000000000000004,0.11,0.01,4,N,59503
3.4000000000000004,0.11,0.01,5,N,59504
3.4000000000000004,0.11,0.11,1,N,59505
3.4000000000000004,0.11,0.11,2,N,59506
3.4000000000000004,0.11,0.11,3,N,59507
3.4000000000000004,0.11,0.11,4,N,59508
3.4000000000000004,0.11,0.11,5,N,59509
3.4000000000000004,0.11,0.21,1,N,59510
3.4000000000000004,0.11,0.21,2,N,59511
3.4000000000000004,0.11,0.21,3,N,59512
3.4000000000000004,0.11,0.21,4,N,59513
3.4000000000000004,0.11,0.21,5,N,59514
3.4000000000000004,0.11,0.31000000000000005,1,N,59515
3.4000000000000004,0.11,0.31000000000000005,2,N,59516
3.4000000000000004,0.11,0.31000000000000005,3,N,59517
3.4000000000000004,0.11,0.31000000000000005,4,N,59518
3.4000000000000004,0.11,0.31000000000000005,5,N,59519
3.4000000000000004,0.11,0.41,1,N,59520
3.4000000000000004,0.11,0.41,2,N,59521
3.4000000000000004,0.11,0.41,3,N,59522
3.4000000000000004,0.11,0.41,4,N,59523
3.4000000000000004,0.11,0.41,5,N,59524
3.4000000000000004,0.11,0.51,1,N,59525
3.4000000000000004,0.11,0.51,2,N,59526
3.4000000000000004,0.11,0.51,3,N,59527
3.4000000000000004,0.11,0.51,4,N,59528
3.4000000000000004,0.11,0.51,5,N,59529
3.4000000000000004,0.11,0.6100000000000001,1,N,59530
3.4000000000000004,0.11,0.6100000000000001,2,N,59531
3.4000000000000004,0.11,0.6100000000000001,3,N,59532
3.4000000000000004,0.11,0.6100000000000001,4,N,59533
3.4000000000000004,0.11,0.6100000000000001,5,N,59534
3.4000000000000004,0.11,0.7100000000000001,1,N,59535
3.4000000000000004,0.11,0.7100000000000001,2,N,59536
3.4000000000000004,0.11,0.7100000000000001,3,N,59537
3.4000000000000004,0.11,0.7100000000000001,4,N,59538
3.4000000000000004,0.11,0.7100000000000001,5,N,59539
3.4000000000000004,0.11,0.81,1,N,59540
3.4000000000000004,0.11,0.81,2,N,59541
3.4000000000000004,0.11,0.81,3,N,59542
3.4000000000000004,0.11,0.81,4,N,59543
3.4000000000000004,0.11,0.81,5,N,59544
3.4000000000000004,0.11,0.91,1,N,59545
3.4000000000000004,0.11,0.91,2,N,59546
3.4000000000000004,0.11,0.91,3,N,59547
3.4000000000000004,0.11,0.91,4,N,59548
3.4000000000000004,0.11,0.91,5,N,59549
3.4000000000000004,0.11,1.01,1,N,59550
3.4000000000000004,0.11,1.01,2,N,59551
3.4000000000000004,0.11,1.01,3,N,59552
3.4000000000000004,0.11,1.01,4,N,59553
3.4000000000000004,0.11,1.01,5,N,59554
3.4000000000000004,0.11,1.11,1,N,59555
3.4000000000000004,0.11,1.11,2,N,59556
3.4000000000000004,0.11,1.11,3,N,59557
3.4000000000000004,0.11,1.11,4,N,59558
3.4000000000000004,0.11,1.11,5,N,59559
3.4000000000000004,0.11,1.3,1,N,59560
3.4000000000000004,0.11,1.3,2,N,59561
3.4000000000000004,0.11,1.3,3,N,59562
3.4000000000000004,0.11,1.3,4,N,59563
3.4000000000000004,0.11,1.3,5,N,59564
3.4000000000000004,0.11,1.6,1,N,59565
3.4000000000000004,0.11,1.6,2,N,59566
3.4000000000000004,0.11,1.6,3,N,59567
3.4000000000000004,0.11,1.6,4,N,59568
3.4000000000000004,0.11,1.6,5,N,59569
3.4000000000000004,0.11,1.9,1,N,59570
3.4000000000000004,0.11,1.9,2,N,59571
3.4000000000000004,0.11,1.9,3,N,59572
3.4000000000000004,0.11,1.9,4,N,59573
3.4000000000000004,0.11,1.9,5,N,59574
3.4000000000000004,0.11,2.2,1,N,59575
3.4000000000000004,0.11,2.2,2,N,59576
3.4000000000000004,0.11,2.2,3,N,59577
3.4000000000000004,0.11,2.2,4,N,59578
3.4000000000000004,0.11,2.2,5,N,59579
3.4000000000000004,0.11,2.5,1,N,59580
3.4000000000000004,0.11,2.5,2,N,59581
3.4000000000000004,0.11,2.5,3,N,59582
3.4000000000000004,0.11,2.5,4,N,59583
3.4000000000000004,0.11,2.5,5,N,59584
3.4000000000000004,0.11,2.8000000000000003,1,N,59585
3.4000000000000004,0.11,2.8000000000000003,2,N,59586
3.4000000000000004,0.11,2.8000000000000003,3,N,59587
3.4000000000000004,0.11,2.8000000000000003,4,N,59588
3.4000000000000004,0.11,2.8000000000000003,5,N,59589
3.4000000000000004,0.11,3.1000000000000005,1,N,59590
3.4000000000000004,0.11,3.1000000000000005,2,N,59591
3.4000000000000004,0.11,3.1000000000000005,3,N,59592
3.4000000000000004,0.11,3.1000000000000005,4,N,59593
3.4000000000000004,0.11,3.1000000000000005,5,N,59594
3.4000000000000004,0.11,3.4000000000000004,1,N,59595
3.4000000000000004,0.11,3.4000000000000004,2,N,59596
3.4000000000000004,0.11,3.4000000000000004,3,N,59597
3.4000000000000004,0.11,3.4000000000000004,4,N,59598
3.4000000000000004,0.11,3.4000000000000004,5,N,59599
3.4000000000000004,0.11,3.7,1,N,59600
3.4000000000000004,0.11,3.7,2,N,59601
3.4000000000000004,0.11,3.7,3,N,59602
3.4000000000000004,0.11,3.7,4,N,59603
3.4000000000000004,0.11,3.7,5,N,59604
3.4000000000000004,0.11,4.0,1,N,59605
3.4000000000000004,0.11,4.0,2,N,59606
3.4000000000000004,0.11,4.0,3,N,59607
3.4000000000000004,0.11,4.0,4,N,59608
3.4000000000000004,0.11,4.0,5,N,59609
3.4000000000000004,0.11,4.300000000000002,1,N,59610
3.4000000000000004,0.11,4.300000000000002,2,N,59611
3.4000000000000004,0.11,4.300000000000002,3,N,59612
3.4000000000000004,0.11,4.300000000000002,4,N,59613
3.4000000000000004,0.11,4.300000000000002,5,N,59614
3.4000000000000004,0.11,4.6000000000000005,1,N,59615
3.4000000000000004,0.11,4.6000000000000005,2,N,59616
3.4000000000000004,0.11,4.6000000000000005,3,N,59617
3.4000000000000004,0.11,4.6000000000000005,4,N,59618
3.4000000000000004,0.11,4.6000000000000005,5,N,59619
3.4000000000000004,0.11,4.9,1,N,59620
3.4000000000000004,0.11,4.9,2,N,59621
3.4000000000000004,0.11,4.9,3,N,59622
3.4000000000000004,0.11,4.9,4,N,59623
3.4000000000000004,0.11,4.9,5,N,59624
3.4000000000000004,0.21,0.01,1,N,59625
3.4000000000000004,0.21,0.01,2,N,59626
3.4000000000000004,0.21,0.01,3,N,59627
3.4000000000000004,0.21,0.01,4,N,59628
3.4000000000000004,0.21,0.01,5,N,59629
3.4000000000000004,0.21,0.11,1,N,59630
3.4000000000000004,0.21,0.11,2,N,59631
3.4000000000000004,0.21,0.11,3,N,59632
3.4000000000000004,0.21,0.11,4,N,59633
3.4000000000000004,0.21,0.11,5,N,59634
3.4000000000000004,0.21,0.21,1,N,59635
3.4000000000000004,0.21,0.21,2,N,59636
3.4000000000000004,0.21,0.21,3,N,59637
3.4000000000000004,0.21,0.21,4,N,59638
3.4000000000000004,0.21,0.21,5,N,59639
3.4000000000000004,0.21,0.31000000000000005,1,N,59640
3.4000000000000004,0.21,0.31000000000000005,2,N,59641
3.4000000000000004,0.21,0.31000000000000005,3,N,59642
3.4000000000000004,0.21,0.31000000000000005,4,N,59643
3.4000000000000004,0.21,0.31000000000000005,5,N,59644
3.4000000000000004,0.21,0.41,1,N,59645
3.4000000000000004,0.21,0.41,2,N,59646
3.4000000000000004,0.21,0.41,3,N,59647
3.4000000000000004,0.21,0.41,4,N,59648
3.4000000000000004,0.21,0.41,5,N,59649
3.4000000000000004,0.21,0.51,1,N,59650
3.4000000000000004,0.21,0.51,2,N,59651
3.4000000000000004,0.21,0.51,3,N,59652
3.4000000000000004,0.21,0.51,4,N,59653
3.4000000000000004,0.21,0.51,5,N,59654
3.4000000000000004,0.21,0.6100000000000001,1,N,59655
3.4000000000000004,0.21,0.6100000000000001,2,N,59656
3.4000000000000004,0.21,0.6100000000000001,3,N,59657
3.4000000000000004,0.21,0.6100000000000001,4,N,59658
3.4000000000000004,0.21,0.6100000000000001,5,N,59659
3.4000000000000004,0.21,0.7100000000000001,1,N,59660
3.4000000000000004,0.21,0.7100000000000001,2,N,59661
3.4000000000000004,0.21,0.7100000000000001,3,N,59662
3.4000000000000004,0.21,0.7100000000000001,4,N,59663
3.4000000000000004,0.21,0.7100000000000001,5,N,59664
3.4000000000000004,0.21,0.81,1,N,59665
3.4000000000000004,0.21,0.81,2,N,59666
3.4000000000000004,0.21,0.81,3,N,59667
3.4000000000000004,0.21,0.81,4,N,59668
3.4000000000000004,0.21,0.81,5,N,59669
3.4000000000000004,0.21,0.91,1,N,59670
3.4000000000000004,0.21,0.91,2,N,59671
3.4000000000000004,0.21,0.91,3,N,59672
3.4000000000000004,0.21,0.91,4,N,59673
3.4000000000000004,0.21,0.91,5,N,59674
3.4000000000000004,0.21,1.01,1,N,59675
3.4000000000000004,0.21,1.01,2,N,59676
3.4000000000000004,0.21,1.01,3,N,59677
3.4000000000000004,0.21,1.01,4,N,59678
3.4000000000000004,0.21,1.01,5,N,59679
3.4000000000000004,0.21,1.11,1,N,59680
3.4000000000000004,0.21,1.11,2,N,59681
3.4000000000000004,0.21,1.11,3,N,59682
3.4000000000000004,0.21,1.11,4,N,59683
3.4000000000000004,0.21,1.11,5,N,59684
3.4000000000000004,0.21,1.3,1,N,59685
3.4000000000000004,0.21,1.3,2,N,59686
3.4000000000000004,0.21,1.3,3,N,59687
3.4000000000000004,0.21,1.3,4,N,59688
3.4000000000000004,0.21,1.3,5,N,59689
3.4000000000000004,0.21,1.6,1,N,59690
3.4000000000000004,0.21,1.6,2,N,59691
3.4000000000000004,0.21,1.6,3,N,59692
3.4000000000000004,0.21,1.6,4,N,59693
3.4000000000000004,0.21,1.6,5,N,59694
3.4000000000000004,0.21,1.9,1,N,59695
3.4000000000000004,0.21,1.9,2,N,59696
3.4000000000000004,0.21,1.9,3,N,59697
3.4000000000000004,0.21,1.9,4,N,59698
3.4000000000000004,0.21,1.9,5,N,59699
3.4000000000000004,0.21,2.2,1,N,59700
3.4000000000000004,0.21,2.2,2,N,59701
3.4000000000000004,0.21,2.2,3,N,59702
3.4000000000000004,0.21,2.2,4,N,59703
3.4000000000000004,0.21,2.2,5,N,59704
3.4000000000000004,0.21,2.5,1,N,59705
3.4000000000000004,0.21,2.5,2,N,59706
3.4000000000000004,0.21,2.5,3,N,59707
3.4000000000000004,0.21,2.5,4,N,59708
3.4000000000000004,0.21,2.5,5,N,59709
3.4000000000000004,0.21,2.8000000000000003,1,N,59710
3.4000000000000004,0.21,2.8000000000000003,2,N,59711
3.4000000000000004,0.21,2.8000000000000003,3,N,59712
3.4000000000000004,0.21,2.8000000000000003,4,N,59713
3.4000000000000004,0.21,2.8000000000000003,5,N,59714
3.4000000000000004,0.21,3.1000000000000005,1,N,59715
3.4000000000000004,0.21,3.1000000000000005,2,N,59716
3.4000000000000004,0.21,3.1000000000000005,3,N,59717
3.4000000000000004,0.21,3.1000000000000005,4,N,59718
3.4000000000000004,0.21,3.1000000000000005,5,N,59719
3.4000000000000004,0.21,3.4000000000000004,1,N,59720
3.4000000000000004,0.21,3.4000000000000004,2,N,59721
3.4000000000000004,0.21,3.4000000000000004,3,N,59722
3.4000000000000004,0.21,3.4000000000000004,4,N,59723
3.4000000000000004,0.21,3.4000000000000004,5,N,59724
3.4000000000000004,0.21,3.7,1,N,59725
3.4000000000000004,0.21,3.7,2,N,59726
3.4000000000000004,0.21,3.7,3,N,59727
3.4000000000000004,0.21,3.7,4,N,59728
3.4000000000000004,0.21,3.7,5,N,59729
3.4000000000000004,0.21,4.0,1,N,59730
3.4000000000000004,0.21,4.0,2,N,59731
3.4000000000000004,0.21,4.0,3,N,59732
3.4000000000000004,0.21,4.0,4,N,59733
3.4000000000000004,0.21,4.0,5,N,59734
3.4000000000000004,0.21,4.300000000000002,1,N,59735
3.4000000000000004,0.21,4.300000000000002,2,N,59736
3.4000000000000004,0.21,4.300000000000002,3,N,59737
3.4000000000000004,0.21,4.300000000000002,4,N,59738
3.4000000000000004,0.21,4.300000000000002,5,N,59739
3.4000000000000004,0.21,4.6000000000000005,1,N,59740
3.4000000000000004,0.21,4.6000000000000005,2,N,59741
3.4000000000000004,0.21,4.6000000000000005,3,N,59742
3.4000000000000004,0.21,4.6000000000000005,4,N,59743
3.4000000000000004,0.21,4.6000000000000005,5,N,59744
3.4000000000000004,0.21,4.9,1,N,59745
3.4000000000000004,0.21,4.9,2,N,59746
3.4000000000000004,0.21,4.9,3,N,59747
3.4000000000000004,0.21,4.9,4,N,59748
3.4000000000000004,0.21,4.9,5,N,59749
3.4000000000000004,0.31000000000000005,0.01,1,N,59750
3.4000000000000004,0.31000000000000005,0.01,2,N,59751
3.4000000000000004,0.31000000000000005,0.01,3,N,59752
3.4000000000000004,0.31000000000000005,0.01,4,N,59753
3.4000000000000004,0.31000000000000005,0.01,5,N,59754
3.4000000000000004,0.31000000000000005,0.11,1,N,59755
3.4000000000000004,0.31000000000000005,0.11,2,N,59756
3.4000000000000004,0.31000000000000005,0.11,3,N,59757
3.4000000000000004,0.31000000000000005,0.11,4,N,59758
3.4000000000000004,0.31000000000000005,0.11,5,N,59759
3.4000000000000004,0.31000000000000005,0.21,1,N,59760
3.4000000000000004,0.31000000000000005,0.21,2,N,59761
3.4000000000000004,0.31000000000000005,0.21,3,N,59762
3.4000000000000004,0.31000000000000005,0.21,4,N,59763
3.4000000000000004,0.31000000000000005,0.21,5,N,59764
3.4000000000000004,0.31000000000000005,0.31000000000000005,1,N,59765
3.4000000000000004,0.31000000000000005,0.31000000000000005,2,N,59766
3.4000000000000004,0.31000000000000005,0.31000000000000005,3,N,59767
3.4000000000000004,0.31000000000000005,0.31000000000000005,4,N,59768
3.4000000000000004,0.31000000000000005,0.31000000000000005,5,N,59769
3.4000000000000004,0.31000000000000005,0.41,1,N,59770
3.4000000000000004,0.31000000000000005,0.41,2,N,59771
3.4000000000000004,0.31000000000000005,0.41,3,N,59772
3.4000000000000004,0.31000000000000005,0.41,4,N,59773
3.4000000000000004,0.31000000000000005,0.41,5,N,59774
3.4000000000000004,0.31000000000000005,0.51,1,N,59775
3.4000000000000004,0.31000000000000005,0.51,2,N,59776
3.4000000000000004,0.31000000000000005,0.51,3,N,59777
3.4000000000000004,0.31000000000000005,0.51,4,N,59778
3.4000000000000004,0.31000000000000005,0.51,5,N,59779
3.4000000000000004,0.31000000000000005,0.6100000000000001,1,N,59780
3.4000000000000004,0.31000000000000005,0.6100000000000001,2,N,59781
3.4000000000000004,0.31000000000000005,0.6100000000000001,3,N,59782
3.4000000000000004,0.31000000000000005,0.6100000000000001,4,N,59783
3.4000000000000004,0.31000000000000005,0.6100000000000001,5,N,59784
3.4000000000000004,0.31000000000000005,0.7100000000000001,1,N,59785
3.4000000000000004,0.31000000000000005,0.7100000000000001,2,N,59786
3.4000000000000004,0.31000000000000005,0.7100000000000001,3,N,59787
3.4000000000000004,0.31000000000000005,0.7100000000000001,4,N,59788
3.4000000000000004,0.31000000000000005,0.7100000000000001,5,N,59789
3.4000000000000004,0.31000000000000005,0.81,1,N,59790
3.4000000000000004,0.31000000000000005,0.81,2,N,59791
3.4000000000000004,0.31000000000000005,0.81,3,N,59792
3.4000000000000004,0.31000000000000005,0.81,4,N,59793
3.4000000000000004,0.31000000000000005,0.81,5,N,59794
3.4000000000000004,0.31000000000000005,0.91,1,N,59795
3.4000000000000004,0.31000000000000005,0.91,2,N,59796
3.4000000000000004,0.31000000000000005,0.91,3,N,59797
3.4000000000000004,0.31000000000000005,0.91,4,N,59798
3.4000000000000004,0.31000000000000005,0.91,5,N,59799
3.4000000000000004,0.31000000000000005,1.01,1,N,59800
3.4000000000000004,0.31000000000000005,1.01,2,N,59801
3.4000000000000004,0.31000000000000005,1.01,3,N,59802
3.4000000000000004,0.31000000000000005,1.01,4,N,59803
3.4000000000000004,0.31000000000000005,1.01,5,N,59804
3.4000000000000004,0.31000000000000005,1.11,1,N,59805
3.4000000000000004,0.31000000000000005,1.11,2,N,59806
3.4000000000000004,0.31000000000000005,1.11,3,N,59807
3.4000000000000004,0.31000000000000005,1.11,4,N,59808
3.4000000000000004,0.31000000000000005,1.11,5,N,59809
3.4000000000000004,0.31000000000000005,1.3,1,N,59810
3.4000000000000004,0.31000000000000005,1.3,2,N,59811
3.4000000000000004,0.31000000000000005,1.3,3,N,59812
3.4000000000000004,0.31000000000000005,1.3,4,N,59813
3.4000000000000004,0.31000000000000005,1.3,5,N,59814
3.4000000000000004,0.31000000000000005,1.6,1,N,59815
3.4000000000000004,0.31000000000000005,1.6,2,N,59816
3.4000000000000004,0.31000000000000005,1.6,3,N,59817
3.4000000000000004,0.31000000000000005,1.6,4,N,59818
3.4000000000000004,0.31000000000000005,1.6,5,N,59819
3.4000000000000004,0.31000000000000005,1.9,1,N,59820
3.4000000000000004,0.31000000000000005,1.9,2,N,59821
3.4000000000000004,0.31000000000000005,1.9,3,N,59822
3.4000000000000004,0.31000000000000005,1.9,4,N,59823
3.4000000000000004,0.31000000000000005,1.9,5,N,59824
3.4000000000000004,0.31000000000000005,2.2,1,N,59825
3.4000000000000004,0.31000000000000005,2.2,2,N,59826
3.4000000000000004,0.31000000000000005,2.2,3,N,59827
3.4000000000000004,0.31000000000000005,2.2,4,N,59828
3.4000000000000004,0.31000000000000005,2.2,5,N,59829
3.4000000000000004,0.31000000000000005,2.5,1,N,59830
3.4000000000000004,0.31000000000000005,2.5,2,N,59831
3.4000000000000004,0.31000000000000005,2.5,3,N,59832
3.4000000000000004,0.31000000000000005,2.5,4,N,59833
3.4000000000000004,0.31000000000000005,2.5,5,N,59834
3.4000000000000004,0.31000000000000005,2.8000000000000003,1,N,59835
3.4000000000000004,0.31000000000000005,2.8000000000000003,2,N,59836
3.4000000000000004,0.31000000000000005,2.8000000000000003,3,N,59837
3.4000000000000004,0.31000000000000005,2.8000000000000003,4,N,59838
3.4000000000000004,0.31000000000000005,2.8000000000000003,5,N,59839
3.4000000000000004,0.31000000000000005,3.1000000000000005,1,N,59840
3.4000000000000004,0.31000000000000005,3.1000000000000005,2,N,59841
3.4000000000000004,0.31000000000000005,3.1000000000000005,3,N,59842
3.4000000000000004,0.31000000000000005,3.1000000000000005,4,N,59843
3.4000000000000004,0.31000000000000005,3.1000000000000005,5,N,59844
3.4000000000000004,0.31000000000000005,3.4000000000000004,1,N,59845
3.4000000000000004,0.31000000000000005,3.4000000000000004,2,N,59846
3.4000000000000004,0.31000000000000005,3.4000000000000004,3,N,59847
3.4000000000000004,0.31000000000000005,3.4000000000000004,4,N,59848
3.4000000000000004,0.31000000000000005,3.4000000000000004,5,N,59849
3.4000000000000004,0.31000000000000005,3.7,1,N,59850
3.4000000000000004,0.31000000000000005,3.7,2,N,59851
3.4000000000000004,0.31000000000000005,3.7,3,N,59852
3.4000000000000004,0.31000000000000005,3.7,4,N,59853
3.4000000000000004,0.31000000000000005,3.7,5,N,59854
3.4000000000000004,0.31000000000000005,4.0,1,N,59855
3.4000000000000004,0.31000000000000005,4.0,2,N,59856
3.4000000000000004,0.31000000000000005,4.0,3,N,59857
3.4000000000000004,0.31000000000000005,4.0,4,N,59858
3.4000000000000004,0.31000000000000005,4.0,5,N,59859
3.4000000000000004,0.31000000000000005,4.300000000000002,1,N,59860
3.4000000000000004,0.31000000000000005,4.300000000000002,2,N,59861
3.4000000000000004,0.31000000000000005,4.300000000000002,3,N,59862
3.4000000000000004,0.31000000000000005,4.300000000000002,4,N,59863
3.4000000000000004,0.31000000000000005,4.300000000000002,5,N,59864
3.4000000000000004,0.31000000000000005,4.6000000000000005,1,N,59865
3.4000000000000004,0.31000000000000005,4.6000000000000005,2,N,59866
3.4000000000000004,0.31000000000000005,4.6000000000000005,3,N,59867
3.4000000000000004,0.31000000000000005,4.6000000000000005,4,N,59868
3.4000000000000004,0.31000000000000005,4.6000000000000005,5,N,59869
3.4000000000000004,0.31000000000000005,4.9,1,N,59870
3.4000000000000004,0.31000000000000005,4.9,2,N,59871
3.4000000000000004,0.31000000000000005,4.9,3,N,59872
3.4000000000000004,0.31000000000000005,4.9,4,N,59873
3.4000000000000004,0.31000000000000005,4.9,5,N,59874
3.4000000000000004,0.41,0.01,1,N,59875
3.4000000000000004,0.41,0.01,2,N,59876
3.4000000000000004,0.41,0.01,3,N,59877
3.4000000000000004,0.41,0.01,4,N,59878
3.4000000000000004,0.41,0.01,5,N,59879
3.4000000000000004,0.41,0.11,1,N,59880
3.4000000000000004,0.41,0.11,2,N,59881
3.4000000000000004,0.41,0.11,3,N,59882
3.4000000000000004,0.41,0.11,4,N,59883
3.4000000000000004,0.41,0.11,5,N,59884
3.4000000000000004,0.41,0.21,1,N,59885
3.4000000000000004,0.41,0.21,2,N,59886
3.4000000000000004,0.41,0.21,3,N,59887
3.4000000000000004,0.41,0.21,4,N,59888
3.4000000000000004,0.41,0.21,5,N,59889
3.4000000000000004,0.41,0.31000000000000005,1,N,59890
3.4000000000000004,0.41,0.31000000000000005,2,N,59891
3.4000000000000004,0.41,0.31000000000000005,3,N,59892
3.4000000000000004,0.41,0.31000000000000005,4,N,59893
3.4000000000000004,0.41,0.31000000000000005,5,N,59894
3.4000000000000004,0.41,0.41,1,N,59895
3.4000000000000004,0.41,0.41,2,N,59896
3.4000000000000004,0.41,0.41,3,N,59897
3.4000000000000004,0.41,0.41,4,N,59898
3.4000000000000004,0.41,0.41,5,N,59899
3.4000000000000004,0.41,0.51,1,N,59900
3.4000000000000004,0.41,0.51,2,N,59901
3.4000000000000004,0.41,0.51,3,N,59902
3.4000000000000004,0.41,0.51,4,N,59903
3.4000000000000004,0.41,0.51,5,N,59904
3.4000000000000004,0.41,0.6100000000000001,1,N,59905
3.4000000000000004,0.41,0.6100000000000001,2,N,59906
3.4000000000000004,0.41,0.6100000000000001,3,N,59907
3.4000000000000004,0.41,0.6100000000000001,4,N,59908
3.4000000000000004,0.41,0.6100000000000001,5,N,59909
3.4000000000000004,0.41,0.7100000000000001,1,N,59910
3.4000000000000004,0.41,0.7100000000000001,2,N,59911
3.4000000000000004,0.41,0.7100000000000001,3,N,59912
3.4000000000000004,0.41,0.7100000000000001,4,N,59913
3.4000000000000004,0.41,0.7100000000000001,5,N,59914
3.4000000000000004,0.41,0.81,1,N,59915
3.4000000000000004,0.41,0.81,2,N,59916
3.4000000000000004,0.41,0.81,3,N,59917
3.4000000000000004,0.41,0.81,4,N,59918
3.4000000000000004,0.41,0.81,5,N,59919
3.4000000000000004,0.41,0.91,1,N,59920
3.4000000000000004,0.41,0.91,2,N,59921
3.4000000000000004,0.41,0.91,3,N,59922
3.4000000000000004,0.41,0.91,4,N,59923
3.4000000000000004,0.41,0.91,5,N,59924
3.4000000000000004,0.41,1.01,1,N,59925
3.4000000000000004,0.41,1.01,2,N,59926
3.4000000000000004,0.41,1.01,3,N,59927
3.4000000000000004,0.41,1.01,4,N,59928
3.4000000000000004,0.41,1.01,5,N,59929
3.4000000000000004,0.41,1.11,1,N,59930
3.4000000000000004,0.41,1.11,2,N,59931
3.4000000000000004,0.41,1.11,3,N,59932
3.4000000000000004,0.41,1.11,4,N,59933
3.4000000000000004,0.41,1.11,5,N,59934
3.4000000000000004,0.41,1.3,1,N,59935
3.4000000000000004,0.41,1.3,2,N,59936
3.4000000000000004,0.41,1.3,3,N,59937
3.4000000000000004,0.41,1.3,4,N,59938
3.4000000000000004,0.41,1.3,5,N,59939
3.4000000000000004,0.41,1.6,1,N,59940
3.4000000000000004,0.41,1.6,2,N,59941
3.4000000000000004,0.41,1.6,3,N,59942
3.4000000000000004,0.41,1.6,4,N,59943
3.4000000000000004,0.41,1.6,5,N,59944
3.4000000000000004,0.41,1.9,1,N,59945
3.4000000000000004,0.41,1.9,2,N,59946
3.4000000000000004,0.41,1.9,3,N,59947
3.4000000000000004,0.41,1.9,4,N,59948
3.4000000000000004,0.41,1.9,5,N,59949
3.4000000000000004,0.41,2.2,1,N,59950
3.4000000000000004,0.41,2.2,2,N,59951
3.4000000000000004,0.41,2.2,3,N,59952
3.4000000000000004,0.41,2.2,4,N,59953
3.4000000000000004,0.41,2.2,5,N,59954
3.4000000000000004,0.41,2.5,1,N,59955
3.4000000000000004,0.41,2.5,2,N,59956
3.4000000000000004,0.41,2.5,3,N,59957
3.4000000000000004,0.41,2.5,4,N,59958
3.4000000000000004,0.41,2.5,5,N,59959
3.4000000000000004,0.41,2.8000000000000003,1,N,59960
3.4000000000000004,0.41,2.8000000000000003,2,N,59961
3.4000000000000004,0.41,2.8000000000000003,3,N,59962
3.4000000000000004,0.41,2.8000000000000003,4,N,59963
3.4000000000000004,0.41,2.8000000000000003,5,N,59964
3.4000000000000004,0.41,3.1000000000000005,1,N,59965
3.4000000000000004,0.41,3.1000000000000005,2,N,59966
3.4000000000000004,0.41,3.1000000000000005,3,N,59967
3.4000000000000004,0.41,3.1000000000000005,4,N,59968
3.4000000000000004,0.41,3.1000000000000005,5,N,59969
3.4000000000000004,0.41,3.4000000000000004,1,N,59970
3.4000000000000004,0.41,3.4000000000000004,2,N,59971
3.4000000000000004,0.41,3.4000000000000004,3,N,59972
3.4000000000000004,0.41,3.4000000000000004,4,N,59973
3.4000000000000004,0.41,3.4000000000000004,5,N,59974
3.4000000000000004,0.41,3.7,1,N,59975
3.4000000000000004,0.41,3.7,2,N,59976
3.4000000000000004,0.41,3.7,3,N,59977
3.4000000000000004,0.41,3.7,4,N,59978
3.4000000000000004,0.41,3.7,5,N,59979
3.4000000000000004,0.41,4.0,1,N,59980
3.4000000000000004,0.41,4.0,2,N,59981
3.4000000000000004,0.41,4.0,3,N,59982
3.4000000000000004,0.41,4.0,4,N,59983
3.4000000000000004,0.41,4.0,5,N,59984
3.4000000000000004,0.41,4.300000000000002,1,N,59985
3.4000000000000004,0.41,4.300000000000002,2,N,59986
3.4000000000000004,0.41,4.300000000000002,3,N,59987
3.4000000000000004,0.41,4.300000000000002,4,N,59988
3.4000000000000004,0.41,4.300000000000002,5,N,59989
3.4000000000000004,0.41,4.6000000000000005,1,N,59990
3.4000000000000004,0.41,4.6000000000000005,2,N,59991
3.4000000000000004,0.41,4.6000000000000005,3,N,59992
3.4000000000000004,0.41,4.6000000000000005,4,N,59993
3.4000000000000004,0.41,4.6000000000000005,5,N,59994
3.4000000000000004,0.41,4.9,1,N,59995
3.4000000000000004,0.41,4.9,2,N,59996
3.4000000000000004,0.41,4.9,3,N,59997
3.4000000000000004,0.41,4.9,4,N,59998
3.4000000000000004,0.41,4.9,5,N,59999
3.4000000000000004,0.51,0.01,1,N,60000
3.4000000000000004,0.51,0.01,2,N,60001
3.4000000000000004,0.51,0.01,3,N,60002
3.4000000000000004,0.51,0.01,4,N,60003
3.4000000000000004,0.51,0.01,5,N,60004
3.4000000000000004,0.51,0.11,1,N,60005
3.4000000000000004,0.51,0.11,2,N,60006
3.4000000000000004,0.51,0.11,3,N,60007
3.4000000000000004,0.51,0.11,4,N,60008
3.4000000000000004,0.51,0.11,5,N,60009
3.4000000000000004,0.51,0.21,1,N,60010
3.4000000000000004,0.51,0.21,2,N,60011
3.4000000000000004,0.51,0.21,3,N,60012
3.4000000000000004,0.51,0.21,4,N,60013
3.4000000000000004,0.51,0.21,5,N,60014
3.4000000000000004,0.51,0.31000000000000005,1,N,60015
3.4000000000000004,0.51,0.31000000000000005,2,N,60016
3.4000000000000004,0.51,0.31000000000000005,3,N,60017
3.4000000000000004,0.51,0.31000000000000005,4,N,60018
3.4000000000000004,0.51,0.31000000000000005,5,N,60019
3.4000000000000004,0.51,0.41,1,N,60020
3.4000000000000004,0.51,0.41,2,N,60021
3.4000000000000004,0.51,0.41,3,N,60022
3.4000000000000004,0.51,0.41,4,N,60023
3.4000000000000004,0.51,0.41,5,N,60024
3.4000000000000004,0.51,0.51,1,N,60025
3.4000000000000004,0.51,0.51,2,N,60026
3.4000000000000004,0.51,0.51,3,N,60027
3.4000000000000004,0.51,0.51,4,N,60028
3.4000000000000004,0.51,0.51,5,N,60029
3.4000000000000004,0.51,0.6100000000000001,1,N,60030
3.4000000000000004,0.51,0.6100000000000001,2,N,60031
3.4000000000000004,0.51,0.6100000000000001,3,N,60032
3.4000000000000004,0.51,0.6100000000000001,4,N,60033
3.4000000000000004,0.51,0.6100000000000001,5,N,60034
3.4000000000000004,0.51,0.7100000000000001,1,N,60035
3.4000000000000004,0.51,0.7100000000000001,2,N,60036
3.4000000000000004,0.51,0.7100000000000001,3,N,60037
3.4000000000000004,0.51,0.7100000000000001,4,N,60038
3.4000000000000004,0.51,0.7100000000000001,5,N,60039
3.4000000000000004,0.51,0.81,1,N,60040
3.4000000000000004,0.51,0.81,2,N,60041
3.4000000000000004,0.51,0.81,3,N,60042
3.4000000000000004,0.51,0.81,4,N,60043
3.4000000000000004,0.51,0.81,5,N,60044
3.4000000000000004,0.51,0.91,1,N,60045
3.4000000000000004,0.51,0.91,2,N,60046
3.4000000000000004,0.51,0.91,3,N,60047
3.4000000000000004,0.51,0.91,4,N,60048
3.4000000000000004,0.51,0.91,5,N,60049
3.4000000000000004,0.51,1.01,1,N,60050
3.4000000000000004,0.51,1.01,2,N,60051
3.4000000000000004,0.51,1.01,3,N,60052
3.4000000000000004,0.51,1.01,4,N,60053
3.4000000000000004,0.51,1.01,5,N,60054
3.4000000000000004,0.51,1.11,1,N,60055
3.4000000000000004,0.51,1.11,2,N,60056
3.4000000000000004,0.51,1.11,3,N,60057
3.4000000000000004,0.51,1.11,4,N,60058
3.4000000000000004,0.51,1.11,5,N,60059
3.4000000000000004,0.51,1.3,1,N,60060
3.4000000000000004,0.51,1.3,2,N,60061
3.4000000000000004,0.51,1.3,3,N,60062
3.4000000000000004,0.51,1.3,4,N,60063
3.4000000000000004,0.51,1.3,5,N,60064
3.4000000000000004,0.51,1.6,1,N,60065
3.4000000000000004,0.51,1.6,2,N,60066
3.4000000000000004,0.51,1.6,3,N,60067
3.4000000000000004,0.51,1.6,4,N,60068
3.4000000000000004,0.51,1.6,5,N,60069
3.4000000000000004,0.51,1.9,1,N,60070
3.4000000000000004,0.51,1.9,2,N,60071
3.4000000000000004,0.51,1.9,3,N,60072
3.4000000000000004,0.51,1.9,4,N,60073
3.4000000000000004,0.51,1.9,5,N,60074
3.4000000000000004,0.51,2.2,1,N,60075
3.4000000000000004,0.51,2.2,2,N,60076
3.4000000000000004,0.51,2.2,3,N,60077
3.4000000000000004,0.51,2.2,4,N,60078
3.4000000000000004,0.51,2.2,5,N,60079
3.4000000000000004,0.51,2.5,1,N,60080
3.4000000000000004,0.51,2.5,2,N,60081
3.4000000000000004,0.51,2.5,3,N,60082
3.4000000000000004,0.51,2.5,4,N,60083
3.4000000000000004,0.51,2.5,5,N,60084
3.4000000000000004,0.51,2.8000000000000003,1,N,60085
3.4000000000000004,0.51,2.8000000000000003,2,N,60086
3.4000000000000004,0.51,2.8000000000000003,3,N,60087
3.4000000000000004,0.51,2.8000000000000003,4,N,60088
3.4000000000000004,0.51,2.8000000000000003,5,N,60089
3.4000000000000004,0.51,3.1000000000000005,1,N,60090
3.4000000000000004,0.51,3.1000000000000005,2,N,60091
3.4000000000000004,0.51,3.1000000000000005,3,N,60092
3.4000000000000004,0.51,3.1000000000000005,4,N,60093
3.4000000000000004,0.51,3.1000000000000005,5,N,60094
3.4000000000000004,0.51,3.4000000000000004,1,N,60095
3.4000000000000004,0.51,3.4000000000000004,2,N,60096
3.4000000000000004,0.51,3.4000000000000004,3,N,60097
3.4000000000000004,0.51,3.4000000000000004,4,N,60098
3.4000000000000004,0.51,3.4000000000000004,5,N,60099
3.4000000000000004,0.51,3.7,1,N,60100
3.4000000000000004,0.51,3.7,2,N,60101
3.4000000000000004,0.51,3.7,3,N,60102
3.4000000000000004,0.51,3.7,4,N,60103
3.4000000000000004,0.51,3.7,5,N,60104
3.4000000000000004,0.51,4.0,1,N,60105
3.4000000000000004,0.51,4.0,2,N,60106
3.4000000000000004,0.51,4.0,3,N,60107
3.4000000000000004,0.51,4.0,4,N,60108
3.4000000000000004,0.51,4.0,5,N,60109
3.4000000000000004,0.51,4.300000000000002,1,N,60110
3.4000000000000004,0.51,4.300000000000002,2,N,60111
3.4000000000000004,0.51,4.300000000000002,3,N,60112
3.4000000000000004,0.51,4.300000000000002,4,N,60113
3.4000000000000004,0.51,4.300000000000002,5,N,60114
3.4000000000000004,0.51,4.6000000000000005,1,N,60115
3.4000000000000004,0.51,4.6000000000000005,2,N,60116
3.4000000000000004,0.51,4.6000000000000005,3,N,60117
3.4000000000000004,0.51,4.6000000000000005,4,N,60118
3.4000000000000004,0.51,4.6000000000000005,5,N,60119
3.4000000000000004,0.51,4.9,1,N,60120
3.4000000000000004,0.51,4.9,2,N,60121
3.4000000000000004,0.51,4.9,3,N,60122
3.4000000000000004,0.51,4.9,4,N,60123
3.4000000000000004,0.51,4.9,5,N,60124
3.4000000000000004,0.6100000000000001,0.01,1,N,60125
3.4000000000000004,0.6100000000000001,0.01,2,N,60126
3.4000000000000004,0.6100000000000001,0.01,3,N,60127
3.4000000000000004,0.6100000000000001,0.01,4,N,60128
3.4000000000000004,0.6100000000000001,0.01,5,N,60129
3.4000000000000004,0.6100000000000001,0.11,1,N,60130
3.4000000000000004,0.6100000000000001,0.11,2,N,60131
3.4000000000000004,0.6100000000000001,0.11,3,N,60132
3.4000000000000004,0.6100000000000001,0.11,4,N,60133
3.4000000000000004,0.6100000000000001,0.11,5,N,60134
3.4000000000000004,0.6100000000000001,0.21,1,N,60135
3.4000000000000004,0.6100000000000001,0.21,2,N,60136
3.4000000000000004,0.6100000000000001,0.21,3,N,60137
3.4000000000000004,0.6100000000000001,0.21,4,N,60138
3.4000000000000004,0.6100000000000001,0.21,5,N,60139
3.4000000000000004,0.6100000000000001,0.31000000000000005,1,N,60140
3.4000000000000004,0.6100000000000001,0.31000000000000005,2,N,60141
3.4000000000000004,0.6100000000000001,0.31000000000000005,3,N,60142
3.4000000000000004,0.6100000000000001,0.31000000000000005,4,N,60143
3.4000000000000004,0.6100000000000001,0.31000000000000005,5,N,60144
3.4000000000000004,0.6100000000000001,0.41,1,N,60145
3.4000000000000004,0.6100000000000001,0.41,2,N,60146
3.4000000000000004,0.6100000000000001,0.41,3,N,60147
3.4000000000000004,0.6100000000000001,0.41,4,N,60148
3.4000000000000004,0.6100000000000001,0.41,5,N,60149
3.4000000000000004,0.6100000000000001,0.51,1,N,60150
3.4000000000000004,0.6100000000000001,0.51,2,N,60151
3.4000000000000004,0.6100000000000001,0.51,3,N,60152
3.4000000000000004,0.6100000000000001,0.51,4,N,60153
3.4000000000000004,0.6100000000000001,0.51,5,N,60154
3.4000000000000004,0.6100000000000001,0.6100000000000001,1,N,60155
3.4000000000000004,0.6100000000000001,0.6100000000000001,2,N,60156
3.4000000000000004,0.6100000000000001,0.6100000000000001,3,N,60157
3.4000000000000004,0.6100000000000001,0.6100000000000001,4,N,60158
3.4000000000000004,0.6100000000000001,0.6100000000000001,5,N,60159
3.4000000000000004,0.6100000000000001,0.7100000000000001,1,N,60160
3.4000000000000004,0.6100000000000001,0.7100000000000001,2,N,60161
3.4000000000000004,0.6100000000000001,0.7100000000000001,3,N,60162
3.4000000000000004,0.6100000000000001,0.7100000000000001,4,N,60163
3.4000000000000004,0.6100000000000001,0.7100000000000001,5,N,60164
3.4000000000000004,0.6100000000000001,0.81,1,N,60165
3.4000000000000004,0.6100000000000001,0.81,2,N,60166
3.4000000000000004,0.6100000000000001,0.81,3,N,60167
3.4000000000000004,0.6100000000000001,0.81,4,N,60168
3.4000000000000004,0.6100000000000001,0.81,5,N,60169
3.4000000000000004,0.6100000000000001,0.91,1,N,60170
3.4000000000000004,0.6100000000000001,0.91,2,N,60171
3.4000000000000004,0.6100000000000001,0.91,3,N,60172
3.4000000000000004,0.6100000000000001,0.91,4,N,60173
3.4000000000000004,0.6100000000000001,0.91,5,N,60174
3.4000000000000004,0.6100000000000001,1.01,1,N,60175
3.4000000000000004,0.6100000000000001,1.01,2,N,60176
3.4000000000000004,0.6100000000000001,1.01,3,N,60177
3.4000000000000004,0.6100000000000001,1.01,4,N,60178
3.4000000000000004,0.6100000000000001,1.01,5,N,60179
3.4000000000000004,0.6100000000000001,1.11,1,N,60180
3.4000000000000004,0.6100000000000001,1.11,2,N,60181
3.4000000000000004,0.6100000000000001,1.11,3,N,60182
3.4000000000000004,0.6100000000000001,1.11,4,N,60183
3.4000000000000004,0.6100000000000001,1.11,5,N,60184
3.4000000000000004,0.6100000000000001,1.3,1,N,60185
3.4000000000000004,0.6100000000000001,1.3,2,N,60186
3.4000000000000004,0.6100000000000001,1.3,3,N,60187
3.4000000000000004,0.6100000000000001,1.3,4,N,60188
3.4000000000000004,0.6100000000000001,1.3,5,N,60189
3.4000000000000004,0.6100000000000001,1.6,1,N,60190
3.4000000000000004,0.6100000000000001,1.6,2,N,60191
3.4000000000000004,0.6100000000000001,1.6,3,N,60192
3.4000000000000004,0.6100000000000001,1.6,4,N,60193
3.4000000000000004,0.6100000000000001,1.6,5,N,60194
3.4000000000000004,0.6100000000000001,1.9,1,N,60195
3.4000000000000004,0.6100000000000001,1.9,2,N,60196
3.4000000000000004,0.6100000000000001,1.9,3,N,60197
3.4000000000000004,0.6100000000000001,1.9,4,N,60198
3.4000000000000004,0.6100000000000001,1.9,5,N,60199
3.4000000000000004,0.6100000000000001,2.2,1,N,60200
3.4000000000000004,0.6100000000000001,2.2,2,N,60201
3.4000000000000004,0.6100000000000001,2.2,3,N,60202
3.4000000000000004,0.6100000000000001,2.2,4,N,60203
3.4000000000000004,0.6100000000000001,2.2,5,N,60204
3.4000000000000004,0.6100000000000001,2.5,1,N,60205
3.4000000000000004,0.6100000000000001,2.5,2,N,60206
3.4000000000000004,0.6100000000000001,2.5,3,N,60207
3.4000000000000004,0.6100000000000001,2.5,4,N,60208
3.4000000000000004,0.6100000000000001,2.5,5,N,60209
3.4000000000000004,0.6100000000000001,2.8000000000000003,1,N,60210
3.4000000000000004,0.6100000000000001,2.8000000000000003,2,N,60211
3.4000000000000004,0.6100000000000001,2.8000000000000003,3,N,60212
3.4000000000000004,0.6100000000000001,2.8000000000000003,4,N,60213
3.4000000000000004,0.6100000000000001,2.8000000000000003,5,N,60214
3.4000000000000004,0.6100000000000001,3.1000000000000005,1,N,60215
3.4000000000000004,0.6100000000000001,3.1000000000000005,2,N,60216
3.4000000000000004,0.6100000000000001,3.1000000000000005,3,N,60217
3.4000000000000004,0.6100000000000001,3.1000000000000005,4,N,60218
3.4000000000000004,0.6100000000000001,3.1000000000000005,5,N,60219
3.4000000000000004,0.6100000000000001,3.4000000000000004,1,N,60220
3.4000000000000004,0.6100000000000001,3.4000000000000004,2,N,60221
3.4000000000000004,0.6100000000000001,3.4000000000000004,3,N,60222
3.4000000000000004,0.6100000000000001,3.4000000000000004,4,N,60223
3.4000000000000004,0.6100000000000001,3.4000000000000004,5,N,60224
3.4000000000000004,0.6100000000000001,3.7,1,N,60225
3.4000000000000004,0.6100000000000001,3.7,2,N,60226
3.4000000000000004,0.6100000000000001,3.7,3,N,60227
3.4000000000000004,0.6100000000000001,3.7,4,N,60228
3.4000000000000004,0.6100000000000001,3.7,5,N,60229
3.4000000000000004,0.6100000000000001,4.0,1,N,60230
3.4000000000000004,0.6100000000000001,4.0,2,N,60231
3.4000000000000004,0.6100000000000001,4.0,3,N,60232
3.4000000000000004,0.6100000000000001,4.0,4,N,60233
3.4000000000000004,0.6100000000000001,4.0,5,N,60234
3.4000000000000004,0.6100000000000001,4.300000000000002,1,N,60235
3.4000000000000004,0.6100000000000001,4.300000000000002,2,N,60236
3.4000000000000004,0.6100000000000001,4.300000000000002,3,N,60237
3.4000000000000004,0.6100000000000001,4.300000000000002,4,N,60238
3.4000000000000004,0.6100000000000001,4.300000000000002,5,N,60239
3.4000000000000004,0.6100000000000001,4.6000000000000005,1,N,60240
3.4000000000000004,0.6100000000000001,4.6000000000000005,2,N,60241
3.4000000000000004,0.6100000000000001,4.6000000000000005,3,N,60242
3.4000000000000004,0.6100000000000001,4.6000000000000005,4,N,60243
3.4000000000000004,0.6100000000000001,4.6000000000000005,5,N,60244
3.4000000000000004,0.6100000000000001,4.9,1,N,60245
3.4000000000000004,0.6100000000000001,4.9,2,N,60246
3.4000000000000004,0.6100000000000001,4.9,3,N,60247
3.4000000000000004,0.6100000000000001,4.9,4,N,60248
3.4000000000000004,0.6100000000000001,4.9,5,N,60249
3.4000000000000004,0.7100000000000001,0.01,1,N,60250
3.4000000000000004,0.7100000000000001,0.01,2,N,60251
3.4000000000000004,0.7100000000000001,0.01,3,N,60252
3.4000000000000004,0.7100000000000001,0.01,4,N,60253
3.4000000000000004,0.7100000000000001,0.01,5,N,60254
3.4000000000000004,0.7100000000000001,0.11,1,N,60255
3.4000000000000004,0.7100000000000001,0.11,2,N,60256
3.4000000000000004,0.7100000000000001,0.11,3,N,60257
3.4000000000000004,0.7100000000000001,0.11,4,N,60258
3.4000000000000004,0.7100000000000001,0.11,5,N,60259
3.4000000000000004,0.7100000000000001,0.21,1,N,60260
3.4000000000000004,0.7100000000000001,0.21,2,N,60261
3.4000000000000004,0.7100000000000001,0.21,3,N,60262
3.4000000000000004,0.7100000000000001,0.21,4,N,60263
3.4000000000000004,0.7100000000000001,0.21,5,N,60264
3.4000000000000004,0.7100000000000001,0.31000000000000005,1,N,60265
3.4000000000000004,0.7100000000000001,0.31000000000000005,2,N,60266
3.4000000000000004,0.7100000000000001,0.31000000000000005,3,N,60267
3.4000000000000004,0.7100000000000001,0.31000000000000005,4,N,60268
3.4000000000000004,0.7100000000000001,0.31000000000000005,5,N,60269
3.4000000000000004,0.7100000000000001,0.41,1,N,60270
3.4000000000000004,0.7100000000000001,0.41,2,N,60271
3.4000000000000004,0.7100000000000001,0.41,3,N,60272
3.4000000000000004,0.7100000000000001,0.41,4,N,60273
3.4000000000000004,0.7100000000000001,0.41,5,N,60274
3.4000000000000004,0.7100000000000001,0.51,1,N,60275
3.4000000000000004,0.7100000000000001,0.51,2,N,60276
3.4000000000000004,0.7100000000000001,0.51,3,N,60277
3.4000000000000004,0.7100000000000001,0.51,4,N,60278
3.4000000000000004,0.7100000000000001,0.51,5,N,60279
3.4000000000000004,0.7100000000000001,0.6100000000000001,1,N,60280
3.4000000000000004,0.7100000000000001,0.6100000000000001,2,N,60281
3.4000000000000004,0.7100000000000001,0.6100000000000001,3,N,60282
3.4000000000000004,0.7100000000000001,0.6100000000000001,4,N,60283
3.4000000000000004,0.7100000000000001,0.6100000000000001,5,N,60284
3.4000000000000004,0.7100000000000001,0.7100000000000001,1,N,60285
3.4000000000000004,0.7100000000000001,0.7100000000000001,2,N,60286
3.4000000000000004,0.7100000000000001,0.7100000000000001,3,N,60287
3.4000000000000004,0.7100000000000001,0.7100000000000001,4,N,60288
3.4000000000000004,0.7100000000000001,0.7100000000000001,5,N,60289
3.4000000000000004,0.7100000000000001,0.81,1,N,60290
3.4000000000000004,0.7100000000000001,0.81,2,N,60291
3.4000000000000004,0.7100000000000001,0.81,3,N,60292
3.4000000000000004,0.7100000000000001,0.81,4,N,60293
3.4000000000000004,0.7100000000000001,0.81,5,N,60294
3.4000000000000004,0.7100000000000001,0.91,1,N,60295
3.4000000000000004,0.7100000000000001,0.91,2,N,60296
3.4000000000000004,0.7100000000000001,0.91,3,N,60297
3.4000000000000004,0.7100000000000001,0.91,4,N,60298
3.4000000000000004,0.7100000000000001,0.91,5,N,60299
3.4000000000000004,0.7100000000000001,1.01,1,N,60300
3.4000000000000004,0.7100000000000001,1.01,2,N,60301
3.4000000000000004,0.7100000000000001,1.01,3,N,60302
3.4000000000000004,0.7100000000000001,1.01,4,N,60303
3.4000000000000004,0.7100000000000001,1.01,5,N,60304
3.4000000000000004,0.7100000000000001,1.11,1,N,60305
3.4000000000000004,0.7100000000000001,1.11,2,N,60306
3.4000000000000004,0.7100000000000001,1.11,3,N,60307
3.4000000000000004,0.7100000000000001,1.11,4,N,60308
3.4000000000000004,0.7100000000000001,1.11,5,N,60309
3.4000000000000004,0.7100000000000001,1.3,1,N,60310
3.4000000000000004,0.7100000000000001,1.3,2,N,60311
3.4000000000000004,0.7100000000000001,1.3,3,N,60312
3.4000000000000004,0.7100000000000001,1.3,4,N,60313
3.4000000000000004,0.7100000000000001,1.3,5,N,60314
3.4000000000000004,0.7100000000000001,1.6,1,N,60315
3.4000000000000004,0.7100000000000001,1.6,2,N,60316
3.4000000000000004,0.7100000000000001,1.6,3,N,60317
3.4000000000000004,0.7100000000000001,1.6,4,N,60318
3.4000000000000004,0.7100000000000001,1.6,5,N,60319
3.4000000000000004,0.7100000000000001,1.9,1,N,60320
3.4000000000000004,0.7100000000000001,1.9,2,N,60321
3.4000000000000004,0.7100000000000001,1.9,3,N,60322
3.4000000000000004,0.7100000000000001,1.9,4,N,60323
3.4000000000000004,0.7100000000000001,1.9,5,N,60324
3.4000000000000004,0.7100000000000001,2.2,1,N,60325
3.4000000000000004,0.7100000000000001,2.2,2,N,60326
3.4000000000000004,0.7100000000000001,2.2,3,N,60327
3.4000000000000004,0.7100000000000001,2.2,4,N,60328
3.4000000000000004,0.7100000000000001,2.2,5,N,60329
3.4000000000000004,0.7100000000000001,2.5,1,N,60330
3.4000000000000004,0.7100000000000001,2.5,2,N,60331
3.4000000000000004,0.7100000000000001,2.5,3,N,60332
3.4000000000000004,0.7100000000000001,2.5,4,N,60333
3.4000000000000004,0.7100000000000001,2.5,5,N,60334
3.4000000000000004,0.7100000000000001,2.8000000000000003,1,N,60335
3.4000000000000004,0.7100000000000001,2.8000000000000003,2,N,60336
3.4000000000000004,0.7100000000000001,2.8000000000000003,3,N,60337
3.4000000000000004,0.7100000000000001,2.8000000000000003,4,N,60338
3.4000000000000004,0.7100000000000001,2.8000000000000003,5,N,60339
3.4000000000000004,0.7100000000000001,3.1000000000000005,1,N,60340
3.4000000000000004,0.7100000000000001,3.1000000000000005,2,N,60341
3.4000000000000004,0.7100000000000001,3.1000000000000005,3,N,60342
3.4000000000000004,0.7100000000000001,3.1000000000000005,4,N,60343
3.4000000000000004,0.7100000000000001,3.1000000000000005,5,N,60344
3.4000000000000004,0.7100000000000001,3.4000000000000004,1,N,60345
3.4000000000000004,0.7100000000000001,3.4000000000000004,2,N,60346
3.4000000000000004,0.7100000000000001,3.4000000000000004,3,N,60347
3.4000000000000004,0.7100000000000001,3.4000000000000004,4,N,60348
3.4000000000000004,0.7100000000000001,3.4000000000000004,5,N,60349
3.4000000000000004,0.7100000000000001,3.7,1,N,60350
3.4000000000000004,0.7100000000000001,3.7,2,N,60351
3.4000000000000004,0.7100000000000001,3.7,3,N,60352
3.4000000000000004,0.7100000000000001,3.7,4,N,60353
3.4000000000000004,0.7100000000000001,3.7,5,N,60354
3.4000000000000004,0.7100000000000001,4.0,1,N,60355
3.4000000000000004,0.7100000000000001,4.0,2,N,60356
3.4000000000000004,0.7100000000000001,4.0,3,N,60357
3.4000000000000004,0.7100000000000001,4.0,4,N,60358
3.4000000000000004,0.7100000000000001,4.0,5,N,60359
3.4000000000000004,0.7100000000000001,4.300000000000002,1,N,60360
3.4000000000000004,0.7100000000000001,4.300000000000002,2,N,60361
3.4000000000000004,0.7100000000000001,4.300000000000002,3,N,60362
3.4000000000000004,0.7100000000000001,4.300000000000002,4,N,60363
3.4000000000000004,0.7100000000000001,4.300000000000002,5,N,60364
3.4000000000000004,0.7100000000000001,4.6000000000000005,1,N,60365
3.4000000000000004,0.7100000000000001,4.6000000000000005,2,N,60366
3.4000000000000004,0.7100000000000001,4.6000000000000005,3,N,60367
3.4000000000000004,0.7100000000000001,4.6000000000000005,4,N,60368
3.4000000000000004,0.7100000000000001,4.6000000000000005,5,N,60369
3.4000000000000004,0.7100000000000001,4.9,1,N,60370
3.4000000000000004,0.7100000000000001,4.9,2,N,60371
3.4000000000000004,0.7100000000000001,4.9,3,N,60372
3.4000000000000004,0.7100000000000001,4.9,4,N,60373
3.4000000000000004,0.7100000000000001,4.9,5,N,60374
3.4000000000000004,0.81,0.01,1,N,60375
3.4000000000000004,0.81,0.01,2,N,60376
3.4000000000000004,0.81,0.01,3,N,60377
3.4000000000000004,0.81,0.01,4,N,60378
3.4000000000000004,0.81,0.01,5,N,60379
3.4000000000000004,0.81,0.11,1,N,60380
3.4000000000000004,0.81,0.11,2,N,60381
3.4000000000000004,0.81,0.11,3,N,60382
3.4000000000000004,0.81,0.11,4,N,60383
3.4000000000000004,0.81,0.11,5,N,60384
3.4000000000000004,0.81,0.21,1,N,60385
3.4000000000000004,0.81,0.21,2,N,60386
3.4000000000000004,0.81,0.21,3,N,60387
3.4000000000000004,0.81,0.21,4,N,60388
3.4000000000000004,0.81,0.21,5,N,60389
3.4000000000000004,0.81,0.31000000000000005,1,N,60390
3.4000000000000004,0.81,0.31000000000000005,2,N,60391
3.4000000000000004,0.81,0.31000000000000005,3,N,60392
3.4000000000000004,0.81,0.31000000000000005,4,N,60393
3.4000000000000004,0.81,0.31000000000000005,5,N,60394
3.4000000000000004,0.81,0.41,1,N,60395
3.4000000000000004,0.81,0.41,2,N,60396
3.4000000000000004,0.81,0.41,3,N,60397
3.4000000000000004,0.81,0.41,4,N,60398
3.4000000000000004,0.81,0.41,5,N,60399
3.4000000000000004,0.81,0.51,1,N,60400
3.4000000000000004,0.81,0.51,2,N,60401
3.4000000000000004,0.81,0.51,3,N,60402
3.4000000000000004,0.81,0.51,4,N,60403
3.4000000000000004,0.81,0.51,5,N,60404
3.4000000000000004,0.81,0.6100000000000001,1,N,60405
3.4000000000000004,0.81,0.6100000000000001,2,N,60406
3.4000000000000004,0.81,0.6100000000000001,3,N,60407
3.4000000000000004,0.81,0.6100000000000001,4,N,60408
3.4000000000000004,0.81,0.6100000000000001,5,N,60409
3.4000000000000004,0.81,0.7100000000000001,1,N,60410
3.4000000000000004,0.81,0.7100000000000001,2,N,60411
3.4000000000000004,0.81,0.7100000000000001,3,N,60412
3.4000000000000004,0.81,0.7100000000000001,4,N,60413
3.4000000000000004,0.81,0.7100000000000001,5,N,60414
3.4000000000000004,0.81,0.81,1,N,60415
3.4000000000000004,0.81,0.81,2,N,60416
3.4000000000000004,0.81,0.81,3,N,60417
3.4000000000000004,0.81,0.81,4,N,60418
3.4000000000000004,0.81,0.81,5,N,60419
3.4000000000000004,0.81,0.91,1,N,60420
3.4000000000000004,0.81,0.91,2,N,60421
3.4000000000000004,0.81,0.91,3,N,60422
3.4000000000000004,0.81,0.91,4,N,60423
3.4000000000000004,0.81,0.91,5,N,60424
3.4000000000000004,0.81,1.01,1,N,60425
3.4000000000000004,0.81,1.01,2,N,60426
3.4000000000000004,0.81,1.01,3,Y,60427
3.4000000000000004,0.81,1.01,4,N,60428
3.4000000000000004,0.81,1.01,5,N,60429
3.4000000000000004,0.81,1.11,1,N,60430
3.4000000000000004,0.81,1.11,2,N,60431
3.4000000000000004,0.81,1.11,3,N,60432
3.4000000000000004,0.81,1.11,4,N,60433
3.4000000000000004,0.81,1.11,5,N,60434
3.4000000000000004,0.81,1.3,1,N,60435
3.4000000000000004,0.81,1.3,2,N,60436
3.4000000000000004,0.81,1.3,3,N,60437
3.4000000000000004,0.81,1.3,4,N,60438
3.4000000000000004,0.81,1.3,5,N,60439
3.4000000000000004,0.81,1.6,1,N,60440
3.4000000000000004,0.81,1.6,2,N,60441
3.4000000000000004,0.81,1.6,3,N,60442
3.4000000000000004,0.81,1.6,4,N,60443
3.4000000000000004,0.81,1.6,5,N,60444
3.4000000000000004,0.81,1.9,1,N,60445
3.4000000000000004,0.81,1.9,2,N,60446
3.4000000000000004,0.81,1.9,3,N,60447
3.4000000000000004,0.81,1.9,4,N,60448
3.4000000000000004,0.81,1.9,5,N,60449
3.4000000000000004,0.81,2.2,1,N,60450
3.4000000000000004,0.81,2.2,2,N,60451
3.4000000000000004,0.81,2.2,3,N,60452
3.4000000000000004,0.81,2.2,4,N,60453
3.4000000000000004,0.81,2.2,5,N,60454
3.4000000000000004,0.81,2.5,1,N,60455
3.4000000000000004,0.81,2.5,2,N,60456
3.4000000000000004,0.81,2.5,3,N,60457
3.4000000000000004,0.81,2.5,4,N,60458
3.4000000000000004,0.81,2.5,5,N,60459
3.4000000000000004,0.81,2.8000000000000003,1,N,60460
3.4000000000000004,0.81,2.8000000000000003,2,N,60461
3.4000000000000004,0.81,2.8000000000000003,3,N,60462
3.4000000000000004,0.81,2.8000000000000003,4,N,60463
3.4000000000000004,0.81,2.8000000000000003,5,N,60464
3.4000000000000004,0.81,3.1000000000000005,1,N,60465
3.4000000000000004,0.81,3.1000000000000005,2,N,60466
3.4000000000000004,0.81,3.1000000000000005,3,N,60467
3.4000000000000004,0.81,3.1000000000000005,4,N,60468
3.4000000000000004,0.81,3.1000000000000005,5,N,60469
3.4000000000000004,0.81,3.4000000000000004,1,N,60470
3.4000000000000004,0.81,3.4000000000000004,2,N,60471
3.4000000000000004,0.81,3.4000000000000004,3,N,60472
3.4000000000000004,0.81,3.4000000000000004,4,N,60473
3.4000000000000004,0.81,3.4000000000000004,5,N,60474
3.4000000000000004,0.81,3.7,1,N,60475
3.4000000000000004,0.81,3.7,2,N,60476
3.4000000000000004,0.81,3.7,3,N,60477
3.4000000000000004,0.81,3.7,4,N,60478
3.4000000000000004,0.81,3.7,5,N,60479
3.4000000000000004,0.81,4.0,1,N,60480
3.4000000000000004,0.81,4.0,2,N,60481
3.4000000000000004,0.81,4.0,3,N,60482
3.4000000000000004,0.81,4.0,4,N,60483
3.4000000000000004,0.81,4.0,5,N,60484
3.4000000000000004,0.81,4.300000000000002,1,N,60485
3.4000000000000004,0.81,4.300000000000002,2,N,60486
3.4000000000000004,0.81,4.300000000000002,3,N,60487
3.4000000000000004,0.81,4.300000000000002,4,N,60488
3.4000000000000004,0.81,4.300000000000002,5,N,60489
3.4000000000000004,0.81,4.6000000000000005,1,N,60490
3.4000000000000004,0.81,4.6000000000000005,2,N,60491
3.4000000000000004,0.81,4.6000000000000005,3,N,60492
3.4000000000000004,0.81,4.6000000000000005,4,N,60493
3.4000000000000004,0.81,4.6000000000000005,5,N,60494
3.4000000000000004,0.81,4.9,1,N,60495
3.4000000000000004,0.81,4.9,2,N,60496
3.4000000000000004,0.81,4.9,3,N,60497
3.4000000000000004,0.81,4.9,4,N,60498
3.4000000000000004,0.81,4.9,5,N,60499
3.4000000000000004,0.91,0.01,1,N,60500
3.4000000000000004,0.91,0.01,2,N,60501
3.4000000000000004,0.91,0.01,3,N,60502
3.4000000000000004,0.91,0.01,4,N,60503
3.4000000000000004,0.91,0.01,5,N,60504
3.4000000000000004,0.91,0.11,1,N,60505
3.4000000000000004,0.91,0.11,2,N,60506
3.4000000000000004,0.91,0.11,3,N,60507
3.4000000000000004,0.91,0.11,4,N,60508
3.4000000000000004,0.91,0.11,5,N,60509
3.4000000000000004,0.91,0.21,1,N,60510
3.4000000000000004,0.91,0.21,2,N,60511
3.4000000000000004,0.91,0.21,3,N,60512
3.4000000000000004,0.91,0.21,4,N,60513
3.4000000000000004,0.91,0.21,5,N,60514
3.4000000000000004,0.91,0.31000000000000005,1,N,60515
3.4000000000000004,0.91,0.31000000000000005,2,N,60516
3.4000000000000004,0.91,0.31000000000000005,3,N,60517
3.4000000000000004,0.91,0.31000000000000005,4,N,60518
3.4000000000000004,0.91,0.31000000000000005,5,N,60519
3.4000000000000004,0.91,0.41,1,N,60520
3.4000000000000004,0.91,0.41,2,N,60521
3.4000000000000004,0.91,0.41,3,N,60522
3.4000000000000004,0.91,0.41,4,N,60523
3.4000000000000004,0.91,0.41,5,N,60524
3.4000000000000004,0.91,0.51,1,N,60525
3.4000000000000004,0.91,0.51,2,N,60526
3.4000000000000004,0.91,0.51,3,N,60527
3.4000000000000004,0.91,0.51,4,N,60528
3.4000000000000004,0.91,0.51,5,N,60529
3.4000000000000004,0.91,0.6100000000000001,1,N,60530
3.4000000000000004,0.91,0.6100000000000001,2,N,60531
3.4000000000000004,0.91,0.6100000000000001,3,N,60532
3.4000000000000004,0.91,0.6100000000000001,4,N,60533
3.4000000000000004,0.91,0.6100000000000001,5,N,60534
3.4000000000000004,0.91,0.7100000000000001,1,N,60535
3.4000000000000004,0.91,0.7100000000000001,2,N,60536
3.4000000000000004,0.91,0.7100000000000001,3,N,60537
3.4000000000000004,0.91,0.7100000000000001,4,N,60538
3.4000000000000004,0.91,0.7100000000000001,5,N,60539
3.4000000000000004,0.91,0.81,1,N,60540
3.4000000000000004,0.91,0.81,2,N,60541
3.4000000000000004,0.91,0.81,3,N,60542
3.4000000000000004,0.91,0.81,4,N,60543
3.4000000000000004,0.91,0.81,5,N,60544
3.4000000000000004,0.91,0.91,1,N,60545
3.4000000000000004,0.91,0.91,2,N,60546
3.4000000000000004,0.91,0.91,3,N,60547
3.4000000000000004,0.91,0.91,4,N,60548
3.4000000000000004,0.91,0.91,5,N,60549
3.4000000000000004,0.91,1.01,1,N,60550
3.4000000000000004,0.91,1.01,2,N,60551
3.4000000000000004,0.91,1.01,3,N,60552
3.4000000000000004,0.91,1.01,4,N,60553
3.4000000000000004,0.91,1.01,5,N,60554
3.4000000000000004,0.91,1.11,1,N,60555
3.4000000000000004,0.91,1.11,2,N,60556
3.4000000000000004,0.91,1.11,3,N,60557
3.4000000000000004,0.91,1.11,4,N,60558
3.4000000000000004,0.91,1.11,5,N,60559
3.4000000000000004,0.91,1.3,1,N,60560
3.4000000000000004,0.91,1.3,2,N,60561
3.4000000000000004,0.91,1.3,3,N,60562
3.4000000000000004,0.91,1.3,4,N,60563
3.4000000000000004,0.91,1.3,5,N,60564
3.4000000000000004,0.91,1.6,1,N,60565
3.4000000000000004,0.91,1.6,2,N,60566
3.4000000000000004,0.91,1.6,3,N,60567
3.4000000000000004,0.91,1.6,4,N,60568
3.4000000000000004,0.91,1.6,5,N,60569
3.4000000000000004,0.91,1.9,1,N,60570
3.4000000000000004,0.91,1.9,2,N,60571
3.4000000000000004,0.91,1.9,3,N,60572
3.4000000000000004,0.91,1.9,4,N,60573
3.4000000000000004,0.91,1.9,5,N,60574
3.4000000000000004,0.91,2.2,1,N,60575
3.4000000000000004,0.91,2.2,2,N,60576
3.4000000000000004,0.91,2.2,3,N,60577
3.4000000000000004,0.91,2.2,4,N,60578
3.4000000000000004,0.91,2.2,5,N,60579
3.4000000000000004,0.91,2.5,1,N,60580
3.4000000000000004,0.91,2.5,2,N,60581
3.4000000000000004,0.91,2.5,3,N,60582
3.4000000000000004,0.91,2.5,4,N,60583
3.4000000000000004,0.91,2.5,5,N,60584
3.4000000000000004,0.91,2.8000000000000003,1,N,60585
3.4000000000000004,0.91,2.8000000000000003,2,N,60586
3.4000000000000004,0.91,2.8000000000000003,3,N,60587
3.4000000000000004,0.91,2.8000000000000003,4,N,60588
3.4000000000000004,0.91,2.8000000000000003,5,N,60589
3.4000000000000004,0.91,3.1000000000000005,1,N,60590
3.4000000000000004,0.91,3.1000000000000005,2,N,60591
3.4000000000000004,0.91,3.1000000000000005,3,N,60592
3.4000000000000004,0.91,3.1000000000000005,4,N,60593
3.4000000000000004,0.91,3.1000000000000005,5,N,60594
3.4000000000000004,0.91,3.4000000000000004,1,N,60595
3.4000000000000004,0.91,3.4000000000000004,2,N,60596
3.4000000000000004,0.91,3.4000000000000004,3,N,60597
3.4000000000000004,0.91,3.4000000000000004,4,N,60598
3.4000000000000004,0.91,3.4000000000000004,5,N,60599
3.4000000000000004,0.91,3.7,1,N,60600
3.4000000000000004,0.91,3.7,2,N,60601
3.4000000000000004,0.91,3.7,3,N,60602
3.4000000000000004,0.91,3.7,4,N,60603
3.4000000000000004,0.91,3.7,5,N,60604
3.4000000000000004,0.91,4.0,1,N,60605
3.4000000000000004,0.91,4.0,2,N,60606
3.4000000000000004,0.91,4.0,3,N,60607
3.4000000000000004,0.91,4.0,4,N,60608
3.4000000000000004,0.91,4.0,5,N,60609
3.4000000000000004,0.91,4.300000000000002,1,N,60610
3.4000000000000004,0.91,4.300000000000002,2,N,60611
3.4000000000000004,0.91,4.300000000000002,3,N,60612
3.4000000000000004,0.91,4.300000000000002,4,N,60613
3.4000000000000004,0.91,4.300000000000002,5,N,60614
3.4000000000000004,0.91,4.6000000000000005,1,N,60615
3.4000000000000004,0.91,4.6000000000000005,2,N,60616
3.4000000000000004,0.91,4.6000000000000005,3,N,60617
3.4000000000000004,0.91,4.6000000000000005,4,N,60618
3.4000000000000004,0.91,4.6000000000000005,5,N,60619
3.4000000000000004,0.91,4.9,1,N,60620
3.4000000000000004,0.91,4.9,2,N,60621
3.4000000000000004,0.91,4.9,3,N,60622
3.4000000000000004,0.91,4.9,4,N,60623
3.4000000000000004,0.91,4.9,5,N,60624
3.4000000000000004,1.01,0.01,1,N,60625
3.4000000000000004,1.01,0.01,2,N,60626
3.4000000000000004,1.01,0.01,3,N,60627
3.4000000000000004,1.01,0.01,4,N,60628
3.4000000000000004,1.01,0.01,5,N,60629
3.4000000000000004,1.01,0.11,1,N,60630
3.4000000000000004,1.01,0.11,2,N,60631
3.4000000000000004,1.01,0.11,3,N,60632
3.4000000000000004,1.01,0.11,4,N,60633
3.4000000000000004,1.01,0.11,5,N,60634
3.4000000000000004,1.01,0.21,1,N,60635
3.4000000000000004,1.01,0.21,2,N,60636
3.4000000000000004,1.01,0.21,3,N,60637
3.4000000000000004,1.01,0.21,4,N,60638
3.4000000000000004,1.01,0.21,5,N,60639
3.4000000000000004,1.01,0.31000000000000005,1,N,60640
3.4000000000000004,1.01,0.31000000000000005,2,N,60641
3.4000000000000004,1.01,0.31000000000000005,3,N,60642
3.4000000000000004,1.01,0.31000000000000005,4,N,60643
3.4000000000000004,1.01,0.31000000000000005,5,N,60644
3.4000000000000004,1.01,0.41,1,N,60645
3.4000000000000004,1.01,0.41,2,N,60646
3.4000000000000004,1.01,0.41,3,N,60647
3.4000000000000004,1.01,0.41,4,N,60648
3.4000000000000004,1.01,0.41,5,N,60649
3.4000000000000004,1.01,0.51,1,N,60650
3.4000000000000004,1.01,0.51,2,N,60651
3.4000000000000004,1.01,0.51,3,N,60652
3.4000000000000004,1.01,0.51,4,N,60653
3.4000000000000004,1.01,0.51,5,N,60654
3.4000000000000004,1.01,0.6100000000000001,1,N,60655
3.4000000000000004,1.01,0.6100000000000001,2,N,60656
3.4000000000000004,1.01,0.6100000000000001,3,N,60657
3.4000000000000004,1.01,0.6100000000000001,4,N,60658
3.4000000000000004,1.01,0.6100000000000001,5,N,60659
3.4000000000000004,1.01,0.7100000000000001,1,N,60660
3.4000000000000004,1.01,0.7100000000000001,2,N,60661
3.4000000000000004,1.01,0.7100000000000001,3,N,60662
3.4000000000000004,1.01,0.7100000000000001,4,N,60663
3.4000000000000004,1.01,0.7100000000000001,5,N,60664
3.4000000000000004,1.01,0.81,1,N,60665
3.4000000000000004,1.01,0.81,2,N,60666
3.4000000000000004,1.01,0.81,3,N,60667
3.4000000000000004,1.01,0.81,4,N,60668
3.4000000000000004,1.01,0.81,5,N,60669
3.4000000000000004,1.01,0.91,1,N,60670
3.4000000000000004,1.01,0.91,2,N,60671
3.4000000000000004,1.01,0.91,3,N,60672
3.4000000000000004,1.01,0.91,4,N,60673
3.4000000000000004,1.01,0.91,5,N,60674
3.4000000000000004,1.01,1.01,1,N,60675
3.4000000000000004,1.01,1.01,2,N,60676
3.4000000000000004,1.01,1.01,3,N,60677
3.4000000000000004,1.01,1.01,4,N,60678
3.4000000000000004,1.01,1.01,5,N,60679
3.4000000000000004,1.01,1.11,1,N,60680
3.4000000000000004,1.01,1.11,2,N,60681
3.4000000000000004,1.01,1.11,3,N,60682
3.4000000000000004,1.01,1.11,4,N,60683
3.4000000000000004,1.01,1.11,5,N,60684
3.4000000000000004,1.01,1.3,1,N,60685
3.4000000000000004,1.01,1.3,2,N,60686
3.4000000000000004,1.01,1.3,3,N,60687
3.4000000000000004,1.01,1.3,4,N,60688
3.4000000000000004,1.01,1.3,5,N,60689
3.4000000000000004,1.01,1.6,1,N,60690
3.4000000000000004,1.01,1.6,2,N,60691
3.4000000000000004,1.01,1.6,3,N,60692
3.4000000000000004,1.01,1.6,4,N,60693
3.4000000000000004,1.01,1.6,5,N,60694
3.4000000000000004,1.01,1.9,1,N,60695
3.4000000000000004,1.01,1.9,2,N,60696
3.4000000000000004,1.01,1.9,3,N,60697
3.4000000000000004,1.01,1.9,4,N,60698
3.4000000000000004,1.01,1.9,5,N,60699
3.4000000000000004,1.01,2.2,1,N,60700
3.4000000000000004,1.01,2.2,2,N,60701
3.4000000000000004,1.01,2.2,3,N,60702
3.4000000000000004,1.01,2.2,4,N,60703
3.4000000000000004,1.01,2.2,5,N,60704
3.4000000000000004,1.01,2.5,1,N,60705
3.4000000000000004,1.01,2.5,2,N,60706
3.4000000000000004,1.01,2.5,3,N,60707
3.4000000000000004,1.01,2.5,4,N,60708
3.4000000000000004,1.01,2.5,5,N,60709
3.4000000000000004,1.01,2.8000000000000003,1,N,60710
3.4000000000000004,1.01,2.8000000000000003,2,N,60711
3.4000000000000004,1.01,2.8000000000000003,3,N,60712
3.4000000000000004,1.01,2.8000000000000003,4,N,60713
3.4000000000000004,1.01,2.8000000000000003,5,N,60714
3.4000000000000004,1.01,3.1000000000000005,1,N,60715
3.4000000000000004,1.01,3.1000000000000005,2,N,60716
3.4000000000000004,1.01,3.1000000000000005,3,N,60717
3.4000000000000004,1.01,3.1000000000000005,4,N,60718
3.4000000000000004,1.01,3.1000000000000005,5,N,60719
3.4000000000000004,1.01,3.4000000000000004,1,N,60720
3.4000000000000004,1.01,3.4000000000000004,2,N,60721
3.4000000000000004,1.01,3.4000000000000004,3,N,60722
3.4000000000000004,1.01,3.4000000000000004,4,N,60723
3.4000000000000004,1.01,3.4000000000000004,5,N,60724
3.4000000000000004,1.01,3.7,1,N,60725
3.4000000000000004,1.01,3.7,2,N,60726
3.4000000000000004,1.01,3.7,3,N,60727
3.4000000000000004,1.01,3.7,4,N,60728
3.4000000000000004,1.01,3.7,5,N,60729
3.4000000000000004,1.01,4.0,1,N,60730
3.4000000000000004,1.01,4.0,2,N,60731
3.4000000000000004,1.01,4.0,3,N,60732
3.4000000000000004,1.01,4.0,4,N,60733
3.4000000000000004,1.01,4.0,5,N,60734
3.4000000000000004,1.01,4.300000000000002,1,N,60735
3.4000000000000004,1.01,4.300000000000002,2,N,60736
3.4000000000000004,1.01,4.300000000000002,3,N,60737
3.4000000000000004,1.01,4.300000000000002,4,N,60738
3.4000000000000004,1.01,4.300000000000002,5,N,60739
3.4000000000000004,1.01,4.6000000000000005,1,N,60740
3.4000000000000004,1.01,4.6000000000000005,2,N,60741
3.4000000000000004,1.01,4.6000000000000005,3,N,60742
3.4000000000000004,1.01,4.6000000000000005,4,N,60743
3.4000000000000004,1.01,4.6000000000000005,5,N,60744
3.4000000000000004,1.01,4.9,1,N,60745
3.4000000000000004,1.01,4.9,2,N,60746
3.4000000000000004,1.01,4.9,3,N,60747
3.4000000000000004,1.01,4.9,4,N,60748
3.4000000000000004,1.01,4.9,5,N,60749
3.4000000000000004,1.11,0.01,1,N,60750
3.4000000000000004,1.11,0.01,2,N,60751
3.4000000000000004,1.11,0.01,3,N,60752
3.4000000000000004,1.11,0.01,4,N,60753
3.4000000000000004,1.11,0.01,5,N,60754
3.4000000000000004,1.11,0.11,1,N,60755
3.4000000000000004,1.11,0.11,2,N,60756
3.4000000000000004,1.11,0.11,3,N,60757
3.4000000000000004,1.11,0.11,4,N,60758
3.4000000000000004,1.11,0.11,5,N,60759
3.4000000000000004,1.11,0.21,1,N,60760
3.4000000000000004,1.11,0.21,2,N,60761
3.4000000000000004,1.11,0.21,3,N,60762
3.4000000000000004,1.11,0.21,4,N,60763
3.4000000000000004,1.11,0.21,5,N,60764
3.4000000000000004,1.11,0.31000000000000005,1,N,60765
3.4000000000000004,1.11,0.31000000000000005,2,N,60766
3.4000000000000004,1.11,0.31000000000000005,3,N,60767
3.4000000000000004,1.11,0.31000000000000005,4,N,60768
3.4000000000000004,1.11,0.31000000000000005,5,N,60769
3.4000000000000004,1.11,0.41,1,N,60770
3.4000000000000004,1.11,0.41,2,N,60771
3.4000000000000004,1.11,0.41,3,N,60772
3.4000000000000004,1.11,0.41,4,N,60773
3.4000000000000004,1.11,0.41,5,N,60774
3.4000000000000004,1.11,0.51,1,N,60775
3.4000000000000004,1.11,0.51,2,N,60776
3.4000000000000004,1.11,0.51,3,N,60777
3.4000000000000004,1.11,0.51,4,N,60778
3.4000000000000004,1.11,0.51,5,N,60779
3.4000000000000004,1.11,0.6100000000000001,1,N,60780
3.4000000000000004,1.11,0.6100000000000001,2,N,60781
3.4000000000000004,1.11,0.6100000000000001,3,N,60782
3.4000000000000004,1.11,0.6100000000000001,4,N,60783
3.4000000000000004,1.11,0.6100000000000001,5,N,60784
3.4000000000000004,1.11,0.7100000000000001,1,N,60785
3.4000000000000004,1.11,0.7100000000000001,2,N,60786
3.4000000000000004,1.11,0.7100000000000001,3,N,60787
3.4000000000000004,1.11,0.7100000000000001,4,N,60788
3.4000000000000004,1.11,0.7100000000000001,5,N,60789
3.4000000000000004,1.11,0.81,1,N,60790
3.4000000000000004,1.11,0.81,2,N,60791
3.4000000000000004,1.11,0.81,3,N,60792
3.4000000000000004,1.11,0.81,4,N,60793
3.4000000000000004,1.11,0.81,5,N,60794
3.4000000000000004,1.11,0.91,1,N,60795
3.4000000000000004,1.11,0.91,2,N,60796
3.4000000000000004,1.11,0.91,3,N,60797
3.4000000000000004,1.11,0.91,4,N,60798
3.4000000000000004,1.11,0.91,5,N,60799
3.4000000000000004,1.11,1.01,1,N,60800
3.4000000000000004,1.11,1.01,2,N,60801
3.4000000000000004,1.11,1.01,3,N,60802
3.4000000000000004,1.11,1.01,4,N,60803
3.4000000000000004,1.11,1.01,5,N,60804
3.4000000000000004,1.11,1.11,1,N,60805
3.4000000000000004,1.11,1.11,2,N,60806
3.4000000000000004,1.11,1.11,3,N,60807
3.4000000000000004,1.11,1.11,4,N,60808
3.4000000000000004,1.11,1.11,5,N,60809
3.4000000000000004,1.11,1.3,1,N,60810
3.4000000000000004,1.11,1.3,2,N,60811
3.4000000000000004,1.11,1.3,3,N,60812
3.4000000000000004,1.11,1.3,4,N,60813
3.4000000000000004,1.11,1.3,5,N,60814
3.4000000000000004,1.11,1.6,1,N,60815
3.4000000000000004,1.11,1.6,2,N,60816
3.4000000000000004,1.11,1.6,3,N,60817
3.4000000000000004,1.11,1.6,4,N,60818
3.4000000000000004,1.11,1.6,5,N,60819
3.4000000000000004,1.11,1.9,1,N,60820
3.4000000000000004,1.11,1.9,2,N,60821
3.4000000000000004,1.11,1.9,3,N,60822
3.4000000000000004,1.11,1.9,4,N,60823
3.4000000000000004,1.11,1.9,5,N,60824
3.4000000000000004,1.11,2.2,1,N,60825
3.4000000000000004,1.11,2.2,2,N,60826
3.4000000000000004,1.11,2.2,3,N,60827
3.4000000000000004,1.11,2.2,4,N,60828
3.4000000000000004,1.11,2.2,5,N,60829
3.4000000000000004,1.11,2.5,1,N,60830
3.4000000000000004,1.11,2.5,2,N,60831
3.4000000000000004,1.11,2.5,3,N,60832
3.4000000000000004,1.11,2.5,4,N,60833
3.4000000000000004,1.11,2.5,5,N,60834
3.4000000000000004,1.11,2.8000000000000003,1,N,60835
3.4000000000000004,1.11,2.8000000000000003,2,N,60836
3.4000000000000004,1.11,2.8000000000000003,3,N,60837
3.4000000000000004,1.11,2.8000000000000003,4,N,60838
3.4000000000000004,1.11,2.8000000000000003,5,N,60839
3.4000000000000004,1.11,3.1000000000000005,1,N,60840
3.4000000000000004,1.11,3.1000000000000005,2,N,60841
3.4000000000000004,1.11,3.1000000000000005,3,N,60842
3.4000000000000004,1.11,3.1000000000000005,4,N,60843
3.4000000000000004,1.11,3.1000000000000005,5,N,60844
3.4000000000000004,1.11,3.4000000000000004,1,N,60845
3.4000000000000004,1.11,3.4000000000000004,2,N,60846
3.4000000000000004,1.11,3.4000000000000004,3,N,60847
3.4000000000000004,1.11,3.4000000000000004,4,N,60848
3.4000000000000004,1.11,3.4000000000000004,5,N,60849
3.4000000000000004,1.11,3.7,1,N,60850
3.4000000000000004,1.11,3.7,2,N,60851
3.4000000000000004,1.11,3.7,3,N,60852
3.4000000000000004,1.11,3.7,4,N,60853
3.4000000000000004,1.11,3.7,5,N,60854
3.4000000000000004,1.11,4.0,1,N,60855
3.4000000000000004,1.11,4.0,2,N,60856
3.4000000000000004,1.11,4.0,3,N,60857
3.4000000000000004,1.11,4.0,4,N,60858
3.4000000000000004,1.11,4.0,5,N,60859
3.4000000000000004,1.11,4.300000000000002,1,N,60860
3.4000000000000004,1.11,4.300000000000002,2,N,60861
3.4000000000000004,1.11,4.300000000000002,3,N,60862
3.4000000000000004,1.11,4.300000000000002,4,N,60863
3.4000000000000004,1.11,4.300000000000002,5,N,60864
3.4000000000000004,1.11,4.6000000000000005,1,N,60865
3.4000000000000004,1.11,4.6000000000000005,2,N,60866
3.4000000000000004,1.11,4.6000000000000005,3,N,60867
3.4000000000000004,1.11,4.6000000000000005,4,N,60868
3.4000000000000004,1.11,4.6000000000000005,5,N,60869
3.4000000000000004,1.11,4.9,1,N,60870
3.4000000000000004,1.11,4.9,2,N,60871
3.4000000000000004,1.11,4.9,3,N,60872
3.4000000000000004,1.11,4.9,4,N,60873
3.4000000000000004,1.11,4.9,5,N,60874
3.4000000000000004,1.3,0.01,1,N,60875
3.4000000000000004,1.3,0.01,2,N,60876
3.4000000000000004,1.3,0.01,3,N,60877
3.4000000000000004,1.3,0.01,4,N,60878
3.4000000000000004,1.3,0.01,5,N,60879
3.4000000000000004,1.3,0.11,1,N,60880
3.4000000000000004,1.3,0.11,2,N,60881
3.4000000000000004,1.3,0.11,3,N,60882
3.4000000000000004,1.3,0.11,4,N,60883
3.4000000000000004,1.3,0.11,5,N,60884
3.4000000000000004,1.3,0.21,1,N,60885
3.4000000000000004,1.3,0.21,2,N,60886
3.4000000000000004,1.3,0.21,3,N,60887
3.4000000000000004,1.3,0.21,4,N,60888
3.4000000000000004,1.3,0.21,5,N,60889
3.4000000000000004,1.3,0.31000000000000005,1,N,60890
3.4000000000000004,1.3,0.31000000000000005,2,N,60891
3.4000000000000004,1.3,0.31000000000000005,3,N,60892
3.4000000000000004,1.3,0.31000000000000005,4,N,60893
3.4000000000000004,1.3,0.31000000000000005,5,N,60894
3.4000000000000004,1.3,0.41,1,N,60895
3.4000000000000004,1.3,0.41,2,N,60896
3.4000000000000004,1.3,0.41,3,N,60897
3.4000000000000004,1.3,0.41,4,N,60898
3.4000000000000004,1.3,0.41,5,N,60899
3.4000000000000004,1.3,0.51,1,N,60900
3.4000000000000004,1.3,0.51,2,N,60901
3.4000000000000004,1.3,0.51,3,N,60902
3.4000000000000004,1.3,0.51,4,N,60903
3.4000000000000004,1.3,0.51,5,N,60904
3.4000000000000004,1.3,0.6100000000000001,1,N,60905
3.4000000000000004,1.3,0.6100000000000001,2,N,60906
3.4000000000000004,1.3,0.6100000000000001,3,N,60907
3.4000000000000004,1.3,0.6100000000000001,4,N,60908
3.4000000000000004,1.3,0.6100000000000001,5,N,60909
3.4000000000000004,1.3,0.7100000000000001,1,N,60910
3.4000000000000004,1.3,0.7100000000000001,2,N,60911
3.4000000000000004,1.3,0.7100000000000001,3,N,60912
3.4000000000000004,1.3,0.7100000000000001,4,N,60913
3.4000000000000004,1.3,0.7100000000000001,5,N,60914
3.4000000000000004,1.3,0.81,1,N,60915
3.4000000000000004,1.3,0.81,2,N,60916
3.4000000000000004,1.3,0.81,3,N,60917
3.4000000000000004,1.3,0.81,4,N,60918
3.4000000000000004,1.3,0.81,5,N,60919
3.4000000000000004,1.3,0.91,1,N,60920
3.4000000000000004,1.3,0.91,2,N,60921
3.4000000000000004,1.3,0.91,3,N,60922
3.4000000000000004,1.3,0.91,4,N,60923
3.4000000000000004,1.3,0.91,5,N,60924
3.4000000000000004,1.3,1.01,1,N,60925
3.4000000000000004,1.3,1.01,2,N,60926
3.4000000000000004,1.3,1.01,3,N,60927
3.4000000000000004,1.3,1.01,4,N,60928
3.4000000000000004,1.3,1.01,5,N,60929
3.4000000000000004,1.3,1.11,1,N,60930
3.4000000000000004,1.3,1.11,2,N,60931
3.4000000000000004,1.3,1.11,3,N,60932
3.4000000000000004,1.3,1.11,4,N,60933
3.4000000000000004,1.3,1.11,5,N,60934
3.4000000000000004,1.3,1.3,1,N,60935
3.4000000000000004,1.3,1.3,2,N,60936
3.4000000000000004,1.3,1.3,3,N,60937
3.4000000000000004,1.3,1.3,4,N,60938
3.4000000000000004,1.3,1.3,5,N,60939
3.4000000000000004,1.3,1.6,1,N,60940
3.4000000000000004,1.3,1.6,2,N,60941
3.4000000000000004,1.3,1.6,3,N,60942
3.4000000000000004,1.3,1.6,4,N,60943
3.4000000000000004,1.3,1.6,5,N,60944
3.4000000000000004,1.3,1.9,1,N,60945
3.4000000000000004,1.3,1.9,2,N,60946
3.4000000000000004,1.3,1.9,3,N,60947
3.4000000000000004,1.3,1.9,4,N,60948
3.4000000000000004,1.3,1.9,5,N,60949
3.4000000000000004,1.3,2.2,1,N,60950
3.4000000000000004,1.3,2.2,2,N,60951
3.4000000000000004,1.3,2.2,3,N,60952
3.4000000000000004,1.3,2.2,4,N,60953
3.4000000000000004,1.3,2.2,5,N,60954
3.4000000000000004,1.3,2.5,1,N,60955
3.4000000000000004,1.3,2.5,2,N,60956
3.4000000000000004,1.3,2.5,3,N,60957
3.4000000000000004,1.3,2.5,4,N,60958
3.4000000000000004,1.3,2.5,5,N,60959
3.4000000000000004,1.3,2.8000000000000003,1,N,60960
3.4000000000000004,1.3,2.8000000000000003,2,N,60961
3.4000000000000004,1.3,2.8000000000000003,3,N,60962
3.4000000000000004,1.3,2.8000000000000003,4,N,60963
3.4000000000000004,1.3,2.8000000000000003,5,N,60964
3.4000000000000004,1.3,3.1000000000000005,1,N,60965
3.4000000000000004,1.3,3.1000000000000005,2,N,60966
3.4000000000000004,1.3,3.1000000000000005,3,N,60967
3.4000000000000004,1.3,3.1000000000000005,4,N,60968
3.4000000000000004,1.3,3.1000000000000005,5,N,60969
3.4000000000000004,1.3,3.4000000000000004,1,N,60970
3.4000000000000004,1.3,3.4000000000000004,2,N,60971
3.4000000000000004,1.3,3.4000000000000004,3,N,60972
3.4000000000000004,1.3,3.4000000000000004,4,N,60973
3.4000000000000004,1.3,3.4000000000000004,5,N,60974
3.4000000000000004,1.3,3.7,1,N,60975
3.4000000000000004,1.3,3.7,2,N,60976
3.4000000000000004,1.3,3.7,3,N,60977
3.4000000000000004,1.3,3.7,4,N,60978
3.4000000000000004,1.3,3.7,5,N,60979
3.4000000000000004,1.3,4.0,1,N,60980
3.4000000000000004,1.3,4.0,2,N,60981
3.4000000000000004,1.3,4.0,3,N,60982
3.4000000000000004,1.3,4.0,4,N,60983
3.4000000000000004,1.3,4.0,5,N,60984
3.4000000000000004,1.3,4.300000000000002,1,N,60985
3.4000000000000004,1.3,4.300000000000002,2,N,60986
3.4000000000000004,1.3,4.300000000000002,3,N,60987
3.4000000000000004,1.3,4.300000000000002,4,N,60988
3.4000000000000004,1.3,4.300000000000002,5,N,60989
3.4000000000000004,1.3,4.6000000000000005,1,N,60990
3.4000000000000004,1.3,4.6000000000000005,2,N,60991
3.4000000000000004,1.3,4.6000000000000005,3,N,60992
3.4000000000000004,1.3,4.6000000000000005,4,N,60993
3.4000000000000004,1.3,4.6000000000000005,5,N,60994
3.4000000000000004,1.3,4.9,1,N,60995
3.4000000000000004,1.3,4.9,2,N,60996
3.4000000000000004,1.3,4.9,3,N,60997
3.4000000000000004,1.3,4.9,4,N,60998
3.4000000000000004,1.3,4.9,5,N,60999
3.4000000000000004,1.6,0.01,1,N,61000
3.4000000000000004,1.6,0.01,2,N,61001
3.4000000000000004,1.6,0.01,3,N,61002
3.4000000000000004,1.6,0.01,4,N,61003
3.4000000000000004,1.6,0.01,5,N,61004
3.4000000000000004,1.6,0.11,1,N,61005
3.4000000000000004,1.6,0.11,2,N,61006
3.4000000000000004,1.6,0.11,3,N,61007
3.4000000000000004,1.6,0.11,4,N,61008
3.4000000000000004,1.6,0.11,5,N,61009
3.4000000000000004,1.6,0.21,1,N,61010
3.4000000000000004,1.6,0.21,2,N,61011
3.4000000000000004,1.6,0.21,3,N,61012
3.4000000000000004,1.6,0.21,4,N,61013
3.4000000000000004,1.6,0.21,5,N,61014
3.4000000000000004,1.6,0.31000000000000005,1,N,61015
3.4000000000000004,1.6,0.31000000000000005,2,N,61016
3.4000000000000004,1.6,0.31000000000000005,3,N,61017
3.4000000000000004,1.6,0.31000000000000005,4,N,61018
3.4000000000000004,1.6,0.31000000000000005,5,N,61019
3.4000000000000004,1.6,0.41,1,N,61020
3.4000000000000004,1.6,0.41,2,N,61021
3.4000000000000004,1.6,0.41,3,N,61022
3.4000000000000004,1.6,0.41,4,N,61023
3.4000000000000004,1.6,0.41,5,N,61024
3.4000000000000004,1.6,0.51,1,N,61025
3.4000000000000004,1.6,0.51,2,N,61026
3.4000000000000004,1.6,0.51,3,N,61027
3.4000000000000004,1.6,0.51,4,N,61028
3.4000000000000004,1.6,0.51,5,N,61029
3.4000000000000004,1.6,0.6100000000000001,1,N,61030
3.4000000000000004,1.6,0.6100000000000001,2,N,61031
3.4000000000000004,1.6,0.6100000000000001,3,N,61032
3.4000000000000004,1.6,0.6100000000000001,4,N,61033
3.4000000000000004,1.6,0.6100000000000001,5,N,61034
3.4000000000000004,1.6,0.7100000000000001,1,N,61035
3.4000000000000004,1.6,0.7100000000000001,2,N,61036
3.4000000000000004,1.6,0.7100000000000001,3,N,61037
3.4000000000000004,1.6,0.7100000000000001,4,N,61038
3.4000000000000004,1.6,0.7100000000000001,5,N,61039
3.4000000000000004,1.6,0.81,1,N,61040
3.4000000000000004,1.6,0.81,2,N,61041
3.4000000000000004,1.6,0.81,3,N,61042
3.4000000000000004,1.6,0.81,4,N,61043
3.4000000000000004,1.6,0.81,5,N,61044
3.4000000000000004,1.6,0.91,1,N,61045
3.4000000000000004,1.6,0.91,2,N,61046
3.4000000000000004,1.6,0.91,3,N,61047
3.4000000000000004,1.6,0.91,4,N,61048
3.4000000000000004,1.6,0.91,5,N,61049
3.4000000000000004,1.6,1.01,1,N,61050
3.4000000000000004,1.6,1.01,2,N,61051
3.4000000000000004,1.6,1.01,3,N,61052
3.4000000000000004,1.6,1.01,4,N,61053
3.4000000000000004,1.6,1.01,5,N,61054
3.4000000000000004,1.6,1.11,1,N,61055
3.4000000000000004,1.6,1.11,2,N,61056
3.4000000000000004,1.6,1.11,3,N,61057
3.4000000000000004,1.6,1.11,4,N,61058
3.4000000000000004,1.6,1.11,5,N,61059
3.4000000000000004,1.6,1.3,1,N,61060
3.4000000000000004,1.6,1.3,2,N,61061
3.4000000000000004,1.6,1.3,3,N,61062
3.4000000000000004,1.6,1.3,4,N,61063
3.4000000000000004,1.6,1.3,5,N,61064
3.4000000000000004,1.6,1.6,1,N,61065
3.4000000000000004,1.6,1.6,2,N,61066
3.4000000000000004,1.6,1.6,3,N,61067
3.4000000000000004,1.6,1.6,4,N,61068
3.4000000000000004,1.6,1.6,5,N,61069
3.4000000000000004,1.6,1.9,1,N,61070
3.4000000000000004,1.6,1.9,2,N,61071
3.4000000000000004,1.6,1.9,3,N,61072
3.4000000000000004,1.6,1.9,4,N,61073
3.4000000000000004,1.6,1.9,5,N,61074
3.4000000000000004,1.6,2.2,1,N,61075
3.4000000000000004,1.6,2.2,2,N,61076
3.4000000000000004,1.6,2.2,3,N,61077
3.4000000000000004,1.6,2.2,4,N,61078
3.4000000000000004,1.6,2.2,5,N,61079
3.4000000000000004,1.6,2.5,1,N,61080
3.4000000000000004,1.6,2.5,2,N,61081
3.4000000000000004,1.6,2.5,3,N,61082
3.4000000000000004,1.6,2.5,4,N,61083
3.4000000000000004,1.6,2.5,5,N,61084
3.4000000000000004,1.6,2.8000000000000003,1,N,61085
3.4000000000000004,1.6,2.8000000000000003,2,N,61086
3.4000000000000004,1.6,2.8000000000000003,3,N,61087
3.4000000000000004,1.6,2.8000000000000003,4,N,61088
3.4000000000000004,1.6,2.8000000000000003,5,N,61089
3.4000000000000004,1.6,3.1000000000000005,1,N,61090
3.4000000000000004,1.6,3.1000000000000005,2,N,61091
3.4000000000000004,1.6,3.1000000000000005,3,N,61092
3.4000000000000004,1.6,3.1000000000000005,4,N,61093
3.4000000000000004,1.6,3.1000000000000005,5,N,61094
3.4000000000000004,1.6,3.4000000000000004,1,N,61095
3.4000000000000004,1.6,3.4000000000000004,2,N,61096
3.4000000000000004,1.6,3.4000000000000004,3,N,61097
3.4000000000000004,1.6,3.4000000000000004,4,N,61098
3.4000000000000004,1.6,3.4000000000000004,5,N,61099
3.4000000000000004,1.6,3.7,1,N,61100
3.4000000000000004,1.6,3.7,2,N,61101
3.4000000000000004,1.6,3.7,3,N,61102
3.4000000000000004,1.6,3.7,4,N,61103
3.4000000000000004,1.6,3.7,5,N,61104
3.4000000000000004,1.6,4.0,1,N,61105
3.4000000000000004,1.6,4.0,2,N,61106
3.4000000000000004,1.6,4.0,3,N,61107
3.4000000000000004,1.6,4.0,4,N,61108
3.4000000000000004,1.6,4.0,5,N,61109
3.4000000000000004,1.6,4.300000000000002,1,N,61110
3.4000000000000004,1.6,4.300000000000002,2,N,61111
3.4000000000000004,1.6,4.300000000000002,3,N,61112
3.4000000000000004,1.6,4.300000000000002,4,N,61113
3.4000000000000004,1.6,4.300000000000002,5,N,61114
3.4000000000000004,1.6,4.6000000000000005,1,N,61115
3.4000000000000004,1.6,4.6000000000000005,2,N,61116
3.4000000000000004,1.6,4.6000000000000005,3,N,61117
3.4000000000000004,1.6,4.6000000000000005,4,N,61118
3.4000000000000004,1.6,4.6000000000000005,5,N,61119
3.4000000000000004,1.6,4.9,1,N,61120
3.4000000000000004,1.6,4.9,2,N,61121
3.4000000000000004,1.6,4.9,3,N,61122
3.4000000000000004,1.6,4.9,4,N,61123
3.4000000000000004,1.6,4.9,5,N,61124
3.4000000000000004,1.9,0.01,1,N,61125
3.4000000000000004,1.9,0.01,2,N,61126
3.4000000000000004,1.9,0.01,3,N,61127
3.4000000000000004,1.9,0.01,4,N,61128
3.4000000000000004,1.9,0.01,5,N,61129
3.4000000000000004,1.9,0.11,1,N,61130
3.4000000000000004,1.9,0.11,2,N,61131
3.4000000000000004,1.9,0.11,3,N,61132
3.4000000000000004,1.9,0.11,4,N,61133
3.4000000000000004,1.9,0.11,5,N,61134
3.4000000000000004,1.9,0.21,1,N,61135
3.4000000000000004,1.9,0.21,2,N,61136
3.4000000000000004,1.9,0.21,3,N,61137
3.4000000000000004,1.9,0.21,4,N,61138
3.4000000000000004,1.9,0.21,5,N,61139
3.4000000000000004,1.9,0.31000000000000005,1,N,61140
3.4000000000000004,1.9,0.31000000000000005,2,N,61141
3.4000000000000004,1.9,0.31000000000000005,3,N,61142
3.4000000000000004,1.9,0.31000000000000005,4,N,61143
3.4000000000000004,1.9,0.31000000000000005,5,N,61144
3.4000000000000004,1.9,0.41,1,N,61145
3.4000000000000004,1.9,0.41,2,N,61146
3.4000000000000004,1.9,0.41,3,N,61147
3.4000000000000004,1.9,0.41,4,N,61148
3.4000000000000004,1.9,0.41,5,N,61149
3.4000000000000004,1.9,0.51,1,N,61150
3.4000000000000004,1.9,0.51,2,N,61151
3.4000000000000004,1.9,0.51,3,N,61152
3.4000000000000004,1.9,0.51,4,N,61153
3.4000000000000004,1.9,0.51,5,N,61154
3.4000000000000004,1.9,0.6100000000000001,1,N,61155
3.4000000000000004,1.9,0.6100000000000001,2,N,61156
3.4000000000000004,1.9,0.6100000000000001,3,N,61157
3.4000000000000004,1.9,0.6100000000000001,4,N,61158
3.4000000000000004,1.9,0.6100000000000001,5,N,61159
3.4000000000000004,1.9,0.7100000000000001,1,N,61160
3.4000000000000004,1.9,0.7100000000000001,2,N,61161
3.4000000000000004,1.9,0.7100000000000001,3,N,61162
3.4000000000000004,1.9,0.7100000000000001,4,N,61163
3.4000000000000004,1.9,0.7100000000000001,5,N,61164
3.4000000000000004,1.9,0.81,1,N,61165
3.4000000000000004,1.9,0.81,2,N,61166
3.4000000000000004,1.9,0.81,3,N,61167
3.4000000000000004,1.9,0.81,4,N,61168
3.4000000000000004,1.9,0.81,5,N,61169
3.4000000000000004,1.9,0.91,1,N,61170
3.4000000000000004,1.9,0.91,2,N,61171
3.4000000000000004,1.9,0.91,3,N,61172
3.4000000000000004,1.9,0.91,4,N,61173
3.4000000000000004,1.9,0.91,5,N,61174
3.4000000000000004,1.9,1.01,1,N,61175
3.4000000000000004,1.9,1.01,2,N,61176
3.4000000000000004,1.9,1.01,3,N,61177
3.4000000000000004,1.9,1.01,4,N,61178
3.4000000000000004,1.9,1.01,5,N,61179
3.4000000000000004,1.9,1.11,1,N,61180
3.4000000000000004,1.9,1.11,2,N,61181
3.4000000000000004,1.9,1.11,3,N,61182
3.4000000000000004,1.9,1.11,4,N,61183
3.4000000000000004,1.9,1.11,5,N,61184
3.4000000000000004,1.9,1.3,1,N,61185
3.4000000000000004,1.9,1.3,2,N,61186
3.4000000000000004,1.9,1.3,3,N,61187
3.4000000000000004,1.9,1.3,4,N,61188
3.4000000000000004,1.9,1.3,5,N,61189
3.4000000000000004,1.9,1.6,1,N,61190
3.4000000000000004,1.9,1.6,2,N,61191
3.4000000000000004,1.9,1.6,3,N,61192
3.4000000000000004,1.9,1.6,4,N,61193
3.4000000000000004,1.9,1.6,5,N,61194
3.4000000000000004,1.9,1.9,1,N,61195
3.4000000000000004,1.9,1.9,2,N,61196
3.4000000000000004,1.9,1.9,3,N,61197
3.4000000000000004,1.9,1.9,4,N,61198
3.4000000000000004,1.9,1.9,5,N,61199
3.4000000000000004,1.9,2.2,1,N,61200
3.4000000000000004,1.9,2.2,2,N,61201
3.4000000000000004,1.9,2.2,3,N,61202
3.4000000000000004,1.9,2.2,4,N,61203
3.4000000000000004,1.9,2.2,5,N,61204
3.4000000000000004,1.9,2.5,1,N,61205
3.4000000000000004,1.9,2.5,2,N,61206
3.4000000000000004,1.9,2.5,3,N,61207
3.4000000000000004,1.9,2.5,4,N,61208
3.4000000000000004,1.9,2.5,5,N,61209
3.4000000000000004,1.9,2.8000000000000003,1,N,61210
3.4000000000000004,1.9,2.8000000000000003,2,N,61211
3.4000000000000004,1.9,2.8000000000000003,3,N,61212
3.4000000000000004,1.9,2.8000000000000003,4,N,61213
3.4000000000000004,1.9,2.8000000000000003,5,N,61214
3.4000000000000004,1.9,3.1000000000000005,1,N,61215
3.4000000000000004,1.9,3.1000000000000005,2,N,61216
3.4000000000000004,1.9,3.1000000000000005,3,N,61217
3.4000000000000004,1.9,3.1000000000000005,4,N,61218
3.4000000000000004,1.9,3.1000000000000005,5,N,61219
3.4000000000000004,1.9,3.4000000000000004,1,N,61220
3.4000000000000004,1.9,3.4000000000000004,2,N,61221
3.4000000000000004,1.9,3.4000000000000004,3,N,61222
3.4000000000000004,1.9,3.4000000000000004,4,N,61223
3.4000000000000004,1.9,3.4000000000000004,5,N,61224
3.4000000000000004,1.9,3.7,1,N,61225
3.4000000000000004,1.9,3.7,2,N,61226
3.4000000000000004,1.9,3.7,3,N,61227
3.4000000000000004,1.9,3.7,4,N,61228
3.4000000000000004,1.9,3.7,5,N,61229
3.4000000000000004,1.9,4.0,1,N,61230
3.4000000000000004,1.9,4.0,2,N,61231
3.4000000000000004,1.9,4.0,3,N,61232
3.4000000000000004,1.9,4.0,4,N,61233
3.4000000000000004,1.9,4.0,5,N,61234
3.4000000000000004,1.9,4.300000000000002,1,N,61235
3.4000000000000004,1.9,4.300000000000002,2,N,61236
3.4000000000000004,1.9,4.300000000000002,3,N,61237
3.4000000000000004,1.9,4.300000000000002,4,N,61238
3.4000000000000004,1.9,4.300000000000002,5,N,61239
3.4000000000000004,1.9,4.6000000000000005,1,N,61240
3.4000000000000004,1.9,4.6000000000000005,2,N,61241
3.4000000000000004,1.9,4.6000000000000005,3,N,61242
3.4000000000000004,1.9,4.6000000000000005,4,N,61243
3.4000000000000004,1.9,4.6000000000000005,5,N,61244
3.4000000000000004,1.9,4.9,1,N,61245
3.4000000000000004,1.9,4.9,2,N,61246
3.4000000000000004,1.9,4.9,3,N,61247
3.4000000000000004,1.9,4.9,4,N,61248
3.4000000000000004,1.9,4.9,5,N,61249
3.4000000000000004,2.2,0.01,1,N,61250
3.4000000000000004,2.2,0.01,2,N,61251
3.4000000000000004,2.2,0.01,3,N,61252
3.4000000000000004,2.2,0.01,4,N,61253
3.4000000000000004,2.2,0.01,5,N,61254
3.4000000000000004,2.2,0.11,1,N,61255
3.4000000000000004,2.2,0.11,2,N,61256
3.4000000000000004,2.2,0.11,3,N,61257
3.4000000000000004,2.2,0.11,4,N,61258
3.4000000000000004,2.2,0.11,5,N,61259
3.4000000000000004,2.2,0.21,1,N,61260
3.4000000000000004,2.2,0.21,2,N,61261
3.4000000000000004,2.2,0.21,3,N,61262
3.4000000000000004,2.2,0.21,4,N,61263
3.4000000000000004,2.2,0.21,5,N,61264
3.4000000000000004,2.2,0.31000000000000005,1,N,61265
3.4000000000000004,2.2,0.31000000000000005,2,N,61266
3.4000000000000004,2.2,0.31000000000000005,3,N,61267
3.4000000000000004,2.2,0.31000000000000005,4,N,61268
3.4000000000000004,2.2,0.31000000000000005,5,N,61269
3.4000000000000004,2.2,0.41,1,N,61270
3.4000000000000004,2.2,0.41,2,N,61271
3.4000000000000004,2.2,0.41,3,N,61272
3.4000000000000004,2.2,0.41,4,N,61273
3.4000000000000004,2.2,0.41,5,N,61274
3.4000000000000004,2.2,0.51,1,N,61275
3.4000000000000004,2.2,0.51,2,N,61276
3.4000000000000004,2.2,0.51,3,N,61277
3.4000000000000004,2.2,0.51,4,N,61278
3.4000000000000004,2.2,0.51,5,N,61279
3.4000000000000004,2.2,0.6100000000000001,1,N,61280
3.4000000000000004,2.2,0.6100000000000001,2,N,61281
3.4000000000000004,2.2,0.6100000000000001,3,N,61282
3.4000000000000004,2.2,0.6100000000000001,4,N,61283
3.4000000000000004,2.2,0.6100000000000001,5,N,61284
3.4000000000000004,2.2,0.7100000000000001,1,N,61285
3.4000000000000004,2.2,0.7100000000000001,2,N,61286
3.4000000000000004,2.2,0.7100000000000001,3,N,61287
3.4000000000000004,2.2,0.7100000000000001,4,N,61288
3.4000000000000004,2.2,0.7100000000000001,5,N,61289
3.4000000000000004,2.2,0.81,1,N,61290
3.4000000000000004,2.2,0.81,2,N,61291
3.4000000000000004,2.2,0.81,3,N,61292
3.4000000000000004,2.2,0.81,4,N,61293
3.4000000000000004,2.2,0.81,5,N,61294
3.4000000000000004,2.2,0.91,1,N,61295
3.4000000000000004,2.2,0.91,2,N,61296
3.4000000000000004,2.2,0.91,3,N,61297
3.4000000000000004,2.2,0.91,4,N,61298
3.4000000000000004,2.2,0.91,5,N,61299
3.4000000000000004,2.2,1.01,1,N,61300
3.4000000000000004,2.2,1.01,2,N,61301
3.4000000000000004,2.2,1.01,3,N,61302
3.4000000000000004,2.2,1.01,4,N,61303
3.4000000000000004,2.2,1.01,5,N,61304
3.4000000000000004,2.2,1.11,1,N,61305
3.4000000000000004,2.2,1.11,2,N,61306
3.4000000000000004,2.2,1.11,3,N,61307
3.4000000000000004,2.2,1.11,4,N,61308
3.4000000000000004,2.2,1.11,5,N,61309
3.4000000000000004,2.2,1.3,1,N,61310
3.4000000000000004,2.2,1.3,2,N,61311
3.4000000000000004,2.2,1.3,3,N,61312
3.4000000000000004,2.2,1.3,4,N,61313
3.4000000000000004,2.2,1.3,5,N,61314
3.4000000000000004,2.2,1.6,1,N,61315
3.4000000000000004,2.2,1.6,2,N,61316
3.4000000000000004,2.2,1.6,3,N,61317
3.4000000000000004,2.2,1.6,4,N,61318
3.4000000000000004,2.2,1.6,5,N,61319
3.4000000000000004,2.2,1.9,1,N,61320
3.4000000000000004,2.2,1.9,2,N,61321
3.4000000000000004,2.2,1.9,3,N,61322
3.4000000000000004,2.2,1.9,4,N,61323
3.4000000000000004,2.2,1.9,5,N,61324
3.4000000000000004,2.2,2.2,1,N,61325
3.4000000000000004,2.2,2.2,2,N,61326
3.4000000000000004,2.2,2.2,3,N,61327
3.4000000000000004,2.2,2.2,4,N,61328
3.4000000000000004,2.2,2.2,5,N,61329
3.4000000000000004,2.2,2.5,1,N,61330
3.4000000000000004,2.2,2.5,2,N,61331
3.4000000000000004,2.2,2.5,3,N,61332
3.4000000000000004,2.2,2.5,4,N,61333
3.4000000000000004,2.2,2.5,5,N,61334
3.4000000000000004,2.2,2.8000000000000003,1,N,61335
3.4000000000000004,2.2,2.8000000000000003,2,N,61336
3.4000000000000004,2.2,2.8000000000000003,3,N,61337
3.4000000000000004,2.2,2.8000000000000003,4,N,61338
3.4000000000000004,2.2,2.8000000000000003,5,N,61339
3.4000000000000004,2.2,3.1000000000000005,1,N,61340
3.4000000000000004,2.2,3.1000000000000005,2,N,61341
3.4000000000000004,2.2,3.1000000000000005,3,N,61342
3.4000000000000004,2.2,3.1000000000000005,4,N,61343
3.4000000000000004,2.2,3.1000000000000005,5,N,61344
3.4000000000000004,2.2,3.4000000000000004,1,N,61345
3.4000000000000004,2.2,3.4000000000000004,2,N,61346
3.4000000000000004,2.2,3.4000000000000004,3,N,61347
3.4000000000000004,2.2,3.4000000000000004,4,N,61348
3.4000000000000004,2.2,3.4000000000000004,5,N,61349
3.4000000000000004,2.2,3.7,1,N,61350
3.4000000000000004,2.2,3.7,2,N,61351
3.4000000000000004,2.2,3.7,3,N,61352
3.4000000000000004,2.2,3.7,4,N,61353
3.4000000000000004,2.2,3.7,5,N,61354
3.4000000000000004,2.2,4.0,1,N,61355
3.4000000000000004,2.2,4.0,2,N,61356
3.4000000000000004,2.2,4.0,3,N,61357
3.4000000000000004,2.2,4.0,4,N,61358
3.4000000000000004,2.2,4.0,5,N,61359
3.4000000000000004,2.2,4.300000000000002,1,N,61360
3.4000000000000004,2.2,4.300000000000002,2,N,61361
3.4000000000000004,2.2,4.300000000000002,3,N,61362
3.4000000000000004,2.2,4.300000000000002,4,N,61363
3.4000000000000004,2.2,4.300000000000002,5,N,61364
3.4000000000000004,2.2,4.6000000000000005,1,N,61365
3.4000000000000004,2.2,4.6000000000000005,2,N,61366
3.4000000000000004,2.2,4.6000000000000005,3,N,61367
3.4000000000000004,2.2,4.6000000000000005,4,N,61368
3.4000000000000004,2.2,4.6000000000000005,5,N,61369
3.4000000000000004,2.2,4.9,1,N,61370
3.4000000000000004,2.2,4.9,2,N,61371
3.4000000000000004,2.2,4.9,3,N,61372
3.4000000000000004,2.2,4.9,4,N,61373
3.4000000000000004,2.2,4.9,5,N,61374
3.4000000000000004,2.5,0.01,1,N,61375
3.4000000000000004,2.5,0.01,2,N,61376
3.4000000000000004,2.5,0.01,3,N,61377
3.4000000000000004,2.5,0.01,4,N,61378
3.4000000000000004,2.5,0.01,5,N,61379
3.4000000000000004,2.5,0.11,1,N,61380
3.4000000000000004,2.5,0.11,2,N,61381
3.4000000000000004,2.5,0.11,3,N,61382
3.4000000000000004,2.5,0.11,4,N,61383
3.4000000000000004,2.5,0.11,5,N,61384
3.4000000000000004,2.5,0.21,1,N,61385
3.4000000000000004,2.5,0.21,2,N,61386
3.4000000000000004,2.5,0.21,3,N,61387
3.4000000000000004,2.5,0.21,4,N,61388
3.4000000000000004,2.5,0.21,5,N,61389
3.4000000000000004,2.5,0.31000000000000005,1,N,61390
3.4000000000000004,2.5,0.31000000000000005,2,N,61391
3.4000000000000004,2.5,0.31000000000000005,3,N,61392
3.4000000000000004,2.5,0.31000000000000005,4,N,61393
3.4000000000000004,2.5,0.31000000000000005,5,N,61394
3.4000000000000004,2.5,0.41,1,N,61395
3.4000000000000004,2.5,0.41,2,N,61396
3.4000000000000004,2.5,0.41,3,N,61397
3.4000000000000004,2.5,0.41,4,N,61398
3.4000000000000004,2.5,0.41,5,N,61399
3.4000000000000004,2.5,0.51,1,N,61400
3.4000000000000004,2.5,0.51,2,N,61401
3.4000000000000004,2.5,0.51,3,N,61402
3.4000000000000004,2.5,0.51,4,N,61403
3.4000000000000004,2.5,0.51,5,N,61404
3.4000000000000004,2.5,0.6100000000000001,1,N,61405
3.4000000000000004,2.5,0.6100000000000001,2,N,61406
3.4000000000000004,2.5,0.6100000000000001,3,N,61407
3.4000000000000004,2.5,0.6100000000000001,4,N,61408
3.4000000000000004,2.5,0.6100000000000001,5,N,61409
3.4000000000000004,2.5,0.7100000000000001,1,N,61410
3.4000000000000004,2.5,0.7100000000000001,2,N,61411
3.4000000000000004,2.5,0.7100000000000001,3,N,61412
3.4000000000000004,2.5,0.7100000000000001,4,N,61413
3.4000000000000004,2.5,0.7100000000000001,5,N,61414
3.4000000000000004,2.5,0.81,1,N,61415
3.4000000000000004,2.5,0.81,2,N,61416
3.4000000000000004,2.5,0.81,3,N,61417
3.4000000000000004,2.5,0.81,4,N,61418
3.4000000000000004,2.5,0.81,5,N,61419
3.4000000000000004,2.5,0.91,1,N,61420
3.4000000000000004,2.5,0.91,2,N,61421
3.4000000000000004,2.5,0.91,3,N,61422
3.4000000000000004,2.5,0.91,4,N,61423
3.4000000000000004,2.5,0.91,5,N,61424
3.4000000000000004,2.5,1.01,1,N,61425
3.4000000000000004,2.5,1.01,2,N,61426
3.4000000000000004,2.5,1.01,3,N,61427
3.4000000000000004,2.5,1.01,4,N,61428
3.4000000000000004,2.5,1.01,5,N,61429
3.4000000000000004,2.5,1.11,1,N,61430
3.4000000000000004,2.5,1.11,2,N,61431
3.4000000000000004,2.5,1.11,3,N,61432
3.4000000000000004,2.5,1.11,4,N,61433
3.4000000000000004,2.5,1.11,5,N,61434
3.4000000000000004,2.5,1.3,1,N,61435
3.4000000000000004,2.5,1.3,2,N,61436
3.4000000000000004,2.5,1.3,3,N,61437
3.4000000000000004,2.5,1.3,4,N,61438
3.4000000000000004,2.5,1.3,5,N,61439
3.4000000000000004,2.5,1.6,1,N,61440
3.4000000000000004,2.5,1.6,2,N,61441
3.4000000000000004,2.5,1.6,3,N,61442
3.4000000000000004,2.5,1.6,4,N,61443
3.4000000000000004,2.5,1.6,5,N,61444
3.4000000000000004,2.5,1.9,1,N,61445
3.4000000000000004,2.5,1.9,2,N,61446
3.4000000000000004,2.5,1.9,3,N,61447
3.4000000000000004,2.5,1.9,4,N,61448
3.4000000000000004,2.5,1.9,5,N,61449
3.4000000000000004,2.5,2.2,1,N,61450
3.4000000000000004,2.5,2.2,2,N,61451
3.4000000000000004,2.5,2.2,3,N,61452
3.4000000000000004,2.5,2.2,4,N,61453
3.4000000000000004,2.5,2.2,5,N,61454
3.4000000000000004,2.5,2.5,1,N,61455
3.4000000000000004,2.5,2.5,2,N,61456
3.4000000000000004,2.5,2.5,3,N,61457
3.4000000000000004,2.5,2.5,4,N,61458
3.4000000000000004,2.5,2.5,5,N,61459
3.4000000000000004,2.5,2.8000000000000003,1,N,61460
3.4000000000000004,2.5,2.8000000000000003,2,N,61461
3.4000000000000004,2.5,2.8000000000000003,3,N,61462
3.4000000000000004,2.5,2.8000000000000003,4,N,61463
3.4000000000000004,2.5,2.8000000000000003,5,N,61464
3.4000000000000004,2.5,3.1000000000000005,1,N,61465
3.4000000000000004,2.5,3.1000000000000005,2,N,61466
3.4000000000000004,2.5,3.1000000000000005,3,N,61467
3.4000000000000004,2.5,3.1000000000000005,4,N,61468
3.4000000000000004,2.5,3.1000000000000005,5,N,61469
3.4000000000000004,2.5,3.4000000000000004,1,N,61470
3.4000000000000004,2.5,3.4000000000000004,2,N,61471
3.4000000000000004,2.5,3.4000000000000004,3,N,61472
3.4000000000000004,2.5,3.4000000000000004,4,N,61473
3.4000000000000004,2.5,3.4000000000000004,5,N,61474
3.4000000000000004,2.5,3.7,1,N,61475
3.4000000000000004,2.5,3.7,2,N,61476
3.4000000000000004,2.5,3.7,3,N,61477
3.4000000000000004,2.5,3.7,4,N,61478
3.4000000000000004,2.5,3.7,5,N,61479
3.4000000000000004,2.5,4.0,1,N,61480
3.4000000000000004,2.5,4.0,2,N,61481
3.4000000000000004,2.5,4.0,3,N,61482
3.4000000000000004,2.5,4.0,4,N,61483
3.4000000000000004,2.5,4.0,5,N,61484
3.4000000000000004,2.5,4.300000000000002,1,N,61485
3.4000000000000004,2.5,4.300000000000002,2,N,61486
3.4000000000000004,2.5,4.300000000000002,3,N,61487
3.4000000000000004,2.5,4.300000000000002,4,N,61488
3.4000000000000004,2.5,4.300000000000002,5,N,61489
3.4000000000000004,2.5,4.6000000000000005,1,N,61490
3.4000000000000004,2.5,4.6000000000000005,2,N,61491
3.4000000000000004,2.5,4.6000000000000005,3,N,61492
3.4000000000000004,2.5,4.6000000000000005,4,N,61493
3.4000000000000004,2.5,4.6000000000000005,5,N,61494
3.4000000000000004,2.5,4.9,1,N,61495
3.4000000000000004,2.5,4.9,2,N,61496
3.4000000000000004,2.5,4.9,3,N,61497
3.4000000000000004,2.5,4.9,4,N,61498
3.4000000000000004,2.5,4.9,5,N,61499
3.4000000000000004,2.8000000000000003,0.01,1,N,61500
3.4000000000000004,2.8000000000000003,0.01,2,N,61501
3.4000000000000004,2.8000000000000003,0.01,3,N,61502
3.4000000000000004,2.8000000000000003,0.01,4,N,61503
3.4000000000000004,2.8000000000000003,0.01,5,N,61504
3.4000000000000004,2.8000000000000003,0.11,1,N,61505
3.4000000000000004,2.8000000000000003,0.11,2,N,61506
3.4000000000000004,2.8000000000000003,0.11,3,N,61507
3.4000000000000004,2.8000000000000003,0.11,4,N,61508
3.4000000000000004,2.8000000000000003,0.11,5,N,61509
3.4000000000000004,2.8000000000000003,0.21,1,N,61510
3.4000000000000004,2.8000000000000003,0.21,2,N,61511
3.4000000000000004,2.8000000000000003,0.21,3,N,61512
3.4000000000000004,2.8000000000000003,0.21,4,N,61513
3.4000000000000004,2.8000000000000003,0.21,5,N,61514
3.4000000000000004,2.8000000000000003,0.31000000000000005,1,N,61515
3.4000000000000004,2.8000000000000003,0.31000000000000005,2,N,61516
3.4000000000000004,2.8000000000000003,0.31000000000000005,3,N,61517
3.4000000000000004,2.8000000000000003,0.31000000000000005,4,N,61518
3.4000000000000004,2.8000000000000003,0.31000000000000005,5,N,61519
3.4000000000000004,2.8000000000000003,0.41,1,N,61520
3.4000000000000004,2.8000000000000003,0.41,2,N,61521
3.4000000000000004,2.8000000000000003,0.41,3,N,61522
3.4000000000000004,2.8000000000000003,0.41,4,N,61523
3.4000000000000004,2.8000000000000003,0.41,5,N,61524
3.4000000000000004,2.8000000000000003,0.51,1,N,61525
3.4000000000000004,2.8000000000000003,0.51,2,N,61526
3.4000000000000004,2.8000000000000003,0.51,3,N,61527
3.4000000000000004,2.8000000000000003,0.51,4,N,61528
3.4000000000000004,2.8000000000000003,0.51,5,N,61529
3.4000000000000004,2.8000000000000003,0.6100000000000001,1,N,61530
3.4000000000000004,2.8000000000000003,0.6100000000000001,2,N,61531
3.4000000000000004,2.8000000000000003,0.6100000000000001,3,N,61532
3.4000000000000004,2.8000000000000003,0.6100000000000001,4,N,61533
3.4000000000000004,2.8000000000000003,0.6100000000000001,5,N,61534
3.4000000000000004,2.8000000000000003,0.7100000000000001,1,N,61535
3.4000000000000004,2.8000000000000003,0.7100000000000001,2,N,61536
3.4000000000000004,2.8000000000000003,0.7100000000000001,3,N,61537
3.4000000000000004,2.8000000000000003,0.7100000000000001,4,N,61538
3.4000000000000004,2.8000000000000003,0.7100000000000001,5,N,61539
3.4000000000000004,2.8000000000000003,0.81,1,N,61540
3.4000000000000004,2.8000000000000003,0.81,2,N,61541
3.4000000000000004,2.8000000000000003,0.81,3,N,61542
3.4000000000000004,2.8000000000000003,0.81,4,N,61543
3.4000000000000004,2.8000000000000003,0.81,5,N,61544
3.4000000000000004,2.8000000000000003,0.91,1,N,61545
3.4000000000000004,2.8000000000000003,0.91,2,N,61546
3.4000000000000004,2.8000000000000003,0.91,3,N,61547
3.4000000000000004,2.8000000000000003,0.91,4,N,61548
3.4000000000000004,2.8000000000000003,0.91,5,N,61549
3.4000000000000004,2.8000000000000003,1.01,1,N,61550
3.4000000000000004,2.8000000000000003,1.01,2,N,61551
3.4000000000000004,2.8000000000000003,1.01,3,N,61552
3.4000000000000004,2.8000000000000003,1.01,4,N,61553
3.4000000000000004,2.8000000000000003,1.01,5,N,61554
3.4000000000000004,2.8000000000000003,1.11,1,N,61555
3.4000000000000004,2.8000000000000003,1.11,2,N,61556
3.4000000000000004,2.8000000000000003,1.11,3,N,61557
3.4000000000000004,2.8000000000000003,1.11,4,N,61558
3.4000000000000004,2.8000000000000003,1.11,5,N,61559
3.4000000000000004,2.8000000000000003,1.3,1,N,61560
3.4000000000000004,2.8000000000000003,1.3,2,N,61561
3.4000000000000004,2.8000000000000003,1.3,3,N,61562
3.4000000000000004,2.8000000000000003,1.3,4,N,61563
3.4000000000000004,2.8000000000000003,1.3,5,N,61564
3.4000000000000004,2.8000000000000003,1.6,1,N,61565
3.4000000000000004,2.8000000000000003,1.6,2,N,61566
3.4000000000000004,2.8000000000000003,1.6,3,N,61567
3.4000000000000004,2.8000000000000003,1.6,4,N,61568
3.4000000000000004,2.8000000000000003,1.6,5,N,61569
3.4000000000000004,2.8000000000000003,1.9,1,N,61570
3.4000000000000004,2.8000000000000003,1.9,2,N,61571
3.4000000000000004,2.8000000000000003,1.9,3,N,61572
3.4000000000000004,2.8000000000000003,1.9,4,N,61573
3.4000000000000004,2.8000000000000003,1.9,5,N,61574
3.4000000000000004,2.8000000000000003,2.2,1,N,61575
3.4000000000000004,2.8000000000000003,2.2,2,N,61576
3.4000000000000004,2.8000000000000003,2.2,3,N,61577
3.4000000000000004,2.8000000000000003,2.2,4,N,61578
3.4000000000000004,2.8000000000000003,2.2,5,N,61579
3.4000000000000004,2.8000000000000003,2.5,1,N,61580
3.4000000000000004,2.8000000000000003,2.5,2,N,61581
3.4000000000000004,2.8000000000000003,2.5,3,N,61582
3.4000000000000004,2.8000000000000003,2.5,4,N,61583
3.4000000000000004,2.8000000000000003,2.5,5,N,61584
3.4000000000000004,2.8000000000000003,2.8000000000000003,1,N,61585
3.4000000000000004,2.8000000000000003,2.8000000000000003,2,N,61586
3.4000000000000004,2.8000000000000003,2.8000000000000003,3,N,61587
3.4000000000000004,2.8000000000000003,2.8000000000000003,4,N,61588
3.4000000000000004,2.8000000000000003,2.8000000000000003,5,N,61589
3.4000000000000004,2.8000000000000003,3.1000000000000005,1,N,61590
3.4000000000000004,2.8000000000000003,3.1000000000000005,2,N,61591
3.4000000000000004,2.8000000000000003,3.1000000000000005,3,N,61592
3.4000000000000004,2.8000000000000003,3.1000000000000005,4,N,61593
3.4000000000000004,2.8000000000000003,3.1000000000000005,5,N,61594
3.4000000000000004,2.8000000000000003,3.4000000000000004,1,N,61595
3.4000000000000004,2.8000000000000003,3.4000000000000004,2,N,61596
3.4000000000000004,2.8000000000000003,3.4000000000000004,3,N,61597
3.4000000000000004,2.8000000000000003,3.4000000000000004,4,N,61598
3.4000000000000004,2.8000000000000003,3.4000000000000004,5,N,61599
3.4000000000000004,2.8000000000000003,3.7,1,N,61600
3.4000000000000004,2.8000000000000003,3.7,2,N,61601
3.4000000000000004,2.8000000000000003,3.7,3,N,61602
3.4000000000000004,2.8000000000000003,3.7,4,N,61603
3.4000000000000004,2.8000000000000003,3.7,5,N,61604
3.4000000000000004,2.8000000000000003,4.0,1,N,61605
3.4000000000000004,2.8000000000000003,4.0,2,N,61606
3.4000000000000004,2.8000000000000003,4.0,3,N,61607
3.4000000000000004,2.8000000000000003,4.0,4,N,61608
3.4000000000000004,2.8000000000000003,4.0,5,N,61609
3.4000000000000004,2.8000000000000003,4.300000000000002,1,N,61610
3.4000000000000004,2.8000000000000003,4.300000000000002,2,N,61611
3.4000000000000004,2.8000000000000003,4.300000000000002,3,N,61612
3.4000000000000004,2.8000000000000003,4.300000000000002,4,N,61613
3.4000000000000004,2.8000000000000003,4.300000000000002,5,N,61614
3.4000000000000004,2.8000000000000003,4.6000000000000005,1,N,61615
3.4000000000000004,2.8000000000000003,4.6000000000000005,2,N,61616
3.4000000000000004,2.8000000000000003,4.6000000000000005,3,N,61617
3.4000000000000004,2.8000000000000003,4.6000000000000005,4,N,61618
3.4000000000000004,2.8000000000000003,4.6000000000000005,5,N,61619
3.4000000000000004,2.8000000000000003,4.9,1,N,61620
3.4000000000000004,2.8000000000000003,4.9,2,N,61621
3.4000000000000004,2.8000000000000003,4.9,3,N,61622
3.4000000000000004,2.8000000000000003,4.9,4,N,61623
3.4000000000000004,2.8000000000000003,4.9,5,N,61624
3.4000000000000004,3.1000000000000005,0.01,1,N,61625
3.4000000000000004,3.1000000000000005,0.01,2,N,61626
3.4000000000000004,3.1000000000000005,0.01,3,N,61627
3.4000000000000004,3.1000000000000005,0.01,4,N,61628
3.4000000000000004,3.1000000000000005,0.01,5,N,61629
3.4000000000000004,3.1000000000000005,0.11,1,N,61630
3.4000000000000004,3.1000000000000005,0.11,2,N,61631
3.4000000000000004,3.1000000000000005,0.11,3,N,61632
3.4000000000000004,3.1000000000000005,0.11,4,N,61633
3.4000000000000004,3.1000000000000005,0.11,5,N,61634
3.4000000000000004,3.1000000000000005,0.21,1,N,61635
3.4000000000000004,3.1000000000000005,0.21,2,N,61636
3.4000000000000004,3.1000000000000005,0.21,3,N,61637
3.4000000000000004,3.1000000000000005,0.21,4,N,61638
3.4000000000000004,3.1000000000000005,0.21,5,N,61639
3.4000000000000004,3.1000000000000005,0.31000000000000005,1,N,61640
3.4000000000000004,3.1000000000000005,0.31000000000000005,2,N,61641
3.4000000000000004,3.1000000000000005,0.31000000000000005,3,N,61642
3.4000000000000004,3.1000000000000005,0.31000000000000005,4,N,61643
3.4000000000000004,3.1000000000000005,0.31000000000000005,5,N,61644
3.4000000000000004,3.1000000000000005,0.41,1,N,61645
3.4000000000000004,3.1000000000000005,0.41,2,N,61646
3.4000000000000004,3.1000000000000005,0.41,3,N,61647
3.4000000000000004,3.1000000000000005,0.41,4,N,61648
3.4000000000000004,3.1000000000000005,0.41,5,N,61649
3.4000000000000004,3.1000000000000005,0.51,1,N,61650
3.4000000000000004,3.1000000000000005,0.51,2,N,61651
3.4000000000000004,3.1000000000000005,0.51,3,N,61652
3.4000000000000004,3.1000000000000005,0.51,4,N,61653
3.4000000000000004,3.1000000000000005,0.51,5,N,61654
3.4000000000000004,3.1000000000000005,0.6100000000000001,1,N,61655
3.4000000000000004,3.1000000000000005,0.6100000000000001,2,N,61656
3.4000000000000004,3.1000000000000005,0.6100000000000001,3,N,61657
3.4000000000000004,3.1000000000000005,0.6100000000000001,4,N,61658
3.4000000000000004,3.1000000000000005,0.6100000000000001,5,N,61659
3.4000000000000004,3.1000000000000005,0.7100000000000001,1,N,61660
3.4000000000000004,3.1000000000000005,0.7100000000000001,2,N,61661
3.4000000000000004,3.1000000000000005,0.7100000000000001,3,N,61662
3.4000000000000004,3.1000000000000005,0.7100000000000001,4,N,61663
3.4000000000000004,3.1000000000000005,0.7100000000000001,5,N,61664
3.4000000000000004,3.1000000000000005,0.81,1,N,61665
3.4000000000000004,3.1000000000000005,0.81,2,N,61666
3.4000000000000004,3.1000000000000005,0.81,3,N,61667
3.4000000000000004,3.1000000000000005,0.81,4,N,61668
3.4000000000000004,3.1000000000000005,0.81,5,N,61669
3.4000000000000004,3.1000000000000005,0.91,1,N,61670
3.4000000000000004,3.1000000000000005,0.91,2,N,61671
3.4000000000000004,3.1000000000000005,0.91,3,N,61672
3.4000000000000004,3.1000000000000005,0.91,4,N,61673
3.4000000000000004,3.1000000000000005,0.91,5,N,61674
3.4000000000000004,3.1000000000000005,1.01,1,N,61675
3.4000000000000004,3.1000000000000005,1.01,2,N,61676
3.4000000000000004,3.1000000000000005,1.01,3,N,61677
3.4000000000000004,3.1000000000000005,1.01,4,N,61678
3.4000000000000004,3.1000000000000005,1.01,5,N,61679
3.4000000000000004,3.1000000000000005,1.11,1,N,61680
3.4000000000000004,3.1000000000000005,1.11,2,N,61681
3.4000000000000004,3.1000000000000005,1.11,3,N,61682
3.4000000000000004,3.1000000000000005,1.11,4,N,61683
3.4000000000000004,3.1000000000000005,1.11,5,N,61684
3.4000000000000004,3.1000000000000005,1.3,1,N,61685
3.4000000000000004,3.1000000000000005,1.3,2,N,61686
3.4000000000000004,3.1000000000000005,1.3,3,N,61687
3.4000000000000004,3.1000000000000005,1.3,4,N,61688
3.4000000000000004,3.1000000000000005,1.3,5,N,61689
3.4000000000000004,3.1000000000000005,1.6,1,N,61690
3.4000000000000004,3.1000000000000005,1.6,2,N,61691
3.4000000000000004,3.1000000000000005,1.6,3,N,61692
3.4000000000000004,3.1000000000000005,1.6,4,N,61693
3.4000000000000004,3.1000000000000005,1.6,5,N,61694
3.4000000000000004,3.1000000000000005,1.9,1,N,61695
3.4000000000000004,3.1000000000000005,1.9,2,N,61696
3.4000000000000004,3.1000000000000005,1.9,3,N,61697
3.4000000000000004,3.1000000000000005,1.9,4,N,61698
3.4000000000000004,3.1000000000000005,1.9,5,N,61699
3.4000000000000004,3.1000000000000005,2.2,1,N,61700
3.4000000000000004,3.1000000000000005,2.2,2,N,61701
3.4000000000000004,3.1000000000000005,2.2,3,N,61702
3.4000000000000004,3.1000000000000005,2.2,4,N,61703
3.4000000000000004,3.1000000000000005,2.2,5,N,61704
3.4000000000000004,3.1000000000000005,2.5,1,N,61705
3.4000000000000004,3.1000000000000005,2.5,2,N,61706
3.4000000000000004,3.1000000000000005,2.5,3,N,61707
3.4000000000000004,3.1000000000000005,2.5,4,N,61708
3.4000000000000004,3.1000000000000005,2.5,5,N,61709
3.4000000000000004,3.1000000000000005,2.8000000000000003,1,N,61710
3.4000000000000004,3.1000000000000005,2.8000000000000003,2,N,61711
3.4000000000000004,3.1000000000000005,2.8000000000000003,3,N,61712
3.4000000000000004,3.1000000000000005,2.8000000000000003,4,N,61713
3.4000000000000004,3.1000000000000005,2.8000000000000003,5,N,61714
3.4000000000000004,3.1000000000000005,3.1000000000000005,1,N,61715
3.4000000000000004,3.1000000000000005,3.1000000000000005,2,N,61716
3.4000000000000004,3.1000000000000005,3.1000000000000005,3,N,61717
3.4000000000000004,3.1000000000000005,3.1000000000000005,4,N,61718
3.4000000000000004,3.1000000000000005,3.1000000000000005,5,N,61719
3.4000000000000004,3.1000000000000005,3.4000000000000004,1,N,61720
3.4000000000000004,3.1000000000000005,3.4000000000000004,2,N,61721
3.4000000000000004,3.1000000000000005,3.4000000000000004,3,N,61722
3.4000000000000004,3.1000000000000005,3.4000000000000004,4,N,61723
3.4000000000000004,3.1000000000000005,3.4000000000000004,5,N,61724
3.4000000000000004,3.1000000000000005,3.7,1,N,61725
3.4000000000000004,3.1000000000000005,3.7,2,N,61726
3.4000000000000004,3.1000000000000005,3.7,3,N,61727
3.4000000000000004,3.1000000000000005,3.7,4,N,61728
3.4000000000000004,3.1000000000000005,3.7,5,N,61729
3.4000000000000004,3.1000000000000005,4.0,1,N,61730
3.4000000000000004,3.1000000000000005,4.0,2,N,61731
3.4000000000000004,3.1000000000000005,4.0,3,N,61732
3.4000000000000004,3.1000000000000005,4.0,4,N,61733
3.4000000000000004,3.1000000000000005,4.0,5,N,61734
3.4000000000000004,3.1000000000000005,4.300000000000002,1,N,61735
3.4000000000000004,3.1000000000000005,4.300000000000002,2,N,61736
3.4000000000000004,3.1000000000000005,4.300000000000002,3,N,61737
3.4000000000000004,3.1000000000000005,4.300000000000002,4,N,61738
3.4000000000000004,3.1000000000000005,4.300000000000002,5,N,61739
3.4000000000000004,3.1000000000000005,4.6000000000000005,1,N,61740
3.4000000000000004,3.1000000000000005,4.6000000000000005,2,N,61741
3.4000000000000004,3.1000000000000005,4.6000000000000005,3,N,61742
3.4000000000000004,3.1000000000000005,4.6000000000000005,4,N,61743
3.4000000000000004,3.1000000000000005,4.6000000000000005,5,N,61744
3.4000000000000004,3.1000000000000005,4.9,1,N,61745
3.4000000000000004,3.1000000000000005,4.9,2,N,61746
3.4000000000000004,3.1000000000000005,4.9,3,N,61747
3.4000000000000004,3.1000000000000005,4.9,4,N,61748
3.4000000000000004,3.1000000000000005,4.9,5,N,61749
3.4000000000000004,3.4000000000000004,0.01,1,N,61750
3.4000000000000004,3.4000000000000004,0.01,2,N,61751
3.4000000000000004,3.4000000000000004,0.01,3,N,61752
3.4000000000000004,3.4000000000000004,0.01,4,N,61753
3.4000000000000004,3.4000000000000004,0.01,5,N,61754
3.4000000000000004,3.4000000000000004,0.11,1,N,61755
3.4000000000000004,3.4000000000000004,0.11,2,N,61756
3.4000000000000004,3.4000000000000004,0.11,3,N,61757
3.4000000000000004,3.4000000000000004,0.11,4,N,61758
3.4000000000000004,3.4000000000000004,0.11,5,N,61759
3.4000000000000004,3.4000000000000004,0.21,1,N,61760
3.4000000000000004,3.4000000000000004,0.21,2,N,61761
3.4000000000000004,3.4000000000000004,0.21,3,N,61762
3.4000000000000004,3.4000000000000004,0.21,4,N,61763
3.4000000000000004,3.4000000000000004,0.21,5,N,61764
3.4000000000000004,3.4000000000000004,0.31000000000000005,1,N,61765
3.4000000000000004,3.4000000000000004,0.31000000000000005,2,N,61766
3.4000000000000004,3.4000000000000004,0.31000000000000005,3,N,61767
3.4000000000000004,3.4000000000000004,0.31000000000000005,4,N,61768
3.4000000000000004,3.4000000000000004,0.31000000000000005,5,N,61769
3.4000000000000004,3.4000000000000004,0.41,1,N,61770
3.4000000000000004,3.4000000000000004,0.41,2,N,61771
3.4000000000000004,3.4000000000000004,0.41,3,N,61772
3.4000000000000004,3.4000000000000004,0.41,4,N,61773
3.4000000000000004,3.4000000000000004,0.41,5,N,61774
3.4000000000000004,3.4000000000000004,0.51,1,N,61775
3.4000000000000004,3.4000000000000004,0.51,2,N,61776
3.4000000000000004,3.4000000000000004,0.51,3,N,61777
3.4000000000000004,3.4000000000000004,0.51,4,N,61778
3.4000000000000004,3.4000000000000004,0.51,5,N,61779
3.4000000000000004,3.4000000000000004,0.6100000000000001,1,N,61780
3.4000000000000004,3.4000000000000004,0.6100000000000001,2,N,61781
3.4000000000000004,3.4000000000000004,0.6100000000000001,3,N,61782
3.4000000000000004,3.4000000000000004,0.6100000000000001,4,N,61783
3.4000000000000004,3.4000000000000004,0.6100000000000001,5,N,61784
3.4000000000000004,3.4000000000000004,0.7100000000000001,1,N,61785
3.4000000000000004,3.4000000000000004,0.7100000000000001,2,N,61786
3.4000000000000004,3.4000000000000004,0.7100000000000001,3,N,61787
3.4000000000000004,3.4000000000000004,0.7100000000000001,4,N,61788
3.4000000000000004,3.4000000000000004,0.7100000000000001,5,N,61789
3.4000000000000004,3.4000000000000004,0.81,1,N,61790
3.4000000000000004,3.4000000000000004,0.81,2,N,61791
3.4000000000000004,3.4000000000000004,0.81,3,N,61792
3.4000000000000004,3.4000000000000004,0.81,4,N,61793
3.4000000000000004,3.4000000000000004,0.81,5,N,61794
3.4000000000000004,3.4000000000000004,0.91,1,N,61795
3.4000000000000004,3.4000000000000004,0.91,2,N,61796
3.4000000000000004,3.4000000000000004,0.91,3,N,61797
3.4000000000000004,3.4000000000000004,0.91,4,N,61798
3.4000000000000004,3.4000000000000004,0.91,5,N,61799
3.4000000000000004,3.4000000000000004,1.01,1,N,61800
3.4000000000000004,3.4000000000000004,1.01,2,N,61801
3.4000000000000004,3.4000000000000004,1.01,3,N,61802
3.4000000000000004,3.4000000000000004,1.01,4,N,61803
3.4000000000000004,3.4000000000000004,1.01,5,N,61804
3.4000000000000004,3.4000000000000004,1.11,1,N,61805
3.4000000000000004,3.4000000000000004,1.11,2,N,61806
3.4000000000000004,3.4000000000000004,1.11,3,N,61807
3.4000000000000004,3.4000000000000004,1.11,4,N,61808
3.4000000000000004,3.4000000000000004,1.11,5,N,61809
3.4000000000000004,3.4000000000000004,1.3,1,N,61810
3.4000000000000004,3.4000000000000004,1.3,2,N,61811
3.4000000000000004,3.4000000000000004,1.3,3,N,61812
3.4000000000000004,3.4000000000000004,1.3,4,N,61813
3.4000000000000004,3.4000000000000004,1.3,5,N,61814
3.4000000000000004,3.4000000000000004,1.6,1,N,61815
3.4000000000000004,3.4000000000000004,1.6,2,N,61816
3.4000000000000004,3.4000000000000004,1.6,3,N,61817
3.4000000000000004,3.4000000000000004,1.6,4,N,61818
3.4000000000000004,3.4000000000000004,1.6,5,N,61819
3.4000000000000004,3.4000000000000004,1.9,1,N,61820
3.4000000000000004,3.4000000000000004,1.9,2,N,61821
3.4000000000000004,3.4000000000000004,1.9,3,N,61822
3.4000000000000004,3.4000000000000004,1.9,4,N,61823
3.4000000000000004,3.4000000000000004,1.9,5,N,61824
3.4000000000000004,3.4000000000000004,2.2,1,N,61825
3.4000000000000004,3.4000000000000004,2.2,2,N,61826
3.4000000000000004,3.4000000000000004,2.2,3,N,61827
3.4000000000000004,3.4000000000000004,2.2,4,N,61828
3.4000000000000004,3.4000000000000004,2.2,5,N,61829
3.4000000000000004,3.4000000000000004,2.5,1,N,61830
3.4000000000000004,3.4000000000000004,2.5,2,N,61831
3.4000000000000004,3.4000000000000004,2.5,3,N,61832
3.4000000000000004,3.4000000000000004,2.5,4,N,61833
3.4000000000000004,3.4000000000000004,2.5,5,N,61834
3.4000000000000004,3.4000000000000004,2.8000000000000003,1,N,61835
3.4000000000000004,3.4000000000000004,2.8000000000000003,2,N,61836
3.4000000000000004,3.4000000000000004,2.8000000000000003,3,N,61837
3.4000000000000004,3.4000000000000004,2.8000000000000003,4,N,61838
3.4000000000000004,3.4000000000000004,2.8000000000000003,5,N,61839
3.4000000000000004,3.4000000000000004,3.1000000000000005,1,N,61840
3.4000000000000004,3.4000000000000004,3.1000000000000005,2,N,61841
3.4000000000000004,3.4000000000000004,3.1000000000000005,3,N,61842
3.4000000000000004,3.4000000000000004,3.1000000000000005,4,N,61843
3.4000000000000004,3.4000000000000004,3.1000000000000005,5,N,61844
3.4000000000000004,3.4000000000000004,3.4000000000000004,1,N,61845
3.4000000000000004,3.4000000000000004,3.4000000000000004,2,N,61846
3.4000000000000004,3.4000000000000004,3.4000000000000004,3,N,61847
3.4000000000000004,3.4000000000000004,3.4000000000000004,4,N,61848
3.4000000000000004,3.4000000000000004,3.4000000000000004,5,N,61849
3.4000000000000004,3.4000000000000004,3.7,1,N,61850
3.4000000000000004,3.4000000000000004,3.7,2,N,61851
3.4000000000000004,3.4000000000000004,3.7,3,N,61852
3.4000000000000004,3.4000000000000004,3.7,4,N,61853
3.4000000000000004,3.4000000000000004,3.7,5,N,61854
3.4000000000000004,3.4000000000000004,4.0,1,N,61855
3.4000000000000004,3.4000000000000004,4.0,2,N,61856
3.4000000000000004,3.4000000000000004,4.0,3,N,61857
3.4000000000000004,3.4000000000000004,4.0,4,N,61858
3.4000000000000004,3.4000000000000004,4.0,5,N,61859
3.4000000000000004,3.4000000000000004,4.300000000000002,1,N,61860
3.4000000000000004,3.4000000000000004,4.300000000000002,2,N,61861
3.4000000000000004,3.4000000000000004,4.300000000000002,3,N,61862
3.4000000000000004,3.4000000000000004,4.300000000000002,4,N,61863
3.4000000000000004,3.4000000000000004,4.300000000000002,5,N,61864
3.4000000000000004,3.4000000000000004,4.6000000000000005,1,N,61865
3.4000000000000004,3.4000000000000004,4.6000000000000005,2,N,61866
3.4000000000000004,3.4000000000000004,4.6000000000000005,3,N,61867
3.4000000000000004,3.4000000000000004,4.6000000000000005,4,N,61868
3.4000000000000004,3.4000000000000004,4.6000000000000005,5,N,61869
3.4000000000000004,3.4000000000000004,4.9,1,N,61870
3.4000000000000004,3.4000000000000004,4.9,2,N,61871
3.4000000000000004,3.4000000000000004,4.9,3,N,61872
3.4000000000000004,3.4000000000000004,4.9,4,N,61873
3.4000000000000004,3.4000000000000004,4.9,5,N,61874
3.4000000000000004,3.7,0.01,1,N,61875
3.4000000000000004,3.7,0.01,2,N,61876
3.4000000000000004,3.7,0.01,3,N,61877
3.4000000000000004,3.7,0.01,4,N,61878
3.4000000000000004,3.7,0.01,5,N,61879
3.4000000000000004,3.7,0.11,1,N,61880
3.4000000000000004,3.7,0.11,2,N,61881
3.4000000000000004,3.7,0.11,3,N,61882
3.4000000000000004,3.7,0.11,4,N,61883
3.4000000000000004,3.7,0.11,5,N,61884
3.4000000000000004,3.7,0.21,1,N,61885
3.4000000000000004,3.7,0.21,2,N,61886
3.4000000000000004,3.7,0.21,3,N,61887
3.4000000000000004,3.7,0.21,4,N,61888
3.4000000000000004,3.7,0.21,5,N,61889
3.4000000000000004,3.7,0.31000000000000005,1,N,61890
3.4000000000000004,3.7,0.31000000000000005,2,N,61891
3.4000000000000004,3.7,0.31000000000000005,3,N,61892
3.4000000000000004,3.7,0.31000000000000005,4,N,61893
3.4000000000000004,3.7,0.31000000000000005,5,N,61894
3.4000000000000004,3.7,0.41,1,N,61895
3.4000000000000004,3.7,0.41,2,N,61896
3.4000000000000004,3.7,0.41,3,N,61897
3.4000000000000004,3.7,0.41,4,N,61898
3.4000000000000004,3.7,0.41,5,N,61899
3.4000000000000004,3.7,0.51,1,N,61900
3.4000000000000004,3.7,0.51,2,N,61901
3.4000000000000004,3.7,0.51,3,N,61902
3.4000000000000004,3.7,0.51,4,N,61903
3.4000000000000004,3.7,0.51,5,N,61904
3.4000000000000004,3.7,0.6100000000000001,1,N,61905
3.4000000000000004,3.7,0.6100000000000001,2,N,61906
3.4000000000000004,3.7,0.6100000000000001,3,N,61907
3.4000000000000004,3.7,0.6100000000000001,4,N,61908
3.4000000000000004,3.7,0.6100000000000001,5,N,61909
3.4000000000000004,3.7,0.7100000000000001,1,N,61910
3.4000000000000004,3.7,0.7100000000000001,2,N,61911
3.4000000000000004,3.7,0.7100000000000001,3,N,61912
3.4000000000000004,3.7,0.7100000000000001,4,N,61913
3.4000000000000004,3.7,0.7100000000000001,5,N,61914
3.4000000000000004,3.7,0.81,1,N,61915
3.4000000000000004,3.7,0.81,2,N,61916
3.4000000000000004,3.7,0.81,3,N,61917
3.4000000000000004,3.7,0.81,4,N,61918
3.4000000000000004,3.7,0.81,5,N,61919
3.4000000000000004,3.7,0.91,1,N,61920
3.4000000000000004,3.7,0.91,2,N,61921
3.4000000000000004,3.7,0.91,3,N,61922
3.4000000000000004,3.7,0.91,4,N,61923
3.4000000000000004,3.7,0.91,5,N,61924
3.4000000000000004,3.7,1.01,1,N,61925
3.4000000000000004,3.7,1.01,2,N,61926
3.4000000000000004,3.7,1.01,3,N,61927
3.4000000000000004,3.7,1.01,4,N,61928
3.4000000000000004,3.7,1.01,5,N,61929
3.4000000000000004,3.7,1.11,1,N,61930
3.4000000000000004,3.7,1.11,2,N,61931
3.4000000000000004,3.7,1.11,3,N,61932
3.4000000000000004,3.7,1.11,4,N,61933
3.4000000000000004,3.7,1.11,5,N,61934
3.4000000000000004,3.7,1.3,1,N,61935
3.4000000000000004,3.7,1.3,2,N,61936
3.4000000000000004,3.7,1.3,3,N,61937
3.4000000000000004,3.7,1.3,4,N,61938
3.4000000000000004,3.7,1.3,5,N,61939
3.4000000000000004,3.7,1.6,1,N,61940
3.4000000000000004,3.7,1.6,2,N,61941
3.4000000000000004,3.7,1.6,3,N,61942
3.4000000000000004,3.7,1.6,4,N,61943
3.4000000000000004,3.7,1.6,5,N,61944
3.4000000000000004,3.7,1.9,1,N,61945
3.4000000000000004,3.7,1.9,2,N,61946
3.4000000000000004,3.7,1.9,3,N,61947
3.4000000000000004,3.7,1.9,4,N,61948
3.4000000000000004,3.7,1.9,5,N,61949
3.4000000000000004,3.7,2.2,1,N,61950
3.4000000000000004,3.7,2.2,2,N,61951
3.4000000000000004,3.7,2.2,3,N,61952
3.4000000000000004,3.7,2.2,4,N,61953
3.4000000000000004,3.7,2.2,5,N,61954
3.4000000000000004,3.7,2.5,1,N,61955
3.4000000000000004,3.7,2.5,2,N,61956
3.4000000000000004,3.7,2.5,3,N,61957
3.4000000000000004,3.7,2.5,4,N,61958
3.4000000000000004,3.7,2.5,5,N,61959
3.4000000000000004,3.7,2.8000000000000003,1,N,61960
3.4000000000000004,3.7,2.8000000000000003,2,N,61961
3.4000000000000004,3.7,2.8000000000000003,3,N,61962
3.4000000000000004,3.7,2.8000000000000003,4,N,61963
3.4000000000000004,3.7,2.8000000000000003,5,N,61964
3.4000000000000004,3.7,3.1000000000000005,1,N,61965
3.4000000000000004,3.7,3.1000000000000005,2,N,61966
3.4000000000000004,3.7,3.1000000000000005,3,N,61967
3.4000000000000004,3.7,3.1000000000000005,4,N,61968
3.4000000000000004,3.7,3.1000000000000005,5,N,61969
3.4000000000000004,3.7,3.4000000000000004,1,N,61970
3.4000000000000004,3.7,3.4000000000000004,2,N,61971
3.4000000000000004,3.7,3.4000000000000004,3,N,61972
3.4000000000000004,3.7,3.4000000000000004,4,N,61973
3.4000000000000004,3.7,3.4000000000000004,5,N,61974
3.4000000000000004,3.7,3.7,1,N,61975
3.4000000000000004,3.7,3.7,2,N,61976
3.4000000000000004,3.7,3.7,3,N,61977
3.4000000000000004,3.7,3.7,4,N,61978
3.4000000000000004,3.7,3.7,5,N,61979
3.4000000000000004,3.7,4.0,1,N,61980
3.4000000000000004,3.7,4.0,2,N,61981
3.4000000000000004,3.7,4.0,3,N,61982
3.4000000000000004,3.7,4.0,4,N,61983
3.4000000000000004,3.7,4.0,5,N,61984
3.4000000000000004,3.7,4.300000000000002,1,N,61985
3.4000000000000004,3.7,4.300000000000002,2,N,61986
3.4000000000000004,3.7,4.300000000000002,3,N,61987
3.4000000000000004,3.7,4.300000000000002,4,N,61988
3.4000000000000004,3.7,4.300000000000002,5,N,61989
3.4000000000000004,3.7,4.6000000000000005,1,N,61990
3.4000000000000004,3.7,4.6000000000000005,2,N,61991
3.4000000000000004,3.7,4.6000000000000005,3,N,61992
3.4000000000000004,3.7,4.6000000000000005,4,N,61993
3.4000000000000004,3.7,4.6000000000000005,5,N,61994
3.4000000000000004,3.7,4.9,1,N,61995
3.4000000000000004,3.7,4.9,2,N,61996
3.4000000000000004,3.7,4.9,3,N,61997
3.4000000000000004,3.7,4.9,4,N,61998
3.4000000000000004,3.7,4.9,5,N,61999
3.4000000000000004,4.0,0.01,1,N,62000
3.4000000000000004,4.0,0.01,2,N,62001
3.4000000000000004,4.0,0.01,3,N,62002
3.4000000000000004,4.0,0.01,4,N,62003
3.4000000000000004,4.0,0.01,5,N,62004
3.4000000000000004,4.0,0.11,1,N,62005
3.4000000000000004,4.0,0.11,2,N,62006
3.4000000000000004,4.0,0.11,3,N,62007
3.4000000000000004,4.0,0.11,4,N,62008
3.4000000000000004,4.0,0.11,5,N,62009
3.4000000000000004,4.0,0.21,1,N,62010
3.4000000000000004,4.0,0.21,2,N,62011
3.4000000000000004,4.0,0.21,3,N,62012
3.4000000000000004,4.0,0.21,4,N,62013
3.4000000000000004,4.0,0.21,5,N,62014
3.4000000000000004,4.0,0.31000000000000005,1,N,62015
3.4000000000000004,4.0,0.31000000000000005,2,N,62016
3.4000000000000004,4.0,0.31000000000000005,3,N,62017
3.4000000000000004,4.0,0.31000000000000005,4,N,62018
3.4000000000000004,4.0,0.31000000000000005,5,N,62019
3.4000000000000004,4.0,0.41,1,N,62020
3.4000000000000004,4.0,0.41,2,N,62021
3.4000000000000004,4.0,0.41,3,N,62022
3.4000000000000004,4.0,0.41,4,N,62023
3.4000000000000004,4.0,0.41,5,N,62024
3.4000000000000004,4.0,0.51,1,N,62025
3.4000000000000004,4.0,0.51,2,N,62026
3.4000000000000004,4.0,0.51,3,N,62027
3.4000000000000004,4.0,0.51,4,N,62028
3.4000000000000004,4.0,0.51,5,N,62029
3.4000000000000004,4.0,0.6100000000000001,1,N,62030
3.4000000000000004,4.0,0.6100000000000001,2,N,62031
3.4000000000000004,4.0,0.6100000000000001,3,N,62032
3.4000000000000004,4.0,0.6100000000000001,4,N,62033
3.4000000000000004,4.0,0.6100000000000001,5,N,62034
3.4000000000000004,4.0,0.7100000000000001,1,N,62035
3.4000000000000004,4.0,0.7100000000000001,2,N,62036
3.4000000000000004,4.0,0.7100000000000001,3,N,62037
3.4000000000000004,4.0,0.7100000000000001,4,N,62038
3.4000000000000004,4.0,0.7100000000000001,5,N,62039
3.4000000000000004,4.0,0.81,1,N,62040
3.4000000000000004,4.0,0.81,2,N,62041
3.4000000000000004,4.0,0.81,3,N,62042
3.4000000000000004,4.0,0.81,4,N,62043
3.4000000000000004,4.0,0.81,5,N,62044
3.4000000000000004,4.0,0.91,1,N,62045
3.4000000000000004,4.0,0.91,2,N,62046
3.4000000000000004,4.0,0.91,3,N,62047
3.4000000000000004,4.0,0.91,4,N,62048
3.4000000000000004,4.0,0.91,5,N,62049
3.4000000000000004,4.0,1.01,1,N,62050
3.4000000000000004,4.0,1.01,2,N,62051
3.4000000000000004,4.0,1.01,3,N,62052
3.4000000000000004,4.0,1.01,4,N,62053
3.4000000000000004,4.0,1.01,5,N,62054
3.4000000000000004,4.0,1.11,1,N,62055
3.4000000000000004,4.0,1.11,2,N,62056
3.4000000000000004,4.0,1.11,3,N,62057
3.4000000000000004,4.0,1.11,4,N,62058
3.4000000000000004,4.0,1.11,5,N,62059
3.4000000000000004,4.0,1.3,1,N,62060
3.4000000000000004,4.0,1.3,2,N,62061
3.4000000000000004,4.0,1.3,3,N,62062
3.4000000000000004,4.0,1.3,4,N,62063
3.4000000000000004,4.0,1.3,5,N,62064
3.4000000000000004,4.0,1.6,1,N,62065
3.4000000000000004,4.0,1.6,2,N,62066
3.4000000000000004,4.0,1.6,3,N,62067
3.4000000000000004,4.0,1.6,4,N,62068
3.4000000000000004,4.0,1.6,5,N,62069
3.4000000000000004,4.0,1.9,1,N,62070
3.4000000000000004,4.0,1.9,2,N,62071
3.4000000000000004,4.0,1.9,3,N,62072
3.4000000000000004,4.0,1.9,4,N,62073
3.4000000000000004,4.0,1.9,5,N,62074
3.4000000000000004,4.0,2.2,1,N,62075
3.4000000000000004,4.0,2.2,2,N,62076
3.4000000000000004,4.0,2.2,3,N,62077
3.4000000000000004,4.0,2.2,4,N,62078
3.4000000000000004,4.0,2.2,5,N,62079
3.4000000000000004,4.0,2.5,1,N,62080
3.4000000000000004,4.0,2.5,2,N,62081
3.4000000000000004,4.0,2.5,3,N,62082
3.4000000000000004,4.0,2.5,4,N,62083
3.4000000000000004,4.0,2.5,5,N,62084
3.4000000000000004,4.0,2.8000000000000003,1,N,62085
3.4000000000000004,4.0,2.8000000000000003,2,N,62086
3.4000000000000004,4.0,2.8000000000000003,3,N,62087
3.4000000000000004,4.0,2.8000000000000003,4,N,62088
3.4000000000000004,4.0,2.8000000000000003,5,N,62089
3.4000000000000004,4.0,3.1000000000000005,1,N,62090
3.4000000000000004,4.0,3.1000000000000005,2,N,62091
3.4000000000000004,4.0,3.1000000000000005,3,N,62092
3.4000000000000004,4.0,3.1000000000000005,4,N,62093
3.4000000000000004,4.0,3.1000000000000005,5,N,62094
3.4000000000000004,4.0,3.4000000000000004,1,N,62095
3.4000000000000004,4.0,3.4000000000000004,2,N,62096
3.4000000000000004,4.0,3.4000000000000004,3,N,62097
3.4000000000000004,4.0,3.4000000000000004,4,N,62098
3.4000000000000004,4.0,3.4000000000000004,5,N,62099
3.4000000000000004,4.0,3.7,1,N,62100
3.4000000000000004,4.0,3.7,2,N,62101
3.4000000000000004,4.0,3.7,3,N,62102
3.4000000000000004,4.0,3.7,4,N,62103
3.4000000000000004,4.0,3.7,5,N,62104
3.4000000000000004,4.0,4.0,1,N,62105
3.4000000000000004,4.0,4.0,2,N,62106
3.4000000000000004,4.0,4.0,3,N,62107
3.4000000000000004,4.0,4.0,4,N,62108
3.4000000000000004,4.0,4.0,5,N,62109
3.4000000000000004,4.0,4.300000000000002,1,N,62110
3.4000000000000004,4.0,4.300000000000002,2,N,62111
3.4000000000000004,4.0,4.300000000000002,3,N,62112
3.4000000000000004,4.0,4.300000000000002,4,N,62113
3.4000000000000004,4.0,4.300000000000002,5,N,62114
3.4000000000000004,4.0,4.6000000000000005,1,N,62115
3.4000000000000004,4.0,4.6000000000000005,2,N,62116
3.4000000000000004,4.0,4.6000000000000005,3,N,62117
3.4000000000000004,4.0,4.6000000000000005,4,N,62118
3.4000000000000004,4.0,4.6000000000000005,5,N,62119
3.4000000000000004,4.0,4.9,1,N,62120
3.4000000000000004,4.0,4.9,2,N,62121
3.4000000000000004,4.0,4.9,3,N,62122
3.4000000000000004,4.0,4.9,4,N,62123
3.4000000000000004,4.0,4.9,5,N,62124
3.4000000000000004,4.300000000000002,0.01,1,N,62125
3.4000000000000004,4.300000000000002,0.01,2,N,62126
3.4000000000000004,4.300000000000002,0.01,3,N,62127
3.4000000000000004,4.300000000000002,0.01,4,N,62128
3.4000000000000004,4.300000000000002,0.01,5,N,62129
3.4000000000000004,4.300000000000002,0.11,1,N,62130
3.4000000000000004,4.300000000000002,0.11,2,N,62131
3.4000000000000004,4.300000000000002,0.11,3,N,62132
3.4000000000000004,4.300000000000002,0.11,4,N,62133
3.4000000000000004,4.300000000000002,0.11,5,N,62134
3.4000000000000004,4.300000000000002,0.21,1,N,62135
3.4000000000000004,4.300000000000002,0.21,2,N,62136
3.4000000000000004,4.300000000000002,0.21,3,N,62137
3.4000000000000004,4.300000000000002,0.21,4,N,62138
3.4000000000000004,4.300000000000002,0.21,5,N,62139
3.4000000000000004,4.300000000000002,0.31000000000000005,1,N,62140
3.4000000000000004,4.300000000000002,0.31000000000000005,2,N,62141
3.4000000000000004,4.300000000000002,0.31000000000000005,3,N,62142
3.4000000000000004,4.300000000000002,0.31000000000000005,4,N,62143
3.4000000000000004,4.300000000000002,0.31000000000000005,5,N,62144
3.4000000000000004,4.300000000000002,0.41,1,N,62145
3.4000000000000004,4.300000000000002,0.41,2,N,62146
3.4000000000000004,4.300000000000002,0.41,3,N,62147
3.4000000000000004,4.300000000000002,0.41,4,N,62148
3.4000000000000004,4.300000000000002,0.41,5,N,62149
3.4000000000000004,4.300000000000002,0.51,1,N,62150
3.4000000000000004,4.300000000000002,0.51,2,N,62151
3.4000000000000004,4.300000000000002,0.51,3,N,62152
3.4000000000000004,4.300000000000002,0.51,4,N,62153
3.4000000000000004,4.300000000000002,0.51,5,N,62154
3.4000000000000004,4.300000000000002,0.6100000000000001,1,N,62155
3.4000000000000004,4.300000000000002,0.6100000000000001,2,N,62156
3.4000000000000004,4.300000000000002,0.6100000000000001,3,N,62157
3.4000000000000004,4.300000000000002,0.6100000000000001,4,N,62158
3.4000000000000004,4.300000000000002,0.6100000000000001,5,N,62159
3.4000000000000004,4.300000000000002,0.7100000000000001,1,N,62160
3.4000000000000004,4.300000000000002,0.7100000000000001,2,N,62161
3.4000000000000004,4.300000000000002,0.7100000000000001,3,N,62162
3.4000000000000004,4.300000000000002,0.7100000000000001,4,N,62163
3.4000000000000004,4.300000000000002,0.7100000000000001,5,N,62164
3.4000000000000004,4.300000000000002,0.81,1,N,62165
3.4000000000000004,4.300000000000002,0.81,2,N,62166
3.4000000000000004,4.300000000000002,0.81,3,N,62167
3.4000000000000004,4.300000000000002,0.81,4,N,62168
3.4000000000000004,4.300000000000002,0.81,5,N,62169
3.4000000000000004,4.300000000000002,0.91,1,N,62170
3.4000000000000004,4.300000000000002,0.91,2,N,62171
3.4000000000000004,4.300000000000002,0.91,3,N,62172
3.4000000000000004,4.300000000000002,0.91,4,N,62173
3.4000000000000004,4.300000000000002,0.91,5,N,62174
3.4000000000000004,4.300000000000002,1.01,1,N,62175
3.4000000000000004,4.300000000000002,1.01,2,N,62176
3.4000000000000004,4.300000000000002,1.01,3,N,62177
3.4000000000000004,4.300000000000002,1.01,4,N,62178
3.4000000000000004,4.300000000000002,1.01,5,N,62179
3.4000000000000004,4.300000000000002,1.11,1,N,62180
3.4000000000000004,4.300000000000002,1.11,2,N,62181
3.4000000000000004,4.300000000000002,1.11,3,N,62182
3.4000000000000004,4.300000000000002,1.11,4,N,62183
3.4000000000000004,4.300000000000002,1.11,5,N,62184
3.4000000000000004,4.300000000000002,1.3,1,N,62185
3.4000000000000004,4.300000000000002,1.3,2,N,62186
3.4000000000000004,4.300000000000002,1.3,3,N,62187
3.4000000000000004,4.300000000000002,1.3,4,N,62188
3.4000000000000004,4.300000000000002,1.3,5,N,62189
3.4000000000000004,4.300000000000002,1.6,1,N,62190
3.4000000000000004,4.300000000000002,1.6,2,N,62191
3.4000000000000004,4.300000000000002,1.6,3,N,62192
3.4000000000000004,4.300000000000002,1.6,4,N,62193
3.4000000000000004,4.300000000000002,1.6,5,N,62194
3.4000000000000004,4.300000000000002,1.9,1,N,62195
3.4000000000000004,4.300000000000002,1.9,2,N,62196
3.4000000000000004,4.300000000000002,1.9,3,N,62197
3.4000000000000004,4.300000000000002,1.9,4,N,62198
3.4000000000000004,4.300000000000002,1.9,5,N,62199
3.4000000000000004,4.300000000000002,2.2,1,N,62200
3.4000000000000004,4.300000000000002,2.2,2,N,62201
3.4000000000000004,4.300000000000002,2.2,3,N,62202
3.4000000000000004,4.300000000000002,2.2,4,N,62203
3.4000000000000004,4.300000000000002,2.2,5,N,62204
3.4000000000000004,4.300000000000002,2.5,1,N,62205
3.4000000000000004,4.300000000000002,2.5,2,N,62206
3.4000000000000004,4.300000000000002,2.5,3,N,62207
3.4000000000000004,4.300000000000002,2.5,4,N,62208
3.4000000000000004,4.300000000000002,2.5,5,N,62209
3.4000000000000004,4.300000000000002,2.8000000000000003,1,N,62210
3.4000000000000004,4.300000000000002,2.8000000000000003,2,N,62211
3.4000000000000004,4.300000000000002,2.8000000000000003,3,N,62212
3.4000000000000004,4.300000000000002,2.8000000000000003,4,N,62213
3.4000000000000004,4.300000000000002,2.8000000000000003,5,N,62214
3.4000000000000004,4.300000000000002,3.1000000000000005,1,N,62215
3.4000000000000004,4.300000000000002,3.1000000000000005,2,N,62216
3.4000000000000004,4.300000000000002,3.1000000000000005,3,N,62217
3.4000000000000004,4.300000000000002,3.1000000000000005,4,N,62218
3.4000000000000004,4.300000000000002,3.1000000000000005,5,N,62219
3.4000000000000004,4.300000000000002,3.4000000000000004,1,N,62220
3.4000000000000004,4.300000000000002,3.4000000000000004,2,N,62221
3.4000000000000004,4.300000000000002,3.4000000000000004,3,N,62222
3.4000000000000004,4.300000000000002,3.4000000000000004,4,N,62223
3.4000000000000004,4.300000000000002,3.4000000000000004,5,N,62224
3.4000000000000004,4.300000000000002,3.7,1,N,62225
3.4000000000000004,4.300000000000002,3.7,2,N,62226
3.4000000000000004,4.300000000000002,3.7,3,N,62227
3.4000000000000004,4.300000000000002,3.7,4,N,62228
3.4000000000000004,4.300000000000002,3.7,5,N,62229
3.4000000000000004,4.300000000000002,4.0,1,N,62230
3.4000000000000004,4.300000000000002,4.0,2,N,62231
3.4000000000000004,4.300000000000002,4.0,3,N,62232
3.4000000000000004,4.300000000000002,4.0,4,N,62233
3.4000000000000004,4.300000000000002,4.0,5,N,62234
3.4000000000000004,4.300000000000002,4.300000000000002,1,N,62235
3.4000000000000004,4.300000000000002,4.300000000000002,2,N,62236
3.4000000000000004,4.300000000000002,4.300000000000002,3,N,62237
3.4000000000000004,4.300000000000002,4.300000000000002,4,N,62238
3.4000000000000004,4.300000000000002,4.300000000000002,5,N,62239
3.4000000000000004,4.300000000000002,4.6000000000000005,1,N,62240
3.4000000000000004,4.300000000000002,4.6000000000000005,2,N,62241
3.4000000000000004,4.300000000000002,4.6000000000000005,3,N,62242
3.4000000000000004,4.300000000000002,4.6000000000000005,4,N,62243
3.4000000000000004,4.300000000000002,4.6000000000000005,5,N,62244
3.4000000000000004,4.300000000000002,4.9,1,N,62245
3.4000000000000004,4.300000000000002,4.9,2,N,62246
3.4000000000000004,4.300000000000002,4.9,3,N,62247
3.4000000000000004,4.300000000000002,4.9,4,N,62248
3.4000000000000004,4.300000000000002,4.9,5,N,62249
3.4000000000000004,4.6000000000000005,0.01,1,N,62250
3.4000000000000004,4.6000000000000005,0.01,2,N,62251
3.4000000000000004,4.6000000000000005,0.01,3,N,62252
3.4000000000000004,4.6000000000000005,0.01,4,N,62253
3.4000000000000004,4.6000000000000005,0.01,5,N,62254
3.4000000000000004,4.6000000000000005,0.11,1,N,62255
3.4000000000000004,4.6000000000000005,0.11,2,N,62256
3.4000000000000004,4.6000000000000005,0.11,3,N,62257
3.4000000000000004,4.6000000000000005,0.11,4,N,62258
3.4000000000000004,4.6000000000000005,0.11,5,N,62259
3.4000000000000004,4.6000000000000005,0.21,1,N,62260
3.4000000000000004,4.6000000000000005,0.21,2,N,62261
3.4000000000000004,4.6000000000000005,0.21,3,N,62262
3.4000000000000004,4.6000000000000005,0.21,4,N,62263
3.4000000000000004,4.6000000000000005,0.21,5,N,62264
3.4000000000000004,4.6000000000000005,0.31000000000000005,1,N,62265
3.4000000000000004,4.6000000000000005,0.31000000000000005,2,N,62266
3.4000000000000004,4.6000000000000005,0.31000000000000005,3,N,62267
3.4000000000000004,4.6000000000000005,0.31000000000000005,4,N,62268
3.4000000000000004,4.6000000000000005,0.31000000000000005,5,N,62269
3.4000000000000004,4.6000000000000005,0.41,1,N,62270
3.4000000000000004,4.6000000000000005,0.41,2,N,62271
3.4000000000000004,4.6000000000000005,0.41,3,N,62272
3.4000000000000004,4.6000000000000005,0.41,4,N,62273
3.4000000000000004,4.6000000000000005,0.41,5,N,62274
3.4000000000000004,4.6000000000000005,0.51,1,N,62275
3.4000000000000004,4.6000000000000005,0.51,2,N,62276
3.4000000000000004,4.6000000000000005,0.51,3,N,62277
3.4000000000000004,4.6000000000000005,0.51,4,N,62278
3.4000000000000004,4.6000000000000005,0.51,5,N,62279
3.4000000000000004,4.6000000000000005,0.6100000000000001,1,N,62280
3.4000000000000004,4.6000000000000005,0.6100000000000001,2,N,62281
3.4000000000000004,4.6000000000000005,0.6100000000000001,3,N,62282
3.4000000000000004,4.6000000000000005,0.6100000000000001,4,N,62283
3.4000000000000004,4.6000000000000005,0.6100000000000001,5,N,62284
3.4000000000000004,4.6000000000000005,0.7100000000000001,1,N,62285
3.4000000000000004,4.6000000000000005,0.7100000000000001,2,N,62286
3.4000000000000004,4.6000000000000005,0.7100000000000001,3,N,62287
3.4000000000000004,4.6000000000000005,0.7100000000000001,4,N,62288
3.4000000000000004,4.6000000000000005,0.7100000000000001,5,N,62289
3.4000000000000004,4.6000000000000005,0.81,1,N,62290
3.4000000000000004,4.6000000000000005,0.81,2,N,62291
3.4000000000000004,4.6000000000000005,0.81,3,N,62292
3.4000000000000004,4.6000000000000005,0.81,4,N,62293
3.4000000000000004,4.6000000000000005,0.81,5,N,62294
3.4000000000000004,4.6000000000000005,0.91,1,N,62295
3.4000000000000004,4.6000000000000005,0.91,2,N,62296
3.4000000000000004,4.6000000000000005,0.91,3,N,62297
3.4000000000000004,4.6000000000000005,0.91,4,N,62298
3.4000000000000004,4.6000000000000005,0.91,5,N,62299
3.4000000000000004,4.6000000000000005,1.01,1,N,62300
3.4000000000000004,4.6000000000000005,1.01,2,N,62301
3.4000000000000004,4.6000000000000005,1.01,3,N,62302
3.4000000000000004,4.6000000000000005,1.01,4,N,62303
3.4000000000000004,4.6000000000000005,1.01,5,N,62304
3.4000000000000004,4.6000000000000005,1.11,1,N,62305
3.4000000000000004,4.6000000000000005,1.11,2,N,62306
3.4000000000000004,4.6000000000000005,1.11,3,N,62307
3.4000000000000004,4.6000000000000005,1.11,4,N,62308
3.4000000000000004,4.6000000000000005,1.11,5,N,62309
3.4000000000000004,4.6000000000000005,1.3,1,N,62310
3.4000000000000004,4.6000000000000005,1.3,2,N,62311
3.4000000000000004,4.6000000000000005,1.3,3,N,62312
3.4000000000000004,4.6000000000000005,1.3,4,N,62313
3.4000000000000004,4.6000000000000005,1.3,5,N,62314
3.4000000000000004,4.6000000000000005,1.6,1,N,62315
3.4000000000000004,4.6000000000000005,1.6,2,N,62316
3.4000000000000004,4.6000000000000005,1.6,3,N,62317
3.4000000000000004,4.6000000000000005,1.6,4,N,62318
3.4000000000000004,4.6000000000000005,1.6,5,N,62319
3.4000000000000004,4.6000000000000005,1.9,1,N,62320
3.4000000000000004,4.6000000000000005,1.9,2,N,62321
3.4000000000000004,4.6000000000000005,1.9,3,N,62322
3.4000000000000004,4.6000000000000005,1.9,4,N,62323
3.4000000000000004,4.6000000000000005,1.9,5,N,62324
3.4000000000000004,4.6000000000000005,2.2,1,N,62325
3.4000000000000004,4.6000000000000005,2.2,2,N,62326
3.4000000000000004,4.6000000000000005,2.2,3,N,62327
3.4000000000000004,4.6000000000000005,2.2,4,N,62328
3.4000000000000004,4.6000000000000005,2.2,5,N,62329
3.4000000000000004,4.6000000000000005,2.5,1,N,62330
3.4000000000000004,4.6000000000000005,2.5,2,N,62331
3.4000000000000004,4.6000000000000005,2.5,3,N,62332
3.4000000000000004,4.6000000000000005,2.5,4,N,62333
3.4000000000000004,4.6000000000000005,2.5,5,N,62334
3.4000000000000004,4.6000000000000005,2.8000000000000003,1,N,62335
3.4000000000000004,4.6000000000000005,2.8000000000000003,2,N,62336
3.4000000000000004,4.6000000000000005,2.8000000000000003,3,N,62337
3.4000000000000004,4.6000000000000005,2.8000000000000003,4,N,62338
3.4000000000000004,4.6000000000000005,2.8000000000000003,5,N,62339
3.4000000000000004,4.6000000000000005,3.1000000000000005,1,N,62340
3.4000000000000004,4.6000000000000005,3.1000000000000005,2,N,62341
3.4000000000000004,4.6000000000000005,3.1000000000000005,3,N,62342
3.4000000000000004,4.6000000000000005,3.1000000000000005,4,N,62343
3.4000000000000004,4.6000000000000005,3.1000000000000005,5,N,62344
3.4000000000000004,4.6000000000000005,3.4000000000000004,1,N,62345
3.4000000000000004,4.6000000000000005,3.4000000000000004,2,N,62346
3.4000000000000004,4.6000000000000005,3.4000000000000004,3,N,62347
3.4000000000000004,4.6000000000000005,3.4000000000000004,4,N,62348
3.4000000000000004,4.6000000000000005,3.4000000000000004,5,N,62349
3.4000000000000004,4.6000000000000005,3.7,1,N,62350
3.4000000000000004,4.6000000000000005,3.7,2,N,62351
3.4000000000000004,4.6000000000000005,3.7,3,N,62352
3.4000000000000004,4.6000000000000005,3.7,4,N,62353
3.4000000000000004,4.6000000000000005,3.7,5,N,62354
3.4000000000000004,4.6000000000000005,4.0,1,N,62355
3.4000000000000004,4.6000000000000005,4.0,2,N,62356
3.4000000000000004,4.6000000000000005,4.0,3,N,62357
3.4000000000000004,4.6000000000000005,4.0,4,N,62358
3.4000000000000004,4.6000000000000005,4.0,5,N,62359
3.4000000000000004,4.6000000000000005,4.300000000000002,1,N,62360
3.4000000000000004,4.6000000000000005,4.300000000000002,2,N,62361
3.4000000000000004,4.6000000000000005,4.300000000000002,3,N,62362
3.4000000000000004,4.6000000000000005,4.300000000000002,4,N,62363
3.4000000000000004,4.6000000000000005,4.300000000000002,5,N,62364
3.4000000000000004,4.6000000000000005,4.6000000000000005,1,N,62365
3.4000000000000004,4.6000000000000005,4.6000000000000005,2,N,62366
3.4000000000000004,4.6000000000000005,4.6000000000000005,3,N,62367
3.4000000000000004,4.6000000000000005,4.6000000000000005,4,N,62368
3.4000000000000004,4.6000000000000005,4.6000000000000005,5,N,62369
3.4000000000000004,4.6000000000000005,4.9,1,N,62370
3.4000000000000004,4.6000000000000005,4.9,2,N,62371
3.4000000000000004,4.6000000000000005,4.9,3,N,62372
3.4000000000000004,4.6000000000000005,4.9,4,N,62373
3.4000000000000004,4.6000000000000005,4.9,5,N,62374
3.4000000000000004,4.9,0.01,1,N,62375
3.4000000000000004,4.9,0.01,2,N,62376
3.4000000000000004,4.9,0.01,3,N,62377
3.4000000000000004,4.9,0.01,4,N,62378
3.4000000000000004,4.9,0.01,5,N,62379
3.4000000000000004,4.9,0.11,1,N,62380
3.4000000000000004,4.9,0.11,2,N,62381
3.4000000000000004,4.9,0.11,3,N,62382
3.4000000000000004,4.9,0.11,4,N,62383
3.4000000000000004,4.9,0.11,5,N,62384
3.4000000000000004,4.9,0.21,1,N,62385
3.4000000000000004,4.9,0.21,2,N,62386
3.4000000000000004,4.9,0.21,3,N,62387
3.4000000000000004,4.9,0.21,4,N,62388
3.4000000000000004,4.9,0.21,5,N,62389
3.4000000000000004,4.9,0.31000000000000005,1,N,62390
3.4000000000000004,4.9,0.31000000000000005,2,N,62391
3.4000000000000004,4.9,0.31000000000000005,3,N,62392
3.4000000000000004,4.9,0.31000000000000005,4,N,62393
3.4000000000000004,4.9,0.31000000000000005,5,N,62394
3.4000000000000004,4.9,0.41,1,N,62395
3.4000000000000004,4.9,0.41,2,N,62396
3.4000000000000004,4.9,0.41,3,N,62397
3.4000000000000004,4.9,0.41,4,N,62398
3.4000000000000004,4.9,0.41,5,N,62399
3.4000000000000004,4.9,0.51,1,N,62400
3.4000000000000004,4.9,0.51,2,N,62401
3.4000000000000004,4.9,0.51,3,N,62402
3.4000000000000004,4.9,0.51,4,N,62403
3.4000000000000004,4.9,0.51,5,N,62404
3.4000000000000004,4.9,0.6100000000000001,1,N,62405
3.4000000000000004,4.9,0.6100000000000001,2,N,62406
3.4000000000000004,4.9,0.6100000000000001,3,N,62407
3.4000000000000004,4.9,0.6100000000000001,4,N,62408
3.4000000000000004,4.9,0.6100000000000001,5,N,62409
3.4000000000000004,4.9,0.7100000000000001,1,N,62410
3.4000000000000004,4.9,0.7100000000000001,2,N,62411
3.4000000000000004,4.9,0.7100000000000001,3,N,62412
3.4000000000000004,4.9,0.7100000000000001,4,N,62413
3.4000000000000004,4.9,0.7100000000000001,5,N,62414
3.4000000000000004,4.9,0.81,1,N,62415
3.4000000000000004,4.9,0.81,2,N,62416
3.4000000000000004,4.9,0.81,3,N,62417
3.4000000000000004,4.9,0.81,4,N,62418
3.4000000000000004,4.9,0.81,5,N,62419
3.4000000000000004,4.9,0.91,1,N,62420
3.4000000000000004,4.9,0.91,2,N,62421
3.4000000000000004,4.9,0.91,3,N,62422
3.4000000000000004,4.9,0.91,4,N,62423
3.4000000000000004,4.9,0.91,5,N,62424
3.4000000000000004,4.9,1.01,1,N,62425
3.4000000000000004,4.9,1.01,2,N,62426
3.4000000000000004,4.9,1.01,3,N,62427
3.4000000000000004,4.9,1.01,4,N,62428
3.4000000000000004,4.9,1.01,5,N,62429
3.4000000000000004,4.9,1.11,1,N,62430
3.4000000000000004,4.9,1.11,2,N,62431
3.4000000000000004,4.9,1.11,3,N,62432
3.4000000000000004,4.9,1.11,4,N,62433
3.4000000000000004,4.9,1.11,5,N,62434
3.4000000000000004,4.9,1.3,1,N,62435
3.4000000000000004,4.9,1.3,2,N,62436
3.4000000000000004,4.9,1.3,3,N,62437
3.4000000000000004,4.9,1.3,4,N,62438
3.4000000000000004,4.9,1.3,5,N,62439
3.4000000000000004,4.9,1.6,1,N,62440
3.4000000000000004,4.9,1.6,2,N,62441
3.4000000000000004,4.9,1.6,3,N,62442
3.4000000000000004,4.9,1.6,4,N,62443
3.4000000000000004,4.9,1.6,5,N,62444
3.4000000000000004,4.9,1.9,1,N,62445
3.4000000000000004,4.9,1.9,2,N,62446
3.4000000000000004,4.9,1.9,3,N,62447
3.4000000000000004,4.9,1.9,4,N,62448
3.4000000000000004,4.9,1.9,5,N,62449
3.4000000000000004,4.9,2.2,1,N,62450
3.4000000000000004,4.9,2.2,2,N,62451
3.4000000000000004,4.9,2.2,3,N,62452
3.4000000000000004,4.9,2.2,4,N,62453
3.4000000000000004,4.9,2.2,5,N,62454
3.4000000000000004,4.9,2.5,1,N,62455
3.4000000000000004,4.9,2.5,2,N,62456
3.4000000000000004,4.9,2.5,3,N,62457
3.4000000000000004,4.9,2.5,4,N,62458
3.4000000000000004,4.9,2.5,5,N,62459
3.4000000000000004,4.9,2.8000000000000003,1,N,62460
3.4000000000000004,4.9,2.8000000000000003,2,N,62461
3.4000000000000004,4.9,2.8000000000000003,3,N,62462
3.4000000000000004,4.9,2.8000000000000003,4,N,62463
3.4000000000000004,4.9,2.8000000000000003,5,N,62464
3.4000000000000004,4.9,3.1000000000000005,1,N,62465
3.4000000000000004,4.9,3.1000000000000005,2,N,62466
3.4000000000000004,4.9,3.1000000000000005,3,N,62467
3.4000000000000004,4.9,3.1000000000000005,4,N,62468
3.4000000000000004,4.9,3.1000000000000005,5,N,62469
3.4000000000000004,4.9,3.4000000000000004,1,N,62470
3.4000000000000004,4.9,3.4000000000000004,2,N,62471
3.4000000000000004,4.9,3.4000000000000004,3,N,62472
3.4000000000000004,4.9,3.4000000000000004,4,N,62473
3.4000000000000004,4.9,3.4000000000000004,5,N,62474
3.4000000000000004,4.9,3.7,1,N,62475
3.4000000000000004,4.9,3.7,2,N,62476
3.4000000000000004,4.9,3.7,3,N,62477
3.4000000000000004,4.9,3.7,4,N,62478
3.4000000000000004,4.9,3.7,5,N,62479
3.4000000000000004,4.9,4.0,1,N,62480
3.4000000000000004,4.9,4.0,2,N,62481
3.4000000000000004,4.9,4.0,3,N,62482
3.4000000000000004,4.9,4.0,4,N,62483
3.4000000000000004,4.9,4.0,5,N,62484
3.4000000000000004,4.9,4.300000000000002,1,N,62485
3.4000000000000004,4.9,4.300000000000002,2,N,62486
3.4000000000000004,4.9,4.300000000000002,3,N,62487
3.4000000000000004,4.9,4.300000000000002,4,N,62488
3.4000000000000004,4.9,4.300000000000002,5,N,62489
3.4000000000000004,4.9,4.6000000000000005,1,N,62490
3.4000000000000004,4.9,4.6000000000000005,2,N,62491
3.4000000000000004,4.9,4.6000000000000005,3,N,62492
3.4000000000000004,4.9,4.6000000000000005,4,N,62493
3.4000000000000004,4.9,4.6000000000000005,5,N,62494
3.4000000000000004,4.9,4.9,1,N,62495
3.4000000000000004,4.9,4.9,2,N,62496
3.4000000000000004,4.9,4.9,3,N,62497
3.4000000000000004,4.9,4.9,4,N,62498
3.4000000000000004,4.9,4.9,5,N,62499
3.7,0.01,0.01,1,N,62500
3.7,0.01,0.01,2,N,62501
3.7,0.01,0.01,3,N,62502
3.7,0.01,0.01,4,N,62503
3.7,0.01,0.01,5,N,62504
3.7,0.01,0.11,1,N,62505
3.7,0.01,0.11,2,N,62506
3.7,0.01,0.11,3,N,62507
3.7,0.01,0.11,4,N,62508
3.7,0.01,0.11,5,N,62509
3.7,0.01,0.21,1,N,62510
3.7,0.01,0.21,2,N,62511
3.7,0.01,0.21,3,N,62512
3.7,0.01,0.21,4,N,62513
3.7,0.01,0.21,5,N,62514
3.7,0.01,0.31000000000000005,1,N,62515
3.7,0.01,0.31000000000000005,2,N,62516
3.7,0.01,0.31000000000000005,3,N,62517
3.7,0.01,0.31000000000000005,4,N,62518
3.7,0.01,0.31000000000000005,5,N,62519
3.7,0.01,0.41,1,N,62520
3.7,0.01,0.41,2,N,62521
3.7,0.01,0.41,3,N,62522
3.7,0.01,0.41,4,N,62523
3.7,0.01,0.41,5,N,62524
3.7,0.01,0.51,1,N,62525
3.7,0.01,0.51,2,N,62526
3.7,0.01,0.51,3,N,62527
3.7,0.01,0.51,4,N,62528
3.7,0.01,0.51,5,N,62529
3.7,0.01,0.6100000000000001,1,N,62530
3.7,0.01,0.6100000000000001,2,N,62531
3.7,0.01,0.6100000000000001,3,N,62532
3.7,0.01,0.6100000000000001,4,N,62533
3.7,0.01,0.6100000000000001,5,N,62534
3.7,0.01,0.7100000000000001,1,N,62535
3.7,0.01,0.7100000000000001,2,N,62536
3.7,0.01,0.7100000000000001,3,N,62537
3.7,0.01,0.7100000000000001,4,N,62538
3.7,0.01,0.7100000000000001,5,N,62539
3.7,0.01,0.81,1,N,62540
3.7,0.01,0.81,2,N,62541
3.7,0.01,0.81,3,N,62542
3.7,0.01,0.81,4,N,62543
3.7,0.01,0.81,5,N,62544
3.7,0.01,0.91,1,N,62545
3.7,0.01,0.91,2,N,62546
3.7,0.01,0.91,3,N,62547
3.7,0.01,0.91,4,N,62548
3.7,0.01,0.91,5,N,62549
3.7,0.01,1.01,1,N,62550
3.7,0.01,1.01,2,N,62551
3.7,0.01,1.01,3,N,62552
3.7,0.01,1.01,4,N,62553
3.7,0.01,1.01,5,N,62554
3.7,0.01,1.11,1,N,62555
3.7,0.01,1.11,2,N,62556
3.7,0.01,1.11,3,N,62557
3.7,0.01,1.11,4,N,62558
3.7,0.01,1.11,5,N,62559
3.7,0.01,1.3,1,N,62560
3.7,0.01,1.3,2,N,62561
3.7,0.01,1.3,3,N,62562
3.7,0.01,1.3,4,N,62563
3.7,0.01,1.3,5,N,62564
3.7,0.01,1.6,1,N,62565
3.7,0.01,1.6,2,N,62566
3.7,0.01,1.6,3,N,62567
3.7,0.01,1.6,4,N,62568
3.7,0.01,1.6,5,N,62569
3.7,0.01,1.9,1,N,62570
3.7,0.01,1.9,2,N,62571
3.7,0.01,1.9,3,N,62572
3.7,0.01,1.9,4,N,62573
3.7,0.01,1.9,5,N,62574
3.7,0.01,2.2,1,N,62575
3.7,0.01,2.2,2,N,62576
3.7,0.01,2.2,3,N,62577
3.7,0.01,2.2,4,N,62578
3.7,0.01,2.2,5,N,62579
3.7,0.01,2.5,1,N,62580
3.7,0.01,2.5,2,N,62581
3.7,0.01,2.5,3,N,62582
3.7,0.01,2.5,4,N,62583
3.7,0.01,2.5,5,N,62584
3.7,0.01,2.8000000000000003,1,N,62585
3.7,0.01,2.8000000000000003,2,N,62586
3.7,0.01,2.8000000000000003,3,N,62587
3.7,0.01,2.8000000000000003,4,N,62588
3.7,0.01,2.8000000000000003,5,N,62589
3.7,0.01,3.1000000000000005,1,N,62590
3.7,0.01,3.1000000000000005,2,N,62591
3.7,0.01,3.1000000000000005,3,N,62592
3.7,0.01,3.1000000000000005,4,N,62593
3.7,0.01,3.1000000000000005,5,N,62594
3.7,0.01,3.4000000000000004,1,N,62595
3.7,0.01,3.4000000000000004,2,N,62596
3.7,0.01,3.4000000000000004,3,N,62597
3.7,0.01,3.4000000000000004,4,N,62598
3.7,0.01,3.4000000000000004,5,N,62599
3.7,0.01,3.7,1,N,62600
3.7,0.01,3.7,2,N,62601
3.7,0.01,3.7,3,N,62602
3.7,0.01,3.7,4,N,62603
3.7,0.01,3.7,5,N,62604
3.7,0.01,4.0,1,N,62605
3.7,0.01,4.0,2,N,62606
3.7,0.01,4.0,3,N,62607
3.7,0.01,4.0,4,N,62608
3.7,0.01,4.0,5,N,62609
3.7,0.01,4.300000000000002,1,N,62610
3.7,0.01,4.300000000000002,2,N,62611
3.7,0.01,4.300000000000002,3,N,62612
3.7,0.01,4.300000000000002,4,N,62613
3.7,0.01,4.300000000000002,5,N,62614
3.7,0.01,4.6000000000000005,1,N,62615
3.7,0.01,4.6000000000000005,2,N,62616
3.7,0.01,4.6000000000000005,3,N,62617
3.7,0.01,4.6000000000000005,4,N,62618
3.7,0.01,4.6000000000000005,5,N,62619
3.7,0.01,4.9,1,N,62620
3.7,0.01,4.9,2,N,62621
3.7,0.01,4.9,3,N,62622
3.7,0.01,4.9,4,N,62623
3.7,0.01,4.9,5,N,62624
3.7,0.11,0.01,1,N,62625
3.7,0.11,0.01,2,N,62626
3.7,0.11,0.01,3,N,62627
3.7,0.11,0.01,4,N,62628
3.7,0.11,0.01,5,N,62629
3.7,0.11,0.11,1,N,62630
3.7,0.11,0.11,2,N,62631
3.7,0.11,0.11,3,N,62632
3.7,0.11,0.11,4,N,62633
3.7,0.11,0.11,5,N,62634
3.7,0.11,0.21,1,N,62635
3.7,0.11,0.21,2,N,62636
3.7,0.11,0.21,3,N,62637
3.7,0.11,0.21,4,N,62638
3.7,0.11,0.21,5,N,62639
3.7,0.11,0.31000000000000005,1,N,62640
3.7,0.11,0.31000000000000005,2,N,62641
3.7,0.11,0.31000000000000005,3,N,62642
3.7,0.11,0.31000000000000005,4,N,62643
3.7,0.11,0.31000000000000005,5,N,62644
3.7,0.11,0.41,1,N,62645
3.7,0.11,0.41,2,N,62646
3.7,0.11,0.41,3,N,62647
3.7,0.11,0.41,4,N,62648
3.7,0.11,0.41,5,N,62649
3.7,0.11,0.51,1,N,62650
3.7,0.11,0.51,2,N,62651
3.7,0.11,0.51,3,N,62652
3.7,0.11,0.51,4,N,62653
3.7,0.11,0.51,5,N,62654
3.7,0.11,0.6100000000000001,1,N,62655
3.7,0.11,0.6100000000000001,2,N,62656
3.7,0.11,0.6100000000000001,3,N,62657
3.7,0.11,0.6100000000000001,4,N,62658
3.7,0.11,0.6100000000000001,5,N,62659
3.7,0.11,0.7100000000000001,1,N,62660
3.7,0.11,0.7100000000000001,2,N,62661
3.7,0.11,0.7100000000000001,3,N,62662
3.7,0.11,0.7100000000000001,4,N,62663
3.7,0.11,0.7100000000000001,5,N,62664
3.7,0.11,0.81,1,N,62665
3.7,0.11,0.81,2,N,62666
3.7,0.11,0.81,3,N,62667
3.7,0.11,0.81,4,N,62668
3.7,0.11,0.81,5,N,62669
3.7,0.11,0.91,1,N,62670
3.7,0.11,0.91,2,N,62671
3.7,0.11,0.91,3,N,62672
3.7,0.11,0.91,4,N,62673
3.7,0.11,0.91,5,N,62674
3.7,0.11,1.01,1,N,62675
3.7,0.11,1.01,2,N,62676
3.7,0.11,1.01,3,N,62677
3.7,0.11,1.01,4,N,62678
3.7,0.11,1.01,5,N,62679
3.7,0.11,1.11,1,N,62680
3.7,0.11,1.11,2,N,62681
3.7,0.11,1.11,3,N,62682
3.7,0.11,1.11,4,N,62683
3.7,0.11,1.11,5,N,62684
3.7,0.11,1.3,1,N,62685
3.7,0.11,1.3,2,N,62686
3.7,0.11,1.3,3,N,62687
3.7,0.11,1.3,4,N,62688
3.7,0.11,1.3,5,N,62689
3.7,0.11,1.6,1,N,62690
3.7,0.11,1.6,2,N,62691
3.7,0.11,1.6,3,N,62692
3.7,0.11,1.6,4,N,62693
3.7,0.11,1.6,5,N,62694
3.7,0.11,1.9,1,N,62695
3.7,0.11,1.9,2,N,62696
3.7,0.11,1.9,3,N,62697
3.7,0.11,1.9,4,N,62698
3.7,0.11,1.9,5,N,62699
3.7,0.11,2.2,1,N,62700
3.7,0.11,2.2,2,N,62701
3.7,0.11,2.2,3,N,62702
3.7,0.11,2.2,4,N,62703
3.7,0.11,2.2,5,N,62704
3.7,0.11,2.5,1,N,62705
3.7,0.11,2.5,2,N,62706
3.7,0.11,2.5,3,N,62707
3.7,0.11,2.5,4,N,62708
3.7,0.11,2.5,5,N,62709
3.7,0.11,2.8000000000000003,1,N,62710
3.7,0.11,2.8000000000000003,2,N,62711
3.7,0.11,2.8000000000000003,3,N,62712
3.7,0.11,2.8000000000000003,4,N,62713
3.7,0.11,2.8000000000000003,5,N,62714
3.7,0.11,3.1000000000000005,1,N,62715
3.7,0.11,3.1000000000000005,2,N,62716
3.7,0.11,3.1000000000000005,3,N,62717
3.7,0.11,3.1000000000000005,4,N,62718
3.7,0.11,3.1000000000000005,5,N,62719
3.7,0.11,3.4000000000000004,1,N,62720
3.7,0.11,3.4000000000000004,2,N,62721
3.7,0.11,3.4000000000000004,3,N,62722
3.7,0.11,3.4000000000000004,4,N,62723
3.7,0.11,3.4000000000000004,5,N,62724
3.7,0.11,3.7,1,N,62725
3.7,0.11,3.7,2,N,62726
3.7,0.11,3.7,3,N,62727
3.7,0.11,3.7,4,N,62728
3.7,0.11,3.7,5,N,62729
3.7,0.11,4.0,1,N,62730
3.7,0.11,4.0,2,N,62731
3.7,0.11,4.0,3,N,62732
3.7,0.11,4.0,4,N,62733
3.7,0.11,4.0,5,N,62734
3.7,0.11,4.300000000000002,1,N,62735
3.7,0.11,4.300000000000002,2,N,62736
3.7,0.11,4.300000000000002,3,N,62737
3.7,0.11,4.300000000000002,4,N,62738
3.7,0.11,4.300000000000002,5,N,62739
3.7,0.11,4.6000000000000005,1,N,62740
3.7,0.11,4.6000000000000005,2,N,62741
3.7,0.11,4.6000000000000005,3,N,62742
3.7,0.11,4.6000000000000005,4,N,62743
3.7,0.11,4.6000000000000005,5,N,62744
3.7,0.11,4.9,1,N,62745
3.7,0.11,4.9,2,N,62746
3.7,0.11,4.9,3,N,62747
3.7,0.11,4.9,4,N,62748
3.7,0.11,4.9,5,N,62749
3.7,0.21,0.01,1,N,62750
3.7,0.21,0.01,2,N,62751
3.7,0.21,0.01,3,N,62752
3.7,0.21,0.01,4,N,62753
3.7,0.21,0.01,5,N,62754
3.7,0.21,0.11,1,N,62755
3.7,0.21,0.11,2,N,62756
3.7,0.21,0.11,3,N,62757
3.7,0.21,0.11,4,N,62758
3.7,0.21,0.11,5,N,62759
3.7,0.21,0.21,1,N,62760
3.7,0.21,0.21,2,N,62761
3.7,0.21,0.21,3,N,62762
3.7,0.21,0.21,4,N,62763
3.7,0.21,0.21,5,N,62764
3.7,0.21,0.31000000000000005,1,N,62765
3.7,0.21,0.31000000000000005,2,N,62766
3.7,0.21,0.31000000000000005,3,N,62767
3.7,0.21,0.31000000000000005,4,N,62768
3.7,0.21,0.31000000000000005,5,N,62769
3.7,0.21,0.41,1,N,62770
3.7,0.21,0.41,2,N,62771
3.7,0.21,0.41,3,N,62772
3.7,0.21,0.41,4,N,62773
3.7,0.21,0.41,5,N,62774
3.7,0.21,0.51,1,N,62775
3.7,0.21,0.51,2,N,62776
3.7,0.21,0.51,3,N,62777
3.7,0.21,0.51,4,N,62778
3.7,0.21,0.51,5,N,62779
3.7,0.21,0.6100000000000001,1,N,62780
3.7,0.21,0.6100000000000001,2,N,62781
3.7,0.21,0.6100000000000001,3,N,62782
3.7,0.21,0.6100000000000001,4,N,62783
3.7,0.21,0.6100000000000001,5,N,62784
3.7,0.21,0.7100000000000001,1,N,62785
3.7,0.21,0.7100000000000001,2,N,62786
3.7,0.21,0.7100000000000001,3,N,62787
3.7,0.21,0.7100000000000001,4,N,62788
3.7,0.21,0.7100000000000001,5,N,62789
3.7,0.21,0.81,1,N,62790
3.7,0.21,0.81,2,N,62791
3.7,0.21,0.81,3,N,62792
3.7,0.21,0.81,4,N,62793
3.7,0.21,0.81,5,N,62794
3.7,0.21,0.91,1,N,62795
3.7,0.21,0.91,2,N,62796
3.7,0.21,0.91,3,N,62797
3.7,0.21,0.91,4,N,62798
3.7,0.21,0.91,5,N,62799
3.7,0.21,1.01,1,N,62800
3.7,0.21,1.01,2,N,62801
3.7,0.21,1.01,3,N,62802
3.7,0.21,1.01,4,N,62803
3.7,0.21,1.01,5,N,62804
3.7,0.21,1.11,1,N,62805
3.7,0.21,1.11,2,N,62806
3.7,0.21,1.11,3,N,62807
3.7,0.21,1.11,4,N,62808
3.7,0.21,1.11,5,N,62809
3.7,0.21,1.3,1,N,62810
3.7,0.21,1.3,2,N,62811
3.7,0.21,1.3,3,N,62812
3.7,0.21,1.3,4,N,62813
3.7,0.21,1.3,5,N,62814
3.7,0.21,1.6,1,N,62815
3.7,0.21,1.6,2,N,62816
3.7,0.21,1.6,3,N,62817
3.7,0.21,1.6,4,N,62818
3.7,0.21,1.6,5,N,62819
3.7,0.21,1.9,1,N,62820
3.7,0.21,1.9,2,N,62821
3.7,0.21,1.9,3,N,62822
3.7,0.21,1.9,4,N,62823
3.7,0.21,1.9,5,N,62824
3.7,0.21,2.2,1,N,62825
3.7,0.21,2.2,2,N,62826
3.7,0.21,2.2,3,N,62827
3.7,0.21,2.2,4,N,62828
3.7,0.21,2.2,5,N,62829
3.7,0.21,2.5,1,N,62830
3.7,0.21,2.5,2,N,62831
3.7,0.21,2.5,3,N,62832
3.7,0.21,2.5,4,N,62833
3.7,0.21,2.5,5,N,62834
3.7,0.21,2.8000000000000003,1,N,62835
3.7,0.21,2.8000000000000003,2,N,62836
3.7,0.21,2.8000000000000003,3,N,62837
3.7,0.21,2.8000000000000003,4,N,62838
3.7,0.21,2.8000000000000003,5,N,62839
3.7,0.21,3.1000000000000005,1,N,62840
3.7,0.21,3.1000000000000005,2,N,62841
3.7,0.21,3.1000000000000005,3,N,62842
3.7,0.21,3.1000000000000005,4,N,62843
3.7,0.21,3.1000000000000005,5,N,62844
3.7,0.21,3.4000000000000004,1,N,62845
3.7,0.21,3.4000000000000004,2,N,62846
3.7,0.21,3.4000000000000004,3,N,62847
3.7,0.21,3.4000000000000004,4,N,62848
3.7,0.21,3.4000000000000004,5,N,62849
3.7,0.21,3.7,1,N,62850
3.7,0.21,3.7,2,N,62851
3.7,0.21,3.7,3,N,62852
3.7,0.21,3.7,4,N,62853
3.7,0.21,3.7,5,N,62854
3.7,0.21,4.0,1,N,62855
3.7,0.21,4.0,2,N,62856
3.7,0.21,4.0,3,N,62857
3.7,0.21,4.0,4,N,62858
3.7,0.21,4.0,5,N,62859
3.7,0.21,4.300000000000002,1,N,62860
3.7,0.21,4.300000000000002,2,N,62861
3.7,0.21,4.300000000000002,3,N,62862
3.7,0.21,4.300000000000002,4,N,62863
3.7,0.21,4.300000000000002,5,N,62864
3.7,0.21,4.6000000000000005,1,N,62865
3.7,0.21,4.6000000000000005,2,N,62866
3.7,0.21,4.6000000000000005,3,N,62867
3.7,0.21,4.6000000000000005,4,N,62868
3.7,0.21,4.6000000000000005,5,N,62869
3.7,0.21,4.9,1,N,62870
3.7,0.21,4.9,2,N,62871
3.7,0.21,4.9,3,N,62872
3.7,0.21,4.9,4,N,62873
3.7,0.21,4.9,5,N,62874
3.7,0.31000000000000005,0.01,1,N,62875
3.7,0.31000000000000005,0.01,2,N,62876
3.7,0.31000000000000005,0.01,3,N,62877
3.7,0.31000000000000005,0.01,4,N,62878
3.7,0.31000000000000005,0.01,5,N,62879
3.7,0.31000000000000005,0.11,1,N,62880
3.7,0.31000000000000005,0.11,2,N,62881
3.7,0.31000000000000005,0.11,3,N,62882
3.7,0.31000000000000005,0.11,4,N,62883
3.7,0.31000000000000005,0.11,5,N,62884
3.7,0.31000000000000005,0.21,1,N,62885
3.7,0.31000000000000005,0.21,2,N,62886
3.7,0.31000000000000005,0.21,3,N,62887
3.7,0.31000000000000005,0.21,4,N,62888
3.7,0.31000000000000005,0.21,5,N,62889
3.7,0.31000000000000005,0.31000000000000005,1,N,62890
3.7,0.31000000000000005,0.31000000000000005,2,N,62891
3.7,0.31000000000000005,0.31000000000000005,3,N,62892
3.7,0.31000000000000005,0.31000000000000005,4,N,62893
3.7,0.31000000000000005,0.31000000000000005,5,N,62894
3.7,0.31000000000000005,0.41,1,N,62895
3.7,0.31000000000000005,0.41,2,N,62896
3.7,0.31000000000000005,0.41,3,N,62897
3.7,0.31000000000000005,0.41,4,N,62898
3.7,0.31000000000000005,0.41,5,N,62899
3.7,0.31000000000000005,0.51,1,N,62900
3.7,0.31000000000000005,0.51,2,N,62901
3.7,0.31000000000000005,0.51,3,N,62902
3.7,0.31000000000000005,0.51,4,N,62903
3.7,0.31000000000000005,0.51,5,N,62904
3.7,0.31000000000000005,0.6100000000000001,1,N,62905
3.7,0.31000000000000005,0.6100000000000001,2,N,62906
3.7,0.31000000000000005,0.6100000000000001,3,N,62907
3.7,0.31000000000000005,0.6100000000000001,4,N,62908
3.7,0.31000000000000005,0.6100000000000001,5,N,62909
3.7,0.31000000000000005,0.7100000000000001,1,N,62910
3.7,0.31000000000000005,0.7100000000000001,2,N,62911
3.7,0.31000000000000005,0.7100000000000001,3,N,62912
3.7,0.31000000000000005,0.7100000000000001,4,N,62913
3.7,0.31000000000000005,0.7100000000000001,5,N,62914
3.7,0.31000000000000005,0.81,1,N,62915
3.7,0.31000000000000005,0.81,2,N,62916
3.7,0.31000000000000005,0.81,3,N,62917
3.7,0.31000000000000005,0.81,4,N,62918
3.7,0.31000000000000005,0.81,5,N,62919
3.7,0.31000000000000005,0.91,1,N,62920
3.7,0.31000000000000005,0.91,2,N,62921
3.7,0.31000000000000005,0.91,3,N,62922
3.7,0.31000000000000005,0.91,4,N,62923
3.7,0.31000000000000005,0.91,5,N,62924
3.7,0.31000000000000005,1.01,1,N,62925
3.7,0.31000000000000005,1.01,2,N,62926
3.7,0.31000000000000005,1.01,3,N,62927
3.7,0.31000000000000005,1.01,4,N,62928
3.7,0.31000000000000005,1.01,5,N,62929
3.7,0.31000000000000005,1.11,1,N,62930
3.7,0.31000000000000005,1.11,2,N,62931
3.7,0.31000000000000005,1.11,3,N,62932
3.7,0.31000000000000005,1.11,4,N,62933
3.7,0.31000000000000005,1.11,5,N,62934
3.7,0.31000000000000005,1.3,1,N,62935
3.7,0.31000000000000005,1.3,2,N,62936
3.7,0.31000000000000005,1.3,3,N,62937
3.7,0.31000000000000005,1.3,4,N,62938
3.7,0.31000000000000005,1.3,5,N,62939
3.7,0.31000000000000005,1.6,1,N,62940
3.7,0.31000000000000005,1.6,2,N,62941
3.7,0.31000000000000005,1.6,3,N,62942
3.7,0.31000000000000005,1.6,4,N,62943
3.7,0.31000000000000005,1.6,5,N,62944
3.7,0.31000000000000005,1.9,1,N,62945
3.7,0.31000000000000005,1.9,2,N,62946
3.7,0.31000000000000005,1.9,3,N,62947
3.7,0.31000000000000005,1.9,4,N,62948
3.7,0.31000000000000005,1.9,5,N,62949
3.7,0.31000000000000005,2.2,1,N,62950
3.7,0.31000000000000005,2.2,2,N,62951
3.7,0.31000000000000005,2.2,3,N,62952
3.7,0.31000000000000005,2.2,4,N,62953
3.7,0.31000000000000005,2.2,5,N,62954
3.7,0.31000000000000005,2.5,1,N,62955
3.7,0.31000000000000005,2.5,2,N,62956
3.7,0.31000000000000005,2.5,3,N,62957
3.7,0.31000000000000005,2.5,4,N,62958
3.7,0.31000000000000005,2.5,5,N,62959
3.7,0.31000000000000005,2.8000000000000003,1,N,62960
3.7,0.31000000000000005,2.8000000000000003,2,N,62961
3.7,0.31000000000000005,2.8000000000000003,3,N,62962
3.7,0.31000000000000005,2.8000000000000003,4,N,62963
3.7,0.31000000000000005,2.8000000000000003,5,N,62964
3.7,0.31000000000000005,3.1000000000000005,1,N,62965
3.7,0.31000000000000005,3.1000000000000005,2,N,62966
3.7,0.31000000000000005,3.1000000000000005,3,N,62967
3.7,0.31000000000000005,3.1000000000000005,4,N,62968
3.7,0.31000000000000005,3.1000000000000005,5,N,62969
3.7,0.31000000000000005,3.4000000000000004,1,N,62970
3.7,0.31000000000000005,3.4000000000000004,2,N,62971
3.7,0.31000000000000005,3.4000000000000004,3,N,62972
3.7,0.31000000000000005,3.4000000000000004,4,N,62973
3.7,0.31000000000000005,3.4000000000000004,5,N,62974
3.7,0.31000000000000005,3.7,1,N,62975
3.7,0.31000000000000005,3.7,2,N,62976
3.7,0.31000000000000005,3.7,3,N,62977
3.7,0.31000000000000005,3.7,4,N,62978
3.7,0.31000000000000005,3.7,5,N,62979
3.7,0.31000000000000005,4.0,1,N,62980
3.7,0.31000000000000005,4.0,2,N,62981
3.7,0.31000000000000005,4.0,3,N,62982
3.7,0.31000000000000005,4.0,4,N,62983
3.7,0.31000000000000005,4.0,5,N,62984
3.7,0.31000000000000005,4.300000000000002,1,N,62985
3.7,0.31000000000000005,4.300000000000002,2,N,62986
3.7,0.31000000000000005,4.300000000000002,3,N,62987
3.7,0.31000000000000005,4.300000000000002,4,N,62988
3.7,0.31000000000000005,4.300000000000002,5,N,62989
3.7,0.31000000000000005,4.6000000000000005,1,N,62990
3.7,0.31000000000000005,4.6000000000000005,2,N,62991
3.7,0.31000000000000005,4.6000000000000005,3,N,62992
3.7,0.31000000000000005,4.6000000000000005,4,N,62993
3.7,0.31000000000000005,4.6000000000000005,5,N,62994
3.7,0.31000000000000005,4.9,1,N,62995
3.7,0.31000000000000005,4.9,2,N,62996
3.7,0.31000000000000005,4.9,3,N,62997
3.7,0.31000000000000005,4.9,4,N,62998
3.7,0.31000000000000005,4.9,5,N,62999
3.7,0.41,0.01,1,N,63000
3.7,0.41,0.01,2,N,63001
3.7,0.41,0.01,3,N,63002
3.7,0.41,0.01,4,N,63003
3.7,0.41,0.01,5,N,63004
3.7,0.41,0.11,1,N,63005
3.7,0.41,0.11,2,N,63006
3.7,0.41,0.11,3,N,63007
3.7,0.41,0.11,4,N,63008
3.7,0.41,0.11,5,N,63009
3.7,0.41,0.21,1,N,63010
3.7,0.41,0.21,2,N,63011
3.7,0.41,0.21,3,N,63012
3.7,0.41,0.21,4,N,63013
3.7,0.41,0.21,5,N,63014
3.7,0.41,0.31000000000000005,1,N,63015
3.7,0.41,0.31000000000000005,2,N,63016
3.7,0.41,0.31000000000000005,3,N,63017
3.7,0.41,0.31000000000000005,4,N,63018
3.7,0.41,0.31000000000000005,5,N,63019
3.7,0.41,0.41,1,N,63020
3.7,0.41,0.41,2,N,63021
3.7,0.41,0.41,3,N,63022
3.7,0.41,0.41,4,N,63023
3.7,0.41,0.41,5,N,63024
3.7,0.41,0.51,1,N,63025
3.7,0.41,0.51,2,N,63026
3.7,0.41,0.51,3,N,63027
3.7,0.41,0.51,4,N,63028
3.7,0.41,0.51,5,N,63029
3.7,0.41,0.6100000000000001,1,N,63030
3.7,0.41,0.6100000000000001,2,N,63031
3.7,0.41,0.6100000000000001,3,N,63032
3.7,0.41,0.6100000000000001,4,N,63033
3.7,0.41,0.6100000000000001,5,N,63034
3.7,0.41,0.7100000000000001,1,N,63035
3.7,0.41,0.7100000000000001,2,N,63036
3.7,0.41,0.7100000000000001,3,N,63037
3.7,0.41,0.7100000000000001,4,N,63038
3.7,0.41,0.7100000000000001,5,N,63039
3.7,0.41,0.81,1,N,63040
3.7,0.41,0.81,2,N,63041
3.7,0.41,0.81,3,N,63042
3.7,0.41,0.81,4,N,63043
3.7,0.41,0.81,5,N,63044
3.7,0.41,0.91,1,N,63045
3.7,0.41,0.91,2,N,63046
3.7,0.41,0.91,3,N,63047
3.7,0.41,0.91,4,N,63048
3.7,0.41,0.91,5,N,63049
3.7,0.41,1.01,1,N,63050
3.7,0.41,1.01,2,N,63051
3.7,0.41,1.01,3,N,63052
3.7,0.41,1.01,4,N,63053
3.7,0.41,1.01,5,N,63054
3.7,0.41,1.11,1,N,63055
3.7,0.41,1.11,2,N,63056
3.7,0.41,1.11,3,N,63057
3.7,0.41,1.11,4,N,63058
3.7,0.41,1.11,5,N,63059
3.7,0.41,1.3,1,N,63060
3.7,0.41,1.3,2,N,63061
3.7,0.41,1.3,3,N,63062
3.7,0.41,1.3,4,N,63063
3.7,0.41,1.3,5,N,63064
3.7,0.41,1.6,1,N,63065
3.7,0.41,1.6,2,N,63066
3.7,0.41,1.6,3,N,63067
3.7,0.41,1.6,4,N,63068
3.7,0.41,1.6,5,N,63069
3.7,0.41,1.9,1,N,63070
3.7,0.41,1.9,2,N,63071
3.7,0.41,1.9,3,N,63072
3.7,0.41,1.9,4,N,63073
3.7,0.41,1.9,5,N,63074
3.7,0.41,2.2,1,N,63075
3.7,0.41,2.2,2,N,63076
3.7,0.41,2.2,3,N,63077
3.7,0.41,2.2,4,N,63078
3.7,0.41,2.2,5,N,63079
3.7,0.41,2.5,1,N,63080
3.7,0.41,2.5,2,N,63081
3.7,0.41,2.5,3,N,63082
3.7,0.41,2.5,4,N,63083
3.7,0.41,2.5,5,N,63084
3.7,0.41,2.8000000000000003,1,N,63085
3.7,0.41,2.8000000000000003,2,N,63086
3.7,0.41,2.8000000000000003,3,N,63087
3.7,0.41,2.8000000000000003,4,N,63088
3.7,0.41,2.8000000000000003,5,N,63089
3.7,0.41,3.1000000000000005,1,N,63090
3.7,0.41,3.1000000000000005,2,N,63091
3.7,0.41,3.1000000000000005,3,N,63092
3.7,0.41,3.1000000000000005,4,N,63093
3.7,0.41,3.1000000000000005,5,N,63094
3.7,0.41,3.4000000000000004,1,N,63095
3.7,0.41,3.4000000000000004,2,N,63096
3.7,0.41,3.4000000000000004,3,N,63097
3.7,0.41,3.4000000000000004,4,N,63098
3.7,0.41,3.4000000000000004,5,N,63099
3.7,0.41,3.7,1,N,63100
3.7,0.41,3.7,2,N,63101
3.7,0.41,3.7,3,N,63102
3.7,0.41,3.7,4,N,63103
3.7,0.41,3.7,5,N,63104
3.7,0.41,4.0,1,N,63105
3.7,0.41,4.0,2,N,63106
3.7,0.41,4.0,3,N,63107
3.7,0.41,4.0,4,N,63108
3.7,0.41,4.0,5,N,63109
3.7,0.41,4.300000000000002,1,N,63110
3.7,0.41,4.300000000000002,2,N,63111
3.7,0.41,4.300000000000002,3,N,63112
3.7,0.41,4.300000000000002,4,N,63113
3.7,0.41,4.300000000000002,5,N,63114
3.7,0.41,4.6000000000000005,1,N,63115
3.7,0.41,4.6000000000000005,2,N,63116
3.7,0.41,4.6000000000000005,3,N,63117
3.7,0.41,4.6000000000000005,4,N,63118
3.7,0.41,4.6000000000000005,5,N,63119
3.7,0.41,4.9,1,N,63120
3.7,0.41,4.9,2,N,63121
3.7,0.41,4.9,3,N,63122
3.7,0.41,4.9,4,N,63123
3.7,0.41,4.9,5,N,63124
3.7,0.51,0.01,1,N,63125
3.7,0.51,0.01,2,N,63126
3.7,0.51,0.01,3,N,63127
3.7,0.51,0.01,4,N,63128
3.7,0.51,0.01,5,N,63129
3.7,0.51,0.11,1,N,63130
3.7,0.51,0.11,2,N,63131
3.7,0.51,0.11,3,N,63132
3.7,0.51,0.11,4,N,63133
3.7,0.51,0.11,5,N,63134
3.7,0.51,0.21,1,N,63135
3.7,0.51,0.21,2,N,63136
3.7,0.51,0.21,3,N,63137
3.7,0.51,0.21,4,N,63138
3.7,0.51,0.21,5,N,63139
3.7,0.51,0.31000000000000005,1,N,63140
3.7,0.51,0.31000000000000005,2,N,63141
3.7,0.51,0.31000000000000005,3,N,63142
3.7,0.51,0.31000000000000005,4,N,63143
3.7,0.51,0.31000000000000005,5,N,63144
3.7,0.51,0.41,1,N,63145
3.7,0.51,0.41,2,N,63146
3.7,0.51,0.41,3,N,63147
3.7,0.51,0.41,4,N,63148
3.7,0.51,0.41,5,N,63149
3.7,0.51,0.51,1,N,63150
3.7,0.51,0.51,2,N,63151
3.7,0.51,0.51,3,N,63152
3.7,0.51,0.51,4,N,63153
3.7,0.51,0.51,5,N,63154
3.7,0.51,0.6100000000000001,1,N,63155
3.7,0.51,0.6100000000000001,2,N,63156
3.7,0.51,0.6100000000000001,3,N,63157
3.7,0.51,0.6100000000000001,4,N,63158
3.7,0.51,0.6100000000000001,5,N,63159
3.7,0.51,0.7100000000000001,1,N,63160
3.7,0.51,0.7100000000000001,2,N,63161
3.7,0.51,0.7100000000000001,3,N,63162
3.7,0.51,0.7100000000000001,4,N,63163
3.7,0.51,0.7100000000000001,5,N,63164
3.7,0.51,0.81,1,N,63165
3.7,0.51,0.81,2,N,63166
3.7,0.51,0.81,3,N,63167
3.7,0.51,0.81,4,N,63168
3.7,0.51,0.81,5,N,63169
3.7,0.51,0.91,1,N,63170
3.7,0.51,0.91,2,N,63171
3.7,0.51,0.91,3,N,63172
3.7,0.51,0.91,4,N,63173
3.7,0.51,0.91,5,N,63174
3.7,0.51,1.01,1,N,63175
3.7,0.51,1.01,2,N,63176
3.7,0.51,1.01,3,N,63177
3.7,0.51,1.01,4,N,63178
3.7,0.51,1.01,5,N,63179
3.7,0.51,1.11,1,N,63180
3.7,0.51,1.11,2,N,63181
3.7,0.51,1.11,3,N,63182
3.7,0.51,1.11,4,N,63183
3.7,0.51,1.11,5,N,63184
3.7,0.51,1.3,1,N,63185
3.7,0.51,1.3,2,N,63186
3.7,0.51,1.3,3,N,63187
3.7,0.51,1.3,4,N,63188
3.7,0.51,1.3,5,N,63189
3.7,0.51,1.6,1,N,63190
3.7,0.51,1.6,2,N,63191
3.7,0.51,1.6,3,N,63192
3.7,0.51,1.6,4,N,63193
3.7,0.51,1.6,5,N,63194
3.7,0.51,1.9,1,N,63195
3.7,0.51,1.9,2,N,63196
3.7,0.51,1.9,3,N,63197
3.7,0.51,1.9,4,N,63198
3.7,0.51,1.9,5,N,63199
3.7,0.51,2.2,1,N,63200
3.7,0.51,2.2,2,N,63201
3.7,0.51,2.2,3,N,63202
3.7,0.51,2.2,4,N,63203
3.7,0.51,2.2,5,N,63204
3.7,0.51,2.5,1,N,63205
3.7,0.51,2.5,2,N,63206
3.7,0.51,2.5,3,N,63207
3.7,0.51,2.5,4,N,63208
3.7,0.51,2.5,5,N,63209
3.7,0.51,2.8000000000000003,1,N,63210
3.7,0.51,2.8000000000000003,2,N,63211
3.7,0.51,2.8000000000000003,3,N,63212
3.7,0.51,2.8000000000000003,4,N,63213
3.7,0.51,2.8000000000000003,5,N,63214
3.7,0.51,3.1000000000000005,1,N,63215
3.7,0.51,3.1000000000000005,2,N,63216
3.7,0.51,3.1000000000000005,3,N,63217
3.7,0.51,3.1000000000000005,4,N,63218
3.7,0.51,3.1000000000000005,5,N,63219
3.7,0.51,3.4000000000000004,1,N,63220
3.7,0.51,3.4000000000000004,2,N,63221
3.7,0.51,3.4000000000000004,3,N,63222
3.7,0.51,3.4000000000000004,4,N,63223
3.7,0.51,3.4000000000000004,5,N,63224
3.7,0.51,3.7,1,N,63225
3.7,0.51,3.7,2,N,63226
3.7,0.51,3.7,3,N,63227
3.7,0.51,3.7,4,N,63228
3.7,0.51,3.7,5,N,63229
3.7,0.51,4.0,1,N,63230
3.7,0.51,4.0,2,N,63231
3.7,0.51,4.0,3,N,63232
3.7,0.51,4.0,4,N,63233
3.7,0.51,4.0,5,N,63234
3.7,0.51,4.300000000000002,1,N,63235
3.7,0.51,4.300000000000002,2,N,63236
3.7,0.51,4.300000000000002,3,N,63237
3.7,0.51,4.300000000000002,4,N,63238
3.7,0.51,4.300000000000002,5,N,63239
3.7,0.51,4.6000000000000005,1,N,63240
3.7,0.51,4.6000000000000005,2,N,63241
3.7,0.51,4.6000000000000005,3,N,63242
3.7,0.51,4.6000000000000005,4,N,63243
3.7,0.51,4.6000000000000005,5,N,63244
3.7,0.51,4.9,1,N,63245
3.7,0.51,4.9,2,N,63246
3.7,0.51,4.9,3,N,63247
3.7,0.51,4.9,4,N,63248
3.7,0.51,4.9,5,N,63249
3.7,0.6100000000000001,0.01,1,N,63250
3.7,0.6100000000000001,0.01,2,N,63251
3.7,0.6100000000000001,0.01,3,N,63252
3.7,0.6100000000000001,0.01,4,N,63253
3.7,0.6100000000000001,0.01,5,N,63254
3.7,0.6100000000000001,0.11,1,N,63255
3.7,0.6100000000000001,0.11,2,N,63256
3.7,0.6100000000000001,0.11,3,N,63257
3.7,0.6100000000000001,0.11,4,N,63258
3.7,0.6100000000000001,0.11,5,N,63259
3.7,0.6100000000000001,0.21,1,N,63260
3.7,0.6100000000000001,0.21,2,N,63261
3.7,0.6100000000000001,0.21,3,N,63262
3.7,0.6100000000000001,0.21,4,N,63263
3.7,0.6100000000000001,0.21,5,N,63264
3.7,0.6100000000000001,0.31000000000000005,1,N,63265
3.7,0.6100000000000001,0.31000000000000005,2,N,63266
3.7,0.6100000000000001,0.31000000000000005,3,N,63267
3.7,0.6100000000000001,0.31000000000000005,4,N,63268
3.7,0.6100000000000001,0.31000000000000005,5,N,63269
3.7,0.6100000000000001,0.41,1,N,63270
3.7,0.6100000000000001,0.41,2,N,63271
3.7,0.6100000000000001,0.41,3,N,63272
3.7,0.6100000000000001,0.41,4,N,63273
3.7,0.6100000000000001,0.41,5,N,63274
3.7,0.6100000000000001,0.51,1,N,63275
3.7,0.6100000000000001,0.51,2,N,63276
3.7,0.6100000000000001,0.51,3,N,63277
3.7,0.6100000000000001,0.51,4,N,63278
3.7,0.6100000000000001,0.51,5,N,63279
3.7,0.6100000000000001,0.6100000000000001,1,N,63280
3.7,0.6100000000000001,0.6100000000000001,2,N,63281
3.7,0.6100000000000001,0.6100000000000001,3,N,63282
3.7,0.6100000000000001,0.6100000000000001,4,N,63283
3.7,0.6100000000000001,0.6100000000000001,5,N,63284
3.7,0.6100000000000001,0.7100000000000001,1,N,63285
3.7,0.6100000000000001,0.7100000000000001,2,N,63286
3.7,0.6100000000000001,0.7100000000000001,3,N,63287
3.7,0.6100000000000001,0.7100000000000001,4,N,63288
3.7,0.6100000000000001,0.7100000000000001,5,N,63289
3.7,0.6100000000000001,0.81,1,N,63290
3.7,0.6100000000000001,0.81,2,N,63291
3.7,0.6100000000000001,0.81,3,N,63292
3.7,0.6100000000000001,0.81,4,N,63293
3.7,0.6100000000000001,0.81,5,N,63294
3.7,0.6100000000000001,0.91,1,N,63295
3.7,0.6100000000000001,0.91,2,N,63296
3.7,0.6100000000000001,0.91,3,N,63297
3.7,0.6100000000000001,0.91,4,N,63298
3.7,0.6100000000000001,0.91,5,N,63299
3.7,0.6100000000000001,1.01,1,N,63300
3.7,0.6100000000000001,1.01,2,N,63301
3.7,0.6100000000000001,1.01,3,N,63302
3.7,0.6100000000000001,1.01,4,N,63303
3.7,0.6100000000000001,1.01,5,N,63304
3.7,0.6100000000000001,1.11,1,N,63305
3.7,0.6100000000000001,1.11,2,N,63306
3.7,0.6100000000000001,1.11,3,N,63307
3.7,0.6100000000000001,1.11,4,N,63308
3.7,0.6100000000000001,1.11,5,N,63309
3.7,0.6100000000000001,1.3,1,N,63310
3.7,0.6100000000000001,1.3,2,N,63311
3.7,0.6100000000000001,1.3,3,N,63312
3.7,0.6100000000000001,1.3,4,N,63313
3.7,0.6100000000000001,1.3,5,N,63314
3.7,0.6100000000000001,1.6,1,N,63315
3.7,0.6100000000000001,1.6,2,N,63316
3.7,0.6100000000000001,1.6,3,N,63317
3.7,0.6100000000000001,1.6,4,N,63318
3.7,0.6100000000000001,1.6,5,N,63319
3.7,0.6100000000000001,1.9,1,N,63320
3.7,0.6100000000000001,1.9,2,N,63321
3.7,0.6100000000000001,1.9,3,N,63322
3.7,0.6100000000000001,1.9,4,N,63323
3.7,0.6100000000000001,1.9,5,N,63324
3.7,0.6100000000000001,2.2,1,N,63325
3.7,0.6100000000000001,2.2,2,N,63326
3.7,0.6100000000000001,2.2,3,N,63327
3.7,0.6100000000000001,2.2,4,N,63328
3.7,0.6100000000000001,2.2,5,N,63329
3.7,0.6100000000000001,2.5,1,N,63330
3.7,0.6100000000000001,2.5,2,N,63331
3.7,0.6100000000000001,2.5,3,N,63332
3.7,0.6100000000000001,2.5,4,N,63333
3.7,0.6100000000000001,2.5,5,N,63334
3.7,0.6100000000000001,2.8000000000000003,1,N,63335
3.7,0.6100000000000001,2.8000000000000003,2,N,63336
3.7,0.6100000000000001,2.8000000000000003,3,N,63337
3.7,0.6100000000000001,2.8000000000000003,4,N,63338
3.7,0.6100000000000001,2.8000000000000003,5,N,63339
3.7,0.6100000000000001,3.1000000000000005,1,N,63340
3.7,0.6100000000000001,3.1000000000000005,2,N,63341
3.7,0.6100000000000001,3.1000000000000005,3,N,63342
3.7,0.6100000000000001,3.1000000000000005,4,N,63343
3.7,0.6100000000000001,3.1000000000000005,5,N,63344
3.7,0.6100000000000001,3.4000000000000004,1,N,63345
3.7,0.6100000000000001,3.4000000000000004,2,N,63346
3.7,0.6100000000000001,3.4000000000000004,3,N,63347
3.7,0.6100000000000001,3.4000000000000004,4,N,63348
3.7,0.6100000000000001,3.4000000000000004,5,N,63349
3.7,0.6100000000000001,3.7,1,N,63350
3.7,0.6100000000000001,3.7,2,N,63351
3.7,0.6100000000000001,3.7,3,N,63352
3.7,0.6100000000000001,3.7,4,N,63353
3.7,0.6100000000000001,3.7,5,N,63354
3.7,0.6100000000000001,4.0,1,N,63355
3.7,0.6100000000000001,4.0,2,N,63356
3.7,0.6100000000000001,4.0,3,N,63357
3.7,0.6100000000000001,4.0,4,N,63358
3.7,0.6100000000000001,4.0,5,N,63359
3.7,0.6100000000000001,4.300000000000002,1,N,63360
3.7,0.6100000000000001,4.300000000000002,2,N,63361
3.7,0.6100000000000001,4.300000000000002,3,N,63362
3.7,0.6100000000000001,4.300000000000002,4,N,63363
3.7,0.6100000000000001,4.300000000000002,5,N,63364
3.7,0.6100000000000001,4.6000000000000005,1,N,63365
3.7,0.6100000000000001,4.6000000000000005,2,N,63366
3.7,0.6100000000000001,4.6000000000000005,3,N,63367
3.7,0.6100000000000001,4.6000000000000005,4,N,63368
3.7,0.6100000000000001,4.6000000000000005,5,N,63369
3.7,0.6100000000000001,4.9,1,N,63370
3.7,0.6100000000000001,4.9,2,N,63371
3.7,0.6100000000000001,4.9,3,N,63372
3.7,0.6100000000000001,4.9,4,N,63373
3.7,0.6100000000000001,4.9,5,N,63374
3.7,0.7100000000000001,0.01,1,N,63375
3.7,0.7100000000000001,0.01,2,N,63376
3.7,0.7100000000000001,0.01,3,N,63377
3.7,0.7100000000000001,0.01,4,N,63378
3.7,0.7100000000000001,0.01,5,N,63379
3.7,0.7100000000000001,0.11,1,N,63380
3.7,0.7100000000000001,0.11,2,N,63381
3.7,0.7100000000000001,0.11,3,N,63382
3.7,0.7100000000000001,0.11,4,N,63383
3.7,0.7100000000000001,0.11,5,N,63384
3.7,0.7100000000000001,0.21,1,N,63385
3.7,0.7100000000000001,0.21,2,N,63386
3.7,0.7100000000000001,0.21,3,N,63387
3.7,0.7100000000000001,0.21,4,N,63388
3.7,0.7100000000000001,0.21,5,N,63389
3.7,0.7100000000000001,0.31000000000000005,1,N,63390
3.7,0.7100000000000001,0.31000000000000005,2,N,63391
3.7,0.7100000000000001,0.31000000000000005,3,N,63392
3.7,0.7100000000000001,0.31000000000000005,4,N,63393
3.7,0.7100000000000001,0.31000000000000005,5,N,63394
3.7,0.7100000000000001,0.41,1,N,63395
3.7,0.7100000000000001,0.41,2,N,63396
3.7,0.7100000000000001,0.41,3,N,63397
3.7,0.7100000000000001,0.41,4,N,63398
3.7,0.7100000000000001,0.41,5,N,63399
3.7,0.7100000000000001,0.51,1,N,63400
3.7,0.7100000000000001,0.51,2,N,63401
3.7,0.7100000000000001,0.51,3,N,63402
3.7,0.7100000000000001,0.51,4,N,63403
3.7,0.7100000000000001,0.51,5,N,63404
3.7,0.7100000000000001,0.6100000000000001,1,N,63405
3.7,0.7100000000000001,0.6100000000000001,2,N,63406
3.7,0.7100000000000001,0.6100000000000001,3,N,63407
3.7,0.7100000000000001,0.6100000000000001,4,N,63408
3.7,0.7100000000000001,0.6100000000000001,5,N,63409
3.7,0.7100000000000001,0.7100000000000001,1,N,63410
3.7,0.7100000000000001,0.7100000000000001,2,N,63411
3.7,0.7100000000000001,0.7100000000000001,3,N,63412
3.7,0.7100000000000001,0.7100000000000001,4,N,63413
3.7,0.7100000000000001,0.7100000000000001,5,N,63414
3.7,0.7100000000000001,0.81,1,N,63415
3.7,0.7100000000000001,0.81,2,N,63416
3.7,0.7100000000000001,0.81,3,N,63417
3.7,0.7100000000000001,0.81,4,N,63418
3.7,0.7100000000000001,0.81,5,N,63419
3.7,0.7100000000000001,0.91,1,N,63420
3.7,0.7100000000000001,0.91,2,N,63421
3.7,0.7100000000000001,0.91,3,N,63422
3.7,0.7100000000000001,0.91,4,N,63423
3.7,0.7100000000000001,0.91,5,N,63424
3.7,0.7100000000000001,1.01,1,N,63425
3.7,0.7100000000000001,1.01,2,N,63426
3.7,0.7100000000000001,1.01,3,N,63427
3.7,0.7100000000000001,1.01,4,N,63428
3.7,0.7100000000000001,1.01,5,N,63429
3.7,0.7100000000000001,1.11,1,N,63430
3.7,0.7100000000000001,1.11,2,N,63431
3.7,0.7100000000000001,1.11,3,N,63432
3.7,0.7100000000000001,1.11,4,N,63433
3.7,0.7100000000000001,1.11,5,N,63434
3.7,0.7100000000000001,1.3,1,N,63435
3.7,0.7100000000000001,1.3,2,N,63436
3.7,0.7100000000000001,1.3,3,N,63437
3.7,0.7100000000000001,1.3,4,N,63438
3.7,0.7100000000000001,1.3,5,N,63439
3.7,0.7100000000000001,1.6,1,N,63440
3.7,0.7100000000000001,1.6,2,N,63441
3.7,0.7100000000000001,1.6,3,N,63442
3.7,0.7100000000000001,1.6,4,N,63443
3.7,0.7100000000000001,1.6,5,N,63444
3.7,0.7100000000000001,1.9,1,N,63445
3.7,0.7100000000000001,1.9,2,N,63446
3.7,0.7100000000000001,1.9,3,N,63447
3.7,0.7100000000000001,1.9,4,N,63448
3.7,0.7100000000000001,1.9,5,N,63449
3.7,0.7100000000000001,2.2,1,N,63450
3.7,0.7100000000000001,2.2,2,N,63451
3.7,0.7100000000000001,2.2,3,N,63452
3.7,0.7100000000000001,2.2,4,N,63453
3.7,0.7100000000000001,2.2,5,N,63454
3.7,0.7100000000000001,2.5,1,N,63455
3.7,0.7100000000000001,2.5,2,N,63456
3.7,0.7100000000000001,2.5,3,N,63457
3.7,0.7100000000000001,2.5,4,N,63458
3.7,0.7100000000000001,2.5,5,N,63459
3.7,0.7100000000000001,2.8000000000000003,1,N,63460
3.7,0.7100000000000001,2.8000000000000003,2,N,63461
3.7,0.7100000000000001,2.8000000000000003,3,N,63462
3.7,0.7100000000000001,2.8000000000000003,4,N,63463
3.7,0.7100000000000001,2.8000000000000003,5,N,63464
3.7,0.7100000000000001,3.1000000000000005,1,N,63465
3.7,0.7100000000000001,3.1000000000000005,2,N,63466
3.7,0.7100000000000001,3.1000000000000005,3,N,63467
3.7,0.7100000000000001,3.1000000000000005,4,N,63468
3.7,0.7100000000000001,3.1000000000000005,5,N,63469
3.7,0.7100000000000001,3.4000000000000004,1,N,63470
3.7,0.7100000000000001,3.4000000000000004,2,N,63471
3.7,0.7100000000000001,3.4000000000000004,3,N,63472
3.7,0.7100000000000001,3.4000000000000004,4,N,63473
3.7,0.7100000000000001,3.4000000000000004,5,N,63474
3.7,0.7100000000000001,3.7,1,N,63475
3.7,0.7100000000000001,3.7,2,N,63476
3.7,0.7100000000000001,3.7,3,N,63477
3.7,0.7100000000000001,3.7,4,N,63478
3.7,0.7100000000000001,3.7,5,N,63479
3.7,0.7100000000000001,4.0,1,N,63480
3.7,0.7100000000000001,4.0,2,N,63481
3.7,0.7100000000000001,4.0,3,N,63482
3.7,0.7100000000000001,4.0,4,N,63483
3.7,0.7100000000000001,4.0,5,N,63484
3.7,0.7100000000000001,4.300000000000002,1,N,63485
3.7,0.7100000000000001,4.300000000000002,2,N,63486
3.7,0.7100000000000001,4.300000000000002,3,N,63487
3.7,0.7100000000000001,4.300000000000002,4,N,63488
3.7,0.7100000000000001,4.300000000000002,5,N,63489
3.7,0.7100000000000001,4.6000000000000005,1,N,63490
3.7,0.7100000000000001,4.6000000000000005,2,N,63491
3.7,0.7100000000000001,4.6000000000000005,3,N,63492
3.7,0.7100000000000001,4.6000000000000005,4,N,63493
3.7,0.7100000000000001,4.6000000000000005,5,N,63494
3.7,0.7100000000000001,4.9,1,N,63495
3.7,0.7100000000000001,4.9,2,N,63496
3.7,0.7100000000000001,4.9,3,N,63497
3.7,0.7100000000000001,4.9,4,N,63498
3.7,0.7100000000000001,4.9,5,N,63499
3.7,0.81,0.01,1,N,63500
3.7,0.81,0.01,2,N,63501
3.7,0.81,0.01,3,N,63502
3.7,0.81,0.01,4,N,63503
3.7,0.81,0.01,5,N,63504
3.7,0.81,0.11,1,N,63505
3.7,0.81,0.11,2,N,63506
3.7,0.81,0.11,3,N,63507
3.7,0.81,0.11,4,N,63508
3.7,0.81,0.11,5,N,63509
3.7,0.81,0.21,1,N,63510
3.7,0.81,0.21,2,N,63511
3.7,0.81,0.21,3,N,63512
3.7,0.81,0.21,4,N,63513
3.7,0.81,0.21,5,N,63514
3.7,0.81,0.31000000000000005,1,N,63515
3.7,0.81,0.31000000000000005,2,N,63516
3.7,0.81,0.31000000000000005,3,N,63517
3.7,0.81,0.31000000000000005,4,N,63518
3.7,0.81,0.31000000000000005,5,N,63519
3.7,0.81,0.41,1,N,63520
3.7,0.81,0.41,2,N,63521
3.7,0.81,0.41,3,N,63522
3.7,0.81,0.41,4,N,63523
3.7,0.81,0.41,5,N,63524
3.7,0.81,0.51,1,N,63525
3.7,0.81,0.51,2,N,63526
3.7,0.81,0.51,3,N,63527
3.7,0.81,0.51,4,N,63528
3.7,0.81,0.51,5,N,63529
3.7,0.81,0.6100000000000001,1,N,63530
3.7,0.81,0.6100000000000001,2,N,63531
3.7,0.81,0.6100000000000001,3,N,63532
3.7,0.81,0.6100000000000001,4,N,63533
3.7,0.81,0.6100000000000001,5,N,63534
3.7,0.81,0.7100000000000001,1,N,63535
3.7,0.81,0.7100000000000001,2,N,63536
3.7,0.81,0.7100000000000001,3,N,63537
3.7,0.81,0.7100000000000001,4,N,63538
3.7,0.81,0.7100000000000001,5,N,63539
3.7,0.81,0.81,1,N,63540
3.7,0.81,0.81,2,N,63541
3.7,0.81,0.81,3,N,63542
3.7,0.81,0.81,4,N,63543
3.7,0.81,0.81,5,N,63544
3.7,0.81,0.91,1,N,63545
3.7,0.81,0.91,2,N,63546
3.7,0.81,0.91,3,N,63547
3.7,0.81,0.91,4,N,63548
3.7,0.81,0.91,5,N,63549
3.7,0.81,1.01,1,N,63550
3.7,0.81,1.01,2,N,63551
3.7,0.81,1.01,3,N,63552
3.7,0.81,1.01,4,N,63553
3.7,0.81,1.01,5,N,63554
3.7,0.81,1.11,1,N,63555
3.7,0.81,1.11,2,N,63556
3.7,0.81,1.11,3,N,63557
3.7,0.81,1.11,4,N,63558
3.7,0.81,1.11,5,N,63559
3.7,0.81,1.3,1,N,63560
3.7,0.81,1.3,2,N,63561
3.7,0.81,1.3,3,N,63562
3.7,0.81,1.3,4,N,63563
3.7,0.81,1.3,5,N,63564
3.7,0.81,1.6,1,N,63565
3.7,0.81,1.6,2,N,63566
3.7,0.81,1.6,3,N,63567
3.7,0.81,1.6,4,N,63568
3.7,0.81,1.6,5,N,63569
3.7,0.81,1.9,1,N,63570
3.7,0.81,1.9,2,N,63571
3.7,0.81,1.9,3,N,63572
3.7,0.81,1.9,4,N,63573
3.7,0.81,1.9,5,N,63574
3.7,0.81,2.2,1,N,63575
3.7,0.81,2.2,2,N,63576
3.7,0.81,2.2,3,N,63577
3.7,0.81,2.2,4,N,63578
3.7,0.81,2.2,5,N,63579
3.7,0.81,2.5,1,N,63580
3.7,0.81,2.5,2,N,63581
3.7,0.81,2.5,3,N,63582
3.7,0.81,2.5,4,N,63583
3.7,0.81,2.5,5,N,63584
3.7,0.81,2.8000000000000003,1,N,63585
3.7,0.81,2.8000000000000003,2,N,63586
3.7,0.81,2.8000000000000003,3,N,63587
3.7,0.81,2.8000000000000003,4,N,63588
3.7,0.81,2.8000000000000003,5,N,63589
3.7,0.81,3.1000000000000005,1,N,63590
3.7,0.81,3.1000000000000005,2,N,63591
3.7,0.81,3.1000000000000005,3,N,63592
3.7,0.81,3.1000000000000005,4,N,63593
3.7,0.81,3.1000000000000005,5,N,63594
3.7,0.81,3.4000000000000004,1,N,63595
3.7,0.81,3.4000000000000004,2,N,63596
3.7,0.81,3.4000000000000004,3,N,63597
3.7,0.81,3.4000000000000004,4,N,63598
3.7,0.81,3.4000000000000004,5,N,63599
3.7,0.81,3.7,1,N,63600
3.7,0.81,3.7,2,N,63601
3.7,0.81,3.7,3,N,63602
3.7,0.81,3.7,4,N,63603
3.7,0.81,3.7,5,N,63604
3.7,0.81,4.0,1,N,63605
3.7,0.81,4.0,2,N,63606
3.7,0.81,4.0,3,N,63607
3.7,0.81,4.0,4,N,63608
3.7,0.81,4.0,5,N,63609
3.7,0.81,4.300000000000002,1,N,63610
3.7,0.81,4.300000000000002,2,N,63611
3.7,0.81,4.300000000000002,3,N,63612
3.7,0.81,4.300000000000002,4,N,63613
3.7,0.81,4.300000000000002,5,N,63614
3.7,0.81,4.6000000000000005,1,N,63615
3.7,0.81,4.6000000000000005,2,N,63616
3.7,0.81,4.6000000000000005,3,N,63617
3.7,0.81,4.6000000000000005,4,N,63618
3.7,0.81,4.6000000000000005,5,N,63619
3.7,0.81,4.9,1,N,63620
3.7,0.81,4.9,2,N,63621
3.7,0.81,4.9,3,N,63622
3.7,0.81,4.9,4,N,63623
3.7,0.81,4.9,5,N,63624
3.7,0.91,0.01,1,N,63625
3.7,0.91,0.01,2,N,63626
3.7,0.91,0.01,3,N,63627
3.7,0.91,0.01,4,N,63628
3.7,0.91,0.01,5,N,63629
3.7,0.91,0.11,1,N,63630
3.7,0.91,0.11,2,N,63631
3.7,0.91,0.11,3,N,63632
3.7,0.91,0.11,4,N,63633
3.7,0.91,0.11,5,N,63634
3.7,0.91,0.21,1,N,63635
3.7,0.91,0.21,2,N,63636
3.7,0.91,0.21,3,N,63637
3.7,0.91,0.21,4,N,63638
3.7,0.91,0.21,5,N,63639
3.7,0.91,0.31000000000000005,1,N,63640
3.7,0.91,0.31000000000000005,2,N,63641
3.7,0.91,0.31000000000000005,3,N,63642
3.7,0.91,0.31000000000000005,4,N,63643
3.7,0.91,0.31000000000000005,5,N,63644
3.7,0.91,0.41,1,N,63645
3.7,0.91,0.41,2,N,63646
3.7,0.91,0.41,3,N,63647
3.7,0.91,0.41,4,N,63648
3.7,0.91,0.41,5,N,63649
3.7,0.91,0.51,1,N,63650
3.7,0.91,0.51,2,N,63651
3.7,0.91,0.51,3,N,63652
3.7,0.91,0.51,4,N,63653
3.7,0.91,0.51,5,N,63654
3.7,0.91,0.6100000000000001,1,N,63655
3.7,0.91,0.6100000000000001,2,N,63656
3.7,0.91,0.6100000000000001,3,N,63657
3.7,0.91,0.6100000000000001,4,N,63658
3.7,0.91,0.6100000000000001,5,N,63659
3.7,0.91,0.7100000000000001,1,N,63660
3.7,0.91,0.7100000000000001,2,N,63661
3.7,0.91,0.7100000000000001,3,N,63662
3.7,0.91,0.7100000000000001,4,N,63663
3.7,0.91,0.7100000000000001,5,N,63664
3.7,0.91,0.81,1,N,63665
3.7,0.91,0.81,2,N,63666
3.7,0.91,0.81,3,N,63667
3.7,0.91,0.81,4,N,63668
3.7,0.91,0.81,5,N,63669
3.7,0.91,0.91,1,N,63670
3.7,0.91,0.91,2,N,63671
3.7,0.91,0.91,3,N,63672
3.7,0.91,0.91,4,N,63673
3.7,0.91,0.91,5,N,63674
3.7,0.91,1.01,1,N,63675
3.7,0.91,1.01,2,N,63676
3.7,0.91,1.01,3,N,63677
3.7,0.91,1.01,4,N,63678
3.7,0.91,1.01,5,N,63679
3.7,0.91,1.11,1,N,63680
3.7,0.91,1.11,2,N,63681
3.7,0.91,1.11,3,N,63682
3.7,0.91,1.11,4,N,63683
3.7,0.91,1.11,5,N,63684
3.7,0.91,1.3,1,N,63685
3.7,0.91,1.3,2,N,63686
3.7,0.91,1.3,3,N,63687
3.7,0.91,1.3,4,N,63688
3.7,0.91,1.3,5,N,63689
3.7,0.91,1.6,1,N,63690
3.7,0.91,1.6,2,N,63691
3.7,0.91,1.6,3,N,63692
3.7,0.91,1.6,4,N,63693
3.7,0.91,1.6,5,N,63694
3.7,0.91,1.9,1,N,63695
3.7,0.91,1.9,2,N,63696
3.7,0.91,1.9,3,N,63697
3.7,0.91,1.9,4,N,63698
3.7,0.91,1.9,5,N,63699
3.7,0.91,2.2,1,N,63700
3.7,0.91,2.2,2,N,63701
3.7,0.91,2.2,3,N,63702
3.7,0.91,2.2,4,N,63703
3.7,0.91,2.2,5,N,63704
3.7,0.91,2.5,1,N,63705
3.7,0.91,2.5,2,N,63706
3.7,0.91,2.5,3,N,63707
3.7,0.91,2.5,4,N,63708
3.7,0.91,2.5,5,N,63709
3.7,0.91,2.8000000000000003,1,N,63710
3.7,0.91,2.8000000000000003,2,N,63711
3.7,0.91,2.8000000000000003,3,N,63712
3.7,0.91,2.8000000000000003,4,N,63713
3.7,0.91,2.8000000000000003,5,N,63714
3.7,0.91,3.1000000000000005,1,N,63715
3.7,0.91,3.1000000000000005,2,N,63716
3.7,0.91,3.1000000000000005,3,N,63717
3.7,0.91,3.1000000000000005,4,N,63718
3.7,0.91,3.1000000000000005,5,N,63719
3.7,0.91,3.4000000000000004,1,N,63720
3.7,0.91,3.4000000000000004,2,N,63721
3.7,0.91,3.4000000000000004,3,N,63722
3.7,0.91,3.4000000000000004,4,N,63723
3.7,0.91,3.4000000000000004,5,N,63724
3.7,0.91,3.7,1,N,63725
3.7,0.91,3.7,2,N,63726
3.7,0.91,3.7,3,N,63727
3.7,0.91,3.7,4,N,63728
3.7,0.91,3.7,5,N,63729
3.7,0.91,4.0,1,N,63730
3.7,0.91,4.0,2,N,63731
3.7,0.91,4.0,3,N,63732
3.7,0.91,4.0,4,N,63733
3.7,0.91,4.0,5,N,63734
3.7,0.91,4.300000000000002,1,N,63735
3.7,0.91,4.300000000000002,2,N,63736
3.7,0.91,4.300000000000002,3,N,63737
3.7,0.91,4.300000000000002,4,N,63738
3.7,0.91,4.300000000000002,5,N,63739
3.7,0.91,4.6000000000000005,1,N,63740
3.7,0.91,4.6000000000000005,2,N,63741
3.7,0.91,4.6000000000000005,3,N,63742
3.7,0.91,4.6000000000000005,4,N,63743
3.7,0.91,4.6000000000000005,5,N,63744
3.7,0.91,4.9,1,N,63745
3.7,0.91,4.9,2,N,63746
3.7,0.91,4.9,3,N,63747
3.7,0.91,4.9,4,N,63748
3.7,0.91,4.9,5,N,63749
3.7,1.01,0.01,1,N,63750
3.7,1.01,0.01,2,N,63751
3.7,1.01,0.01,3,N,63752
3.7,1.01,0.01,4,N,63753
3.7,1.01,0.01,5,N,63754
3.7,1.01,0.11,1,N,63755
3.7,1.01,0.11,2,N,63756
3.7,1.01,0.11,3,N,63757
3.7,1.01,0.11,4,N,63758
3.7,1.01,0.11,5,N,63759
3.7,1.01,0.21,1,N,63760
3.7,1.01,0.21,2,N,63761
3.7,1.01,0.21,3,N,63762
3.7,1.01,0.21,4,N,63763
3.7,1.01,0.21,5,N,63764
3.7,1.01,0.31000000000000005,1,N,63765
3.7,1.01,0.31000000000000005,2,N,63766
3.7,1.01,0.31000000000000005,3,N,63767
3.7,1.01,0.31000000000000005,4,N,63768
3.7,1.01,0.31000000000000005,5,N,63769
3.7,1.01,0.41,1,N,63770
3.7,1.01,0.41,2,N,63771
3.7,1.01,0.41,3,N,63772
3.7,1.01,0.41,4,N,63773
3.7,1.01,0.41,5,N,63774
3.7,1.01,0.51,1,N,63775
3.7,1.01,0.51,2,N,63776
3.7,1.01,0.51,3,N,63777
3.7,1.01,0.51,4,N,63778
3.7,1.01,0.51,5,N,63779
3.7,1.01,0.6100000000000001,1,N,63780
3.7,1.01,0.6100000000000001,2,N,63781
3.7,1.01,0.6100000000000001,3,N,63782
3.7,1.01,0.6100000000000001,4,N,63783
3.7,1.01,0.6100000000000001,5,N,63784
3.7,1.01,0.7100000000000001,1,N,63785
3.7,1.01,0.7100000000000001,2,N,63786
3.7,1.01,0.7100000000000001,3,N,63787
3.7,1.01,0.7100000000000001,4,N,63788
3.7,1.01,0.7100000000000001,5,N,63789
3.7,1.01,0.81,1,N,63790
3.7,1.01,0.81,2,N,63791
3.7,1.01,0.81,3,N,63792
3.7,1.01,0.81,4,N,63793
3.7,1.01,0.81,5,N,63794
3.7,1.01,0.91,1,N,63795
3.7,1.01,0.91,2,N,63796
3.7,1.01,0.91,3,N,63797
3.7,1.01,0.91,4,N,63798
3.7,1.01,0.91,5,N,63799
3.7,1.01,1.01,1,N,63800
3.7,1.01,1.01,2,N,63801
3.7,1.01,1.01,3,N,63802
3.7,1.01,1.01,4,N,63803
3.7,1.01,1.01,5,N,63804
3.7,1.01,1.11,1,N,63805
3.7,1.01,1.11,2,N,63806
3.7,1.01,1.11,3,N,63807
3.7,1.01,1.11,4,N,63808
3.7,1.01,1.11,5,N,63809
3.7,1.01,1.3,1,N,63810
3.7,1.01,1.3,2,N,63811
3.7,1.01,1.3,3,N,63812
3.7,1.01,1.3,4,N,63813
3.7,1.01,1.3,5,N,63814
3.7,1.01,1.6,1,N,63815
3.7,1.01,1.6,2,N,63816
3.7,1.01,1.6,3,N,63817
3.7,1.01,1.6,4,N,63818
3.7,1.01,1.6,5,N,63819
3.7,1.01,1.9,1,N,63820
3.7,1.01,1.9,2,N,63821
3.7,1.01,1.9,3,N,63822
3.7,1.01,1.9,4,N,63823
3.7,1.01,1.9,5,N,63824
3.7,1.01,2.2,1,N,63825
3.7,1.01,2.2,2,N,63826
3.7,1.01,2.2,3,N,63827
3.7,1.01,2.2,4,N,63828
3.7,1.01,2.2,5,N,63829
3.7,1.01,2.5,1,N,63830
3.7,1.01,2.5,2,N,63831
3.7,1.01,2.5,3,N,63832
3.7,1.01,2.5,4,N,63833
3.7,1.01,2.5,5,N,63834
3.7,1.01,2.8000000000000003,1,N,63835
3.7,1.01,2.8000000000000003,2,N,63836
3.7,1.01,2.8000000000000003,3,N,63837
3.7,1.01,2.8000000000000003,4,N,63838
3.7,1.01,2.8000000000000003,5,N,63839
3.7,1.01,3.1000000000000005,1,N,63840
3.7,1.01,3.1000000000000005,2,N,63841
3.7,1.01,3.1000000000000005,3,N,63842
3.7,1.01,3.1000000000000005,4,N,63843
3.7,1.01,3.1000000000000005,5,N,63844
3.7,1.01,3.4000000000000004,1,N,63845
3.7,1.01,3.4000000000000004,2,N,63846
3.7,1.01,3.4000000000000004,3,N,63847
3.7,1.01,3.4000000000000004,4,N,63848
3.7,1.01,3.4000000000000004,5,N,63849
3.7,1.01,3.7,1,N,63850
3.7,1.01,3.7,2,N,63851
3.7,1.01,3.7,3,N,63852
3.7,1.01,3.7,4,N,63853
3.7,1.01,3.7,5,N,63854
3.7,1.01,4.0,1,N,63855
3.7,1.01,4.0,2,N,63856
3.7,1.01,4.0,3,N,63857
3.7,1.01,4.0,4,N,63858
3.7,1.01,4.0,5,N,63859
3.7,1.01,4.300000000000002,1,N,63860
3.7,1.01,4.300000000000002,2,N,63861
3.7,1.01,4.300000000000002,3,N,63862
3.7,1.01,4.300000000000002,4,N,63863
3.7,1.01,4.300000000000002,5,N,63864
3.7,1.01,4.6000000000000005,1,N,63865
3.7,1.01,4.6000000000000005,2,N,63866
3.7,1.01,4.6000000000000005,3,N,63867
3.7,1.01,4.6000000000000005,4,N,63868
3.7,1.01,4.6000000000000005,5,N,63869
3.7,1.01,4.9,1,N,63870
3.7,1.01,4.9,2,N,63871
3.7,1.01,4.9,3,N,63872
3.7,1.01,4.9,4,N,63873
3.7,1.01,4.9,5,N,63874
3.7,1.11,0.01,1,N,63875
3.7,1.11,0.01,2,N,63876
3.7,1.11,0.01,3,N,63877
3.7,1.11,0.01,4,N,63878
3.7,1.11,0.01,5,N,63879
3.7,1.11,0.11,1,N,63880
3.7,1.11,0.11,2,N,63881
3.7,1.11,0.11,3,N,63882
3.7,1.11,0.11,4,N,63883
3.7,1.11,0.11,5,N,63884
3.7,1.11,0.21,1,N,63885
3.7,1.11,0.21,2,N,63886
3.7,1.11,0.21,3,N,63887
3.7,1.11,0.21,4,N,63888
3.7,1.11,0.21,5,N,63889
3.7,1.11,0.31000000000000005,1,N,63890
3.7,1.11,0.31000000000000005,2,N,63891
3.7,1.11,0.31000000000000005,3,N,63892
3.7,1.11,0.31000000000000005,4,N,63893
3.7,1.11,0.31000000000000005,5,N,63894
3.7,1.11,0.41,1,N,63895
3.7,1.11,0.41,2,N,63896
3.7,1.11,0.41,3,N,63897
3.7,1.11,0.41,4,N,63898
3.7,1.11,0.41,5,N,63899
3.7,1.11,0.51,1,N,63900
3.7,1.11,0.51,2,N,63901
3.7,1.11,0.51,3,N,63902
3.7,1.11,0.51,4,Y,63903
3.7,1.11,0.51,5,N,63904
3.7,1.11,0.6100000000000001,1,N,63905
3.7,1.11,0.6100000000000001,2,N,63906
3.7,1.11,0.6100000000000001,3,N,63907
3.7,1.11,0.6100000000000001,4,N,63908
3.7,1.11,0.6100000000000001,5,N,63909
3.7,1.11,0.7100000000000001,1,N,63910
3.7,1.11,0.7100000000000001,2,N,63911
3.7,1.11,0.7100000000000001,3,N,63912
3.7,1.11,0.7100000000000001,4,N,63913
3.7,1.11,0.7100000000000001,5,N,63914
3.7,1.11,0.81,1,N,63915
3.7,1.11,0.81,2,N,63916
3.7,1.11,0.81,3,N,63917
3.7,1.11,0.81,4,N,63918
3.7,1.11,0.81,5,N,63919
3.7,1.11,0.91,1,N,63920
3.7,1.11,0.91,2,N,63921
3.7,1.11,0.91,3,N,63922
3.7,1.11,0.91,4,N,63923
3.7,1.11,0.91,5,N,63924
3.7,1.11,1.01,1,N,63925
3.7,1.11,1.01,2,N,63926
3.7,1.11,1.01,3,N,63927
3.7,1.11,1.01,4,N,63928
3.7,1.11,1.01,5,N,63929
3.7,1.11,1.11,1,N,63930
3.7,1.11,1.11,2,N,63931
3.7,1.11,1.11,3,N,63932
3.7,1.11,1.11,4,N,63933
3.7,1.11,1.11,5,N,63934
3.7,1.11,1.3,1,N,63935
3.7,1.11,1.3,2,N,63936
3.7,1.11,1.3,3,N,63937
3.7,1.11,1.3,4,N,63938
3.7,1.11,1.3,5,N,63939
3.7,1.11,1.6,1,N,63940
3.7,1.11,1.6,2,N,63941
3.7,1.11,1.6,3,N,63942
3.7,1.11,1.6,4,N,63943
3.7,1.11,1.6,5,N,63944
3.7,1.11,1.9,1,N,63945
3.7,1.11,1.9,2,N,63946
3.7,1.11,1.9,3,N,63947
3.7,1.11,1.9,4,N,63948
3.7,1.11,1.9,5,N,63949
3.7,1.11,2.2,1,N,63950
3.7,1.11,2.2,2,N,63951
3.7,1.11,2.2,3,N,63952
3.7,1.11,2.2,4,N,63953
3.7,1.11,2.2,5,N,63954
3.7,1.11,2.5,1,N,63955
3.7,1.11,2.5,2,N,63956
3.7,1.11,2.5,3,N,63957
3.7,1.11,2.5,4,N,63958
3.7,1.11,2.5,5,N,63959
3.7,1.11,2.8000000000000003,1,N,63960
3.7,1.11,2.8000000000000003,2,N,63961
3.7,1.11,2.8000000000000003,3,N,63962
3.7,1.11,2.8000000000000003,4,N,63963
3.7,1.11,2.8000000000000003,5,N,63964
3.7,1.11,3.1000000000000005,1,N,63965
3.7,1.11,3.1000000000000005,2,N,63966
3.7,1.11,3.1000000000000005,3,N,63967
3.7,1.11,3.1000000000000005,4,N,63968
3.7,1.11,3.1000000000000005,5,N,63969
3.7,1.11,3.4000000000000004,1,N,63970
3.7,1.11,3.4000000000000004,2,N,63971
3.7,1.11,3.4000000000000004,3,N,63972
3.7,1.11,3.4000000000000004,4,N,63973
3.7,1.11,3.4000000000000004,5,N,63974
3.7,1.11,3.7,1,N,63975
3.7,1.11,3.7,2,N,63976
3.7,1.11,3.7,3,N,63977
3.7,1.11,3.7,4,N,63978
3.7,1.11,3.7,5,N,63979
3.7,1.11,4.0,1,N,63980
3.7,1.11,4.0,2,N,63981
3.7,1.11,4.0,3,N,63982
3.7,1.11,4.0,4,N,63983
3.7,1.11,4.0,5,N,63984
3.7,1.11,4.300000000000002,1,N,63985
3.7,1.11,4.300000000000002,2,N,63986
3.7,1.11,4.300000000000002,3,N,63987
3.7,1.11,4.300000000000002,4,N,63988
3.7,1.11,4.300000000000002,5,N,63989
3.7,1.11,4.6000000000000005,1,N,63990
3.7,1.11,4.6000000000000005,2,N,63991
3.7,1.11,4.6000000000000005,3,N,63992
3.7,1.11,4.6000000000000005,4,N,63993
3.7,1.11,4.6000000000000005,5,N,63994
3.7,1.11,4.9,1,N,63995
3.7,1.11,4.9,2,N,63996
3.7,1.11,4.9,3,N,63997
3.7,1.11,4.9,4,N,63998
3.7,1.11,4.9,5,N,63999
3.7,1.3,0.01,1,N,64000
3.7,1.3,0.01,2,N,64001
3.7,1.3,0.01,3,N,64002
3.7,1.3,0.01,4,N,64003
3.7,1.3,0.01,5,N,64004
3.7,1.3,0.11,1,N,64005
3.7,1.3,0.11,2,N,64006
3.7,1.3,0.11,3,N,64007
3.7,1.3,0.11,4,N,64008
3.7,1.3,0.11,5,N,64009
3.7,1.3,0.21,1,N,64010
3.7,1.3,0.21,2,N,64011
3.7,1.3,0.21,3,N,64012
3.7,1.3,0.21,4,N,64013
3.7,1.3,0.21,5,N,64014
3.7,1.3,0.31000000000000005,1,N,64015
3.7,1.3,0.31000000000000005,2,N,64016
3.7,1.3,0.31000000000000005,3,N,64017
3.7,1.3,0.31000000000000005,4,N,64018
3.7,1.3,0.31000000000000005,5,N,64019
3.7,1.3,0.41,1,N,64020
3.7,1.3,0.41,2,N,64021
3.7,1.3,0.41,3,N,64022
3.7,1.3,0.41,4,N,64023
3.7,1.3,0.41,5,N,64024
3.7,1.3,0.51,1,N,64025
3.7,1.3,0.51,2,N,64026
3.7,1.3,0.51,3,N,64027
3.7,1.3,0.51,4,N,64028
3.7,1.3,0.51,5,N,64029
3.7,1.3,0.6100000000000001,1,N,64030
3.7,1.3,0.6100000000000001,2,N,64031
3.7,1.3,0.6100000000000001,3,N,64032
3.7,1.3,0.6100000000000001,4,N,64033
3.7,1.3,0.6100000000000001,5,N,64034
3.7,1.3,0.7100000000000001,1,N,64035
3.7,1.3,0.7100000000000001,2,N,64036
3.7,1.3,0.7100000000000001,3,N,64037
3.7,1.3,0.7100000000000001,4,N,64038
3.7,1.3,0.7100000000000001,5,N,64039
3.7,1.3,0.81,1,N,64040
3.7,1.3,0.81,2,N,64041
3.7,1.3,0.81,3,N,64042
3.7,1.3,0.81,4,N,64043
3.7,1.3,0.81,5,N,64044
3.7,1.3,0.91,1,N,64045
3.7,1.3,0.91,2,N,64046
3.7,1.3,0.91,3,N,64047
3.7,1.3,0.91,4,N,64048
3.7,1.3,0.91,5,N,64049
3.7,1.3,1.01,1,N,64050
3.7,1.3,1.01,2,N,64051
3.7,1.3,1.01,3,N,64052
3.7,1.3,1.01,4,N,64053
3.7,1.3,1.01,5,N,64054
3.7,1.3,1.11,1,N,64055
3.7,1.3,1.11,2,N,64056
3.7,1.3,1.11,3,N,64057
3.7,1.3,1.11,4,N,64058
3.7,1.3,1.11,5,N,64059
3.7,1.3,1.3,1,N,64060
3.7,1.3,1.3,2,N,64061
3.7,1.3,1.3,3,N,64062
3.7,1.3,1.3,4,N,64063
3.7,1.3,1.3,5,N,64064
3.7,1.3,1.6,1,N,64065
3.7,1.3,1.6,2,N,64066
3.7,1.3,1.6,3,N,64067
3.7,1.3,1.6,4,N,64068
3.7,1.3,1.6,5,N,64069
3.7,1.3,1.9,1,N,64070
3.7,1.3,1.9,2,N,64071
3.7,1.3,1.9,3,N,64072
3.7,1.3,1.9,4,N,64073
3.7,1.3,1.9,5,N,64074
3.7,1.3,2.2,1,N,64075
3.7,1.3,2.2,2,N,64076
3.7,1.3,2.2,3,N,64077
3.7,1.3,2.2,4,N,64078
3.7,1.3,2.2,5,N,64079
3.7,1.3,2.5,1,N,64080
3.7,1.3,2.5,2,N,64081
3.7,1.3,2.5,3,N,64082
3.7,1.3,2.5,4,N,64083
3.7,1.3,2.5,5,N,64084
3.7,1.3,2.8000000000000003,1,N,64085
3.7,1.3,2.8000000000000003,2,N,64086
3.7,1.3,2.8000000000000003,3,N,64087
3.7,1.3,2.8000000000000003,4,N,64088
3.7,1.3,2.8000000000000003,5,N,64089
3.7,1.3,3.1000000000000005,1,N,64090
3.7,1.3,3.1000000000000005,2,N,64091
3.7,1.3,3.1000000000000005,3,N,64092
3.7,1.3,3.1000000000000005,4,N,64093
3.7,1.3,3.1000000000000005,5,N,64094
3.7,1.3,3.4000000000000004,1,N,64095
3.7,1.3,3.4000000000000004,2,N,64096
3.7,1.3,3.4000000000000004,3,N,64097
3.7,1.3,3.4000000000000004,4,N,64098
3.7,1.3,3.4000000000000004,5,N,64099
3.7,1.3,3.7,1,N,64100
3.7,1.3,3.7,2,N,64101
3.7,1.3,3.7,3,N,64102
3.7,1.3,3.7,4,N,64103
3.7,1.3,3.7,5,N,64104
3.7,1.3,4.0,1,N,64105
3.7,1.3,4.0,2,N,64106
3.7,1.3,4.0,3,N,64107
3.7,1.3,4.0,4,N,64108
3.7,1.3,4.0,5,N,64109
3.7,1.3,4.300000000000002,1,N,64110
3.7,1.3,4.300000000000002,2,N,64111
3.7,1.3,4.300000000000002,3,N,64112
3.7,1.3,4.300000000000002,4,N,64113
3.7,1.3,4.300000000000002,5,N,64114
3.7,1.3,4.6000000000000005,1,N,64115
3.7,1.3,4.6000000000000005,2,N,64116
3.7,1.3,4.6000000000000005,3,N,64117
3.7,1.3,4.6000000000000005,4,N,64118
3.7,1.3,4.6000000000000005,5,N,64119
3.7,1.3,4.9,1,N,64120
3.7,1.3,4.9,2,N,64121
3.7,1.3,4.9,3,N,64122
3.7,1.3,4.9,4,N,64123
3.7,1.3,4.9,5,N,64124
3.7,1.6,0.01,1,N,64125
3.7,1.6,0.01,2,N,64126
3.7,1.6,0.01,3,N,64127
3.7,1.6,0.01,4,N,64128
3.7,1.6,0.01,5,N,64129
3.7,1.6,0.11,1,N,64130
3.7,1.6,0.11,2,N,64131
3.7,1.6,0.11,3,N,64132
3.7,1.6,0.11,4,N,64133
3.7,1.6,0.11,5,N,64134
3.7,1.6,0.21,1,N,64135
3.7,1.6,0.21,2,N,64136
3.7,1.6,0.21,3,N,64137
3.7,1.6,0.21,4,N,64138
3.7,1.6,0.21,5,N,64139
3.7,1.6,0.31000000000000005,1,N,64140
3.7,1.6,0.31000000000000005,2,N,64141
3.7,1.6,0.31000000000000005,3,N,64142
3.7,1.6,0.31000000000000005,4,N,64143
3.7,1.6,0.31000000000000005,5,N,64144
3.7,1.6,0.41,1,N,64145
3.7,1.6,0.41,2,N,64146
3.7,1.6,0.41,3,N,64147
3.7,1.6,0.41,4,N,64148
3.7,1.6,0.41,5,N,64149
3.7,1.6,0.51,1,N,64150
3.7,1.6,0.51,2,N,64151
3.7,1.6,0.51,3,N,64152
3.7,1.6,0.51,4,N,64153
3.7,1.6,0.51,5,N,64154
3.7,1.6,0.6100000000000001,1,N,64155
3.7,1.6,0.6100000000000001,2,N,64156
3.7,1.6,0.6100000000000001,3,N,64157
3.7,1.6,0.6100000000000001,4,N,64158
3.7,1.6,0.6100000000000001,5,N,64159
3.7,1.6,0.7100000000000001,1,N,64160
3.7,1.6,0.7100000000000001,2,N,64161
3.7,1.6,0.7100000000000001,3,N,64162
3.7,1.6,0.7100000000000001,4,N,64163
3.7,1.6,0.7100000000000001,5,N,64164
3.7,1.6,0.81,1,N,64165
3.7,1.6,0.81,2,N,64166
3.7,1.6,0.81,3,N,64167
3.7,1.6,0.81,4,N,64168
3.7,1.6,0.81,5,N,64169
3.7,1.6,0.91,1,N,64170
3.7,1.6,0.91,2,N,64171
3.7,1.6,0.91,3,N,64172
3.7,1.6,0.91,4,N,64173
3.7,1.6,0.91,5,N,64174
3.7,1.6,1.01,1,N,64175
3.7,1.6,1.01,2,N,64176
3.7,1.6,1.01,3,N,64177
3.7,1.6,1.01,4,N,64178
3.7,1.6,1.01,5,N,64179
3.7,1.6,1.11,1,N,64180
3.7,1.6,1.11,2,N,64181
3.7,1.6,1.11,3,N,64182
3.7,1.6,1.11,4,N,64183
3.7,1.6,1.11,5,N,64184
3.7,1.6,1.3,1,N,64185
3.7,1.6,1.3,2,N,64186
3.7,1.6,1.3,3,N,64187
3.7,1.6,1.3,4,N,64188
3.7,1.6,1.3,5,N,64189
3.7,1.6,1.6,1,N,64190
3.7,1.6,1.6,2,N,64191
3.7,1.6,1.6,3,N,64192
3.7,1.6,1.6,4,N,64193
3.7,1.6,1.6,5,N,64194
3.7,1.6,1.9,1,N,64195
3.7,1.6,1.9,2,N,64196
3.7,1.6,1.9,3,N,64197
3.7,1.6,1.9,4,N,64198
3.7,1.6,1.9,5,N,64199
3.7,1.6,2.2,1,N,64200
3.7,1.6,2.2,2,N,64201
3.7,1.6,2.2,3,N,64202
3.7,1.6,2.2,4,N,64203
3.7,1.6,2.2,5,N,64204
3.7,1.6,2.5,1,N,64205
3.7,1.6,2.5,2,N,64206
3.7,1.6,2.5,3,N,64207
3.7,1.6,2.5,4,N,64208
3.7,1.6,2.5,5,N,64209
3.7,1.6,2.8000000000000003,1,N,64210
3.7,1.6,2.8000000000000003,2,N,64211
3.7,1.6,2.8000000000000003,3,N,64212
3.7,1.6,2.8000000000000003,4,N,64213
3.7,1.6,2.8000000000000003,5,N,64214
3.7,1.6,3.1000000000000005,1,N,64215
3.7,1.6,3.1000000000000005,2,N,64216
3.7,1.6,3.1000000000000005,3,N,64217
3.7,1.6,3.1000000000000005,4,N,64218
3.7,1.6,3.1000000000000005,5,N,64219
3.7,1.6,3.4000000000000004,1,N,64220
3.7,1.6,3.4000000000000004,2,N,64221
3.7,1.6,3.4000000000000004,3,N,64222
3.7,1.6,3.4000000000000004,4,N,64223
3.7,1.6,3.4000000000000004,5,N,64224
3.7,1.6,3.7,1,N,64225
3.7,1.6,3.7,2,N,64226
3.7,1.6,3.7,3,N,64227
3.7,1.6,3.7,4,N,64228
3.7,1.6,3.7,5,N,64229
3.7,1.6,4.0,1,N,64230
3.7,1.6,4.0,2,N,64231
3.7,1.6,4.0,3,N,64232
3.7,1.6,4.0,4,N,64233
3.7,1.6,4.0,5,N,64234
3.7,1.6,4.300000000000002,1,N,64235
3.7,1.6,4.300000000000002,2,N,64236
3.7,1.6,4.300000000000002,3,N,64237
3.7,1.6,4.300000000000002,4,N,64238
3.7,1.6,4.300000000000002,5,N,64239
3.7,1.6,4.6000000000000005,1,N,64240
3.7,1.6,4.6000000000000005,2,N,64241
3.7,1.6,4.6000000000000005,3,N,64242
3.7,1.6,4.6000000000000005,4,N,64243
3.7,1.6,4.6000000000000005,5,N,64244
3.7,1.6,4.9,1,N,64245
3.7,1.6,4.9,2,N,64246
3.7,1.6,4.9,3,N,64247
3.7,1.6,4.9,4,N,64248
3.7,1.6,4.9,5,N,64249
3.7,1.9,0.01,1,N,64250
3.7,1.9,0.01,2,N,64251
3.7,1.9,0.01,3,N,64252
3.7,1.9,0.01,4,N,64253
3.7,1.9,0.01,5,N,64254
3.7,1.9,0.11,1,N,64255
3.7,1.9,0.11,2,N,64256
3.7,1.9,0.11,3,N,64257
3.7,1.9,0.11,4,N,64258
3.7,1.9,0.11,5,N,64259
3.7,1.9,0.21,1,N,64260
3.7,1.9,0.21,2,N,64261
3.7,1.9,0.21,3,N,64262
3.7,1.9,0.21,4,N,64263
3.7,1.9,0.21,5,N,64264
3.7,1.9,0.31000000000000005,1,N,64265
3.7,1.9,0.31000000000000005,2,N,64266
3.7,1.9,0.31000000000000005,3,N,64267
3.7,1.9,0.31000000000000005,4,N,64268
3.7,1.9,0.31000000000000005,5,N,64269
3.7,1.9,0.41,1,N,64270
3.7,1.9,0.41,2,N,64271
3.7,1.9,0.41,3,N,64272
3.7,1.9,0.41,4,N,64273
3.7,1.9,0.41,5,N,64274
3.7,1.9,0.51,1,N,64275
3.7,1.9,0.51,2,N,64276
3.7,1.9,0.51,3,N,64277
3.7,1.9,0.51,4,N,64278
3.7,1.9,0.51,5,N,64279
3.7,1.9,0.6100000000000001,1,N,64280
3.7,1.9,0.6100000000000001,2,N,64281
3.7,1.9,0.6100000000000001,3,N,64282
3.7,1.9,0.6100000000000001,4,N,64283
3.7,1.9,0.6100000000000001,5,N,64284
3.7,1.9,0.7100000000000001,1,N,64285
3.7,1.9,0.7100000000000001,2,N,64286
3.7,1.9,0.7100000000000001,3,N,64287
3.7,1.9,0.7100000000000001,4,N,64288
3.7,1.9,0.7100000000000001,5,N,64289
3.7,1.9,0.81,1,N,64290
3.7,1.9,0.81,2,N,64291
3.7,1.9,0.81,3,N,64292
3.7,1.9,0.81,4,N,64293
3.7,1.9,0.81,5,N,64294
3.7,1.9,0.91,1,N,64295
3.7,1.9,0.91,2,N,64296
3.7,1.9,0.91,3,N,64297
3.7,1.9,0.91,4,N,64298
3.7,1.9,0.91,5,N,64299
3.7,1.9,1.01,1,N,64300
3.7,1.9,1.01,2,N,64301
3.7,1.9,1.01,3,N,64302
3.7,1.9,1.01,4,N,64303
3.7,1.9,1.01,5,N,64304
3.7,1.9,1.11,1,N,64305
3.7,1.9,1.11,2,N,64306
3.7,1.9,1.11,3,N,64307
3.7,1.9,1.11,4,N,64308
3.7,1.9,1.11,5,N,64309
3.7,1.9,1.3,1,N,64310
3.7,1.9,1.3,2,N,64311
3.7,1.9,1.3,3,N,64312
3.7,1.9,1.3,4,N,64313
3.7,1.9,1.3,5,N,64314
3.7,1.9,1.6,1,N,64315
3.7,1.9,1.6,2,N,64316
3.7,1.9,1.6,3,N,64317
3.7,1.9,1.6,4,N,64318
3.7,1.9,1.6,5,N,64319
3.7,1.9,1.9,1,N,64320
3.7,1.9,1.9,2,N,64321
3.7,1.9,1.9,3,N,64322
3.7,1.9,1.9,4,N,64323
3.7,1.9,1.9,5,N,64324
3.7,1.9,2.2,1,N,64325
3.7,1.9,2.2,2,N,64326
3.7,1.9,2.2,3,N,64327
3.7,1.9,2.2,4,N,64328
3.7,1.9,2.2,5,N,64329
3.7,1.9,2.5,1,N,64330
3.7,1.9,2.5,2,N,64331
3.7,1.9,2.5,3,N,64332
3.7,1.9,2.5,4,N,64333
3.7,1.9,2.5,5,N,64334
3.7,1.9,2.8000000000000003,1,N,64335
3.7,1.9,2.8000000000000003,2,N,64336
3.7,1.9,2.8000000000000003,3,N,64337
3.7,1.9,2.8000000000000003,4,N,64338
3.7,1.9,2.8000000000000003,5,N,64339
3.7,1.9,3.1000000000000005,1,N,64340
3.7,1.9,3.1000000000000005,2,N,64341
3.7,1.9,3.1000000000000005,3,N,64342
3.7,1.9,3.1000000000000005,4,N,64343
3.7,1.9,3.1000000000000005,5,N,64344
3.7,1.9,3.4000000000000004,1,N,64345
3.7,1.9,3.4000000000000004,2,N,64346
3.7,1.9,3.4000000000000004,3,N,64347
3.7,1.9,3.4000000000000004,4,N,64348
3.7,1.9,3.4000000000000004,5,N,64349
3.7,1.9,3.7,1,N,64350
3.7,1.9,3.7,2,N,64351
3.7,1.9,3.7,3,N,64352
3.7,1.9,3.7,4,N,64353
3.7,1.9,3.7,5,N,64354
3.7,1.9,4.0,1,N,64355
3.7,1.9,4.0,2,N,64356
3.7,1.9,4.0,3,N,64357
3.7,1.9,4.0,4,N,64358
3.7,1.9,4.0,5,N,64359
3.7,1.9,4.300000000000002,1,N,64360
3.7,1.9,4.300000000000002,2,N,64361
3.7,1.9,4.300000000000002,3,N,64362
3.7,1.9,4.300000000000002,4,N,64363
3.7,1.9,4.300000000000002,5,N,64364
3.7,1.9,4.6000000000000005,1,N,64365
3.7,1.9,4.6000000000000005,2,N,64366
3.7,1.9,4.6000000000000005,3,N,64367
3.7,1.9,4.6000000000000005,4,N,64368
3.7,1.9,4.6000000000000005,5,N,64369
3.7,1.9,4.9,1,N,64370
3.7,1.9,4.9,2,N,64371
3.7,1.9,4.9,3,N,64372
3.7,1.9,4.9,4,N,64373
3.7,1.9,4.9,5,N,64374
3.7,2.2,0.01,1,N,64375
3.7,2.2,0.01,2,N,64376
3.7,2.2,0.01,3,N,64377
3.7,2.2,0.01,4,N,64378
3.7,2.2,0.01,5,N,64379
3.7,2.2,0.11,1,N,64380
3.7,2.2,0.11,2,N,64381
3.7,2.2,0.11,3,N,64382
3.7,2.2,0.11,4,N,64383
3.7,2.2,0.11,5,N,64384
3.7,2.2,0.21,1,N,64385
3.7,2.2,0.21,2,N,64386
3.7,2.2,0.21,3,N,64387
3.7,2.2,0.21,4,N,64388
3.7,2.2,0.21,5,N,64389
3.7,2.2,0.31000000000000005,1,N,64390
3.7,2.2,0.31000000000000005,2,N,64391
3.7,2.2,0.31000000000000005,3,N,64392
3.7,2.2,0.31000000000000005,4,N,64393
3.7,2.2,0.31000000000000005,5,N,64394
3.7,2.2,0.41,1,N,64395
3.7,2.2,0.41,2,N,64396
3.7,2.2,0.41,3,N,64397
3.7,2.2,0.41,4,N,64398
3.7,2.2,0.41,5,N,64399
3.7,2.2,0.51,1,N,64400
3.7,2.2,0.51,2,N,64401
3.7,2.2,0.51,3,N,64402
3.7,2.2,0.51,4,N,64403
3.7,2.2,0.51,5,N,64404
3.7,2.2,0.6100000000000001,1,N,64405
3.7,2.2,0.6100000000000001,2,N,64406
3.7,2.2,0.6100000000000001,3,N,64407
3.7,2.2,0.6100000000000001,4,N,64408
3.7,2.2,0.6100000000000001,5,N,64409
3.7,2.2,0.7100000000000001,1,N,64410
3.7,2.2,0.7100000000000001,2,N,64411
3.7,2.2,0.7100000000000001,3,N,64412
3.7,2.2,0.7100000000000001,4,N,64413
3.7,2.2,0.7100000000000001,5,N,64414
3.7,2.2,0.81,1,N,64415
3.7,2.2,0.81,2,N,64416
3.7,2.2,0.81,3,N,64417
3.7,2.2,0.81,4,N,64418
3.7,2.2,0.81,5,N,64419
3.7,2.2,0.91,1,N,64420
3.7,2.2,0.91,2,N,64421
3.7,2.2,0.91,3,N,64422
3.7,2.2,0.91,4,N,64423
3.7,2.2,0.91,5,N,64424
3.7,2.2,1.01,1,N,64425
3.7,2.2,1.01,2,N,64426
3.7,2.2,1.01,3,N,64427
3.7,2.2,1.01,4,N,64428
3.7,2.2,1.01,5,N,64429
3.7,2.2,1.11,1,N,64430
3.7,2.2,1.11,2,N,64431
3.7,2.2,1.11,3,N,64432
3.7,2.2,1.11,4,N,64433
3.7,2.2,1.11,5,N,64434
3.7,2.2,1.3,1,N,64435
3.7,2.2,1.3,2,N,64436
3.7,2.2,1.3,3,N,64437
3.7,2.2,1.3,4,N,64438
3.7,2.2,1.3,5,N,64439
3.7,2.2,1.6,1,N,64440
3.7,2.2,1.6,2,N,64441
3.7,2.2,1.6,3,N,64442
3.7,2.2,1.6,4,N,64443
3.7,2.2,1.6,5,N,64444
3.7,2.2,1.9,1,N,64445
3.7,2.2,1.9,2,N,64446
3.7,2.2,1.9,3,N,64447
3.7,2.2,1.9,4,N,64448
3.7,2.2,1.9,5,N,64449
3.7,2.2,2.2,1,N,64450
3.7,2.2,2.2,2,N,64451
3.7,2.2,2.2,3,N,64452
3.7,2.2,2.2,4,N,64453
3.7,2.2,2.2,5,N,64454
3.7,2.2,2.5,1,N,64455
3.7,2.2,2.5,2,N,64456
3.7,2.2,2.5,3,N,64457
3.7,2.2,2.5,4,N,64458
3.7,2.2,2.5,5,N,64459
3.7,2.2,2.8000000000000003,1,N,64460
3.7,2.2,2.8000000000000003,2,N,64461
3.7,2.2,2.8000000000000003,3,N,64462
3.7,2.2,2.8000000000000003,4,N,64463
3.7,2.2,2.8000000000000003,5,N,64464
3.7,2.2,3.1000000000000005,1,N,64465
3.7,2.2,3.1000000000000005,2,N,64466
3.7,2.2,3.1000000000000005,3,N,64467
3.7,2.2,3.1000000000000005,4,N,64468
3.7,2.2,3.1000000000000005,5,N,64469
3.7,2.2,3.4000000000000004,1,N,64470
3.7,2.2,3.4000000000000004,2,N,64471
3.7,2.2,3.4000000000000004,3,N,64472
3.7,2.2,3.4000000000000004,4,N,64473
3.7,2.2,3.4000000000000004,5,N,64474
3.7,2.2,3.7,1,N,64475
3.7,2.2,3.7,2,N,64476
3.7,2.2,3.7,3,N,64477
3.7,2.2,3.7,4,N,64478
3.7,2.2,3.7,5,N,64479
3.7,2.2,4.0,1,N,64480
3.7,2.2,4.0,2,N,64481
3.7,2.2,4.0,3,N,64482
3.7,2.2,4.0,4,N,64483
3.7,2.2,4.0,5,N,64484
3.7,2.2,4.300000000000002,1,N,64485
3.7,2.2,4.300000000000002,2,N,64486
3.7,2.2,4.300000000000002,3,N,64487
3.7,2.2,4.300000000000002,4,N,64488
3.7,2.2,4.300000000000002,5,N,64489
3.7,2.2,4.6000000000000005,1,N,64490
3.7,2.2,4.6000000000000005,2,N,64491
3.7,2.2,4.6000000000000005,3,N,64492
3.7,2.2,4.6000000000000005,4,N,64493
3.7,2.2,4.6000000000000005,5,N,64494
3.7,2.2,4.9,1,N,64495
3.7,2.2,4.9,2,N,64496
3.7,2.2,4.9,3,N,64497
3.7,2.2,4.9,4,N,64498
3.7,2.2,4.9,5,N,64499
3.7,2.5,0.01,1,N,64500
3.7,2.5,0.01,2,N,64501
3.7,2.5,0.01,3,N,64502
3.7,2.5,0.01,4,N,64503
3.7,2.5,0.01,5,N,64504
3.7,2.5,0.11,1,N,64505
3.7,2.5,0.11,2,N,64506
3.7,2.5,0.11,3,N,64507
3.7,2.5,0.11,4,N,64508
3.7,2.5,0.11,5,N,64509
3.7,2.5,0.21,1,N,64510
3.7,2.5,0.21,2,N,64511
3.7,2.5,0.21,3,N,64512
3.7,2.5,0.21,4,N,64513
3.7,2.5,0.21,5,N,64514
3.7,2.5,0.31000000000000005,1,N,64515
3.7,2.5,0.31000000000000005,2,N,64516
3.7,2.5,0.31000000000000005,3,N,64517
3.7,2.5,0.31000000000000005,4,N,64518
3.7,2.5,0.31000000000000005,5,N,64519
3.7,2.5,0.41,1,N,64520
3.7,2.5,0.41,2,N,64521
3.7,2.5,0.41,3,N,64522
3.7,2.5,0.41,4,N,64523
3.7,2.5,0.41,5,N,64524
3.7,2.5,0.51,1,N,64525
3.7,2.5,0.51,2,N,64526
3.7,2.5,0.51,3,N,64527
3.7,2.5,0.51,4,N,64528
3.7,2.5,0.51,5,N,64529
3.7,2.5,0.6100000000000001,1,N,64530
3.7,2.5,0.6100000000000001,2,N,64531
3.7,2.5,0.6100000000000001,3,N,64532
3.7,2.5,0.6100000000000001,4,N,64533
3.7,2.5,0.6100000000000001,5,N,64534
3.7,2.5,0.7100000000000001,1,N,64535
3.7,2.5,0.7100000000000001,2,N,64536
3.7,2.5,0.7100000000000001,3,N,64537
3.7,2.5,0.7100000000000001,4,N,64538
3.7,2.5,0.7100000000000001,5,N,64539
3.7,2.5,0.81,1,N,64540
3.7,2.5,0.81,2,N,64541
3.7,2.5,0.81,3,N,64542
3.7,2.5,0.81,4,N,64543
3.7,2.5,0.81,5,N,64544
3.7,2.5,0.91,1,N,64545
3.7,2.5,0.91,2,N,64546
3.7,2.5,0.91,3,N,64547
3.7,2.5,0.91,4,N,64548
3.7,2.5,0.91,5,N,64549
3.7,2.5,1.01,1,N,64550
3.7,2.5,1.01,2,N,64551
3.7,2.5,1.01,3,N,64552
3.7,2.5,1.01,4,N,64553
3.7,2.5,1.01,5,N,64554
3.7,2.5,1.11,1,N,64555
3.7,2.5,1.11,2,N,64556
3.7,2.5,1.11,3,N,64557
3.7,2.5,1.11,4,N,64558
3.7,2.5,1.11,5,N,64559
3.7,2.5,1.3,1,N,64560
3.7,2.5,1.3,2,N,64561
3.7,2.5,1.3,3,N,64562
3.7,2.5,1.3,4,N,64563
3.7,2.5,1.3,5,N,64564
3.7,2.5,1.6,1,N,64565
3.7,2.5,1.6,2,N,64566
3.7,2.5,1.6,3,N,64567
3.7,2.5,1.6,4,N,64568
3.7,2.5,1.6,5,N,64569
3.7,2.5,1.9,1,N,64570
3.7,2.5,1.9,2,N,64571
3.7,2.5,1.9,3,N,64572
3.7,2.5,1.9,4,N,64573
3.7,2.5,1.9,5,N,64574
3.7,2.5,2.2,1,N,64575
3.7,2.5,2.2,2,N,64576
3.7,2.5,2.2,3,N,64577
3.7,2.5,2.2,4,N,64578
3.7,2.5,2.2,5,N,64579
3.7,2.5,2.5,1,N,64580
3.7,2.5,2.5,2,N,64581
3.7,2.5,2.5,3,N,64582
3.7,2.5,2.5,4,N,64583
3.7,2.5,2.5,5,N,64584
3.7,2.5,2.8000000000000003,1,N,64585
3.7,2.5,2.8000000000000003,2,N,64586
3.7,2.5,2.8000000000000003,3,N,64587
3.7,2.5,2.8000000000000003,4,N,64588
3.7,2.5,2.8000000000000003,5,N,64589
3.7,2.5,3.1000000000000005,1,N,64590
3.7,2.5,3.1000000000000005,2,N,64591
3.7,2.5,3.1000000000000005,3,N,64592
3.7,2.5,3.1000000000000005,4,N,64593
3.7,2.5,3.1000000000000005,5,N,64594
3.7,2.5,3.4000000000000004,1,N,64595
3.7,2.5,3.4000000000000004,2,N,64596
3.7,2.5,3.4000000000000004,3,N,64597
3.7,2.5,3.4000000000000004,4,N,64598
3.7,2.5,3.4000000000000004,5,N,64599
3.7,2.5,3.7,1,N,64600
3.7,2.5,3.7,2,N,64601
3.7,2.5,3.7,3,N,64602
3.7,2.5,3.7,4,N,64603
3.7,2.5,3.7,5,N,64604
3.7,2.5,4.0,1,N,64605
3.7,2.5,4.0,2,N,64606
3.7,2.5,4.0,3,N,64607
3.7,2.5,4.0,4,N,64608
3.7,2.5,4.0,5,N,64609
3.7,2.5,4.300000000000002,1,N,64610
3.7,2.5,4.300000000000002,2,N,64611
3.7,2.5,4.300000000000002,3,N,64612
3.7,2.5,4.300000000000002,4,N,64613
3.7,2.5,4.300000000000002,5,N,64614
3.7,2.5,4.6000000000000005,1,N,64615
3.7,2.5,4.6000000000000005,2,N,64616
3.7,2.5,4.6000000000000005,3,N,64617
3.7,2.5,4.6000000000000005,4,N,64618
3.7,2.5,4.6000000000000005,5,N,64619
3.7,2.5,4.9,1,N,64620
3.7,2.5,4.9,2,N,64621
3.7,2.5,4.9,3,N,64622
3.7,2.5,4.9,4,N,64623
3.7,2.5,4.9,5,N,64624
3.7,2.8000000000000003,0.01,1,N,64625
3.7,2.8000000000000003,0.01,2,N,64626
3.7,2.8000000000000003,0.01,3,N,64627
3.7,2.8000000000000003,0.01,4,N,64628
3.7,2.8000000000000003,0.01,5,N,64629
3.7,2.8000000000000003,0.11,1,N,64630
3.7,2.8000000000000003,0.11,2,N,64631
3.7,2.8000000000000003,0.11,3,N,64632
3.7,2.8000000000000003,0.11,4,N,64633
3.7,2.8000000000000003,0.11,5,N,64634
3.7,2.8000000000000003,0.21,1,N,64635
3.7,2.8000000000000003,0.21,2,N,64636
3.7,2.8000000000000003,0.21,3,N,64637
3.7,2.8000000000000003,0.21,4,N,64638
3.7,2.8000000000000003,0.21,5,N,64639
3.7,2.8000000000000003,0.31000000000000005,1,N,64640
3.7,2.8000000000000003,0.31000000000000005,2,N,64641
3.7,2.8000000000000003,0.31000000000000005,3,N,64642
3.7,2.8000000000000003,0.31000000000000005,4,N,64643
3.7,2.8000000000000003,0.31000000000000005,5,N,64644
3.7,2.8000000000000003,0.41,1,N,64645
3.7,2.8000000000000003,0.41,2,N,64646
3.7,2.8000000000000003,0.41,3,N,64647
3.7,2.8000000000000003,0.41,4,N,64648
3.7,2.8000000000000003,0.41,5,N,64649
3.7,2.8000000000000003,0.51,1,N,64650
3.7,2.8000000000000003,0.51,2,N,64651
3.7,2.8000000000000003,0.51,3,N,64652
3.7,2.8000000000000003,0.51,4,N,64653
3.7,2.8000000000000003,0.51,5,N,64654
3.7,2.8000000000000003,0.6100000000000001,1,N,64655
3.7,2.8000000000000003,0.6100000000000001,2,N,64656
3.7,2.8000000000000003,0.6100000000000001,3,N,64657
3.7,2.8000000000000003,0.6100000000000001,4,N,64658
3.7,2.8000000000000003,0.6100000000000001,5,N,64659
3.7,2.8000000000000003,0.7100000000000001,1,N,64660
3.7,2.8000000000000003,0.7100000000000001,2,N,64661
3.7,2.8000000000000003,0.7100000000000001,3,N,64662
3.7,2.8000000000000003,0.7100000000000001,4,N,64663
3.7,2.8000000000000003,0.7100000000000001,5,N,64664
3.7,2.8000000000000003,0.81,1,N,64665
3.7,2.8000000000000003,0.81,2,N,64666
3.7,2.8000000000000003,0.81,3,N,64667
3.7,2.8000000000000003,0.81,4,N,64668
3.7,2.8000000000000003,0.81,5,N,64669
3.7,2.8000000000000003,0.91,1,N,64670
3.7,2.8000000000000003,0.91,2,N,64671
3.7,2.8000000000000003,0.91,3,N,64672
3.7,2.8000000000000003,0.91,4,N,64673
3.7,2.8000000000000003,0.91,5,N,64674
3.7,2.8000000000000003,1.01,1,N,64675
3.7,2.8000000000000003,1.01,2,N,64676
3.7,2.8000000000000003,1.01,3,N,64677
3.7,2.8000000000000003,1.01,4,N,64678
3.7,2.8000000000000003,1.01,5,N,64679
3.7,2.8000000000000003,1.11,1,N,64680
3.7,2.8000000000000003,1.11,2,N,64681
3.7,2.8000000000000003,1.11,3,N,64682
3.7,2.8000000000000003,1.11,4,N,64683
3.7,2.8000000000000003,1.11,5,N,64684
3.7,2.8000000000000003,1.3,1,N,64685
3.7,2.8000000000000003,1.3,2,N,64686
3.7,2.8000000000000003,1.3,3,N,64687
3.7,2.8000000000000003,1.3,4,N,64688
3.7,2.8000000000000003,1.3,5,N,64689
3.7,2.8000000000000003,1.6,1,N,64690
3.7,2.8000000000000003,1.6,2,N,64691
3.7,2.8000000000000003,1.6,3,N,64692
3.7,2.8000000000000003,1.6,4,N,64693
3.7,2.8000000000000003,1.6,5,N,64694
3.7,2.8000000000000003,1.9,1,N,64695
3.7,2.8000000000000003,1.9,2,N,64696
3.7,2.8000000000000003,1.9,3,N,64697
3.7,2.8000000000000003,1.9,4,N,64698
3.7,2.8000000000000003,1.9,5,N,64699
3.7,2.8000000000000003,2.2,1,N,64700
3.7,2.8000000000000003,2.2,2,N,64701
3.7,2.8000000000000003,2.2,3,N,64702
3.7,2.8000000000000003,2.2,4,N,64703
3.7,2.8000000000000003,2.2,5,N,64704
3.7,2.8000000000000003,2.5,1,N,64705
3.7,2.8000000000000003,2.5,2,N,64706
3.7,2.8000000000000003,2.5,3,N,64707
3.7,2.8000000000000003,2.5,4,N,64708
3.7,2.8000000000000003,2.5,5,N,64709
3.7,2.8000000000000003,2.8000000000000003,1,N,64710
3.7,2.8000000000000003,2.8000000000000003,2,N,64711
3.7,2.8000000000000003,2.8000000000000003,3,N,64712
3.7,2.8000000000000003,2.8000000000000003,4,N,64713
3.7,2.8000000000000003,2.8000000000000003,5,N,64714
3.7,2.8000000000000003,3.1000000000000005,1,N,64715
3.7,2.8000000000000003,3.1000000000000005,2,N,64716
3.7,2.8000000000000003,3.1000000000000005,3,N,64717
3.7,2.8000000000000003,3.1000000000000005,4,N,64718
3.7,2.8000000000000003,3.1000000000000005,5,N,64719
3.7,2.8000000000000003,3.4000000000000004,1,N,64720
3.7,2.8000000000000003,3.4000000000000004,2,N,64721
3.7,2.8000000000000003,3.4000000000000004,3,N,64722
3.7,2.8000000000000003,3.4000000000000004,4,N,64723
3.7,2.8000000000000003,3.4000000000000004,5,N,64724
3.7,2.8000000000000003,3.7,1,N,64725
3.7,2.8000000000000003,3.7,2,N,64726
3.7,2.8000000000000003,3.7,3,N,64727
3.7,2.8000000000000003,3.7,4,N,64728
3.7,2.8000000000000003,3.7,5,N,64729
3.7,2.8000000000000003,4.0,1,N,64730
3.7,2.8000000000000003,4.0,2,N,64731
3.7,2.8000000000000003,4.0,3,N,64732
3.7,2.8000000000000003,4.0,4,N,64733
3.7,2.8000000000000003,4.0,5,N,64734
3.7,2.8000000000000003,4.300000000000002,1,N,64735
3.7,2.8000000000000003,4.300000000000002,2,N,64736
3.7,2.8000000000000003,4.300000000000002,3,N,64737
3.7,2.8000000000000003,4.300000000000002,4,N,64738
3.7,2.8000000000000003,4.300000000000002,5,N,64739
3.7,2.8000000000000003,4.6000000000000005,1,N,64740
3.7,2.8000000000000003,4.6000000000000005,2,N,64741
3.7,2.8000000000000003,4.6000000000000005,3,N,64742
3.7,2.8000000000000003,4.6000000000000005,4,N,64743
3.7,2.8000000000000003,4.6000000000000005,5,N,64744
3.7,2.8000000000000003,4.9,1,N,64745
3.7,2.8000000000000003,4.9,2,N,64746
3.7,2.8000000000000003,4.9,3,N,64747
3.7,2.8000000000000003,4.9,4,N,64748
3.7,2.8000000000000003,4.9,5,N,64749
3.7,3.1000000000000005,0.01,1,N,64750
3.7,3.1000000000000005,0.01,2,N,64751
3.7,3.1000000000000005,0.01,3,N,64752
3.7,3.1000000000000005,0.01,4,N,64753
3.7,3.1000000000000005,0.01,5,N,64754
3.7,3.1000000000000005,0.11,1,N,64755
3.7,3.1000000000000005,0.11,2,N,64756
3.7,3.1000000000000005,0.11,3,N,64757
3.7,3.1000000000000005,0.11,4,N,64758
3.7,3.1000000000000005,0.11,5,N,64759
3.7,3.1000000000000005,0.21,1,N,64760
3.7,3.1000000000000005,0.21,2,N,64761
3.7,3.1000000000000005,0.21,3,N,64762
3.7,3.1000000000000005,0.21,4,N,64763
3.7,3.1000000000000005,0.21,5,N,64764
3.7,3.1000000000000005,0.31000000000000005,1,N,64765
3.7,3.1000000000000005,0.31000000000000005,2,N,64766
3.7,3.1000000000000005,0.31000000000000005,3,N,64767
3.7,3.1000000000000005,0.31000000000000005,4,N,64768
3.7,3.1000000000000005,0.31000000000000005,5,N,64769
3.7,3.1000000000000005,0.41,1,N,64770
3.7,3.1000000000000005,0.41,2,N,64771
3.7,3.1000000000000005,0.41,3,N,64772
3.7,3.1000000000000005,0.41,4,N,64773
3.7,3.1000000000000005,0.41,5,N,64774
3.7,3.1000000000000005,0.51,1,N,64775
3.7,3.1000000000000005,0.51,2,N,64776
3.7,3.1000000000000005,0.51,3,N,64777
3.7,3.1000000000000005,0.51,4,N,64778
3.7,3.1000000000000005,0.51,5,N,64779
3.7,3.1000000000000005,0.6100000000000001,1,N,64780
3.7,3.1000000000000005,0.6100000000000001,2,N,64781
3.7,3.1000000000000005,0.6100000000000001,3,N,64782
3.7,3.1000000000000005,0.6100000000000001,4,N,64783
3.7,3.1000000000000005,0.6100000000000001,5,N,64784
3.7,3.1000000000000005,0.7100000000000001,1,N,64785
3.7,3.1000000000000005,0.7100000000000001,2,N,64786
3.7,3.1000000000000005,0.7100000000000001,3,N,64787
3.7,3.1000000000000005,0.7100000000000001,4,N,64788
3.7,3.1000000000000005,0.7100000000000001,5,N,64789
3.7,3.1000000000000005,0.81,1,N,64790
3.7,3.1000000000000005,0.81,2,N,64791
3.7,3.1000000000000005,0.81,3,N,64792
3.7,3.1000000000000005,0.81,4,N,64793
3.7,3.1000000000000005,0.81,5,N,64794
3.7,3.1000000000000005,0.91,1,N,64795
3.7,3.1000000000000005,0.91,2,N,64796
3.7,3.1000000000000005,0.91,3,N,64797
3.7,3.1000000000000005,0.91,4,N,64798
3.7,3.1000000000000005,0.91,5,N,64799
3.7,3.1000000000000005,1.01,1,N,64800
3.7,3.1000000000000005,1.01,2,N,64801
3.7,3.1000000000000005,1.01,3,N,64802
3.7,3.1000000000000005,1.01,4,N,64803
3.7,3.1000000000000005,1.01,5,N,64804
3.7,3.1000000000000005,1.11,1,N,64805
3.7,3.1000000000000005,1.11,2,N,64806
3.7,3.1000000000000005,1.11,3,N,64807
3.7,3.1000000000000005,1.11,4,N,64808
3.7,3.1000000000000005,1.11,5,N,64809
3.7,3.1000000000000005,1.3,1,N,64810
3.7,3.1000000000000005,1.3,2,N,64811
3.7,3.1000000000000005,1.3,3,N,64812
3.7,3.1000000000000005,1.3,4,N,64813
3.7,3.1000000000000005,1.3,5,N,64814
3.7,3.1000000000000005,1.6,1,N,64815
3.7,3.1000000000000005,1.6,2,N,64816
3.7,3.1000000000000005,1.6,3,N,64817
3.7,3.1000000000000005,1.6,4,N,64818
3.7,3.1000000000000005,1.6,5,N,64819
3.7,3.1000000000000005,1.9,1,N,64820
3.7,3.1000000000000005,1.9,2,N,64821
3.7,3.1000000000000005,1.9,3,N,64822
3.7,3.1000000000000005,1.9,4,N,64823
3.7,3.1000000000000005,1.9,5,N,64824
3.7,3.1000000000000005,2.2,1,N,64825
3.7,3.1000000000000005,2.2,2,N,64826
3.7,3.1000000000000005,2.2,3,N,64827
3.7,3.1000000000000005,2.2,4,N,64828
3.7,3.1000000000000005,2.2,5,N,64829
3.7,3.1000000000000005,2.5,1,N,64830
3.7,3.1000000000000005,2.5,2,N,64831
3.7,3.1000000000000005,2.5,3,N,64832
3.7,3.1000000000000005,2.5,4,N,64833
3.7,3.1000000000000005,2.5,5,N,64834
3.7,3.1000000000000005,2.8000000000000003,1,N,64835
3.7,3.1000000000000005,2.8000000000000003,2,N,64836
3.7,3.1000000000000005,2.8000000000000003,3,N,64837
3.7,3.1000000000000005,2.8000000000000003,4,N,64838
3.7,3.1000000000000005,2.8000000000000003,5,N,64839
3.7,3.1000000000000005,3.1000000000000005,1,N,64840
3.7,3.1000000000000005,3.1000000000000005,2,N,64841
3.7,3.1000000000000005,3.1000000000000005,3,N,64842
3.7,3.1000000000000005,3.1000000000000005,4,N,64843
3.7,3.1000000000000005,3.1000000000000005,5,N,64844
3.7,3.1000000000000005,3.4000000000000004,1,N,64845
3.7,3.1000000000000005,3.4000000000000004,2,N,64846
3.7,3.1000000000000005,3.4000000000000004,3,N,64847
3.7,3.1000000000000005,3.4000000000000004,4,N,64848
3.7,3.1000000000000005,3.4000000000000004,5,N,64849
3.7,3.1000000000000005,3.7,1,N,64850
3.7,3.1000000000000005,3.7,2,N,64851
3.7,3.1000000000000005,3.7,3,N,64852
3.7,3.1000000000000005,3.7,4,N,64853
3.7,3.1000000000000005,3.7,5,N,64854
3.7,3.1000000000000005,4.0,1,N,64855
3.7,3.1000000000000005,4.0,2,N,64856
3.7,3.1000000000000005,4.0,3,N,64857
3.7,3.1000000000000005,4.0,4,N,64858
3.7,3.1000000000000005,4.0,5,N,64859
3.7,3.1000000000000005,4.300000000000002,1,N,64860
3.7,3.1000000000000005,4.300000000000002,2,N,64861
3.7,3.1000000000000005,4.300000000000002,3,N,64862
3.7,3.1000000000000005,4.300000000000002,4,N,64863
3.7,3.1000000000000005,4.300000000000002,5,N,64864
3.7,3.1000000000000005,4.6000000000000005,1,N,64865
3.7,3.1000000000000005,4.6000000000000005,2,N,64866
3.7,3.1000000000000005,4.6000000000000005,3,N,64867
3.7,3.1000000000000005,4.6000000000000005,4,N,64868
3.7,3.1000000000000005,4.6000000000000005,5,N,64869
3.7,3.1000000000000005,4.9,1,N,64870
3.7,3.1000000000000005,4.9,2,N,64871
3.7,3.1000000000000005,4.9,3,N,64872
3.7,3.1000000000000005,4.9,4,N,64873
3.7,3.1000000000000005,4.9,5,N,64874
3.7,3.4000000000000004,0.01,1,N,64875
3.7,3.4000000000000004,0.01,2,N,64876
3.7,3.4000000000000004,0.01,3,N,64877
3.7,3.4000000000000004,0.01,4,N,64878
3.7,3.4000000000000004,0.01,5,N,64879
3.7,3.4000000000000004,0.11,1,N,64880
3.7,3.4000000000000004,0.11,2,N,64881
3.7,3.4000000000000004,0.11,3,N,64882
3.7,3.4000000000000004,0.11,4,N,64883
3.7,3.4000000000000004,0.11,5,N,64884
3.7,3.4000000000000004,0.21,1,N,64885
3.7,3.4000000000000004,0.21,2,N,64886
3.7,3.4000000000000004,0.21,3,N,64887
3.7,3.4000000000000004,0.21,4,N,64888
3.7,3.4000000000000004,0.21,5,N,64889
3.7,3.4000000000000004,0.31000000000000005,1,N,64890
3.7,3.4000000000000004,0.31000000000000005,2,N,64891
3.7,3.4000000000000004,0.31000000000000005,3,N,64892
3.7,3.4000000000000004,0.31000000000000005,4,N,64893
3.7,3.4000000000000004,0.31000000000000005,5,N,64894
3.7,3.4000000000000004,0.41,1,N,64895
3.7,3.4000000000000004,0.41,2,N,64896
3.7,3.4000000000000004,0.41,3,N,64897
3.7,3.4000000000000004,0.41,4,N,64898
3.7,3.4000000000000004,0.41,5,N,64899
3.7,3.4000000000000004,0.51,1,N,64900
3.7,3.4000000000000004,0.51,2,N,64901
3.7,3.4000000000000004,0.51,3,N,64902
3.7,3.4000000000000004,0.51,4,N,64903
3.7,3.4000000000000004,0.51,5,N,64904
3.7,3.4000000000000004,0.6100000000000001,1,N,64905
3.7,3.4000000000000004,0.6100000000000001,2,N,64906
3.7,3.4000000000000004,0.6100000000000001,3,N,64907
3.7,3.4000000000000004,0.6100000000000001,4,N,64908
3.7,3.4000000000000004,0.6100000000000001,5,N,64909
3.7,3.4000000000000004,0.7100000000000001,1,N,64910
3.7,3.4000000000000004,0.7100000000000001,2,N,64911
3.7,3.4000000000000004,0.7100000000000001,3,N,64912
3.7,3.4000000000000004,0.7100000000000001,4,N,64913
3.7,3.4000000000000004,0.7100000000000001,5,N,64914
3.7,3.4000000000000004,0.81,1,N,64915
3.7,3.4000000000000004,0.81,2,N,64916
3.7,3.4000000000000004,0.81,3,N,64917
3.7,3.4000000000000004,0.81,4,N,64918
3.7,3.4000000000000004,0.81,5,N,64919
3.7,3.4000000000000004,0.91,1,N,64920
3.7,3.4000000000000004,0.91,2,N,64921
3.7,3.4000000000000004,0.91,3,N,64922
3.7,3.4000000000000004,0.91,4,N,64923
3.7,3.4000000000000004,0.91,5,N,64924
3.7,3.4000000000000004,1.01,1,N,64925
3.7,3.4000000000000004,1.01,2,N,64926
3.7,3.4000000000000004,1.01,3,N,64927
3.7,3.4000000000000004,1.01,4,N,64928
3.7,3.4000000000000004,1.01,5,N,64929
3.7,3.4000000000000004,1.11,1,N,64930
3.7,3.4000000000000004,1.11,2,N,64931
3.7,3.4000000000000004,1.11,3,N,64932
3.7,3.4000000000000004,1.11,4,N,64933
3.7,3.4000000000000004,1.11,5,N,64934
3.7,3.4000000000000004,1.3,1,N,64935
3.7,3.4000000000000004,1.3,2,N,64936
3.7,3.4000000000000004,1.3,3,N,64937
3.7,3.4000000000000004,1.3,4,N,64938
3.7,3.4000000000000004,1.3,5,N,64939
3.7,3.4000000000000004,1.6,1,N,64940
3.7,3.4000000000000004,1.6,2,N,64941
3.7,3.4000000000000004,1.6,3,N,64942
3.7,3.4000000000000004,1.6,4,N,64943
3.7,3.4000000000000004,1.6,5,N,64944
3.7,3.4000000000000004,1.9,1,N,64945
3.7,3.4000000000000004,1.9,2,N,64946
3.7,3.4000000000000004,1.9,3,N,64947
3.7,3.4000000000000004,1.9,4,N,64948
3.7,3.4000000000000004,1.9,5,N,64949
3.7,3.4000000000000004,2.2,1,N,64950
3.7,3.4000000000000004,2.2,2,N,64951
3.7,3.4000000000000004,2.2,3,N,64952
3.7,3.4000000000000004,2.2,4,N,64953
3.7,3.4000000000000004,2.2,5,N,64954
3.7,3.4000000000000004,2.5,1,N,64955
3.7,3.4000000000000004,2.5,2,N,64956
3.7,3.4000000000000004,2.5,3,N,64957
3.7,3.4000000000000004,2.5,4,N,64958
3.7,3.4000000000000004,2.5,5,N,64959
3.7,3.4000000000000004,2.8000000000000003,1,N,64960
3.7,3.4000000000000004,2.8000000000000003,2,N,64961
3.7,3.4000000000000004,2.8000000000000003,3,N,64962
3.7,3.4000000000000004,2.8000000000000003,4,N,64963
3.7,3.4000000000000004,2.8000000000000003,5,N,64964
3.7,3.4000000000000004,3.1000000000000005,1,N,64965
3.7,3.4000000000000004,3.1000000000000005,2,N,64966
3.7,3.4000000000000004,3.1000000000000005,3,N,64967
3.7,3.4000000000000004,3.1000000000000005,4,N,64968
3.7,3.4000000000000004,3.1000000000000005,5,N,64969
3.7,3.4000000000000004,3.4000000000000004,1,N,64970
3.7,3.4000000000000004,3.4000000000000004,2,N,64971
3.7,3.4000000000000004,3.4000000000000004,3,N,64972
3.7,3.4000000000000004,3.4000000000000004,4,N,64973
3.7,3.4000000000000004,3.4000000000000004,5,N,64974
3.7,3.4000000000000004,3.7,1,N,64975
3.7,3.4000000000000004,3.7,2,N,64976
3.7,3.4000000000000004,3.7,3,N,64977
3.7,3.4000000000000004,3.7,4,N,64978
3.7,3.4000000000000004,3.7,5,N,64979
3.7,3.4000000000000004,4.0,1,N,64980
3.7,3.4000000000000004,4.0,2,N,64981
3.7,3.4000000000000004,4.0,3,N,64982
3.7,3.4000000000000004,4.0,4,N,64983
3.7,3.4000000000000004,4.0,5,N,64984
3.7,3.4000000000000004,4.300000000000002,1,N,64985
3.7,3.4000000000000004,4.300000000000002,2,N,64986
3.7,3.4000000000000004,4.300000000000002,3,N,64987
3.7,3.4000000000000004,4.300000000000002,4,N,64988
3.7,3.4000000000000004,4.300000000000002,5,N,64989
3.7,3.4000000000000004,4.6000000000000005,1,N,64990
3.7,3.4000000000000004,4.6000000000000005,2,N,64991
3.7,3.4000000000000004,4.6000000000000005,3,N,64992
3.7,3.4000000000000004,4.6000000000000005,4,N,64993
3.7,3.4000000000000004,4.6000000000000005,5,N,64994
3.7,3.4000000000000004,4.9,1,N,64995
3.7,3.4000000000000004,4.9,2,N,64996
3.7,3.4000000000000004,4.9,3,N,64997
3.7,3.4000000000000004,4.9,4,N,64998
3.7,3.4000000000000004,4.9,5,N,64999
3.7,3.7,0.01,1,N,65000
3.7,3.7,0.01,2,N,65001
3.7,3.7,0.01,3,N,65002
3.7,3.7,0.01,4,N,65003
3.7,3.7,0.01,5,N,65004
3.7,3.7,0.11,1,N,65005
3.7,3.7,0.11,2,N,65006
3.7,3.7,0.11,3,N,65007
3.7,3.7,0.11,4,N,65008
3.7,3.7,0.11,5,N,65009
3.7,3.7,0.21,1,N,65010
3.7,3.7,0.21,2,N,65011
3.7,3.7,0.21,3,N,65012
3.7,3.7,0.21,4,N,65013
3.7,3.7,0.21,5,N,65014
3.7,3.7,0.31000000000000005,1,N,65015
3.7,3.7,0.31000000000000005,2,N,65016
3.7,3.7,0.31000000000000005,3,N,65017
3.7,3.7,0.31000000000000005,4,N,65018
3.7,3.7,0.31000000000000005,5,N,65019
3.7,3.7,0.41,1,N,65020
3.7,3.7,0.41,2,N,65021
3.7,3.7,0.41,3,N,65022
3.7,3.7,0.41,4,N,65023
3.7,3.7,0.41,5,N,65024
3.7,3.7,0.51,1,N,65025
3.7,3.7,0.51,2,N,65026
3.7,3.7,0.51,3,N,65027
3.7,3.7,0.51,4,N,65028
3.7,3.7,0.51,5,N,65029
3.7,3.7,0.6100000000000001,1,N,65030
3.7,3.7,0.6100000000000001,2,N,65031
3.7,3.7,0.6100000000000001,3,N,65032
3.7,3.7,0.6100000000000001,4,N,65033
3.7,3.7,0.6100000000000001,5,N,65034
3.7,3.7,0.7100000000000001,1,N,65035
3.7,3.7,0.7100000000000001,2,N,65036
3.7,3.7,0.7100000000000001,3,N,65037
3.7,3.7,0.7100000000000001,4,N,65038
3.7,3.7,0.7100000000000001,5,N,65039
3.7,3.7,0.81,1,N,65040
3.7,3.7,0.81,2,N,65041
3.7,3.7,0.81,3,N,65042
3.7,3.7,0.81,4,N,65043
3.7,3.7,0.81,5,N,65044
3.7,3.7,0.91,1,N,65045
3.7,3.7,0.91,2,N,65046
3.7,3.7,0.91,3,N,65047
3.7,3.7,0.91,4,N,65048
3.7,3.7,0.91,5,N,65049
3.7,3.7,1.01,1,N,65050
3.7,3.7,1.01,2,N,65051
3.7,3.7,1.01,3,N,65052
3.7,3.7,1.01,4,N,65053
3.7,3.7,1.01,5,N,65054
3.7,3.7,1.11,1,N,65055
3.7,3.7,1.11,2,N,65056
3.7,3.7,1.11,3,N,65057
3.7,3.7,1.11,4,N,65058
3.7,3.7,1.11,5,N,65059
3.7,3.7,1.3,1,N,65060
3.7,3.7,1.3,2,N,65061
3.7,3.7,1.3,3,N,65062
3.7,3.7,1.3,4,N,65063
3.7,3.7,1.3,5,N,65064
3.7,3.7,1.6,1,N,65065
3.7,3.7,1.6,2,N,65066
3.7,3.7,1.6,3,N,65067
3.7,3.7,1.6,4,N,65068
3.7,3.7,1.6,5,N,65069
3.7,3.7,1.9,1,N,65070
3.7,3.7,1.9,2,N,65071
3.7,3.7,1.9,3,N,65072
3.7,3.7,1.9,4,N,65073
3.7,3.7,1.9,5,N,65074
3.7,3.7,2.2,1,N,65075
3.7,3.7,2.2,2,N,65076
3.7,3.7,2.2,3,N,65077
3.7,3.7,2.2,4,N,65078
3.7,3.7,2.2,5,N,65079
3.7,3.7,2.5,1,N,65080
3.7,3.7,2.5,2,N,65081
3.7,3.7,2.5,3,N,65082
3.7,3.7,2.5,4,N,65083
3.7,3.7,2.5,5,N,65084
3.7,3.7,2.8000000000000003,1,N,65085
3.7,3.7,2.8000000000000003,2,N,65086
3.7,3.7,2.8000000000000003,3,N,65087
3.7,3.7,2.8000000000000003,4,N,65088
3.7,3.7,2.8000000000000003,5,N,65089
3.7,3.7,3.1000000000000005,1,N,65090
3.7,3.7,3.1000000000000005,2,N,65091
3.7,3.7,3.1000000000000005,3,N,65092
3.7,3.7,3.1000000000000005,4,N,65093
3.7,3.7,3.1000000000000005,5,N,65094
3.7,3.7,3.4000000000000004,1,N,65095
3.7,3.7,3.4000000000000004,2,N,65096
3.7,3.7,3.4000000000000004,3,N,65097
3.7,3.7,3.4000000000000004,4,N,65098
3.7,3.7,3.4000000000000004,5,N,65099
3.7,3.7,3.7,1,N,65100
3.7,3.7,3.7,2,N,65101
3.7,3.7,3.7,3,N,65102
3.7,3.7,3.7,4,N,65103
3.7,3.7,3.7,5,N,65104
3.7,3.7,4.0,1,N,65105
3.7,3.7,4.0,2,N,65106
3.7,3.7,4.0,3,N,65107
3.7,3.7,4.0,4,N,65108
3.7,3.7,4.0,5,N,65109
3.7,3.7,4.300000000000002,1,N,65110
3.7,3.7,4.300000000000002,2,N,65111
3.7,3.7,4.300000000000002,3,N,65112
3.7,3.7,4.300000000000002,4,N,65113
3.7,3.7,4.300000000000002,5,N,65114
3.7,3.7,4.6000000000000005,1,N,65115
3.7,3.7,4.6000000000000005,2,N,65116
3.7,3.7,4.6000000000000005,3,N,65117
3.7,3.7,4.6000000000000005,4,N,65118
3.7,3.7,4.6000000000000005,5,N,65119
3.7,3.7,4.9,1,N,65120
3.7,3.7,4.9,2,N,65121
3.7,3.7,4.9,3,N,65122
3.7,3.7,4.9,4,N,65123
3.7,3.7,4.9,5,N,65124
3.7,4.0,0.01,1,N,65125
3.7,4.0,0.01,2,N,65126
3.7,4.0,0.01,3,N,65127
3.7,4.0,0.01,4,N,65128
3.7,4.0,0.01,5,N,65129
3.7,4.0,0.11,1,N,65130
3.7,4.0,0.11,2,N,65131
3.7,4.0,0.11,3,N,65132
3.7,4.0,0.11,4,N,65133
3.7,4.0,0.11,5,N,65134
3.7,4.0,0.21,1,N,65135
3.7,4.0,0.21,2,N,65136
3.7,4.0,0.21,3,N,65137
3.7,4.0,0.21,4,N,65138
3.7,4.0,0.21,5,N,65139
3.7,4.0,0.31000000000000005,1,N,65140
3.7,4.0,0.31000000000000005,2,N,65141
3.7,4.0,0.31000000000000005,3,N,65142
3.7,4.0,0.31000000000000005,4,N,65143
3.7,4.0,0.31000000000000005,5,N,65144
3.7,4.0,0.41,1,N,65145
3.7,4.0,0.41,2,N,65146
3.7,4.0,0.41,3,N,65147
3.7,4.0,0.41,4,N,65148
3.7,4.0,0.41,5,N,65149
3.7,4.0,0.51,1,N,65150
3.7,4.0,0.51,2,N,65151
3.7,4.0,0.51,3,N,65152
3.7,4.0,0.51,4,N,65153
3.7,4.0,0.51,5,N,65154
3.7,4.0,0.6100000000000001,1,N,65155
3.7,4.0,0.6100000000000001,2,N,65156
3.7,4.0,0.6100000000000001,3,N,65157
3.7,4.0,0.6100000000000001,4,N,65158
3.7,4.0,0.6100000000000001,5,N,65159
3.7,4.0,0.7100000000000001,1,N,65160
3.7,4.0,0.7100000000000001,2,N,65161
3.7,4.0,0.7100000000000001,3,N,65162
3.7,4.0,0.7100000000000001,4,N,65163
3.7,4.0,0.7100000000000001,5,N,65164
3.7,4.0,0.81,1,N,65165
3.7,4.0,0.81,2,N,65166
3.7,4.0,0.81,3,N,65167
3.7,4.0,0.81,4,N,65168
3.7,4.0,0.81,5,N,65169
3.7,4.0,0.91,1,N,65170
3.7,4.0,0.91,2,N,65171
3.7,4.0,0.91,3,N,65172
3.7,4.0,0.91,4,N,65173
3.7,4.0,0.91,5,N,65174
3.7,4.0,1.01,1,N,65175
3.7,4.0,1.01,2,N,65176
3.7,4.0,1.01,3,N,65177
3.7,4.0,1.01,4,N,65178
3.7,4.0,1.01,5,N,65179
3.7,4.0,1.11,1,N,65180
3.7,4.0,1.11,2,N,65181
3.7,4.0,1.11,3,N,65182
3.7,4.0,1.11,4,N,65183
3.7,4.0,1.11,5,N,65184
3.7,4.0,1.3,1,N,65185
3.7,4.0,1.3,2,N,65186
3.7,4.0,1.3,3,N,65187
3.7,4.0,1.3,4,N,65188
3.7,4.0,1.3,5,N,65189
3.7,4.0,1.6,1,N,65190
3.7,4.0,1.6,2,N,65191
3.7,4.0,1.6,3,N,65192
3.7,4.0,1.6,4,N,65193
3.7,4.0,1.6,5,N,65194
3.7,4.0,1.9,1,N,65195
3.7,4.0,1.9,2,N,65196
3.7,4.0,1.9,3,N,65197
3.7,4.0,1.9,4,N,65198
3.7,4.0,1.9,5,N,65199
3.7,4.0,2.2,1,N,65200
3.7,4.0,2.2,2,N,65201
3.7,4.0,2.2,3,N,65202
3.7,4.0,2.2,4,N,65203
3.7,4.0,2.2,5,N,65204
3.7,4.0,2.5,1,N,65205
3.7,4.0,2.5,2,N,65206
3.7,4.0,2.5,3,N,65207
3.7,4.0,2.5,4,N,65208
3.7,4.0,2.5,5,N,65209
3.7,4.0,2.8000000000000003,1,N,65210
3.7,4.0,2.8000000000000003,2,N,65211
3.7,4.0,2.8000000000000003,3,N,65212
3.7,4.0,2.8000000000000003,4,N,65213
3.7,4.0,2.8000000000000003,5,N,65214
3.7,4.0,3.1000000000000005,1,N,65215
3.7,4.0,3.1000000000000005,2,N,65216
3.7,4.0,3.1000000000000005,3,N,65217
3.7,4.0,3.1000000000000005,4,N,65218
3.7,4.0,3.1000000000000005,5,N,65219
3.7,4.0,3.4000000000000004,1,N,65220
3.7,4.0,3.4000000000000004,2,N,65221
3.7,4.0,3.4000000000000004,3,N,65222
3.7,4.0,3.4000000000000004,4,N,65223
3.7,4.0,3.4000000000000004,5,N,65224
3.7,4.0,3.7,1,N,65225
3.7,4.0,3.7,2,N,65226
3.7,4.0,3.7,3,N,65227
3.7,4.0,3.7,4,N,65228
3.7,4.0,3.7,5,N,65229
3.7,4.0,4.0,1,N,65230
3.7,4.0,4.0,2,N,65231
3.7,4.0,4.0,3,N,65232
3.7,4.0,4.0,4,N,65233
3.7,4.0,4.0,5,N,65234
3.7,4.0,4.300000000000002,1,N,65235
3.7,4.0,4.300000000000002,2,N,65236
3.7,4.0,4.300000000000002,3,N,65237
3.7,4.0,4.300000000000002,4,N,65238
3.7,4.0,4.300000000000002,5,N,65239
3.7,4.0,4.6000000000000005,1,N,65240
3.7,4.0,4.6000000000000005,2,N,65241
3.7,4.0,4.6000000000000005,3,N,65242
3.7,4.0,4.6000000000000005,4,N,65243
3.7,4.0,4.6000000000000005,5,N,65244
3.7,4.0,4.9,1,N,65245
3.7,4.0,4.9,2,N,65246
3.7,4.0,4.9,3,N,65247
3.7,4.0,4.9,4,N,65248
3.7,4.0,4.9,5,N,65249
3.7,4.300000000000002,0.01,1,N,65250
3.7,4.300000000000002,0.01,2,N,65251
3.7,4.300000000000002,0.01,3,N,65252
3.7,4.300000000000002,0.01,4,N,65253
3.7,4.300000000000002,0.01,5,N,65254
3.7,4.300000000000002,0.11,1,N,65255
3.7,4.300000000000002,0.11,2,N,65256
3.7,4.300000000000002,0.11,3,N,65257
3.7,4.300000000000002,0.11,4,N,65258
3.7,4.300000000000002,0.11,5,N,65259
3.7,4.300000000000002,0.21,1,N,65260
3.7,4.300000000000002,0.21,2,N,65261
3.7,4.300000000000002,0.21,3,N,65262
3.7,4.300000000000002,0.21,4,N,65263
3.7,4.300000000000002,0.21,5,N,65264
3.7,4.300000000000002,0.31000000000000005,1,N,65265
3.7,4.300000000000002,0.31000000000000005,2,N,65266
3.7,4.300000000000002,0.31000000000000005,3,N,65267
3.7,4.300000000000002,0.31000000000000005,4,N,65268
3.7,4.300000000000002,0.31000000000000005,5,N,65269
3.7,4.300000000000002,0.41,1,N,65270
3.7,4.300000000000002,0.41,2,N,65271
3.7,4.300000000000002,0.41,3,N,65272
3.7,4.300000000000002,0.41,4,N,65273
3.7,4.300000000000002,0.41,5,N,65274
3.7,4.300000000000002,0.51,1,N,65275
3.7,4.300000000000002,0.51,2,N,65276
3.7,4.300000000000002,0.51,3,N,65277
3.7,4.300000000000002,0.51,4,N,65278
3.7,4.300000000000002,0.51,5,N,65279
3.7,4.300000000000002,0.6100000000000001,1,N,65280
3.7,4.300000000000002,0.6100000000000001,2,N,65281
3.7,4.300000000000002,0.6100000000000001,3,N,65282
3.7,4.300000000000002,0.6100000000000001,4,N,65283
3.7,4.300000000000002,0.6100000000000001,5,N,65284
3.7,4.300000000000002,0.7100000000000001,1,N,65285
3.7,4.300000000000002,0.7100000000000001,2,N,65286
3.7,4.300000000000002,0.7100000000000001,3,N,65287
3.7,4.300000000000002,0.7100000000000001,4,N,65288
3.7,4.300000000000002,0.7100000000000001,5,N,65289
3.7,4.300000000000002,0.81,1,N,65290
3.7,4.300000000000002,0.81,2,N,65291
3.7,4.300000000000002,0.81,3,N,65292
3.7,4.300000000000002,0.81,4,N,65293
3.7,4.300000000000002,0.81,5,N,65294
3.7,4.300000000000002,0.91,1,N,65295
3.7,4.300000000000002,0.91,2,N,65296
3.7,4.300000000000002,0.91,3,N,65297
3.7,4.300000000000002,0.91,4,N,65298
3.7,4.300000000000002,0.91,5,N,65299
3.7,4.300000000000002,1.01,1,N,65300
3.7,4.300000000000002,1.01,2,N,65301
3.7,4.300000000000002,1.01,3,N,65302
3.7,4.300000000000002,1.01,4,N,65303
3.7,4.300000000000002,1.01,5,N,65304
3.7,4.300000000000002,1.11,1,N,65305
3.7,4.300000000000002,1.11,2,N,65306
3.7,4.300000000000002,1.11,3,N,65307
3.7,4.300000000000002,1.11,4,N,65308
3.7,4.300000000000002,1.11,5,N,65309
3.7,4.300000000000002,1.3,1,N,65310
3.7,4.300000000000002,1.3,2,N,65311
3.7,4.300000000000002,1.3,3,N,65312
3.7,4.300000000000002,1.3,4,N,65313
3.7,4.300000000000002,1.3,5,N,65314
3.7,4.300000000000002,1.6,1,N,65315
3.7,4.300000000000002,1.6,2,N,65316
3.7,4.300000000000002,1.6,3,N,65317
3.7,4.300000000000002,1.6,4,N,65318
3.7,4.300000000000002,1.6,5,N,65319
3.7,4.300000000000002,1.9,1,N,65320
3.7,4.300000000000002,1.9,2,N,65321
3.7,4.300000000000002,1.9,3,N,65322
3.7,4.300000000000002,1.9,4,N,65323
3.7,4.300000000000002,1.9,5,N,65324
3.7,4.300000000000002,2.2,1,N,65325
3.7,4.300000000000002,2.2,2,N,65326
3.7,4.300000000000002,2.2,3,N,65327
3.7,4.300000000000002,2.2,4,N,65328
3.7,4.300000000000002,2.2,5,N,65329
3.7,4.300000000000002,2.5,1,N,65330
3.7,4.300000000000002,2.5,2,N,65331
3.7,4.300000000000002,2.5,3,N,65332
3.7,4.300000000000002,2.5,4,N,65333
3.7,4.300000000000002,2.5,5,N,65334
3.7,4.300000000000002,2.8000000000000003,1,N,65335
3.7,4.300000000000002,2.8000000000000003,2,N,65336
3.7,4.300000000000002,2.8000000000000003,3,N,65337
3.7,4.300000000000002,2.8000000000000003,4,N,65338
3.7,4.300000000000002,2.8000000000000003,5,N,65339
3.7,4.300000000000002,3.1000000000000005,1,N,65340
3.7,4.300000000000002,3.1000000000000005,2,N,65341
3.7,4.300000000000002,3.1000000000000005,3,N,65342
3.7,4.300000000000002,3.1000000000000005,4,N,65343
3.7,4.300000000000002,3.1000000000000005,5,N,65344
3.7,4.300000000000002,3.4000000000000004,1,N,65345
3.7,4.300000000000002,3.4000000000000004,2,N,65346
3.7,4.300000000000002,3.4000000000000004,3,N,65347
3.7,4.300000000000002,3.4000000000000004,4,N,65348
3.7,4.300000000000002,3.4000000000000004,5,N,65349
3.7,4.300000000000002,3.7,1,N,65350
3.7,4.300000000000002,3.7,2,N,65351
3.7,4.300000000000002,3.7,3,N,65352
3.7,4.300000000000002,3.7,4,N,65353
3.7,4.300000000000002,3.7,5,N,65354
3.7,4.300000000000002,4.0,1,N,65355
3.7,4.300000000000002,4.0,2,N,65356
3.7,4.300000000000002,4.0,3,N,65357
3.7,4.300000000000002,4.0,4,N,65358
3.7,4.300000000000002,4.0,5,N,65359
3.7,4.300000000000002,4.300000000000002,1,N,65360
3.7,4.300000000000002,4.300000000000002,2,N,65361
3.7,4.300000000000002,4.300000000000002,3,N,65362
3.7,4.300000000000002,4.300000000000002,4,N,65363
3.7,4.300000000000002,4.300000000000002,5,N,65364
3.7,4.300000000000002,4.6000000000000005,1,N,65365
3.7,4.300000000000002,4.6000000000000005,2,N,65366
3.7,4.300000000000002,4.6000000000000005,3,N,65367
3.7,4.300000000000002,4.6000000000000005,4,N,65368
3.7,4.300000000000002,4.6000000000000005,5,N,65369
3.7,4.300000000000002,4.9,1,N,65370
3.7,4.300000000000002,4.9,2,N,65371
3.7,4.300000000000002,4.9,3,N,65372
3.7,4.300000000000002,4.9,4,N,65373
3.7,4.300000000000002,4.9,5,N,65374
3.7,4.6000000000000005,0.01,1,N,65375
3.7,4.6000000000000005,0.01,2,N,65376
3.7,4.6000000000000005,0.01,3,N,65377
3.7,4.6000000000000005,0.01,4,N,65378
3.7,4.6000000000000005,0.01,5,N,65379
3.7,4.6000000000000005,0.11,1,N,65380
3.7,4.6000000000000005,0.11,2,N,65381
3.7,4.6000000000000005,0.11,3,N,65382
3.7,4.6000000000000005,0.11,4,N,65383
3.7,4.6000000000000005,0.11,5,N,65384
3.7,4.6000000000000005,0.21,1,N,65385
3.7,4.6000000000000005,0.21,2,N,65386
3.7,4.6000000000000005,0.21,3,N,65387
3.7,4.6000000000000005,0.21,4,N,65388
3.7,4.6000000000000005,0.21,5,N,65389
3.7,4.6000000000000005,0.31000000000000005,1,N,65390
3.7,4.6000000000000005,0.31000000000000005,2,N,65391
3.7,4.6000000000000005,0.31000000000000005,3,N,65392
3.7,4.6000000000000005,0.31000000000000005,4,N,65393
3.7,4.6000000000000005,0.31000000000000005,5,N,65394
3.7,4.6000000000000005,0.41,1,N,65395
3.7,4.6000000000000005,0.41,2,N,65396
3.7,4.6000000000000005,0.41,3,N,65397
3.7,4.6000000000000005,0.41,4,N,65398
3.7,4.6000000000000005,0.41,5,N,65399
3.7,4.6000000000000005,0.51,1,N,65400
3.7,4.6000000000000005,0.51,2,N,65401
3.7,4.6000000000000005,0.51,3,N,65402
3.7,4.6000000000000005,0.51,4,N,65403
3.7,4.6000000000000005,0.51,5,N,65404
3.7,4.6000000000000005,0.6100000000000001,1,N,65405
3.7,4.6000000000000005,0.6100000000000001,2,N,65406
3.7,4.6000000000000005,0.6100000000000001,3,N,65407
3.7,4.6000000000000005,0.6100000000000001,4,N,65408
3.7,4.6000000000000005,0.6100000000000001,5,N,65409
3.7,4.6000000000000005,0.7100000000000001,1,N,65410
3.7,4.6000000000000005,0.7100000000000001,2,N,65411
3.7,4.6000000000000005,0.7100000000000001,3,N,65412
3.7,4.6000000000000005,0.7100000000000001,4,N,65413
3.7,4.6000000000000005,0.7100000000000001,5,N,65414
3.7,4.6000000000000005,0.81,1,N,65415
3.7,4.6000000000000005,0.81,2,N,65416
3.7,4.6000000000000005,0.81,3,N,65417
3.7,4.6000000000000005,0.81,4,N,65418
3.7,4.6000000000000005,0.81,5,N,65419
3.7,4.6000000000000005,0.91,1,N,65420
3.7,4.6000000000000005,0.91,2,N,65421
3.7,4.6000000000000005,0.91,3,N,65422
3.7,4.6000000000000005,0.91,4,N,65423
3.7,4.6000000000000005,0.91,5,N,65424
3.7,4.6000000000000005,1.01,1,N,65425
3.7,4.6000000000000005,1.01,2,N,65426
3.7,4.6000000000000005,1.01,3,N,65427
3.7,4.6000000000000005,1.01,4,N,65428
3.7,4.6000000000000005,1.01,5,N,65429
3.7,4.6000000000000005,1.11,1,N,65430
3.7,4.6000000000000005,1.11,2,N,65431
3.7,4.6000000000000005,1.11,3,N,65432
3.7,4.6000000000000005,1.11,4,N,65433
3.7,4.6000000000000005,1.11,5,N,65434
3.7,4.6000000000000005,1.3,1,N,65435
3.7,4.6000000000000005,1.3,2,N,65436
3.7,4.6000000000000005,1.3,3,N,65437
3.7,4.6000000000000005,1.3,4,N,65438
3.7,4.6000000000000005,1.3,5,N,65439
3.7,4.6000000000000005,1.6,1,N,65440
3.7,4.6000000000000005,1.6,2,N,65441
3.7,4.6000000000000005,1.6,3,N,65442
3.7,4.6000000000000005,1.6,4,N,65443
3.7,4.6000000000000005,1.6,5,N,65444
3.7,4.6000000000000005,1.9,1,N,65445
3.7,4.6000000000000005,1.9,2,N,65446
3.7,4.6000000000000005,1.9,3,N,65447
3.7,4.6000000000000005,1.9,4,N,65448
3.7,4.6000000000000005,1.9,5,N,65449
3.7,4.6000000000000005,2.2,1,N,65450
3.7,4.6000000000000005,2.2,2,N,65451
3.7,4.6000000000000005,2.2,3,N,65452
3.7,4.6000000000000005,2.2,4,N,65453
3.7,4.6000000000000005,2.2,5,N,65454
3.7,4.6000000000000005,2.5,1,N,65455
3.7,4.6000000000000005,2.5,2,N,65456
3.7,4.6000000000000005,2.5,3,N,65457
3.7,4.6000000000000005,2.5,4,N,65458
3.7,4.6000000000000005,2.5,5,N,65459
3.7,4.6000000000000005,2.8000000000000003,1,N,65460
3.7,4.6000000000000005,2.8000000000000003,2,N,65461
3.7,4.6000000000000005,2.8000000000000003,3,N,65462
3.7,4.6000000000000005,2.8000000000000003,4,N,65463
3.7,4.6000000000000005,2.8000000000000003,5,N,65464
3.7,4.6000000000000005,3.1000000000000005,1,N,65465
3.7,4.6000000000000005,3.1000000000000005,2,N,65466
3.7,4.6000000000000005,3.1000000000000005,3,N,65467
3.7,4.6000000000000005,3.1000000000000005,4,N,65468
3.7,4.6000000000000005,3.1000000000000005,5,N,65469
3.7,4.6000000000000005,3.4000000000000004,1,N,65470
3.7,4.6000000000000005,3.4000000000000004,2,N,65471
3.7,4.6000000000000005,3.4000000000000004,3,N,65472
3.7,4.6000000000000005,3.4000000000000004,4,N,65473
3.7,4.6000000000000005,3.4000000000000004,5,N,65474
3.7,4.6000000000000005,3.7,1,N,65475
3.7,4.6000000000000005,3.7,2,N,65476
3.7,4.6000000000000005,3.7,3,N,65477
3.7,4.6000000000000005,3.7,4,N,65478
3.7,4.6000000000000005,3.7,5,N,65479
3.7,4.6000000000000005,4.0,1,N,65480
3.7,4.6000000000000005,4.0,2,N,65481
3.7,4.6000000000000005,4.0,3,N,65482
3.7,4.6000000000000005,4.0,4,N,65483
3.7,4.6000000000000005,4.0,5,N,65484
3.7,4.6000000000000005,4.300000000000002,1,N,65485
3.7,4.6000000000000005,4.300000000000002,2,N,65486
3.7,4.6000000000000005,4.300000000000002,3,N,65487
3.7,4.6000000000000005,4.300000000000002,4,N,65488
3.7,4.6000000000000005,4.300000000000002,5,N,65489
3.7,4.6000000000000005,4.6000000000000005,1,N,65490
3.7,4.6000000000000005,4.6000000000000005,2,N,65491
3.7,4.6000000000000005,4.6000000000000005,3,N,65492
3.7,4.6000000000000005,4.6000000000000005,4,N,65493
3.7,4.6000000000000005,4.6000000000000005,5,N,65494
3.7,4.6000000000000005,4.9,1,N,65495
3.7,4.6000000000000005,4.9,2,N,65496
3.7,4.6000000000000005,4.9,3,N,65497
3.7,4.6000000000000005,4.9,4,N,65498
3.7,4.6000000000000005,4.9,5,N,65499
3.7,4.9,0.01,1,N,65500
3.7,4.9,0.01,2,N,65501
3.7,4.9,0.01,3,N,65502
3.7,4.9,0.01,4,N,65503
3.7,4.9,0.01,5,N,65504
3.7,4.9,0.11,1,N,65505
3.7,4.9,0.11,2,N,65506
3.7,4.9,0.11,3,N,65507
3.7,4.9,0.11,4,N,65508
3.7,4.9,0.11,5,N,65509
3.7,4.9,0.21,1,N,65510
3.7,4.9,0.21,2,N,65511
3.7,4.9,0.21,3,N,65512
3.7,4.9,0.21,4,N,65513
3.7,4.9,0.21,5,N,65514
3.7,4.9,0.31000000000000005,1,N,65515
3.7,4.9,0.31000000000000005,2,N,65516
3.7,4.9,0.31000000000000005,3,N,65517
3.7,4.9,0.31000000000000005,4,N,65518
3.7,4.9,0.31000000000000005,5,N,65519
3.7,4.9,0.41,1,N,65520
3.7,4.9,0.41,2,N,65521
3.7,4.9,0.41,3,N,65522
3.7,4.9,0.41,4,N,65523
3.7,4.9,0.41,5,N,65524
3.7,4.9,0.51,1,N,65525
3.7,4.9,0.51,2,N,65526
3.7,4.9,0.51,3,N,65527
3.7,4.9,0.51,4,N,65528
3.7,4.9,0.51,5,N,65529
3.7,4.9,0.6100000000000001,1,N,65530
3.7,4.9,0.6100000000000001,2,N,65531
3.7,4.9,0.6100000000000001,3,N,65532
3.7,4.9,0.6100000000000001,4,N,65533
3.7,4.9,0.6100000000000001,5,N,65534
3.7,4.9,0.7100000000000001,1,N,65535
3.7,4.9,0.7100000000000001,2,N,65536
3.7,4.9,0.7100000000000001,3,N,65537
3.7,4.9,0.7100000000000001,4,N,65538
3.7,4.9,0.7100000000000001,5,N,65539
3.7,4.9,0.81,1,N,65540
3.7,4.9,0.81,2,N,65541
3.7,4.9,0.81,3,N,65542
3.7,4.9,0.81,4,N,65543
3.7,4.9,0.81,5,N,65544
3.7,4.9,0.91,1,N,65545
3.7,4.9,0.91,2,N,65546
3.7,4.9,0.91,3,N,65547
3.7,4.9,0.91,4,N,65548
3.7,4.9,0.91,5,N,65549
3.7,4.9,1.01,1,N,65550
3.7,4.9,1.01,2,N,65551
3.7,4.9,1.01,3,N,65552
3.7,4.9,1.01,4,N,65553
3.7,4.9,1.01,5,N,65554
3.7,4.9,1.11,1,N,65555
3.7,4.9,1.11,2,N,65556
3.7,4.9,1.11,3,N,65557
3.7,4.9,1.11,4,N,65558
3.7,4.9,1.11,5,N,65559
3.7,4.9,1.3,1,N,65560
3.7,4.9,1.3,2,N,65561
3.7,4.9,1.3,3,N,65562
3.7,4.9,1.3,4,N,65563
3.7,4.9,1.3,5,N,65564
3.7,4.9,1.6,1,N,65565
3.7,4.9,1.6,2,N,65566
3.7,4.9,1.6,3,N,65567
3.7,4.9,1.6,4,N,65568
3.7,4.9,1.6,5,N,65569
3.7,4.9,1.9,1,N,65570
3.7,4.9,1.9,2,N,65571
3.7,4.9,1.9,3,N,65572
3.7,4.9,1.9,4,N,65573
3.7,4.9,1.9,5,N,65574
3.7,4.9,2.2,1,N,65575
3.7,4.9,2.2,2,N,65576
3.7,4.9,2.2,3,N,65577
3.7,4.9,2.2,4,N,65578
3.7,4.9,2.2,5,N,65579
3.7,4.9,2.5,1,N,65580
3.7,4.9,2.5,2,N,65581
3.7,4.9,2.5,3,N,65582
3.7,4.9,2.5,4,N,65583
3.7,4.9,2.5,5,N,65584
3.7,4.9,2.8000000000000003,1,N,65585
3.7,4.9,2.8000000000000003,2,N,65586
3.7,4.9,2.8000000000000003,3,N,65587
3.7,4.9,2.8000000000000003,4,N,65588
3.7,4.9,2.8000000000000003,5,N,65589
3.7,4.9,3.1000000000000005,1,N,65590
3.7,4.9,3.1000000000000005,2,N,65591
3.7,4.9,3.1000000000000005,3,N,65592
3.7,4.9,3.1000000000000005,4,N,65593
3.7,4.9,3.1000000000000005,5,N,65594
3.7,4.9,3.4000000000000004,1,N,65595
3.7,4.9,3.4000000000000004,2,N,65596
3.7,4.9,3.4000000000000004,3,N,65597
3.7,4.9,3.4000000000000004,4,N,65598
3.7,4.9,3.4000000000000004,5,N,65599
3.7,4.9,3.7,1,N,65600
3.7,4.9,3.7,2,N,65601
3.7,4.9,3.7,3,N,65602
3.7,4.9,3.7,4,N,65603
3.7,4.9,3.7,5,N,65604
3.7,4.9,4.0,1,N,65605
3.7,4.9,4.0,2,N,65606
3.7,4.9,4.0,3,N,65607
3.7,4.9,4.0,4,N,65608
3.7,4.9,4.0,5,N,65609
3.7,4.9,4.300000000000002,1,N,65610
3.7,4.9,4.300000000000002,2,N,65611
3.7,4.9,4.300000000000002,3,N,65612
3.7,4.9,4.300000000000002,4,N,65613
3.7,4.9,4.300000000000002,5,N,65614
3.7,4.9,4.6000000000000005,1,N,65615
3.7,4.9,4.6000000000000005,2,N,65616
3.7,4.9,4.6000000000000005,3,N,65617
3.7,4.9,4.6000000000000005,4,N,65618
3.7,4.9,4.6000000000000005,5,N,65619
3.7,4.9,4.9,1,N,65620
3.7,4.9,4.9,2,N,65621
3.7,4.9,4.9,3,N,65622
3.7,4.9,4.9,4,N,65623
3.7,4.9,4.9,5,N,65624
4.0,0.01,0.01,1,N,65625
4.0,0.01,0.01,2,N,65626
4.0,0.01,0.01,3,N,65627
4.0,0.01,0.01,4,N,65628
4.0,0.01,0.01,5,N,65629
4.0,0.01,0.11,1,N,65630
4.0,0.01,0.11,2,N,65631
4.0,0.01,0.11,3,N,65632
4.0,0.01,0.11,4,N,65633
4.0,0.01,0.11,5,N,65634
4.0,0.01,0.21,1,N,65635
4.0,0.01,0.21,2,N,65636
4.0,0.01,0.21,3,N,65637
4.0,0.01,0.21,4,N,65638
4.0,0.01,0.21,5,N,65639
4.0,0.01,0.31000000000000005,1,N,65640
4.0,0.01,0.31000000000000005,2,N,65641
4.0,0.01,0.31000000000000005,3,N,65642
4.0,0.01,0.31000000000000005,4,N,65643
4.0,0.01,0.31000000000000005,5,N,65644
4.0,0.01,0.41,1,N,65645
4.0,0.01,0.41,2,N,65646
4.0,0.01,0.41,3,N,65647
4.0,0.01,0.41,4,N,65648
4.0,0.01,0.41,5,N,65649
4.0,0.01,0.51,1,N,65650
4.0,0.01,0.51,2,N,65651
4.0,0.01,0.51,3,N,65652
4.0,0.01,0.51,4,N,65653
4.0,0.01,0.51,5,N,65654
4.0,0.01,0.6100000000000001,1,N,65655
4.0,0.01,0.6100000000000001,2,N,65656
4.0,0.01,0.6100000000000001,3,N,65657
4.0,0.01,0.6100000000000001,4,N,65658
4.0,0.01,0.6100000000000001,5,N,65659
4.0,0.01,0.7100000000000001,1,N,65660
4.0,0.01,0.7100000000000001,2,N,65661
4.0,0.01,0.7100000000000001,3,N,65662
4.0,0.01,0.7100000000000001,4,N,65663
4.0,0.01,0.7100000000000001,5,N,65664
4.0,0.01,0.81,1,N,65665
4.0,0.01,0.81,2,N,65666
4.0,0.01,0.81,3,N,65667
4.0,0.01,0.81,4,N,65668
4.0,0.01,0.81,5,N,65669
4.0,0.01,0.91,1,N,65670
4.0,0.01,0.91,2,N,65671
4.0,0.01,0.91,3,N,65672
4.0,0.01,0.91,4,N,65673
4.0,0.01,0.91,5,N,65674
4.0,0.01,1.01,1,N,65675
4.0,0.01,1.01,2,N,65676
4.0,0.01,1.01,3,N,65677
4.0,0.01,1.01,4,N,65678
4.0,0.01,1.01,5,N,65679
4.0,0.01,1.11,1,N,65680
4.0,0.01,1.11,2,N,65681
4.0,0.01,1.11,3,N,65682
4.0,0.01,1.11,4,N,65683
4.0,0.01,1.11,5,N,65684
4.0,0.01,1.3,1,N,65685
4.0,0.01,1.3,2,N,65686
4.0,0.01,1.3,3,N,65687
4.0,0.01,1.3,4,N,65688
4.0,0.01,1.3,5,N,65689
4.0,0.01,1.6,1,N,65690
4.0,0.01,1.6,2,N,65691
4.0,0.01,1.6,3,N,65692
4.0,0.01,1.6,4,N,65693
4.0,0.01,1.6,5,N,65694
4.0,0.01,1.9,1,N,65695
4.0,0.01,1.9,2,N,65696
4.0,0.01,1.9,3,N,65697
4.0,0.01,1.9,4,N,65698
4.0,0.01,1.9,5,N,65699
4.0,0.01,2.2,1,N,65700
4.0,0.01,2.2,2,N,65701
4.0,0.01,2.2,3,N,65702
4.0,0.01,2.2,4,N,65703
4.0,0.01,2.2,5,N,65704
4.0,0.01,2.5,1,N,65705
4.0,0.01,2.5,2,N,65706
4.0,0.01,2.5,3,N,65707
4.0,0.01,2.5,4,N,65708
4.0,0.01,2.5,5,N,65709
4.0,0.01,2.8000000000000003,1,N,65710
4.0,0.01,2.8000000000000003,2,N,65711
4.0,0.01,2.8000000000000003,3,N,65712
4.0,0.01,2.8000000000000003,4,N,65713
4.0,0.01,2.8000000000000003,5,N,65714
4.0,0.01,3.1000000000000005,1,N,65715
4.0,0.01,3.1000000000000005,2,N,65716
4.0,0.01,3.1000000000000005,3,N,65717
4.0,0.01,3.1000000000000005,4,N,65718
4.0,0.01,3.1000000000000005,5,N,65719
4.0,0.01,3.4000000000000004,1,N,65720
4.0,0.01,3.4000000000000004,2,N,65721
4.0,0.01,3.4000000000000004,3,N,65722
4.0,0.01,3.4000000000000004,4,N,65723
4.0,0.01,3.4000000000000004,5,N,65724
4.0,0.01,3.7,1,N,65725
4.0,0.01,3.7,2,N,65726
4.0,0.01,3.7,3,N,65727
4.0,0.01,3.7,4,N,65728
4.0,0.01,3.7,5,N,65729
4.0,0.01,4.0,1,N,65730
4.0,0.01,4.0,2,N,65731
4.0,0.01,4.0,3,N,65732
4.0,0.01,4.0,4,N,65733
4.0,0.01,4.0,5,N,65734
4.0,0.01,4.300000000000002,1,N,65735
4.0,0.01,4.300000000000002,2,N,65736
4.0,0.01,4.300000000000002,3,N,65737
4.0,0.01,4.300000000000002,4,N,65738
4.0,0.01,4.300000000000002,5,N,65739
4.0,0.01,4.6000000000000005,1,N,65740
4.0,0.01,4.6000000000000005,2,N,65741
4.0,0.01,4.6000000000000005,3,N,65742
4.0,0.01,4.6000000000000005,4,N,65743
4.0,0.01,4.6000000000000005,5,N,65744
4.0,0.01,4.9,1,N,65745
4.0,0.01,4.9,2,N,65746
4.0,0.01,4.9,3,N,65747
4.0,0.01,4.9,4,N,65748
4.0,0.01,4.9,5,N,65749
4.0,0.11,0.01,1,N,65750
4.0,0.11,0.01,2,N,65751
4.0,0.11,0.01,3,N,65752
4.0,0.11,0.01,4,N,65753
4.0,0.11,0.01,5,N,65754
4.0,0.11,0.11,1,N,65755
4.0,0.11,0.11,2,N,65756
4.0,0.11,0.11,3,N,65757
4.0,0.11,0.11,4,N,65758
4.0,0.11,0.11,5,N,65759
4.0,0.11,0.21,1,N,65760
4.0,0.11,0.21,2,N,65761
4.0,0.11,0.21,3,N,65762
4.0,0.11,0.21,4,N,65763
4.0,0.11,0.21,5,N,65764
4.0,0.11,0.31000000000000005,1,N,65765
4.0,0.11,0.31000000000000005,2,N,65766
4.0,0.11,0.31000000000000005,3,N,65767
4.0,0.11,0.31000000000000005,4,N,65768
4.0,0.11,0.31000000000000005,5,N,65769
4.0,0.11,0.41,1,N,65770
4.0,0.11,0.41,2,N,65771
4.0,0.11,0.41,3,N,65772
4.0,0.11,0.41,4,N,65773
4.0,0.11,0.41,5,N,65774
4.0,0.11,0.51,1,N,65775
4.0,0.11,0.51,2,N,65776
4.0,0.11,0.51,3,N,65777
4.0,0.11,0.51,4,N,65778
4.0,0.11,0.51,5,N,65779
4.0,0.11,0.6100000000000001,1,N,65780
4.0,0.11,0.6100000000000001,2,N,65781
4.0,0.11,0.6100000000000001,3,N,65782
4.0,0.11,0.6100000000000001,4,N,65783
4.0,0.11,0.6100000000000001,5,N,65784
4.0,0.11,0.7100000000000001,1,N,65785
4.0,0.11,0.7100000000000001,2,N,65786
4.0,0.11,0.7100000000000001,3,N,65787
4.0,0.11,0.7100000000000001,4,N,65788
4.0,0.11,0.7100000000000001,5,N,65789
4.0,0.11,0.81,1,N,65790
4.0,0.11,0.81,2,N,65791
4.0,0.11,0.81,3,N,65792
4.0,0.11,0.81,4,N,65793
4.0,0.11,0.81,5,N,65794
4.0,0.11,0.91,1,N,65795
4.0,0.11,0.91,2,N,65796
4.0,0.11,0.91,3,N,65797
4.0,0.11,0.91,4,N,65798
4.0,0.11,0.91,5,N,65799
4.0,0.11,1.01,1,N,65800
4.0,0.11,1.01,2,N,65801
4.0,0.11,1.01,3,N,65802
4.0,0.11,1.01,4,N,65803
4.0,0.11,1.01,5,N,65804
4.0,0.11,1.11,1,N,65805
4.0,0.11,1.11,2,N,65806
4.0,0.11,1.11,3,N,65807
4.0,0.11,1.11,4,N,65808
4.0,0.11,1.11,5,N,65809
4.0,0.11,1.3,1,N,65810
4.0,0.11,1.3,2,N,65811
4.0,0.11,1.3,3,N,65812
4.0,0.11,1.3,4,N,65813
4.0,0.11,1.3,5,N,65814
4.0,0.11,1.6,1,N,65815
4.0,0.11,1.6,2,N,65816
4.0,0.11,1.6,3,N,65817
4.0,0.11,1.6,4,N,65818
4.0,0.11,1.6,5,N,65819
4.0,0.11,1.9,1,N,65820
4.0,0.11,1.9,2,N,65821
4.0,0.11,1.9,3,N,65822
4.0,0.11,1.9,4,N,65823
4.0,0.11,1.9,5,N,65824
4.0,0.11,2.2,1,N,65825
4.0,0.11,2.2,2,N,65826
4.0,0.11,2.2,3,N,65827
4.0,0.11,2.2,4,N,65828
4.0,0.11,2.2,5,N,65829
4.0,0.11,2.5,1,N,65830
4.0,0.11,2.5,2,N,65831
4.0,0.11,2.5,3,N,65832
4.0,0.11,2.5,4,N,65833
4.0,0.11,2.5,5,N,65834
4.0,0.11,2.8000000000000003,1,N,65835
4.0,0.11,2.8000000000000003,2,N,65836
4.0,0.11,2.8000000000000003,3,N,65837
4.0,0.11,2.8000000000000003,4,N,65838
4.0,0.11,2.8000000000000003,5,N,65839
4.0,0.11,3.1000000000000005,1,N,65840
4.0,0.11,3.1000000000000005,2,N,65841
4.0,0.11,3.1000000000000005,3,N,65842
4.0,0.11,3.1000000000000005,4,N,65843
4.0,0.11,3.1000000000000005,5,N,65844
4.0,0.11,3.4000000000000004,1,N,65845
4.0,0.11,3.4000000000000004,2,N,65846
4.0,0.11,3.4000000000000004,3,N,65847
4.0,0.11,3.4000000000000004,4,N,65848
4.0,0.11,3.4000000000000004,5,N,65849
4.0,0.11,3.7,1,N,65850
4.0,0.11,3.7,2,N,65851
4.0,0.11,3.7,3,N,65852
4.0,0.11,3.7,4,N,65853
4.0,0.11,3.7,5,N,65854
4.0,0.11,4.0,1,N,65855
4.0,0.11,4.0,2,N,65856
4.0,0.11,4.0,3,N,65857
4.0,0.11,4.0,4,N,65858
4.0,0.11,4.0,5,N,65859
4.0,0.11,4.300000000000002,1,N,65860
4.0,0.11,4.300000000000002,2,N,65861
4.0,0.11,4.300000000000002,3,N,65862
4.0,0.11,4.300000000000002,4,N,65863
4.0,0.11,4.300000000000002,5,N,65864
4.0,0.11,4.6000000000000005,1,N,65865
4.0,0.11,4.6000000000000005,2,N,65866
4.0,0.11,4.6000000000000005,3,N,65867
4.0,0.11,4.6000000000000005,4,N,65868
4.0,0.11,4.6000000000000005,5,N,65869
4.0,0.11,4.9,1,N,65870
4.0,0.11,4.9,2,N,65871
4.0,0.11,4.9,3,N,65872
4.0,0.11,4.9,4,N,65873
4.0,0.11,4.9,5,N,65874
4.0,0.21,0.01,1,N,65875
4.0,0.21,0.01,2,N,65876
4.0,0.21,0.01,3,N,65877
4.0,0.21,0.01,4,N,65878
4.0,0.21,0.01,5,N,65879
4.0,0.21,0.11,1,N,65880
4.0,0.21,0.11,2,N,65881
4.0,0.21,0.11,3,N,65882
4.0,0.21,0.11,4,N,65883
4.0,0.21,0.11,5,N,65884
4.0,0.21,0.21,1,N,65885
4.0,0.21,0.21,2,N,65886
4.0,0.21,0.21,3,N,65887
4.0,0.21,0.21,4,N,65888
4.0,0.21,0.21,5,N,65889
4.0,0.21,0.31000000000000005,1,N,65890
4.0,0.21,0.31000000000000005,2,N,65891
4.0,0.21,0.31000000000000005,3,N,65892
4.0,0.21,0.31000000000000005,4,N,65893
4.0,0.21,0.31000000000000005,5,N,65894
4.0,0.21,0.41,1,N,65895
4.0,0.21,0.41,2,N,65896
4.0,0.21,0.41,3,N,65897
4.0,0.21,0.41,4,N,65898
4.0,0.21,0.41,5,N,65899
4.0,0.21,0.51,1,N,65900
4.0,0.21,0.51,2,N,65901
4.0,0.21,0.51,3,N,65902
4.0,0.21,0.51,4,N,65903
4.0,0.21,0.51,5,N,65904
4.0,0.21,0.6100000000000001,1,N,65905
4.0,0.21,0.6100000000000001,2,N,65906
4.0,0.21,0.6100000000000001,3,N,65907
4.0,0.21,0.6100000000000001,4,N,65908
4.0,0.21,0.6100000000000001,5,N,65909
4.0,0.21,0.7100000000000001,1,N,65910
4.0,0.21,0.7100000000000001,2,N,65911
4.0,0.21,0.7100000000000001,3,N,65912
4.0,0.21,0.7100000000000001,4,N,65913
4.0,0.21,0.7100000000000001,5,N,65914
4.0,0.21,0.81,1,N,65915
4.0,0.21,0.81,2,N,65916
4.0,0.21,0.81,3,N,65917
4.0,0.21,0.81,4,N,65918
4.0,0.21,0.81,5,N,65919
4.0,0.21,0.91,1,N,65920
4.0,0.21,0.91,2,N,65921
4.0,0.21,0.91,3,N,65922
4.0,0.21,0.91,4,N,65923
4.0,0.21,0.91,5,N,65924
4.0,0.21,1.01,1,N,65925
4.0,0.21,1.01,2,N,65926
4.0,0.21,1.01,3,N,65927
4.0,0.21,1.01,4,N,65928
4.0,0.21,1.01,5,N,65929
4.0,0.21,1.11,1,N,65930
4.0,0.21,1.11,2,N,65931
4.0,0.21,1.11,3,N,65932
4.0,0.21,1.11,4,N,65933
4.0,0.21,1.11,5,N,65934
4.0,0.21,1.3,1,N,65935
4.0,0.21,1.3,2,N,65936
4.0,0.21,1.3,3,N,65937
4.0,0.21,1.3,4,N,65938
4.0,0.21,1.3,5,N,65939
4.0,0.21,1.6,1,N,65940
4.0,0.21,1.6,2,N,65941
4.0,0.21,1.6,3,N,65942
4.0,0.21,1.6,4,N,65943
4.0,0.21,1.6,5,N,65944
4.0,0.21,1.9,1,N,65945
4.0,0.21,1.9,2,N,65946
4.0,0.21,1.9,3,N,65947
4.0,0.21,1.9,4,N,65948
4.0,0.21,1.9,5,N,65949
4.0,0.21,2.2,1,N,65950
4.0,0.21,2.2,2,N,65951
4.0,0.21,2.2,3,N,65952
4.0,0.21,2.2,4,N,65953
4.0,0.21,2.2,5,N,65954
4.0,0.21,2.5,1,N,65955
4.0,0.21,2.5,2,N,65956
4.0,0.21,2.5,3,N,65957
4.0,0.21,2.5,4,N,65958
4.0,0.21,2.5,5,N,65959
4.0,0.21,2.8000000000000003,1,N,65960
4.0,0.21,2.8000000000000003,2,N,65961
4.0,0.21,2.8000000000000003,3,N,65962
4.0,0.21,2.8000000000000003,4,N,65963
4.0,0.21,2.8000000000000003,5,N,65964
4.0,0.21,3.1000000000000005,1,N,65965
4.0,0.21,3.1000000000000005,2,N,65966
4.0,0.21,3.1000000000000005,3,N,65967
4.0,0.21,3.1000000000000005,4,N,65968
4.0,0.21,3.1000000000000005,5,N,65969
4.0,0.21,3.4000000000000004,1,N,65970
4.0,0.21,3.4000000000000004,2,N,65971
4.0,0.21,3.4000000000000004,3,N,65972
4.0,0.21,3.4000000000000004,4,N,65973
4.0,0.21,3.4000000000000004,5,N,65974
4.0,0.21,3.7,1,N,65975
4.0,0.21,3.7,2,N,65976
4.0,0.21,3.7,3,N,65977
4.0,0.21,3.7,4,N,65978
4.0,0.21,3.7,5,N,65979
4.0,0.21,4.0,1,N,65980
4.0,0.21,4.0,2,N,65981
4.0,0.21,4.0,3,N,65982
4.0,0.21,4.0,4,N,65983
4.0,0.21,4.0,5,N,65984
4.0,0.21,4.300000000000002,1,N,65985
4.0,0.21,4.300000000000002,2,N,65986
4.0,0.21,4.300000000000002,3,N,65987
4.0,0.21,4.300000000000002,4,N,65988
4.0,0.21,4.300000000000002,5,N,65989
4.0,0.21,4.6000000000000005,1,N,65990
4.0,0.21,4.6000000000000005,2,N,65991
4.0,0.21,4.6000000000000005,3,N,65992
4.0,0.21,4.6000000000000005,4,N,65993
4.0,0.21,4.6000000000000005,5,N,65994
4.0,0.21,4.9,1,N,65995
4.0,0.21,4.9,2,N,65996
4.0,0.21,4.9,3,N,65997
4.0,0.21,4.9,4,N,65998
4.0,0.21,4.9,5,N,65999
4.0,0.31000000000000005,0.01,1,N,66000
4.0,0.31000000000000005,0.01,2,N,66001
4.0,0.31000000000000005,0.01,3,N,66002
4.0,0.31000000000000005,0.01,4,N,66003
4.0,0.31000000000000005,0.01,5,N,66004
4.0,0.31000000000000005,0.11,1,N,66005
4.0,0.31000000000000005,0.11,2,N,66006
4.0,0.31000000000000005,0.11,3,N,66007
4.0,0.31000000000000005,0.11,4,N,66008
4.0,0.31000000000000005,0.11,5,N,66009
4.0,0.31000000000000005,0.21,1,N,66010
4.0,0.31000000000000005,0.21,2,N,66011
4.0,0.31000000000000005,0.21,3,N,66012
4.0,0.31000000000000005,0.21,4,N,66013
4.0,0.31000000000000005,0.21,5,N,66014
4.0,0.31000000000000005,0.31000000000000005,1,N,66015
4.0,0.31000000000000005,0.31000000000000005,2,N,66016
4.0,0.31000000000000005,0.31000000000000005,3,N,66017
4.0,0.31000000000000005,0.31000000000000005,4,N,66018
4.0,0.31000000000000005,0.31000000000000005,5,N,66019
4.0,0.31000000000000005,0.41,1,N,66020
4.0,0.31000000000000005,0.41,2,N,66021
4.0,0.31000000000000005,0.41,3,N,66022
4.0,0.31000000000000005,0.41,4,N,66023
4.0,0.31000000000000005,0.41,5,N,66024
4.0,0.31000000000000005,0.51,1,N,66025
4.0,0.31000000000000005,0.51,2,N,66026
4.0,0.31000000000000005,0.51,3,N,66027
4.0,0.31000000000000005,0.51,4,N,66028
4.0,0.31000000000000005,0.51,5,N,66029
4.0,0.31000000000000005,0.6100000000000001,1,N,66030
4.0,0.31000000000000005,0.6100000000000001,2,N,66031
4.0,0.31000000000000005,0.6100000000000001,3,N,66032
4.0,0.31000000000000005,0.6100000000000001,4,N,66033
4.0,0.31000000000000005,0.6100000000000001,5,N,66034
4.0,0.31000000000000005,0.7100000000000001,1,N,66035
4.0,0.31000000000000005,0.7100000000000001,2,N,66036
4.0,0.31000000000000005,0.7100000000000001,3,N,66037
4.0,0.31000000000000005,0.7100000000000001,4,N,66038
4.0,0.31000000000000005,0.7100000000000001,5,N,66039
4.0,0.31000000000000005,0.81,1,N,66040
4.0,0.31000000000000005,0.81,2,N,66041
4.0,0.31000000000000005,0.81,3,N,66042
4.0,0.31000000000000005,0.81,4,N,66043
4.0,0.31000000000000005,0.81,5,N,66044
4.0,0.31000000000000005,0.91,1,N,66045
4.0,0.31000000000000005,0.91,2,N,66046
4.0,0.31000000000000005,0.91,3,N,66047
4.0,0.31000000000000005,0.91,4,N,66048
4.0,0.31000000000000005,0.91,5,N,66049
4.0,0.31000000000000005,1.01,1,N,66050
4.0,0.31000000000000005,1.01,2,N,66051
4.0,0.31000000000000005,1.01,3,N,66052
4.0,0.31000000000000005,1.01,4,N,66053
4.0,0.31000000000000005,1.01,5,N,66054
4.0,0.31000000000000005,1.11,1,N,66055
4.0,0.31000000000000005,1.11,2,N,66056
4.0,0.31000000000000005,1.11,3,N,66057
4.0,0.31000000000000005,1.11,4,N,66058
4.0,0.31000000000000005,1.11,5,N,66059
4.0,0.31000000000000005,1.3,1,N,66060
4.0,0.31000000000000005,1.3,2,N,66061
4.0,0.31000000000000005,1.3,3,N,66062
4.0,0.31000000000000005,1.3,4,N,66063
4.0,0.31000000000000005,1.3,5,N,66064
4.0,0.31000000000000005,1.6,1,N,66065
4.0,0.31000000000000005,1.6,2,N,66066
4.0,0.31000000000000005,1.6,3,N,66067
4.0,0.31000000000000005,1.6,4,N,66068
4.0,0.31000000000000005,1.6,5,N,66069
4.0,0.31000000000000005,1.9,1,N,66070
4.0,0.31000000000000005,1.9,2,N,66071
4.0,0.31000000000000005,1.9,3,N,66072
4.0,0.31000000000000005,1.9,4,N,66073
4.0,0.31000000000000005,1.9,5,N,66074
4.0,0.31000000000000005,2.2,1,N,66075
4.0,0.31000000000000005,2.2,2,N,66076
4.0,0.31000000000000005,2.2,3,N,66077
4.0,0.31000000000000005,2.2,4,N,66078
4.0,0.31000000000000005,2.2,5,N,66079
4.0,0.31000000000000005,2.5,1,N,66080
4.0,0.31000000000000005,2.5,2,N,66081
4.0,0.31000000000000005,2.5,3,N,66082
4.0,0.31000000000000005,2.5,4,N,66083
4.0,0.31000000000000005,2.5,5,N,66084
4.0,0.31000000000000005,2.8000000000000003,1,N,66085
4.0,0.31000000000000005,2.8000000000000003,2,N,66086
4.0,0.31000000000000005,2.8000000000000003,3,N,66087
4.0,0.31000000000000005,2.8000000000000003,4,N,66088
4.0,0.31000000000000005,2.8000000000000003,5,N,66089
4.0,0.31000000000000005,3.1000000000000005,1,N,66090
4.0,0.31000000000000005,3.1000000000000005,2,N,66091
4.0,0.31000000000000005,3.1000000000000005,3,N,66092
4.0,0.31000000000000005,3.1000000000000005,4,N,66093
4.0,0.31000000000000005,3.1000000000000005,5,N,66094
4.0,0.31000000000000005,3.4000000000000004,1,N,66095
4.0,0.31000000000000005,3.4000000000000004,2,N,66096
4.0,0.31000000000000005,3.4000000000000004,3,N,66097
4.0,0.31000000000000005,3.4000000000000004,4,N,66098
4.0,0.31000000000000005,3.4000000000000004,5,N,66099
4.0,0.31000000000000005,3.7,1,N,66100
4.0,0.31000000000000005,3.7,2,N,66101
4.0,0.31000000000000005,3.7,3,N,66102
4.0,0.31000000000000005,3.7,4,N,66103
4.0,0.31000000000000005,3.7,5,N,66104
4.0,0.31000000000000005,4.0,1,N,66105
4.0,0.31000000000000005,4.0,2,N,66106
4.0,0.31000000000000005,4.0,3,N,66107
4.0,0.31000000000000005,4.0,4,N,66108
4.0,0.31000000000000005,4.0,5,N,66109
4.0,0.31000000000000005,4.300000000000002,1,N,66110
4.0,0.31000000000000005,4.300000000000002,2,N,66111
4.0,0.31000000000000005,4.300000000000002,3,N,66112
4.0,0.31000000000000005,4.300000000000002,4,N,66113
4.0,0.31000000000000005,4.300000000000002,5,N,66114
4.0,0.31000000000000005,4.6000000000000005,1,N,66115
4.0,0.31000000000000005,4.6000000000000005,2,N,66116
4.0,0.31000000000000005,4.6000000000000005,3,N,66117
4.0,0.31000000000000005,4.6000000000000005,4,N,66118
4.0,0.31000000000000005,4.6000000000000005,5,N,66119
4.0,0.31000000000000005,4.9,1,N,66120
4.0,0.31000000000000005,4.9,2,N,66121
4.0,0.31000000000000005,4.9,3,N,66122
4.0,0.31000000000000005,4.9,4,N,66123
4.0,0.31000000000000005,4.9,5,N,66124
4.0,0.41,0.01,1,N,66125
4.0,0.41,0.01,2,N,66126
4.0,0.41,0.01,3,N,66127
4.0,0.41,0.01,4,N,66128
4.0,0.41,0.01,5,N,66129
4.0,0.41,0.11,1,N,66130
4.0,0.41,0.11,2,N,66131
4.0,0.41,0.11,3,N,66132
4.0,0.41,0.11,4,N,66133
4.0,0.41,0.11,5,N,66134
4.0,0.41,0.21,1,N,66135
4.0,0.41,0.21,2,N,66136
4.0,0.41,0.21,3,N,66137
4.0,0.41,0.21,4,N,66138
4.0,0.41,0.21,5,N,66139
4.0,0.41,0.31000000000000005,1,N,66140
4.0,0.41,0.31000000000000005,2,N,66141
4.0,0.41,0.31000000000000005,3,N,66142
4.0,0.41,0.31000000000000005,4,N,66143
4.0,0.41,0.31000000000000005,5,N,66144
4.0,0.41,0.41,1,N,66145
4.0,0.41,0.41,2,N,66146
4.0,0.41,0.41,3,N,66147
4.0,0.41,0.41,4,N,66148
4.0,0.41,0.41,5,N,66149
4.0,0.41,0.51,1,N,66150
4.0,0.41,0.51,2,N,66151
4.0,0.41,0.51,3,N,66152
4.0,0.41,0.51,4,N,66153
4.0,0.41,0.51,5,N,66154
4.0,0.41,0.6100000000000001,1,N,66155
4.0,0.41,0.6100000000000001,2,N,66156
4.0,0.41,0.6100000000000001,3,N,66157
4.0,0.41,0.6100000000000001,4,N,66158
4.0,0.41,0.6100000000000001,5,N,66159
4.0,0.41,0.7100000000000001,1,N,66160
4.0,0.41,0.7100000000000001,2,N,66161
4.0,0.41,0.7100000000000001,3,N,66162
4.0,0.41,0.7100000000000001,4,N,66163
4.0,0.41,0.7100000000000001,5,N,66164
4.0,0.41,0.81,1,N,66165
4.0,0.41,0.81,2,N,66166
4.0,0.41,0.81,3,N,66167
4.0,0.41,0.81,4,N,66168
4.0,0.41,0.81,5,N,66169
4.0,0.41,0.91,1,N,66170
4.0,0.41,0.91,2,N,66171
4.0,0.41,0.91,3,N,66172
4.0,0.41,0.91,4,N,66173
4.0,0.41,0.91,5,N,66174
4.0,0.41,1.01,1,N,66175
4.0,0.41,1.01,2,N,66176
4.0,0.41,1.01,3,N,66177
4.0,0.41,1.01,4,N,66178
4.0,0.41,1.01,5,N,66179
4.0,0.41,1.11,1,N,66180
4.0,0.41,1.11,2,N,66181
4.0,0.41,1.11,3,N,66182
4.0,0.41,1.11,4,N,66183
4.0,0.41,1.11,5,N,66184
4.0,0.41,1.3,1,N,66185
4.0,0.41,1.3,2,N,66186
4.0,0.41,1.3,3,N,66187
4.0,0.41,1.3,4,N,66188
4.0,0.41,1.3,5,N,66189
4.0,0.41,1.6,1,N,66190
4.0,0.41,1.6,2,N,66191
4.0,0.41,1.6,3,N,66192
4.0,0.41,1.6,4,N,66193
4.0,0.41,1.6,5,N,66194
4.0,0.41,1.9,1,N,66195
4.0,0.41,1.9,2,N,66196
4.0,0.41,1.9,3,N,66197
4.0,0.41,1.9,4,N,66198
4.0,0.41,1.9,5,N,66199
4.0,0.41,2.2,1,N,66200
4.0,0.41,2.2,2,N,66201
4.0,0.41,2.2,3,N,66202
4.0,0.41,2.2,4,N,66203
4.0,0.41,2.2,5,N,66204
4.0,0.41,2.5,1,N,66205
4.0,0.41,2.5,2,N,66206
4.0,0.41,2.5,3,N,66207
4.0,0.41,2.5,4,N,66208
4.0,0.41,2.5,5,N,66209
4.0,0.41,2.8000000000000003,1,N,66210
4.0,0.41,2.8000000000000003,2,N,66211
4.0,0.41,2.8000000000000003,3,N,66212
4.0,0.41,2.8000000000000003,4,N,66213
4.0,0.41,2.8000000000000003,5,N,66214
4.0,0.41,3.1000000000000005,1,N,66215
4.0,0.41,3.1000000000000005,2,N,66216
4.0,0.41,3.1000000000000005,3,N,66217
4.0,0.41,3.1000000000000005,4,N,66218
4.0,0.41,3.1000000000000005,5,N,66219
4.0,0.41,3.4000000000000004,1,N,66220
4.0,0.41,3.4000000000000004,2,N,66221
4.0,0.41,3.4000000000000004,3,N,66222
4.0,0.41,3.4000000000000004,4,N,66223
4.0,0.41,3.4000000000000004,5,N,66224
4.0,0.41,3.7,1,N,66225
4.0,0.41,3.7,2,N,66226
4.0,0.41,3.7,3,N,66227
4.0,0.41,3.7,4,N,66228
4.0,0.41,3.7,5,N,66229
4.0,0.41,4.0,1,N,66230
4.0,0.41,4.0,2,N,66231
4.0,0.41,4.0,3,N,66232
4.0,0.41,4.0,4,N,66233
4.0,0.41,4.0,5,N,66234
4.0,0.41,4.300000000000002,1,N,66235
4.0,0.41,4.300000000000002,2,N,66236
4.0,0.41,4.300000000000002,3,N,66237
4.0,0.41,4.300000000000002,4,N,66238
4.0,0.41,4.300000000000002,5,N,66239
4.0,0.41,4.6000000000000005,1,N,66240
4.0,0.41,4.6000000000000005,2,N,66241
4.0,0.41,4.6000000000000005,3,N,66242
4.0,0.41,4.6000000000000005,4,N,66243
4.0,0.41,4.6000000000000005,5,N,66244
4.0,0.41,4.9,1,N,66245
4.0,0.41,4.9,2,N,66246
4.0,0.41,4.9,3,N,66247
4.0,0.41,4.9,4,N,66248
4.0,0.41,4.9,5,N,66249
4.0,0.51,0.01,1,N,66250
4.0,0.51,0.01,2,N,66251
4.0,0.51,0.01,3,N,66252
4.0,0.51,0.01,4,N,66253
4.0,0.51,0.01,5,N,66254
4.0,0.51,0.11,1,N,66255
4.0,0.51,0.11,2,N,66256
4.0,0.51,0.11,3,N,66257
4.0,0.51,0.11,4,N,66258
4.0,0.51,0.11,5,N,66259
4.0,0.51,0.21,1,N,66260
4.0,0.51,0.21,2,N,66261
4.0,0.51,0.21,3,N,66262
4.0,0.51,0.21,4,N,66263
4.0,0.51,0.21,5,N,66264
4.0,0.51,0.31000000000000005,1,N,66265
4.0,0.51,0.31000000000000005,2,N,66266
4.0,0.51,0.31000000000000005,3,N,66267
4.0,0.51,0.31000000000000005,4,N,66268
4.0,0.51,0.31000000000000005,5,N,66269
4.0,0.51,0.41,1,N,66270
4.0,0.51,0.41,2,N,66271
4.0,0.51,0.41,3,N,66272
4.0,0.51,0.41,4,N,66273
4.0,0.51,0.41,5,N,66274
4.0,0.51,0.51,1,N,66275
4.0,0.51,0.51,2,N,66276
4.0,0.51,0.51,3,N,66277
4.0,0.51,0.51,4,N,66278
4.0,0.51,0.51,5,N,66279
4.0,0.51,0.6100000000000001,1,N,66280
4.0,0.51,0.6100000000000001,2,N,66281
4.0,0.51,0.6100000000000001,3,N,66282
4.0,0.51,0.6100000000000001,4,N,66283
4.0,0.51,0.6100000000000001,5,N,66284
4.0,0.51,0.7100000000000001,1,N,66285
4.0,0.51,0.7100000000000001,2,N,66286
4.0,0.51,0.7100000000000001,3,N,66287
4.0,0.51,0.7100000000000001,4,N,66288
4.0,0.51,0.7100000000000001,5,N,66289
4.0,0.51,0.81,1,N,66290
4.0,0.51,0.81,2,N,66291
4.0,0.51,0.81,3,N,66292
4.0,0.51,0.81,4,N,66293
4.0,0.51,0.81,5,N,66294
4.0,0.51,0.91,1,N,66295
4.0,0.51,0.91,2,N,66296
4.0,0.51,0.91,3,N,66297
4.0,0.51,0.91,4,N,66298
4.0,0.51,0.91,5,N,66299
4.0,0.51,1.01,1,N,66300
4.0,0.51,1.01,2,N,66301
4.0,0.51,1.01,3,N,66302
4.0,0.51,1.01,4,N,66303
4.0,0.51,1.01,5,N,66304
4.0,0.51,1.11,1,N,66305
4.0,0.51,1.11,2,N,66306
4.0,0.51,1.11,3,N,66307
4.0,0.51,1.11,4,N,66308
4.0,0.51,1.11,5,N,66309
4.0,0.51,1.3,1,N,66310
4.0,0.51,1.3,2,N,66311
4.0,0.51,1.3,3,N,66312
4.0,0.51,1.3,4,N,66313
4.0,0.51,1.3,5,N,66314
4.0,0.51,1.6,1,N,66315
4.0,0.51,1.6,2,N,66316
4.0,0.51,1.6,3,N,66317
4.0,0.51,1.6,4,N,66318
4.0,0.51,1.6,5,N,66319
4.0,0.51,1.9,1,N,66320
4.0,0.51,1.9,2,N,66321
4.0,0.51,1.9,3,N,66322
4.0,0.51,1.9,4,N,66323
4.0,0.51,1.9,5,N,66324
4.0,0.51,2.2,1,N,66325
4.0,0.51,2.2,2,N,66326
4.0,0.51,2.2,3,N,66327
4.0,0.51,2.2,4,N,66328
4.0,0.51,2.2,5,N,66329
4.0,0.51,2.5,1,N,66330
4.0,0.51,2.5,2,N,66331
4.0,0.51,2.5,3,N,66332
4.0,0.51,2.5,4,N,66333
4.0,0.51,2.5,5,N,66334
4.0,0.51,2.8000000000000003,1,N,66335
4.0,0.51,2.8000000000000003,2,N,66336
4.0,0.51,2.8000000000000003,3,N,66337
4.0,0.51,2.8000000000000003,4,N,66338
4.0,0.51,2.8000000000000003,5,N,66339
4.0,0.51,3.1000000000000005,1,N,66340
4.0,0.51,3.1000000000000005,2,N,66341
4.0,0.51,3.1000000000000005,3,N,66342
4.0,0.51,3.1000000000000005,4,N,66343
4.0,0.51,3.1000000000000005,5,N,66344
4.0,0.51,3.4000000000000004,1,N,66345
4.0,0.51,3.4000000000000004,2,N,66346
4.0,0.51,3.4000000000000004,3,N,66347
4.0,0.51,3.4000000000000004,4,N,66348
4.0,0.51,3.4000000000000004,5,N,66349
4.0,0.51,3.7,1,N,66350
4.0,0.51,3.7,2,N,66351
4.0,0.51,3.7,3,N,66352
4.0,0.51,3.7,4,N,66353
4.0,0.51,3.7,5,N,66354
4.0,0.51,4.0,1,N,66355
4.0,0.51,4.0,2,N,66356
4.0,0.51,4.0,3,N,66357
4.0,0.51,4.0,4,N,66358
4.0,0.51,4.0,5,N,66359
4.0,0.51,4.300000000000002,1,N,66360
4.0,0.51,4.300000000000002,2,N,66361
4.0,0.51,4.300000000000002,3,N,66362
4.0,0.51,4.300000000000002,4,N,66363
4.0,0.51,4.300000000000002,5,N,66364
4.0,0.51,4.6000000000000005,1,N,66365
4.0,0.51,4.6000000000000005,2,N,66366
4.0,0.51,4.6000000000000005,3,N,66367
4.0,0.51,4.6000000000000005,4,N,66368
4.0,0.51,4.6000000000000005,5,N,66369
4.0,0.51,4.9,1,N,66370
4.0,0.51,4.9,2,N,66371
4.0,0.51,4.9,3,N,66372
4.0,0.51,4.9,4,N,66373
4.0,0.51,4.9,5,N,66374
4.0,0.6100000000000001,0.01,1,N,66375
4.0,0.6100000000000001,0.01,2,N,66376
4.0,0.6100000000000001,0.01,3,N,66377
4.0,0.6100000000000001,0.01,4,N,66378
4.0,0.6100000000000001,0.01,5,N,66379
4.0,0.6100000000000001,0.11,1,N,66380
4.0,0.6100000000000001,0.11,2,N,66381
4.0,0.6100000000000001,0.11,3,N,66382
4.0,0.6100000000000001,0.11,4,N,66383
4.0,0.6100000000000001,0.11,5,N,66384
4.0,0.6100000000000001,0.21,1,N,66385
4.0,0.6100000000000001,0.21,2,N,66386
4.0,0.6100000000000001,0.21,3,N,66387
4.0,0.6100000000000001,0.21,4,N,66388
4.0,0.6100000000000001,0.21,5,N,66389
4.0,0.6100000000000001,0.31000000000000005,1,N,66390
4.0,0.6100000000000001,0.31000000000000005,2,N,66391
4.0,0.6100000000000001,0.31000000000000005,3,N,66392
4.0,0.6100000000000001,0.31000000000000005,4,N,66393
4.0,0.6100000000000001,0.31000000000000005,5,N,66394
4.0,0.6100000000000001,0.41,1,N,66395
4.0,0.6100000000000001,0.41,2,N,66396
4.0,0.6100000000000001,0.41,3,N,66397
4.0,0.6100000000000001,0.41,4,N,66398
4.0,0.6100000000000001,0.41,5,N,66399
4.0,0.6100000000000001,0.51,1,N,66400
4.0,0.6100000000000001,0.51,2,N,66401
4.0,0.6100000000000001,0.51,3,N,66402
4.0,0.6100000000000001,0.51,4,N,66403
4.0,0.6100000000000001,0.51,5,N,66404
4.0,0.6100000000000001,0.6100000000000001,1,N,66405
4.0,0.6100000000000001,0.6100000000000001,2,N,66406
4.0,0.6100000000000001,0.6100000000000001,3,N,66407
4.0,0.6100000000000001,0.6100000000000001,4,N,66408
4.0,0.6100000000000001,0.6100000000000001,5,N,66409
4.0,0.6100000000000001,0.7100000000000001,1,N,66410
4.0,0.6100000000000001,0.7100000000000001,2,N,66411
4.0,0.6100000000000001,0.7100000000000001,3,N,66412
4.0,0.6100000000000001,0.7100000000000001,4,N,66413
4.0,0.6100000000000001,0.7100000000000001,5,N,66414
4.0,0.6100000000000001,0.81,1,N,66415
4.0,0.6100000000000001,0.81,2,N,66416
4.0,0.6100000000000001,0.81,3,N,66417
4.0,0.6100000000000001,0.81,4,N,66418
4.0,0.6100000000000001,0.81,5,N,66419
4.0,0.6100000000000001,0.91,1,N,66420
4.0,0.6100000000000001,0.91,2,N,66421
4.0,0.6100000000000001,0.91,3,N,66422
4.0,0.6100000000000001,0.91,4,N,66423
4.0,0.6100000000000001,0.91,5,N,66424
4.0,0.6100000000000001,1.01,1,N,66425
4.0,0.6100000000000001,1.01,2,N,66426
4.0,0.6100000000000001,1.01,3,N,66427
4.0,0.6100000000000001,1.01,4,N,66428
4.0,0.6100000000000001,1.01,5,N,66429
4.0,0.6100000000000001,1.11,1,N,66430
4.0,0.6100000000000001,1.11,2,N,66431
4.0,0.6100000000000001,1.11,3,N,66432
4.0,0.6100000000000001,1.11,4,N,66433
4.0,0.6100000000000001,1.11,5,N,66434
4.0,0.6100000000000001,1.3,1,N,66435
4.0,0.6100000000000001,1.3,2,N,66436
4.0,0.6100000000000001,1.3,3,N,66437
4.0,0.6100000000000001,1.3,4,N,66438
4.0,0.6100000000000001,1.3,5,N,66439
4.0,0.6100000000000001,1.6,1,N,66440
4.0,0.6100000000000001,1.6,2,N,66441
4.0,0.6100000000000001,1.6,3,N,66442
4.0,0.6100000000000001,1.6,4,N,66443
4.0,0.6100000000000001,1.6,5,N,66444
4.0,0.6100000000000001,1.9,1,N,66445
4.0,0.6100000000000001,1.9,2,N,66446
4.0,0.6100000000000001,1.9,3,N,66447
4.0,0.6100000000000001,1.9,4,N,66448
4.0,0.6100000000000001,1.9,5,N,66449
4.0,0.6100000000000001,2.2,1,N,66450
4.0,0.6100000000000001,2.2,2,N,66451
4.0,0.6100000000000001,2.2,3,N,66452
4.0,0.6100000000000001,2.2,4,N,66453
4.0,0.6100000000000001,2.2,5,N,66454
4.0,0.6100000000000001,2.5,1,N,66455
4.0,0.6100000000000001,2.5,2,N,66456
4.0,0.6100000000000001,2.5,3,N,66457
4.0,0.6100000000000001,2.5,4,N,66458
4.0,0.6100000000000001,2.5,5,N,66459
4.0,0.6100000000000001,2.8000000000000003,1,N,66460
4.0,0.6100000000000001,2.8000000000000003,2,N,66461
4.0,0.6100000000000001,2.8000000000000003,3,N,66462
4.0,0.6100000000000001,2.8000000000000003,4,N,66463
4.0,0.6100000000000001,2.8000000000000003,5,N,66464
4.0,0.6100000000000001,3.1000000000000005,1,N,66465
4.0,0.6100000000000001,3.1000000000000005,2,N,66466
4.0,0.6100000000000001,3.1000000000000005,3,N,66467
4.0,0.6100000000000001,3.1000000000000005,4,N,66468
4.0,0.6100000000000001,3.1000000000000005,5,N,66469
4.0,0.6100000000000001,3.4000000000000004,1,N,66470
4.0,0.6100000000000001,3.4000000000000004,2,N,66471
4.0,0.6100000000000001,3.4000000000000004,3,N,66472
4.0,0.6100000000000001,3.4000000000000004,4,N,66473
4.0,0.6100000000000001,3.4000000000000004,5,N,66474
4.0,0.6100000000000001,3.7,1,N,66475
4.0,0.6100000000000001,3.7,2,N,66476
4.0,0.6100000000000001,3.7,3,N,66477
4.0,0.6100000000000001,3.7,4,N,66478
4.0,0.6100000000000001,3.7,5,N,66479
4.0,0.6100000000000001,4.0,1,N,66480
4.0,0.6100000000000001,4.0,2,N,66481
4.0,0.6100000000000001,4.0,3,N,66482
4.0,0.6100000000000001,4.0,4,N,66483
4.0,0.6100000000000001,4.0,5,N,66484
4.0,0.6100000000000001,4.300000000000002,1,N,66485
4.0,0.6100000000000001,4.300000000000002,2,N,66486
4.0,0.6100000000000001,4.300000000000002,3,N,66487
4.0,0.6100000000000001,4.300000000000002,4,N,66488
4.0,0.6100000000000001,4.300000000000002,5,N,66489
4.0,0.6100000000000001,4.6000000000000005,1,N,66490
4.0,0.6100000000000001,4.6000000000000005,2,N,66491
4.0,0.6100000000000001,4.6000000000000005,3,N,66492
4.0,0.6100000000000001,4.6000000000000005,4,N,66493
4.0,0.6100000000000001,4.6000000000000005,5,N,66494
4.0,0.6100000000000001,4.9,1,N,66495
4.0,0.6100000000000001,4.9,2,N,66496
4.0,0.6100000000000001,4.9,3,N,66497
4.0,0.6100000000000001,4.9,4,N,66498
4.0,0.6100000000000001,4.9,5,N,66499
4.0,0.7100000000000001,0.01,1,N,66500
4.0,0.7100000000000001,0.01,2,N,66501
4.0,0.7100000000000001,0.01,3,N,66502
4.0,0.7100000000000001,0.01,4,N,66503
4.0,0.7100000000000001,0.01,5,N,66504
4.0,0.7100000000000001,0.11,1,N,66505
4.0,0.7100000000000001,0.11,2,N,66506
4.0,0.7100000000000001,0.11,3,N,66507
4.0,0.7100000000000001,0.11,4,N,66508
4.0,0.7100000000000001,0.11,5,N,66509
4.0,0.7100000000000001,0.21,1,N,66510
4.0,0.7100000000000001,0.21,2,N,66511
4.0,0.7100000000000001,0.21,3,N,66512
4.0,0.7100000000000001,0.21,4,N,66513
4.0,0.7100000000000001,0.21,5,N,66514
4.0,0.7100000000000001,0.31000000000000005,1,N,66515
4.0,0.7100000000000001,0.31000000000000005,2,N,66516
4.0,0.7100000000000001,0.31000000000000005,3,N,66517
4.0,0.7100000000000001,0.31000000000000005,4,N,66518
4.0,0.7100000000000001,0.31000000000000005,5,N,66519
4.0,0.7100000000000001,0.41,1,N,66520
4.0,0.7100000000000001,0.41,2,N,66521
4.0,0.7100000000000001,0.41,3,N,66522
4.0,0.7100000000000001,0.41,4,N,66523
4.0,0.7100000000000001,0.41,5,N,66524
4.0,0.7100000000000001,0.51,1,N,66525
4.0,0.7100000000000001,0.51,2,N,66526
4.0,0.7100000000000001,0.51,3,N,66527
4.0,0.7100000000000001,0.51,4,N,66528
4.0,0.7100000000000001,0.51,5,N,66529
4.0,0.7100000000000001,0.6100000000000001,1,N,66530
4.0,0.7100000000000001,0.6100000000000001,2,N,66531
4.0,0.7100000000000001,0.6100000000000001,3,N,66532
4.0,0.7100000000000001,0.6100000000000001,4,N,66533
4.0,0.7100000000000001,0.6100000000000001,5,N,66534
4.0,0.7100000000000001,0.7100000000000001,1,N,66535
4.0,0.7100000000000001,0.7100000000000001,2,N,66536
4.0,0.7100000000000001,0.7100000000000001,3,N,66537
4.0,0.7100000000000001,0.7100000000000001,4,N,66538
4.0,0.7100000000000001,0.7100000000000001,5,N,66539
4.0,0.7100000000000001,0.81,1,N,66540
4.0,0.7100000000000001,0.81,2,N,66541
4.0,0.7100000000000001,0.81,3,N,66542
4.0,0.7100000000000001,0.81,4,N,66543
4.0,0.7100000000000001,0.81,5,N,66544
4.0,0.7100000000000001,0.91,1,N,66545
4.0,0.7100000000000001,0.91,2,N,66546
4.0,0.7100000000000001,0.91,3,N,66547
4.0,0.7100000000000001,0.91,4,N,66548
4.0,0.7100000000000001,0.91,5,N,66549
4.0,0.7100000000000001,1.01,1,N,66550
4.0,0.7100000000000001,1.01,2,N,66551
4.0,0.7100000000000001,1.01,3,N,66552
4.0,0.7100000000000001,1.01,4,N,66553
4.0,0.7100000000000001,1.01,5,N,66554
4.0,0.7100000000000001,1.11,1,N,66555
4.0,0.7100000000000001,1.11,2,N,66556
4.0,0.7100000000000001,1.11,3,N,66557
4.0,0.7100000000000001,1.11,4,N,66558
4.0,0.7100000000000001,1.11,5,N,66559
4.0,0.7100000000000001,1.3,1,N,66560
4.0,0.7100000000000001,1.3,2,N,66561
4.0,0.7100000000000001,1.3,3,N,66562
4.0,0.7100000000000001,1.3,4,N,66563
4.0,0.7100000000000001,1.3,5,N,66564
4.0,0.7100000000000001,1.6,1,N,66565
4.0,0.7100000000000001,1.6,2,N,66566
4.0,0.7100000000000001,1.6,3,N,66567
4.0,0.7100000000000001,1.6,4,N,66568
4.0,0.7100000000000001,1.6,5,N,66569
4.0,0.7100000000000001,1.9,1,N,66570
4.0,0.7100000000000001,1.9,2,N,66571
4.0,0.7100000000000001,1.9,3,N,66572
4.0,0.7100000000000001,1.9,4,N,66573
4.0,0.7100000000000001,1.9,5,N,66574
4.0,0.7100000000000001,2.2,1,N,66575
4.0,0.7100000000000001,2.2,2,N,66576
4.0,0.7100000000000001,2.2,3,N,66577
4.0,0.7100000000000001,2.2,4,N,66578
4.0,0.7100000000000001,2.2,5,N,66579
4.0,0.7100000000000001,2.5,1,N,66580
4.0,0.7100000000000001,2.5,2,N,66581
4.0,0.7100000000000001,2.5,3,N,66582
4.0,0.7100000000000001,2.5,4,N,66583
4.0,0.7100000000000001,2.5,5,N,66584
4.0,0.7100000000000001,2.8000000000000003,1,N,66585
4.0,0.7100000000000001,2.8000000000000003,2,N,66586
4.0,0.7100000000000001,2.8000000000000003,3,N,66587
4.0,0.7100000000000001,2.8000000000000003,4,N,66588
4.0,0.7100000000000001,2.8000000000000003,5,N,66589
4.0,0.7100000000000001,3.1000000000000005,1,N,66590
4.0,0.7100000000000001,3.1000000000000005,2,N,66591
4.0,0.7100000000000001,3.1000000000000005,3,N,66592
4.0,0.7100000000000001,3.1000000000000005,4,N,66593
4.0,0.7100000000000001,3.1000000000000005,5,N,66594
4.0,0.7100000000000001,3.4000000000000004,1,N,66595
4.0,0.7100000000000001,3.4000000000000004,2,N,66596
4.0,0.7100000000000001,3.4000000000000004,3,N,66597
4.0,0.7100000000000001,3.4000000000000004,4,N,66598
4.0,0.7100000000000001,3.4000000000000004,5,N,66599
4.0,0.7100000000000001,3.7,1,N,66600
4.0,0.7100000000000001,3.7,2,N,66601
4.0,0.7100000000000001,3.7,3,N,66602
4.0,0.7100000000000001,3.7,4,N,66603
4.0,0.7100000000000001,3.7,5,N,66604
4.0,0.7100000000000001,4.0,1,N,66605
4.0,0.7100000000000001,4.0,2,N,66606
4.0,0.7100000000000001,4.0,3,N,66607
4.0,0.7100000000000001,4.0,4,N,66608
4.0,0.7100000000000001,4.0,5,N,66609
4.0,0.7100000000000001,4.300000000000002,1,N,66610
4.0,0.7100000000000001,4.300000000000002,2,N,66611
4.0,0.7100000000000001,4.300000000000002,3,N,66612
4.0,0.7100000000000001,4.300000000000002,4,N,66613
4.0,0.7100000000000001,4.300000000000002,5,N,66614
4.0,0.7100000000000001,4.6000000000000005,1,N,66615
4.0,0.7100000000000001,4.6000000000000005,2,N,66616
4.0,0.7100000000000001,4.6000000000000005,3,N,66617
4.0,0.7100000000000001,4.6000000000000005,4,N,66618
4.0,0.7100000000000001,4.6000000000000005,5,N,66619
4.0,0.7100000000000001,4.9,1,N,66620
4.0,0.7100000000000001,4.9,2,N,66621
4.0,0.7100000000000001,4.9,3,N,66622
4.0,0.7100000000000001,4.9,4,N,66623
4.0,0.7100000000000001,4.9,5,N,66624
4.0,0.81,0.01,1,N,66625
4.0,0.81,0.01,2,N,66626
4.0,0.81,0.01,3,N,66627
4.0,0.81,0.01,4,N,66628
4.0,0.81,0.01,5,N,66629
4.0,0.81,0.11,1,N,66630
4.0,0.81,0.11,2,N,66631
4.0,0.81,0.11,3,N,66632
4.0,0.81,0.11,4,N,66633
4.0,0.81,0.11,5,N,66634
4.0,0.81,0.21,1,N,66635
4.0,0.81,0.21,2,N,66636
4.0,0.81,0.21,3,N,66637
4.0,0.81,0.21,4,N,66638
4.0,0.81,0.21,5,N,66639
4.0,0.81,0.31000000000000005,1,N,66640
4.0,0.81,0.31000000000000005,2,N,66641
4.0,0.81,0.31000000000000005,3,N,66642
4.0,0.81,0.31000000000000005,4,N,66643
4.0,0.81,0.31000000000000005,5,N,66644
4.0,0.81,0.41,1,N,66645
4.0,0.81,0.41,2,N,66646
4.0,0.81,0.41,3,N,66647
4.0,0.81,0.41,4,N,66648
4.0,0.81,0.41,5,N,66649
4.0,0.81,0.51,1,N,66650
4.0,0.81,0.51,2,N,66651
4.0,0.81,0.51,3,N,66652
4.0,0.81,0.51,4,N,66653
4.0,0.81,0.51,5,N,66654
4.0,0.81,0.6100000000000001,1,N,66655
4.0,0.81,0.6100000000000001,2,N,66656
4.0,0.81,0.6100000000000001,3,N,66657
4.0,0.81,0.6100000000000001,4,N,66658
4.0,0.81,0.6100000000000001,5,N,66659
4.0,0.81,0.7100000000000001,1,N,66660
4.0,0.81,0.7100000000000001,2,N,66661
4.0,0.81,0.7100000000000001,3,N,66662
4.0,0.81,0.7100000000000001,4,N,66663
4.0,0.81,0.7100000000000001,5,N,66664
4.0,0.81,0.81,1,N,66665
4.0,0.81,0.81,2,N,66666
4.0,0.81,0.81,3,N,66667
4.0,0.81,0.81,4,N,66668
4.0,0.81,0.81,5,N,66669
4.0,0.81,0.91,1,N,66670
4.0,0.81,0.91,2,N,66671
4.0,0.81,0.91,3,N,66672
4.0,0.81,0.91,4,N,66673
4.0,0.81,0.91,5,N,66674
4.0,0.81,1.01,1,N,66675
4.0,0.81,1.01,2,N,66676
4.0,0.81,1.01,3,N,66677
4.0,0.81,1.01,4,N,66678
4.0,0.81,1.01,5,N,66679
4.0,0.81,1.11,1,N,66680
4.0,0.81,1.11,2,N,66681
4.0,0.81,1.11,3,N,66682
4.0,0.81,1.11,4,N,66683
4.0,0.81,1.11,5,N,66684
4.0,0.81,1.3,1,N,66685
4.0,0.81,1.3,2,N,66686
4.0,0.81,1.3,3,N,66687
4.0,0.81,1.3,4,N,66688
4.0,0.81,1.3,5,N,66689
4.0,0.81,1.6,1,N,66690
4.0,0.81,1.6,2,N,66691
4.0,0.81,1.6,3,N,66692
4.0,0.81,1.6,4,N,66693
4.0,0.81,1.6,5,N,66694
4.0,0.81,1.9,1,N,66695
4.0,0.81,1.9,2,N,66696
4.0,0.81,1.9,3,N,66697
4.0,0.81,1.9,4,N,66698
4.0,0.81,1.9,5,N,66699
4.0,0.81,2.2,1,N,66700
4.0,0.81,2.2,2,N,66701
4.0,0.81,2.2,3,N,66702
4.0,0.81,2.2,4,N,66703
4.0,0.81,2.2,5,N,66704
4.0,0.81,2.5,1,N,66705
4.0,0.81,2.5,2,N,66706
4.0,0.81,2.5,3,N,66707
4.0,0.81,2.5,4,N,66708
4.0,0.81,2.5,5,N,66709
4.0,0.81,2.8000000000000003,1,N,66710
4.0,0.81,2.8000000000000003,2,N,66711
4.0,0.81,2.8000000000000003,3,N,66712
4.0,0.81,2.8000000000000003,4,N,66713
4.0,0.81,2.8000000000000003,5,N,66714
4.0,0.81,3.1000000000000005,1,N,66715
4.0,0.81,3.1000000000000005,2,N,66716
4.0,0.81,3.1000000000000005,3,N,66717
4.0,0.81,3.1000000000000005,4,N,66718
4.0,0.81,3.1000000000000005,5,N,66719
4.0,0.81,3.4000000000000004,1,N,66720
4.0,0.81,3.4000000000000004,2,N,66721
4.0,0.81,3.4000000000000004,3,N,66722
4.0,0.81,3.4000000000000004,4,N,66723
4.0,0.81,3.4000000000000004,5,N,66724
4.0,0.81,3.7,1,N,66725
4.0,0.81,3.7,2,N,66726
4.0,0.81,3.7,3,N,66727
4.0,0.81,3.7,4,N,66728
4.0,0.81,3.7,5,N,66729
4.0,0.81,4.0,1,N,66730
4.0,0.81,4.0,2,N,66731
4.0,0.81,4.0,3,N,66732
4.0,0.81,4.0,4,N,66733
4.0,0.81,4.0,5,N,66734
4.0,0.81,4.300000000000002,1,N,66735
4.0,0.81,4.300000000000002,2,N,66736
4.0,0.81,4.300000000000002,3,N,66737
4.0,0.81,4.300000000000002,4,N,66738
4.0,0.81,4.300000000000002,5,N,66739
4.0,0.81,4.6000000000000005,1,N,66740
4.0,0.81,4.6000000000000005,2,N,66741
4.0,0.81,4.6000000000000005,3,N,66742
4.0,0.81,4.6000000000000005,4,N,66743
4.0,0.81,4.6000000000000005,5,N,66744
4.0,0.81,4.9,1,N,66745
4.0,0.81,4.9,2,N,66746
4.0,0.81,4.9,3,N,66747
4.0,0.81,4.9,4,N,66748
4.0,0.81,4.9,5,N,66749
4.0,0.91,0.01,1,N,66750
4.0,0.91,0.01,2,N,66751
4.0,0.91,0.01,3,N,66752
4.0,0.91,0.01,4,N,66753
4.0,0.91,0.01,5,N,66754
4.0,0.91,0.11,1,N,66755
4.0,0.91,0.11,2,N,66756
4.0,0.91,0.11,3,N,66757
4.0,0.91,0.11,4,N,66758
4.0,0.91,0.11,5,N,66759
4.0,0.91,0.21,1,N,66760
4.0,0.91,0.21,2,N,66761
4.0,0.91,0.21,3,N,66762
4.0,0.91,0.21,4,N,66763
4.0,0.91,0.21,5,N,66764
4.0,0.91,0.31000000000000005,1,N,66765
4.0,0.91,0.31000000000000005,2,N,66766
4.0,0.91,0.31000000000000005,3,N,66767
4.0,0.91,0.31000000000000005,4,N,66768
4.0,0.91,0.31000000000000005,5,N,66769
4.0,0.91,0.41,1,N,66770
4.0,0.91,0.41,2,N,66771
4.0,0.91,0.41,3,N,66772
4.0,0.91,0.41,4,N,66773
4.0,0.91,0.41,5,N,66774
4.0,0.91,0.51,1,N,66775
4.0,0.91,0.51,2,N,66776
4.0,0.91,0.51,3,N,66777
4.0,0.91,0.51,4,N,66778
4.0,0.91,0.51,5,N,66779
4.0,0.91,0.6100000000000001,1,N,66780
4.0,0.91,0.6100000000000001,2,N,66781
4.0,0.91,0.6100000000000001,3,N,66782
4.0,0.91,0.6100000000000001,4,N,66783
4.0,0.91,0.6100000000000001,5,N,66784
4.0,0.91,0.7100000000000001,1,N,66785
4.0,0.91,0.7100000000000001,2,N,66786
4.0,0.91,0.7100000000000001,3,N,66787
4.0,0.91,0.7100000000000001,4,N,66788
4.0,0.91,0.7100000000000001,5,N,66789
4.0,0.91,0.81,1,N,66790
4.0,0.91,0.81,2,N,66791
4.0,0.91,0.81,3,N,66792
4.0,0.91,0.81,4,N,66793
4.0,0.91,0.81,5,N,66794
4.0,0.91,0.91,1,N,66795
4.0,0.91,0.91,2,N,66796
4.0,0.91,0.91,3,N,66797
4.0,0.91,0.91,4,N,66798
4.0,0.91,0.91,5,N,66799
4.0,0.91,1.01,1,N,66800
4.0,0.91,1.01,2,N,66801
4.0,0.91,1.01,3,N,66802
4.0,0.91,1.01,4,N,66803
4.0,0.91,1.01,5,N,66804
4.0,0.91,1.11,1,N,66805
4.0,0.91,1.11,2,N,66806
4.0,0.91,1.11,3,N,66807
4.0,0.91,1.11,4,N,66808
4.0,0.91,1.11,5,N,66809
4.0,0.91,1.3,1,N,66810
4.0,0.91,1.3,2,N,66811
4.0,0.91,1.3,3,N,66812
4.0,0.91,1.3,4,N,66813
4.0,0.91,1.3,5,N,66814
4.0,0.91,1.6,1,N,66815
4.0,0.91,1.6,2,N,66816
4.0,0.91,1.6,3,N,66817
4.0,0.91,1.6,4,N,66818
4.0,0.91,1.6,5,N,66819
4.0,0.91,1.9,1,N,66820
4.0,0.91,1.9,2,N,66821
4.0,0.91,1.9,3,N,66822
4.0,0.91,1.9,4,N,66823
4.0,0.91,1.9,5,N,66824
4.0,0.91,2.2,1,N,66825
4.0,0.91,2.2,2,N,66826
4.0,0.91,2.2,3,N,66827
4.0,0.91,2.2,4,N,66828
4.0,0.91,2.2,5,N,66829
4.0,0.91,2.5,1,N,66830
4.0,0.91,2.5,2,N,66831
4.0,0.91,2.5,3,N,66832
4.0,0.91,2.5,4,N,66833
4.0,0.91,2.5,5,N,66834
4.0,0.91,2.8000000000000003,1,N,66835
4.0,0.91,2.8000000000000003,2,N,66836
4.0,0.91,2.8000000000000003,3,N,66837
4.0,0.91,2.8000000000000003,4,N,66838
4.0,0.91,2.8000000000000003,5,N,66839
4.0,0.91,3.1000000000000005,1,N,66840
4.0,0.91,3.1000000000000005,2,N,66841
4.0,0.91,3.1000000000000005,3,N,66842
4.0,0.91,3.1000000000000005,4,N,66843
4.0,0.91,3.1000000000000005,5,N,66844
4.0,0.91,3.4000000000000004,1,N,66845
4.0,0.91,3.4000000000000004,2,N,66846
4.0,0.91,3.4000000000000004,3,N,66847
4.0,0.91,3.4000000000000004,4,N,66848
4.0,0.91,3.4000000000000004,5,N,66849
4.0,0.91,3.7,1,N,66850
4.0,0.91,3.7,2,N,66851
4.0,0.91,3.7,3,N,66852
4.0,0.91,3.7,4,N,66853
4.0,0.91,3.7,5,N,66854
4.0,0.91,4.0,1,N,66855
4.0,0.91,4.0,2,N,66856
4.0,0.91,4.0,3,N,66857
4.0,0.91,4.0,4,N,66858
4.0,0.91,4.0,5,N,66859
4.0,0.91,4.300000000000002,1,N,66860
4.0,0.91,4.300000000000002,2,N,66861
4.0,0.91,4.300000000000002,3,N,66862
4.0,0.91,4.300000000000002,4,N,66863
4.0,0.91,4.300000000000002,5,N,66864
4.0,0.91,4.6000000000000005,1,N,66865
4.0,0.91,4.6000000000000005,2,N,66866
4.0,0.91,4.6000000000000005,3,N,66867
4.0,0.91,4.6000000000000005,4,N,66868
4.0,0.91,4.6000000000000005,5,N,66869
4.0,0.91,4.9,1,N,66870
4.0,0.91,4.9,2,N,66871
4.0,0.91,4.9,3,N,66872
4.0,0.91,4.9,4,N,66873
4.0,0.91,4.9,5,N,66874
4.0,1.01,0.01,1,N,66875
4.0,1.01,0.01,2,N,66876
4.0,1.01,0.01,3,N,66877
4.0,1.01,0.01,4,N,66878
4.0,1.01,0.01,5,N,66879
4.0,1.01,0.11,1,N,66880
4.0,1.01,0.11,2,N,66881
4.0,1.01,0.11,3,N,66882
4.0,1.01,0.11,4,N,66883
4.0,1.01,0.11,5,N,66884
4.0,1.01,0.21,1,N,66885
4.0,1.01,0.21,2,N,66886
4.0,1.01,0.21,3,N,66887
4.0,1.01,0.21,4,N,66888
4.0,1.01,0.21,5,N,66889
4.0,1.01,0.31000000000000005,1,N,66890
4.0,1.01,0.31000000000000005,2,N,66891
4.0,1.01,0.31000000000000005,3,N,66892
4.0,1.01,0.31000000000000005,4,N,66893
4.0,1.01,0.31000000000000005,5,N,66894
4.0,1.01,0.41,1,N,66895
4.0,1.01,0.41,2,N,66896
4.0,1.01,0.41,3,N,66897
4.0,1.01,0.41,4,N,66898
4.0,1.01,0.41,5,N,66899
4.0,1.01,0.51,1,N,66900
4.0,1.01,0.51,2,N,66901
4.0,1.01,0.51,3,N,66902
4.0,1.01,0.51,4,N,66903
4.0,1.01,0.51,5,N,66904
4.0,1.01,0.6100000000000001,1,N,66905
4.0,1.01,0.6100000000000001,2,N,66906
4.0,1.01,0.6100000000000001,3,N,66907
4.0,1.01,0.6100000000000001,4,N,66908
4.0,1.01,0.6100000000000001,5,N,66909
4.0,1.01,0.7100000000000001,1,N,66910
4.0,1.01,0.7100000000000001,2,N,66911
4.0,1.01,0.7100000000000001,3,N,66912
4.0,1.01,0.7100000000000001,4,N,66913
4.0,1.01,0.7100000000000001,5,N,66914
4.0,1.01,0.81,1,N,66915
4.0,1.01,0.81,2,N,66916
4.0,1.01,0.81,3,N,66917
4.0,1.01,0.81,4,N,66918
4.0,1.01,0.81,5,N,66919
4.0,1.01,0.91,1,N,66920
4.0,1.01,0.91,2,N,66921
4.0,1.01,0.91,3,N,66922
4.0,1.01,0.91,4,N,66923
4.0,1.01,0.91,5,N,66924
4.0,1.01,1.01,1,N,66925
4.0,1.01,1.01,2,N,66926
4.0,1.01,1.01,3,N,66927
4.0,1.01,1.01,4,N,66928
4.0,1.01,1.01,5,N,66929
4.0,1.01,1.11,1,N,66930
4.0,1.01,1.11,2,N,66931
4.0,1.01,1.11,3,N,66932
4.0,1.01,1.11,4,N,66933
4.0,1.01,1.11,5,N,66934
4.0,1.01,1.3,1,N,66935
4.0,1.01,1.3,2,N,66936
4.0,1.01,1.3,3,N,66937
4.0,1.01,1.3,4,N,66938
4.0,1.01,1.3,5,N,66939
4.0,1.01,1.6,1,N,66940
4.0,1.01,1.6,2,N,66941
4.0,1.01,1.6,3,N,66942
4.0,1.01,1.6,4,N,66943
4.0,1.01,1.6,5,N,66944
4.0,1.01,1.9,1,N,66945
4.0,1.01,1.9,2,N,66946
4.0,1.01,1.9,3,N,66947
4.0,1.01,1.9,4,N,66948
4.0,1.01,1.9,5,N,66949
4.0,1.01,2.2,1,N,66950
4.0,1.01,2.2,2,N,66951
4.0,1.01,2.2,3,N,66952
4.0,1.01,2.2,4,N,66953
4.0,1.01,2.2,5,N,66954
4.0,1.01,2.5,1,N,66955
4.0,1.01,2.5,2,N,66956
4.0,1.01,2.5,3,N,66957
4.0,1.01,2.5,4,N,66958
4.0,1.01,2.5,5,N,66959
4.0,1.01,2.8000000000000003,1,N,66960
4.0,1.01,2.8000000000000003,2,N,66961
4.0,1.01,2.8000000000000003,3,N,66962
4.0,1.01,2.8000000000000003,4,N,66963
4.0,1.01,2.8000000000000003,5,N,66964
4.0,1.01,3.1000000000000005,1,N,66965
4.0,1.01,3.1000000000000005,2,N,66966
4.0,1.01,3.1000000000000005,3,N,66967
4.0,1.01,3.1000000000000005,4,N,66968
4.0,1.01,3.1000000000000005,5,N,66969
4.0,1.01,3.4000000000000004,1,N,66970
4.0,1.01,3.4000000000000004,2,N,66971
4.0,1.01,3.4000000000000004,3,N,66972
4.0,1.01,3.4000000000000004,4,N,66973
4.0,1.01,3.4000000000000004,5,N,66974
4.0,1.01,3.7,1,N,66975
4.0,1.01,3.7,2,N,66976
4.0,1.01,3.7,3,N,66977
4.0,1.01,3.7,4,N,66978
4.0,1.01,3.7,5,N,66979
4.0,1.01,4.0,1,N,66980
4.0,1.01,4.0,2,N,66981
4.0,1.01,4.0,3,N,66982
4.0,1.01,4.0,4,N,66983
4.0,1.01,4.0,5,N,66984
4.0,1.01,4.300000000000002,1,N,66985
4.0,1.01,4.300000000000002,2,N,66986
4.0,1.01,4.300000000000002,3,N,66987
4.0,1.01,4.300000000000002,4,N,66988
4.0,1.01,4.300000000000002,5,N,66989
4.0,1.01,4.6000000000000005,1,N,66990
4.0,1.01,4.6000000000000005,2,N,66991
4.0,1.01,4.6000000000000005,3,N,66992
4.0,1.01,4.6000000000000005,4,N,66993
4.0,1.01,4.6000000000000005,5,N,66994
4.0,1.01,4.9,1,N,66995
4.0,1.01,4.9,2,N,66996
4.0,1.01,4.9,3,N,66997
4.0,1.01,4.9,4,N,66998
4.0,1.01,4.9,5,N,66999
4.0,1.11,0.01,1,N,67000
4.0,1.11,0.01,2,N,67001
4.0,1.11,0.01,3,N,67002
4.0,1.11,0.01,4,N,67003
4.0,1.11,0.01,5,N,67004
4.0,1.11,0.11,1,N,67005
4.0,1.11,0.11,2,N,67006
4.0,1.11,0.11,3,N,67007
4.0,1.11,0.11,4,N,67008
4.0,1.11,0.11,5,N,67009
4.0,1.11,0.21,1,N,67010
4.0,1.11,0.21,2,N,67011
4.0,1.11,0.21,3,N,67012
4.0,1.11,0.21,4,N,67013
4.0,1.11,0.21,5,N,67014
4.0,1.11,0.31000000000000005,1,N,67015
4.0,1.11,0.31000000000000005,2,N,67016
4.0,1.11,0.31000000000000005,3,N,67017
4.0,1.11,0.31000000000000005,4,N,67018
4.0,1.11,0.31000000000000005,5,N,67019
4.0,1.11,0.41,1,Y,67020
4.0,1.11,0.41,2,N,67021
4.0,1.11,0.41,3,N,67022
4.0,1.11,0.41,4,N,67023
4.0,1.11,0.41,5,N,67024
4.0,1.11,0.51,1,N,67025
4.0,1.11,0.51,2,N,67026
4.0,1.11,0.51,3,N,67027
4.0,1.11,0.51,4,N,67028
4.0,1.11,0.51,5,N,67029
4.0,1.11,0.6100000000000001,1,N,67030
4.0,1.11,0.6100000000000001,2,N,67031
4.0,1.11,0.6100000000000001,3,N,67032
4.0,1.11,0.6100000000000001,4,N,67033
4.0,1.11,0.6100000000000001,5,N,67034
4.0,1.11,0.7100000000000001,1,N,67035
4.0,1.11,0.7100000000000001,2,N,67036
4.0,1.11,0.7100000000000001,3,N,67037
4.0,1.11,0.7100000000000001,4,N,67038
4.0,1.11,0.7100000000000001,5,N,67039
4.0,1.11,0.81,1,N,67040
4.0,1.11,0.81,2,N,67041
4.0,1.11,0.81,3,N,67042
4.0,1.11,0.81,4,N,67043
4.0,1.11,0.81,5,N,67044
4.0,1.11,0.91,1,N,67045
4.0,1.11,0.91,2,N,67046
4.0,1.11,0.91,3,N,67047
4.0,1.11,0.91,4,N,67048
4.0,1.11,0.91,5,N,67049
4.0,1.11,1.01,1,N,67050
4.0,1.11,1.01,2,N,67051
4.0,1.11,1.01,3,N,67052
4.0,1.11,1.01,4,N,67053
4.0,1.11,1.01,5,N,67054
4.0,1.11,1.11,1,N,67055
4.0,1.11,1.11,2,N,67056
4.0,1.11,1.11,3,N,67057
4.0,1.11,1.11,4,N,67058
4.0,1.11,1.11,5,N,67059
4.0,1.11,1.3,1,N,67060
4.0,1.11,1.3,2,N,67061
4.0,1.11,1.3,3,N,67062
4.0,1.11,1.3,4,N,67063
4.0,1.11,1.3,5,N,67064
4.0,1.11,1.6,1,N,67065
4.0,1.11,1.6,2,N,67066
4.0,1.11,1.6,3,N,67067
4.0,1.11,1.6,4,N,67068
4.0,1.11,1.6,5,N,67069
4.0,1.11,1.9,1,N,67070
4.0,1.11,1.9,2,N,67071
4.0,1.11,1.9,3,N,67072
4.0,1.11,1.9,4,N,67073
4.0,1.11,1.9,5,N,67074
4.0,1.11,2.2,1,N,67075
4.0,1.11,2.2,2,N,67076
4.0,1.11,2.2,3,N,67077
4.0,1.11,2.2,4,N,67078
4.0,1.11,2.2,5,N,67079
4.0,1.11,2.5,1,N,67080
4.0,1.11,2.5,2,N,67081
4.0,1.11,2.5,3,N,67082
4.0,1.11,2.5,4,N,67083
4.0,1.11,2.5,5,N,67084
4.0,1.11,2.8000000000000003,1,N,67085
4.0,1.11,2.8000000000000003,2,N,67086
4.0,1.11,2.8000000000000003,3,N,67087
4.0,1.11,2.8000000000000003,4,N,67088
4.0,1.11,2.8000000000000003,5,N,67089
4.0,1.11,3.1000000000000005,1,N,67090
4.0,1.11,3.1000000000000005,2,N,67091
4.0,1.11,3.1000000000000005,3,N,67092
4.0,1.11,3.1000000000000005,4,N,67093
4.0,1.11,3.1000000000000005,5,N,67094
4.0,1.11,3.4000000000000004,1,N,67095
4.0,1.11,3.4000000000000004,2,N,67096
4.0,1.11,3.4000000000000004,3,N,67097
4.0,1.11,3.4000000000000004,4,N,67098
4.0,1.11,3.4000000000000004,5,N,67099
4.0,1.11,3.7,1,N,67100
4.0,1.11,3.7,2,N,67101
4.0,1.11,3.7,3,N,67102
4.0,1.11,3.7,4,N,67103
4.0,1.11,3.7,5,N,67104
4.0,1.11,4.0,1,N,67105
4.0,1.11,4.0,2,N,67106
4.0,1.11,4.0,3,N,67107
4.0,1.11,4.0,4,N,67108
4.0,1.11,4.0,5,N,67109
4.0,1.11,4.300000000000002,1,N,67110
4.0,1.11,4.300000000000002,2,N,67111
4.0,1.11,4.300000000000002,3,N,67112
4.0,1.11,4.300000000000002,4,N,67113
4.0,1.11,4.300000000000002,5,N,67114
4.0,1.11,4.6000000000000005,1,N,67115
4.0,1.11,4.6000000000000005,2,N,67116
4.0,1.11,4.6000000000000005,3,N,67117
4.0,1.11,4.6000000000000005,4,N,67118
4.0,1.11,4.6000000000000005,5,N,67119
4.0,1.11,4.9,1,N,67120
4.0,1.11,4.9,2,N,67121
4.0,1.11,4.9,3,N,67122
4.0,1.11,4.9,4,N,67123
4.0,1.11,4.9,5,N,67124
4.0,1.3,0.01,1,N,67125
4.0,1.3,0.01,2,N,67126
4.0,1.3,0.01,3,N,67127
4.0,1.3,0.01,4,N,67128
4.0,1.3,0.01,5,N,67129
4.0,1.3,0.11,1,N,67130
4.0,1.3,0.11,2,N,67131
4.0,1.3,0.11,3,N,67132
4.0,1.3,0.11,4,N,67133
4.0,1.3,0.11,5,N,67134
4.0,1.3,0.21,1,N,67135
4.0,1.3,0.21,2,N,67136
4.0,1.3,0.21,3,N,67137
4.0,1.3,0.21,4,N,67138
4.0,1.3,0.21,5,N,67139
4.0,1.3,0.31000000000000005,1,N,67140
4.0,1.3,0.31000000000000005,2,N,67141
4.0,1.3,0.31000000000000005,3,N,67142
4.0,1.3,0.31000000000000005,4,N,67143
4.0,1.3,0.31000000000000005,5,N,67144
4.0,1.3,0.41,1,N,67145
4.0,1.3,0.41,2,N,67146
4.0,1.3,0.41,3,N,67147
4.0,1.3,0.41,4,N,67148
4.0,1.3,0.41,5,N,67149
4.0,1.3,0.51,1,N,67150
4.0,1.3,0.51,2,N,67151
4.0,1.3,0.51,3,N,67152
4.0,1.3,0.51,4,N,67153
4.0,1.3,0.51,5,N,67154
4.0,1.3,0.6100000000000001,1,N,67155
4.0,1.3,0.6100000000000001,2,N,67156
4.0,1.3,0.6100000000000001,3,N,67157
4.0,1.3,0.6100000000000001,4,N,67158
4.0,1.3,0.6100000000000001,5,N,67159
4.0,1.3,0.7100000000000001,1,N,67160
4.0,1.3,0.7100000000000001,2,N,67161
4.0,1.3,0.7100000000000001,3,N,67162
4.0,1.3,0.7100000000000001,4,N,67163
4.0,1.3,0.7100000000000001,5,N,67164
4.0,1.3,0.81,1,N,67165
4.0,1.3,0.81,2,N,67166
4.0,1.3,0.81,3,N,67167
4.0,1.3,0.81,4,N,67168
4.0,1.3,0.81,5,N,67169
4.0,1.3,0.91,1,N,67170
4.0,1.3,0.91,2,N,67171
4.0,1.3,0.91,3,N,67172
4.0,1.3,0.91,4,N,67173
4.0,1.3,0.91,5,N,67174
4.0,1.3,1.01,1,N,67175
4.0,1.3,1.01,2,N,67176
4.0,1.3,1.01,3,N,67177
4.0,1.3,1.01,4,N,67178
4.0,1.3,1.01,5,N,67179
4.0,1.3,1.11,1,N,67180
4.0,1.3,1.11,2,N,67181
4.0,1.3,1.11,3,N,67182
4.0,1.3,1.11,4,N,67183
4.0,1.3,1.11,5,N,67184
4.0,1.3,1.3,1,N,67185
4.0,1.3,1.3,2,N,67186
4.0,1.3,1.3,3,N,67187
4.0,1.3,1.3,4,N,67188
4.0,1.3,1.3,5,N,67189
4.0,1.3,1.6,1,N,67190
4.0,1.3,1.6,2,N,67191
4.0,1.3,1.6,3,N,67192
4.0,1.3,1.6,4,N,67193
4.0,1.3,1.6,5,N,67194
4.0,1.3,1.9,1,N,67195
4.0,1.3,1.9,2,N,67196
4.0,1.3,1.9,3,N,67197
4.0,1.3,1.9,4,N,67198
4.0,1.3,1.9,5,N,67199
4.0,1.3,2.2,1,N,67200
4.0,1.3,2.2,2,N,67201
4.0,1.3,2.2,3,N,67202
4.0,1.3,2.2,4,N,67203
4.0,1.3,2.2,5,N,67204
4.0,1.3,2.5,1,N,67205
4.0,1.3,2.5,2,N,67206
4.0,1.3,2.5,3,N,67207
4.0,1.3,2.5,4,N,67208
4.0,1.3,2.5,5,N,67209
4.0,1.3,2.8000000000000003,1,N,67210
4.0,1.3,2.8000000000000003,2,N,67211
4.0,1.3,2.8000000000000003,3,N,67212
4.0,1.3,2.8000000000000003,4,N,67213
4.0,1.3,2.8000000000000003,5,N,67214
4.0,1.3,3.1000000000000005,1,N,67215
4.0,1.3,3.1000000000000005,2,N,67216
4.0,1.3,3.1000000000000005,3,N,67217
4.0,1.3,3.1000000000000005,4,N,67218
4.0,1.3,3.1000000000000005,5,N,67219
4.0,1.3,3.4000000000000004,1,N,67220
4.0,1.3,3.4000000000000004,2,N,67221
4.0,1.3,3.4000000000000004,3,N,67222
4.0,1.3,3.4000000000000004,4,N,67223
4.0,1.3,3.4000000000000004,5,N,67224
4.0,1.3,3.7,1,N,67225
4.0,1.3,3.7,2,N,67226
4.0,1.3,3.7,3,N,67227
4.0,1.3,3.7,4,N,67228
4.0,1.3,3.7,5,N,67229
4.0,1.3,4.0,1,N,67230
4.0,1.3,4.0,2,N,67231
4.0,1.3,4.0,3,N,67232
4.0,1.3,4.0,4,N,67233
4.0,1.3,4.0,5,N,67234
4.0,1.3,4.300000000000002,1,N,67235
4.0,1.3,4.300000000000002,2,N,67236
4.0,1.3,4.300000000000002,3,N,67237
4.0,1.3,4.300000000000002,4,N,67238
4.0,1.3,4.300000000000002,5,N,67239
4.0,1.3,4.6000000000000005,1,N,67240
4.0,1.3,4.6000000000000005,2,N,67241
4.0,1.3,4.6000000000000005,3,N,67242
4.0,1.3,4.6000000000000005,4,N,67243
4.0,1.3,4.6000000000000005,5,N,67244
4.0,1.3,4.9,1,N,67245
4.0,1.3,4.9,2,N,67246
4.0,1.3,4.9,3,N,67247
4.0,1.3,4.9,4,N,67248
4.0,1.3,4.9,5,N,67249
4.0,1.6,0.01,1,N,67250
4.0,1.6,0.01,2,N,67251
4.0,1.6,0.01,3,N,67252
4.0,1.6,0.01,4,N,67253
4.0,1.6,0.01,5,N,67254
4.0,1.6,0.11,1,N,67255
4.0,1.6,0.11,2,N,67256
4.0,1.6,0.11,3,N,67257
4.0,1.6,0.11,4,N,67258
4.0,1.6,0.11,5,N,67259
4.0,1.6,0.21,1,N,67260
4.0,1.6,0.21,2,N,67261
4.0,1.6,0.21,3,N,67262
4.0,1.6,0.21,4,N,67263
4.0,1.6,0.21,5,N,67264
4.0,1.6,0.31000000000000005,1,N,67265
4.0,1.6,0.31000000000000005,2,N,67266
4.0,1.6,0.31000000000000005,3,N,67267
4.0,1.6,0.31000000000000005,4,N,67268
4.0,1.6,0.31000000000000005,5,N,67269
4.0,1.6,0.41,1,N,67270
4.0,1.6,0.41,2,N,67271
4.0,1.6,0.41,3,N,67272
4.0,1.6,0.41,4,N,67273
4.0,1.6,0.41,5,N,67274
4.0,1.6,0.51,1,N,67275
4.0,1.6,0.51,2,N,67276
4.0,1.6,0.51,3,N,67277
4.0,1.6,0.51,4,N,67278
4.0,1.6,0.51,5,N,67279
4.0,1.6,0.6100000000000001,1,N,67280
4.0,1.6,0.6100000000000001,2,N,67281
4.0,1.6,0.6100000000000001,3,N,67282
4.0,1.6,0.6100000000000001,4,N,67283
4.0,1.6,0.6100000000000001,5,N,67284
4.0,1.6,0.7100000000000001,1,N,67285
4.0,1.6,0.7100000000000001,2,N,67286
4.0,1.6,0.7100000000000001,3,N,67287
4.0,1.6,0.7100000000000001,4,N,67288
4.0,1.6,0.7100000000000001,5,N,67289
4.0,1.6,0.81,1,N,67290
4.0,1.6,0.81,2,N,67291
4.0,1.6,0.81,3,N,67292
4.0,1.6,0.81,4,N,67293
4.0,1.6,0.81,5,N,67294
4.0,1.6,0.91,1,N,67295
4.0,1.6,0.91,2,N,67296
4.0,1.6,0.91,3,N,67297
4.0,1.6,0.91,4,N,67298
4.0,1.6,0.91,5,N,67299
4.0,1.6,1.01,1,N,67300
4.0,1.6,1.01,2,N,67301
4.0,1.6,1.01,3,N,67302
4.0,1.6,1.01,4,N,67303
4.0,1.6,1.01,5,N,67304
4.0,1.6,1.11,1,N,67305
4.0,1.6,1.11,2,N,67306
4.0,1.6,1.11,3,N,67307
4.0,1.6,1.11,4,N,67308
4.0,1.6,1.11,5,N,67309
4.0,1.6,1.3,1,N,67310
4.0,1.6,1.3,2,N,67311
4.0,1.6,1.3,3,N,67312
4.0,1.6,1.3,4,N,67313
4.0,1.6,1.3,5,N,67314
4.0,1.6,1.6,1,N,67315
4.0,1.6,1.6,2,N,67316
4.0,1.6,1.6,3,N,67317
4.0,1.6,1.6,4,N,67318
4.0,1.6,1.6,5,N,67319
4.0,1.6,1.9,1,N,67320
4.0,1.6,1.9,2,N,67321
4.0,1.6,1.9,3,N,67322
4.0,1.6,1.9,4,N,67323
4.0,1.6,1.9,5,N,67324
4.0,1.6,2.2,1,N,67325
4.0,1.6,2.2,2,N,67326
4.0,1.6,2.2,3,N,67327
4.0,1.6,2.2,4,N,67328
4.0,1.6,2.2,5,N,67329
4.0,1.6,2.5,1,N,67330
4.0,1.6,2.5,2,N,67331
4.0,1.6,2.5,3,N,67332
4.0,1.6,2.5,4,N,67333
4.0,1.6,2.5,5,N,67334
4.0,1.6,2.8000000000000003,1,N,67335
4.0,1.6,2.8000000000000003,2,N,67336
4.0,1.6,2.8000000000000003,3,N,67337
4.0,1.6,2.8000000000000003,4,N,67338
4.0,1.6,2.8000000000000003,5,N,67339
4.0,1.6,3.1000000000000005,1,N,67340
4.0,1.6,3.1000000000000005,2,N,67341
4.0,1.6,3.1000000000000005,3,N,67342
4.0,1.6,3.1000000000000005,4,N,67343
4.0,1.6,3.1000000000000005,5,N,67344
4.0,1.6,3.4000000000000004,1,N,67345
4.0,1.6,3.4000000000000004,2,N,67346
4.0,1.6,3.4000000000000004,3,N,67347
4.0,1.6,3.4000000000000004,4,N,67348
4.0,1.6,3.4000000000000004,5,N,67349
4.0,1.6,3.7,1,N,67350
4.0,1.6,3.7,2,N,67351
4.0,1.6,3.7,3,N,67352
4.0,1.6,3.7,4,N,67353
4.0,1.6,3.7,5,N,67354
4.0,1.6,4.0,1,N,67355
4.0,1.6,4.0,2,N,67356
4.0,1.6,4.0,3,N,67357
4.0,1.6,4.0,4,N,67358
4.0,1.6,4.0,5,N,67359
4.0,1.6,4.300000000000002,1,N,67360
4.0,1.6,4.300000000000002,2,N,67361
4.0,1.6,4.300000000000002,3,N,67362
4.0,1.6,4.300000000000002,4,N,67363
4.0,1.6,4.300000000000002,5,N,67364
4.0,1.6,4.6000000000000005,1,N,67365
4.0,1.6,4.6000000000000005,2,N,67366
4.0,1.6,4.6000000000000005,3,N,67367
4.0,1.6,4.6000000000000005,4,N,67368
4.0,1.6,4.6000000000000005,5,N,67369
4.0,1.6,4.9,1,N,67370
4.0,1.6,4.9,2,N,67371
4.0,1.6,4.9,3,N,67372
4.0,1.6,4.9,4,N,67373
4.0,1.6,4.9,5,N,67374
4.0,1.9,0.01,1,N,67375
4.0,1.9,0.01,2,N,67376
4.0,1.9,0.01,3,N,67377
4.0,1.9,0.01,4,N,67378
4.0,1.9,0.01,5,N,67379
4.0,1.9,0.11,1,N,67380
4.0,1.9,0.11,2,N,67381
4.0,1.9,0.11,3,N,67382
4.0,1.9,0.11,4,N,67383
4.0,1.9,0.11,5,N,67384
4.0,1.9,0.21,1,N,67385
4.0,1.9,0.21,2,N,67386
4.0,1.9,0.21,3,N,67387
4.0,1.9,0.21,4,N,67388
4.0,1.9,0.21,5,N,67389
4.0,1.9,0.31000000000000005,1,N,67390
4.0,1.9,0.31000000000000005,2,N,67391
4.0,1.9,0.31000000000000005,3,N,67392
4.0,1.9,0.31000000000000005,4,N,67393
4.0,1.9,0.31000000000000005,5,N,67394
4.0,1.9,0.41,1,N,67395
4.0,1.9,0.41,2,N,67396
4.0,1.9,0.41,3,N,67397
4.0,1.9,0.41,4,N,67398
4.0,1.9,0.41,5,N,67399
4.0,1.9,0.51,1,N,67400
4.0,1.9,0.51,2,N,67401
4.0,1.9,0.51,3,N,67402
4.0,1.9,0.51,4,N,67403
4.0,1.9,0.51,5,N,67404
4.0,1.9,0.6100000000000001,1,N,67405
4.0,1.9,0.6100000000000001,2,N,67406
4.0,1.9,0.6100000000000001,3,N,67407
4.0,1.9,0.6100000000000001,4,N,67408
4.0,1.9,0.6100000000000001,5,N,67409
4.0,1.9,0.7100000000000001,1,N,67410
4.0,1.9,0.7100000000000001,2,N,67411
4.0,1.9,0.7100000000000001,3,N,67412
4.0,1.9,0.7100000000000001,4,N,67413
4.0,1.9,0.7100000000000001,5,N,67414
4.0,1.9,0.81,1,N,67415
4.0,1.9,0.81,2,N,67416
4.0,1.9,0.81,3,N,67417
4.0,1.9,0.81,4,N,67418
4.0,1.9,0.81,5,N,67419
4.0,1.9,0.91,1,N,67420
4.0,1.9,0.91,2,N,67421
4.0,1.9,0.91,3,N,67422
4.0,1.9,0.91,4,N,67423
4.0,1.9,0.91,5,N,67424
4.0,1.9,1.01,1,N,67425
4.0,1.9,1.01,2,N,67426
4.0,1.9,1.01,3,N,67427
4.0,1.9,1.01,4,N,67428
4.0,1.9,1.01,5,N,67429
4.0,1.9,1.11,1,N,67430
4.0,1.9,1.11,2,N,67431
4.0,1.9,1.11,3,N,67432
4.0,1.9,1.11,4,N,67433
4.0,1.9,1.11,5,N,67434
4.0,1.9,1.3,1,N,67435
4.0,1.9,1.3,2,N,67436
4.0,1.9,1.3,3,N,67437
4.0,1.9,1.3,4,N,67438
4.0,1.9,1.3,5,N,67439
4.0,1.9,1.6,1,N,67440
4.0,1.9,1.6,2,N,67441
4.0,1.9,1.6,3,N,67442
4.0,1.9,1.6,4,N,67443
4.0,1.9,1.6,5,N,67444
4.0,1.9,1.9,1,N,67445
4.0,1.9,1.9,2,N,67446
4.0,1.9,1.9,3,N,67447
4.0,1.9,1.9,4,N,67448
4.0,1.9,1.9,5,N,67449
4.0,1.9,2.2,1,N,67450
4.0,1.9,2.2,2,N,67451
4.0,1.9,2.2,3,N,67452
4.0,1.9,2.2,4,N,67453
4.0,1.9,2.2,5,N,67454
4.0,1.9,2.5,1,N,67455
4.0,1.9,2.5,2,N,67456
4.0,1.9,2.5,3,N,67457
4.0,1.9,2.5,4,N,67458
4.0,1.9,2.5,5,N,67459
4.0,1.9,2.8000000000000003,1,N,67460
4.0,1.9,2.8000000000000003,2,N,67461
4.0,1.9,2.8000000000000003,3,N,67462
4.0,1.9,2.8000000000000003,4,N,67463
4.0,1.9,2.8000000000000003,5,N,67464
4.0,1.9,3.1000000000000005,1,N,67465
4.0,1.9,3.1000000000000005,2,N,67466
4.0,1.9,3.1000000000000005,3,N,67467
4.0,1.9,3.1000000000000005,4,N,67468
4.0,1.9,3.1000000000000005,5,N,67469
4.0,1.9,3.4000000000000004,1,N,67470
4.0,1.9,3.4000000000000004,2,N,67471
4.0,1.9,3.4000000000000004,3,N,67472
4.0,1.9,3.4000000000000004,4,N,67473
4.0,1.9,3.4000000000000004,5,N,67474
4.0,1.9,3.7,1,N,67475
4.0,1.9,3.7,2,N,67476
4.0,1.9,3.7,3,N,67477
4.0,1.9,3.7,4,N,67478
4.0,1.9,3.7,5,N,67479
4.0,1.9,4.0,1,N,67480
4.0,1.9,4.0,2,N,67481
4.0,1.9,4.0,3,N,67482
4.0,1.9,4.0,4,N,67483
4.0,1.9,4.0,5,N,67484
4.0,1.9,4.300000000000002,1,N,67485
4.0,1.9,4.300000000000002,2,N,67486
4.0,1.9,4.300000000000002,3,N,67487
4.0,1.9,4.300000000000002,4,N,67488
4.0,1.9,4.300000000000002,5,N,67489
4.0,1.9,4.6000000000000005,1,N,67490
4.0,1.9,4.6000000000000005,2,N,67491
4.0,1.9,4.6000000000000005,3,N,67492
4.0,1.9,4.6000000000000005,4,N,67493
4.0,1.9,4.6000000000000005,5,N,67494
4.0,1.9,4.9,1,N,67495
4.0,1.9,4.9,2,N,67496
4.0,1.9,4.9,3,N,67497
4.0,1.9,4.9,4,N,67498
4.0,1.9,4.9,5,N,67499
4.0,2.2,0.01,1,N,67500
4.0,2.2,0.01,2,N,67501
4.0,2.2,0.01,3,N,67502
4.0,2.2,0.01,4,N,67503
4.0,2.2,0.01,5,N,67504
4.0,2.2,0.11,1,N,67505
4.0,2.2,0.11,2,N,67506
4.0,2.2,0.11,3,N,67507
4.0,2.2,0.11,4,N,67508
4.0,2.2,0.11,5,N,67509
4.0,2.2,0.21,1,N,67510
4.0,2.2,0.21,2,N,67511
4.0,2.2,0.21,3,N,67512
4.0,2.2,0.21,4,N,67513
4.0,2.2,0.21,5,N,67514
4.0,2.2,0.31000000000000005,1,N,67515
4.0,2.2,0.31000000000000005,2,N,67516
4.0,2.2,0.31000000000000005,3,N,67517
4.0,2.2,0.31000000000000005,4,N,67518
4.0,2.2,0.31000000000000005,5,N,67519
4.0,2.2,0.41,1,N,67520
4.0,2.2,0.41,2,N,67521
4.0,2.2,0.41,3,N,67522
4.0,2.2,0.41,4,N,67523
4.0,2.2,0.41,5,N,67524
4.0,2.2,0.51,1,N,67525
4.0,2.2,0.51,2,N,67526
4.0,2.2,0.51,3,N,67527
4.0,2.2,0.51,4,N,67528
4.0,2.2,0.51,5,N,67529
4.0,2.2,0.6100000000000001,1,N,67530
4.0,2.2,0.6100000000000001,2,N,67531
4.0,2.2,0.6100000000000001,3,N,67532
4.0,2.2,0.6100000000000001,4,N,67533
4.0,2.2,0.6100000000000001,5,N,67534
4.0,2.2,0.7100000000000001,1,N,67535
4.0,2.2,0.7100000000000001,2,N,67536
4.0,2.2,0.7100000000000001,3,N,67537
4.0,2.2,0.7100000000000001,4,N,67538
4.0,2.2,0.7100000000000001,5,N,67539
4.0,2.2,0.81,1,N,67540
4.0,2.2,0.81,2,N,67541
4.0,2.2,0.81,3,N,67542
4.0,2.2,0.81,4,N,67543
4.0,2.2,0.81,5,N,67544
4.0,2.2,0.91,1,N,67545
4.0,2.2,0.91,2,N,67546
4.0,2.2,0.91,3,N,67547
4.0,2.2,0.91,4,N,67548
4.0,2.2,0.91,5,N,67549
4.0,2.2,1.01,1,N,67550
4.0,2.2,1.01,2,N,67551
4.0,2.2,1.01,3,N,67552
4.0,2.2,1.01,4,N,67553
4.0,2.2,1.01,5,N,67554
4.0,2.2,1.11,1,N,67555
4.0,2.2,1.11,2,N,67556
4.0,2.2,1.11,3,N,67557
4.0,2.2,1.11,4,N,67558
4.0,2.2,1.11,5,N,67559
4.0,2.2,1.3,1,N,67560
4.0,2.2,1.3,2,N,67561
4.0,2.2,1.3,3,N,67562
4.0,2.2,1.3,4,N,67563
4.0,2.2,1.3,5,N,67564
4.0,2.2,1.6,1,N,67565
4.0,2.2,1.6,2,N,67566
4.0,2.2,1.6,3,N,67567
4.0,2.2,1.6,4,N,67568
4.0,2.2,1.6,5,N,67569
4.0,2.2,1.9,1,N,67570
4.0,2.2,1.9,2,N,67571
4.0,2.2,1.9,3,N,67572
4.0,2.2,1.9,4,N,67573
4.0,2.2,1.9,5,N,67574
4.0,2.2,2.2,1,N,67575
4.0,2.2,2.2,2,N,67576
4.0,2.2,2.2,3,N,67577
4.0,2.2,2.2,4,N,67578
4.0,2.2,2.2,5,N,67579
4.0,2.2,2.5,1,N,67580
4.0,2.2,2.5,2,N,67581
4.0,2.2,2.5,3,N,67582
4.0,2.2,2.5,4,N,67583
4.0,2.2,2.5,5,N,67584
4.0,2.2,2.8000000000000003,1,N,67585
4.0,2.2,2.8000000000000003,2,N,67586
4.0,2.2,2.8000000000000003,3,N,67587
4.0,2.2,2.8000000000000003,4,N,67588
4.0,2.2,2.8000000000000003,5,N,67589
4.0,2.2,3.1000000000000005,1,N,67590
4.0,2.2,3.1000000000000005,2,N,67591
4.0,2.2,3.1000000000000005,3,N,67592
4.0,2.2,3.1000000000000005,4,N,67593
4.0,2.2,3.1000000000000005,5,N,67594
4.0,2.2,3.4000000000000004,1,N,67595
4.0,2.2,3.4000000000000004,2,N,67596
4.0,2.2,3.4000000000000004,3,N,67597
4.0,2.2,3.4000000000000004,4,N,67598
4.0,2.2,3.4000000000000004,5,N,67599
4.0,2.2,3.7,1,N,67600
4.0,2.2,3.7,2,N,67601
4.0,2.2,3.7,3,N,67602
4.0,2.2,3.7,4,N,67603
4.0,2.2,3.7,5,N,67604
4.0,2.2,4.0,1,N,67605
4.0,2.2,4.0,2,N,67606
4.0,2.2,4.0,3,N,67607
4.0,2.2,4.0,4,N,67608
4.0,2.2,4.0,5,N,67609
4.0,2.2,4.300000000000002,1,N,67610
4.0,2.2,4.300000000000002,2,N,67611
4.0,2.2,4.300000000000002,3,N,67612
4.0,2.2,4.300000000000002,4,N,67613
4.0,2.2,4.300000000000002,5,N,67614
4.0,2.2,4.6000000000000005,1,N,67615
4.0,2.2,4.6000000000000005,2,N,67616
4.0,2.2,4.6000000000000005,3,N,67617
4.0,2.2,4.6000000000000005,4,N,67618
4.0,2.2,4.6000000000000005,5,N,67619
4.0,2.2,4.9,1,N,67620
4.0,2.2,4.9,2,N,67621
4.0,2.2,4.9,3,N,67622
4.0,2.2,4.9,4,N,67623
4.0,2.2,4.9,5,N,67624
4.0,2.5,0.01,1,N,67625
4.0,2.5,0.01,2,N,67626
4.0,2.5,0.01,3,N,67627
4.0,2.5,0.01,4,N,67628
4.0,2.5,0.01,5,N,67629
4.0,2.5,0.11,1,N,67630
4.0,2.5,0.11,2,N,67631
4.0,2.5,0.11,3,N,67632
4.0,2.5,0.11,4,N,67633
4.0,2.5,0.11,5,N,67634
4.0,2.5,0.21,1,N,67635
4.0,2.5,0.21,2,N,67636
4.0,2.5,0.21,3,N,67637
4.0,2.5,0.21,4,N,67638
4.0,2.5,0.21,5,N,67639
4.0,2.5,0.31000000000000005,1,N,67640
4.0,2.5,0.31000000000000005,2,N,67641
4.0,2.5,0.31000000000000005,3,N,67642
4.0,2.5,0.31000000000000005,4,N,67643
4.0,2.5,0.31000000000000005,5,N,67644
4.0,2.5,0.41,1,N,67645
4.0,2.5,0.41,2,N,67646
4.0,2.5,0.41,3,N,67647
4.0,2.5,0.41,4,N,67648
4.0,2.5,0.41,5,N,67649
4.0,2.5,0.51,1,N,67650
4.0,2.5,0.51,2,N,67651
4.0,2.5,0.51,3,N,67652
4.0,2.5,0.51,4,N,67653
4.0,2.5,0.51,5,N,67654
4.0,2.5,0.6100000000000001,1,N,67655
4.0,2.5,0.6100000000000001,2,N,67656
4.0,2.5,0.6100000000000001,3,N,67657
4.0,2.5,0.6100000000000001,4,N,67658
4.0,2.5,0.6100000000000001,5,N,67659
4.0,2.5,0.7100000000000001,1,N,67660
4.0,2.5,0.7100000000000001,2,N,67661
4.0,2.5,0.7100000000000001,3,N,67662
4.0,2.5,0.7100000000000001,4,N,67663
4.0,2.5,0.7100000000000001,5,N,67664
4.0,2.5,0.81,1,N,67665
4.0,2.5,0.81,2,N,67666
4.0,2.5,0.81,3,N,67667
4.0,2.5,0.81,4,N,67668
4.0,2.5,0.81,5,N,67669
4.0,2.5,0.91,1,N,67670
4.0,2.5,0.91,2,N,67671
4.0,2.5,0.91,3,N,67672
4.0,2.5,0.91,4,N,67673
4.0,2.5,0.91,5,N,67674
4.0,2.5,1.01,1,N,67675
4.0,2.5,1.01,2,N,67676
4.0,2.5,1.01,3,N,67677
4.0,2.5,1.01,4,N,67678
4.0,2.5,1.01,5,N,67679
4.0,2.5,1.11,1,N,67680
4.0,2.5,1.11,2,N,67681
4.0,2.5,1.11,3,N,67682
4.0,2.5,1.11,4,N,67683
4.0,2.5,1.11,5,N,67684
4.0,2.5,1.3,1,N,67685
4.0,2.5,1.3,2,N,67686
4.0,2.5,1.3,3,N,67687
4.0,2.5,1.3,4,N,67688
4.0,2.5,1.3,5,N,67689
4.0,2.5,1.6,1,N,67690
4.0,2.5,1.6,2,N,67691
4.0,2.5,1.6,3,N,67692
4.0,2.5,1.6,4,N,67693
4.0,2.5,1.6,5,N,67694
4.0,2.5,1.9,1,N,67695
4.0,2.5,1.9,2,N,67696
4.0,2.5,1.9,3,N,67697
4.0,2.5,1.9,4,N,67698
4.0,2.5,1.9,5,N,67699
4.0,2.5,2.2,1,N,67700
4.0,2.5,2.2,2,N,67701
4.0,2.5,2.2,3,N,67702
4.0,2.5,2.2,4,N,67703
4.0,2.5,2.2,5,N,67704
4.0,2.5,2.5,1,N,67705
4.0,2.5,2.5,2,N,67706
4.0,2.5,2.5,3,N,67707
4.0,2.5,2.5,4,N,67708
4.0,2.5,2.5,5,N,67709
4.0,2.5,2.8000000000000003,1,N,67710
4.0,2.5,2.8000000000000003,2,N,67711
4.0,2.5,2.8000000000000003,3,N,67712
4.0,2.5,2.8000000000000003,4,N,67713
4.0,2.5,2.8000000000000003,5,N,67714
4.0,2.5,3.1000000000000005,1,N,67715
4.0,2.5,3.1000000000000005,2,N,67716
4.0,2.5,3.1000000000000005,3,N,67717
4.0,2.5,3.1000000000000005,4,N,67718
4.0,2.5,3.1000000000000005,5,N,67719
4.0,2.5,3.4000000000000004,1,N,67720
4.0,2.5,3.4000000000000004,2,N,67721
4.0,2.5,3.4000000000000004,3,N,67722
4.0,2.5,3.4000000000000004,4,N,67723
4.0,2.5,3.4000000000000004,5,N,67724
4.0,2.5,3.7,1,N,67725
4.0,2.5,3.7,2,N,67726
4.0,2.5,3.7,3,N,67727
4.0,2.5,3.7,4,N,67728
4.0,2.5,3.7,5,N,67729
4.0,2.5,4.0,1,N,67730
4.0,2.5,4.0,2,N,67731
4.0,2.5,4.0,3,N,67732
4.0,2.5,4.0,4,N,67733
4.0,2.5,4.0,5,N,67734
4.0,2.5,4.300000000000002,1,N,67735
4.0,2.5,4.300000000000002,2,N,67736
4.0,2.5,4.300000000000002,3,N,67737
4.0,2.5,4.300000000000002,4,N,67738
4.0,2.5,4.300000000000002,5,N,67739
4.0,2.5,4.6000000000000005,1,N,67740
4.0,2.5,4.6000000000000005,2,N,67741
4.0,2.5,4.6000000000000005,3,N,67742
4.0,2.5,4.6000000000000005,4,N,67743
4.0,2.5,4.6000000000000005,5,N,67744
4.0,2.5,4.9,1,N,67745
4.0,2.5,4.9,2,N,67746
4.0,2.5,4.9,3,N,67747
4.0,2.5,4.9,4,N,67748
4.0,2.5,4.9,5,N,67749
4.0,2.8000000000000003,0.01,1,N,67750
4.0,2.8000000000000003,0.01,2,N,67751
4.0,2.8000000000000003,0.01,3,N,67752
4.0,2.8000000000000003,0.01,4,N,67753
4.0,2.8000000000000003,0.01,5,N,67754
4.0,2.8000000000000003,0.11,1,N,67755
4.0,2.8000000000000003,0.11,2,N,67756
4.0,2.8000000000000003,0.11,3,N,67757
4.0,2.8000000000000003,0.11,4,N,67758
4.0,2.8000000000000003,0.11,5,N,67759
4.0,2.8000000000000003,0.21,1,N,67760
4.0,2.8000000000000003,0.21,2,N,67761
4.0,2.8000000000000003,0.21,3,N,67762
4.0,2.8000000000000003,0.21,4,N,67763
4.0,2.8000000000000003,0.21,5,N,67764
4.0,2.8000000000000003,0.31000000000000005,1,N,67765
4.0,2.8000000000000003,0.31000000000000005,2,N,67766
4.0,2.8000000000000003,0.31000000000000005,3,N,67767
4.0,2.8000000000000003,0.31000000000000005,4,N,67768
4.0,2.8000000000000003,0.31000000000000005,5,N,67769
4.0,2.8000000000000003,0.41,1,N,67770
4.0,2.8000000000000003,0.41,2,N,67771
4.0,2.8000000000000003,0.41,3,N,67772
4.0,2.8000000000000003,0.41,4,N,67773
4.0,2.8000000000000003,0.41,5,N,67774
4.0,2.8000000000000003,0.51,1,N,67775
4.0,2.8000000000000003,0.51,2,N,67776
4.0,2.8000000000000003,0.51,3,N,67777
4.0,2.8000000000000003,0.51,4,N,67778
4.0,2.8000000000000003,0.51,5,N,67779
4.0,2.8000000000000003,0.6100000000000001,1,N,67780
4.0,2.8000000000000003,0.6100000000000001,2,N,67781
4.0,2.8000000000000003,0.6100000000000001,3,N,67782
4.0,2.8000000000000003,0.6100000000000001,4,N,67783
4.0,2.8000000000000003,0.6100000000000001,5,N,67784
4.0,2.8000000000000003,0.7100000000000001,1,N,67785
4.0,2.8000000000000003,0.7100000000000001,2,N,67786
4.0,2.8000000000000003,0.7100000000000001,3,N,67787
4.0,2.8000000000000003,0.7100000000000001,4,N,67788
4.0,2.8000000000000003,0.7100000000000001,5,N,67789
4.0,2.8000000000000003,0.81,1,N,67790
4.0,2.8000000000000003,0.81,2,N,67791
4.0,2.8000000000000003,0.81,3,N,67792
4.0,2.8000000000000003,0.81,4,N,67793
4.0,2.8000000000000003,0.81,5,N,67794
4.0,2.8000000000000003,0.91,1,N,67795
4.0,2.8000000000000003,0.91,2,N,67796
4.0,2.8000000000000003,0.91,3,N,67797
4.0,2.8000000000000003,0.91,4,N,67798
4.0,2.8000000000000003,0.91,5,N,67799
4.0,2.8000000000000003,1.01,1,N,67800
4.0,2.8000000000000003,1.01,2,N,67801
4.0,2.8000000000000003,1.01,3,N,67802
4.0,2.8000000000000003,1.01,4,N,67803
4.0,2.8000000000000003,1.01,5,N,67804
4.0,2.8000000000000003,1.11,1,N,67805
4.0,2.8000000000000003,1.11,2,N,67806
4.0,2.8000000000000003,1.11,3,N,67807
4.0,2.8000000000000003,1.11,4,N,67808
4.0,2.8000000000000003,1.11,5,N,67809
4.0,2.8000000000000003,1.3,1,N,67810
4.0,2.8000000000000003,1.3,2,N,67811
4.0,2.8000000000000003,1.3,3,N,67812
4.0,2.8000000000000003,1.3,4,N,67813
4.0,2.8000000000000003,1.3,5,N,67814
4.0,2.8000000000000003,1.6,1,N,67815
4.0,2.8000000000000003,1.6,2,N,67816
4.0,2.8000000000000003,1.6,3,N,67817
4.0,2.8000000000000003,1.6,4,N,67818
4.0,2.8000000000000003,1.6,5,N,67819
4.0,2.8000000000000003,1.9,1,N,67820
4.0,2.8000000000000003,1.9,2,N,67821
4.0,2.8000000000000003,1.9,3,N,67822
4.0,2.8000000000000003,1.9,4,N,67823
4.0,2.8000000000000003,1.9,5,N,67824
4.0,2.8000000000000003,2.2,1,N,67825
4.0,2.8000000000000003,2.2,2,N,67826
4.0,2.8000000000000003,2.2,3,N,67827
4.0,2.8000000000000003,2.2,4,N,67828
4.0,2.8000000000000003,2.2,5,N,67829
4.0,2.8000000000000003,2.5,1,N,67830
4.0,2.8000000000000003,2.5,2,N,67831
4.0,2.8000000000000003,2.5,3,N,67832
4.0,2.8000000000000003,2.5,4,N,67833
4.0,2.8000000000000003,2.5,5,N,67834
4.0,2.8000000000000003,2.8000000000000003,1,N,67835
4.0,2.8000000000000003,2.8000000000000003,2,N,67836
4.0,2.8000000000000003,2.8000000000000003,3,N,67837
4.0,2.8000000000000003,2.8000000000000003,4,N,67838
4.0,2.8000000000000003,2.8000000000000003,5,N,67839
4.0,2.8000000000000003,3.1000000000000005,1,N,67840
4.0,2.8000000000000003,3.1000000000000005,2,N,67841
4.0,2.8000000000000003,3.1000000000000005,3,N,67842
4.0,2.8000000000000003,3.1000000000000005,4,N,67843
4.0,2.8000000000000003,3.1000000000000005,5,N,67844
4.0,2.8000000000000003,3.4000000000000004,1,N,67845
4.0,2.8000000000000003,3.4000000000000004,2,N,67846
4.0,2.8000000000000003,3.4000000000000004,3,N,67847
4.0,2.8000000000000003,3.4000000000000004,4,N,67848
4.0,2.8000000000000003,3.4000000000000004,5,N,67849
4.0,2.8000000000000003,3.7,1,N,67850
4.0,2.8000000000000003,3.7,2,N,67851
4.0,2.8000000000000003,3.7,3,N,67852
4.0,2.8000000000000003,3.7,4,N,67853
4.0,2.8000000000000003,3.7,5,N,67854
4.0,2.8000000000000003,4.0,1,N,67855
4.0,2.8000000000000003,4.0,2,N,67856
4.0,2.8000000000000003,4.0,3,N,67857
4.0,2.8000000000000003,4.0,4,N,67858
4.0,2.8000000000000003,4.0,5,N,67859
4.0,2.8000000000000003,4.300000000000002,1,N,67860
4.0,2.8000000000000003,4.300000000000002,2,N,67861
4.0,2.8000000000000003,4.300000000000002,3,N,67862
4.0,2.8000000000000003,4.300000000000002,4,N,67863
4.0,2.8000000000000003,4.300000000000002,5,N,67864
4.0,2.8000000000000003,4.6000000000000005,1,N,67865
4.0,2.8000000000000003,4.6000000000000005,2,N,67866
4.0,2.8000000000000003,4.6000000000000005,3,N,67867
4.0,2.8000000000000003,4.6000000000000005,4,N,67868
4.0,2.8000000000000003,4.6000000000000005,5,N,67869
4.0,2.8000000000000003,4.9,1,N,67870
4.0,2.8000000000000003,4.9,2,N,67871
4.0,2.8000000000000003,4.9,3,N,67872
4.0,2.8000000000000003,4.9,4,N,67873
4.0,2.8000000000000003,4.9,5,N,67874
4.0,3.1000000000000005,0.01,1,N,67875
4.0,3.1000000000000005,0.01,2,N,67876
4.0,3.1000000000000005,0.01,3,N,67877
4.0,3.1000000000000005,0.01,4,N,67878
4.0,3.1000000000000005,0.01,5,N,67879
4.0,3.1000000000000005,0.11,1,N,67880
4.0,3.1000000000000005,0.11,2,N,67881
4.0,3.1000000000000005,0.11,3,N,67882
4.0,3.1000000000000005,0.11,4,N,67883
4.0,3.1000000000000005,0.11,5,N,67884
4.0,3.1000000000000005,0.21,1,N,67885
4.0,3.1000000000000005,0.21,2,N,67886
4.0,3.1000000000000005,0.21,3,N,67887
4.0,3.1000000000000005,0.21,4,N,67888
4.0,3.1000000000000005,0.21,5,N,67889
4.0,3.1000000000000005,0.31000000000000005,1,N,67890
4.0,3.1000000000000005,0.31000000000000005,2,N,67891
4.0,3.1000000000000005,0.31000000000000005,3,N,67892
4.0,3.1000000000000005,0.31000000000000005,4,N,67893
4.0,3.1000000000000005,0.31000000000000005,5,N,67894
4.0,3.1000000000000005,0.41,1,N,67895
4.0,3.1000000000000005,0.41,2,N,67896
4.0,3.1000000000000005,0.41,3,N,67897
4.0,3.1000000000000005,0.41,4,N,67898
4.0,3.1000000000000005,0.41,5,N,67899
4.0,3.1000000000000005,0.51,1,N,67900
4.0,3.1000000000000005,0.51,2,N,67901
4.0,3.1000000000000005,0.51,3,N,67902
4.0,3.1000000000000005,0.51,4,N,67903
4.0,3.1000000000000005,0.51,5,N,67904
4.0,3.1000000000000005,0.6100000000000001,1,N,67905
4.0,3.1000000000000005,0.6100000000000001,2,N,67906
4.0,3.1000000000000005,0.6100000000000001,3,N,67907
4.0,3.1000000000000005,0.6100000000000001,4,N,67908
4.0,3.1000000000000005,0.6100000000000001,5,N,67909
4.0,3.1000000000000005,0.7100000000000001,1,N,67910
4.0,3.1000000000000005,0.7100000000000001,2,N,67911
4.0,3.1000000000000005,0.7100000000000001,3,N,67912
4.0,3.1000000000000005,0.7100000000000001,4,N,67913
4.0,3.1000000000000005,0.7100000000000001,5,N,67914
4.0,3.1000000000000005,0.81,1,N,67915
4.0,3.1000000000000005,0.81,2,N,67916
4.0,3.1000000000000005,0.81,3,N,67917
4.0,3.1000000000000005,0.81,4,N,67918
4.0,3.1000000000000005,0.81,5,N,67919
4.0,3.1000000000000005,0.91,1,N,67920
4.0,3.1000000000000005,0.91,2,N,67921
4.0,3.1000000000000005,0.91,3,N,67922
4.0,3.1000000000000005,0.91,4,N,67923
4.0,3.1000000000000005,0.91,5,N,67924
4.0,3.1000000000000005,1.01,1,N,67925
4.0,3.1000000000000005,1.01,2,N,67926
4.0,3.1000000000000005,1.01,3,N,67927
4.0,3.1000000000000005,1.01,4,N,67928
4.0,3.1000000000000005,1.01,5,N,67929
4.0,3.1000000000000005,1.11,1,N,67930
4.0,3.1000000000000005,1.11,2,N,67931
4.0,3.1000000000000005,1.11,3,N,67932
4.0,3.1000000000000005,1.11,4,N,67933
4.0,3.1000000000000005,1.11,5,N,67934
4.0,3.1000000000000005,1.3,1,N,67935
4.0,3.1000000000000005,1.3,2,N,67936
4.0,3.1000000000000005,1.3,3,N,67937
4.0,3.1000000000000005,1.3,4,N,67938
4.0,3.1000000000000005,1.3,5,N,67939
4.0,3.1000000000000005,1.6,1,N,67940
4.0,3.1000000000000005,1.6,2,N,67941
4.0,3.1000000000000005,1.6,3,N,67942
4.0,3.1000000000000005,1.6,4,N,67943
4.0,3.1000000000000005,1.6,5,N,67944
4.0,3.1000000000000005,1.9,1,N,67945
4.0,3.1000000000000005,1.9,2,N,67946
4.0,3.1000000000000005,1.9,3,N,67947
4.0,3.1000000000000005,1.9,4,N,67948
4.0,3.1000000000000005,1.9,5,N,67949
4.0,3.1000000000000005,2.2,1,N,67950
4.0,3.1000000000000005,2.2,2,N,67951
4.0,3.1000000000000005,2.2,3,N,67952
4.0,3.1000000000000005,2.2,4,N,67953
4.0,3.1000000000000005,2.2,5,N,67954
4.0,3.1000000000000005,2.5,1,N,67955
4.0,3.1000000000000005,2.5,2,N,67956
4.0,3.1000000000000005,2.5,3,N,67957
4.0,3.1000000000000005,2.5,4,N,67958
4.0,3.1000000000000005,2.5,5,N,67959
4.0,3.1000000000000005,2.8000000000000003,1,N,67960
4.0,3.1000000000000005,2.8000000000000003,2,N,67961
4.0,3.1000000000000005,2.8000000000000003,3,N,67962
4.0,3.1000000000000005,2.8000000000000003,4,N,67963
4.0,3.1000000000000005,2.8000000000000003,5,N,67964
4.0,3.1000000000000005,3.1000000000000005,1,N,67965
4.0,3.1000000000000005,3.1000000000000005,2,N,67966
4.0,3.1000000000000005,3.1000000000000005,3,N,67967
4.0,3.1000000000000005,3.1000000000000005,4,N,67968
4.0,3.1000000000000005,3.1000000000000005,5,N,67969
4.0,3.1000000000000005,3.4000000000000004,1,N,67970
4.0,3.1000000000000005,3.4000000000000004,2,N,67971
4.0,3.1000000000000005,3.4000000000000004,3,N,67972
4.0,3.1000000000000005,3.4000000000000004,4,N,67973
4.0,3.1000000000000005,3.4000000000000004,5,N,67974
4.0,3.1000000000000005,3.7,1,N,67975
4.0,3.1000000000000005,3.7,2,N,67976
4.0,3.1000000000000005,3.7,3,N,67977
4.0,3.1000000000000005,3.7,4,N,67978
4.0,3.1000000000000005,3.7,5,N,67979
4.0,3.1000000000000005,4.0,1,N,67980
4.0,3.1000000000000005,4.0,2,N,67981
4.0,3.1000000000000005,4.0,3,N,67982
4.0,3.1000000000000005,4.0,4,N,67983
4.0,3.1000000000000005,4.0,5,N,67984
4.0,3.1000000000000005,4.300000000000002,1,N,67985
4.0,3.1000000000000005,4.300000000000002,2,N,67986
4.0,3.1000000000000005,4.300000000000002,3,N,67987
4.0,3.1000000000000005,4.300000000000002,4,N,67988
4.0,3.1000000000000005,4.300000000000002,5,N,67989
4.0,3.1000000000000005,4.6000000000000005,1,N,67990
4.0,3.1000000000000005,4.6000000000000005,2,N,67991
4.0,3.1000000000000005,4.6000000000000005,3,N,67992
4.0,3.1000000000000005,4.6000000000000005,4,N,67993
4.0,3.1000000000000005,4.6000000000000005,5,N,67994
4.0,3.1000000000000005,4.9,1,N,67995
4.0,3.1000000000000005,4.9,2,N,67996
4.0,3.1000000000000005,4.9,3,N,67997
4.0,3.1000000000000005,4.9,4,N,67998
4.0,3.1000000000000005,4.9,5,N,67999
4.0,3.4000000000000004,0.01,1,N,68000
4.0,3.4000000000000004,0.01,2,N,68001
4.0,3.4000000000000004,0.01,3,N,68002
4.0,3.4000000000000004,0.01,4,N,68003
4.0,3.4000000000000004,0.01,5,N,68004
4.0,3.4000000000000004,0.11,1,N,68005
4.0,3.4000000000000004,0.11,2,N,68006
4.0,3.4000000000000004,0.11,3,N,68007
4.0,3.4000000000000004,0.11,4,N,68008
4.0,3.4000000000000004,0.11,5,N,68009
4.0,3.4000000000000004,0.21,1,N,68010
4.0,3.4000000000000004,0.21,2,N,68011
4.0,3.4000000000000004,0.21,3,N,68012
4.0,3.4000000000000004,0.21,4,N,68013
4.0,3.4000000000000004,0.21,5,N,68014
4.0,3.4000000000000004,0.31000000000000005,1,N,68015
4.0,3.4000000000000004,0.31000000000000005,2,N,68016
4.0,3.4000000000000004,0.31000000000000005,3,N,68017
4.0,3.4000000000000004,0.31000000000000005,4,N,68018
4.0,3.4000000000000004,0.31000000000000005,5,N,68019
4.0,3.4000000000000004,0.41,1,N,68020
4.0,3.4000000000000004,0.41,2,N,68021
4.0,3.4000000000000004,0.41,3,N,68022
4.0,3.4000000000000004,0.41,4,N,68023
4.0,3.4000000000000004,0.41,5,N,68024
4.0,3.4000000000000004,0.51,1,N,68025
4.0,3.4000000000000004,0.51,2,N,68026
4.0,3.4000000000000004,0.51,3,N,68027
4.0,3.4000000000000004,0.51,4,N,68028
4.0,3.4000000000000004,0.51,5,N,68029
4.0,3.4000000000000004,0.6100000000000001,1,N,68030
4.0,3.4000000000000004,0.6100000000000001,2,N,68031
4.0,3.4000000000000004,0.6100000000000001,3,N,68032
4.0,3.4000000000000004,0.6100000000000001,4,N,68033
4.0,3.4000000000000004,0.6100000000000001,5,N,68034
4.0,3.4000000000000004,0.7100000000000001,1,N,68035
4.0,3.4000000000000004,0.7100000000000001,2,N,68036
4.0,3.4000000000000004,0.7100000000000001,3,N,68037
4.0,3.4000000000000004,0.7100000000000001,4,N,68038
4.0,3.4000000000000004,0.7100000000000001,5,N,68039
4.0,3.4000000000000004,0.81,1,N,68040
4.0,3.4000000000000004,0.81,2,N,68041
4.0,3.4000000000000004,0.81,3,N,68042
4.0,3.4000000000000004,0.81,4,N,68043
4.0,3.4000000000000004,0.81,5,N,68044
4.0,3.4000000000000004,0.91,1,N,68045
4.0,3.4000000000000004,0.91,2,N,68046
4.0,3.4000000000000004,0.91,3,N,68047
4.0,3.4000000000000004,0.91,4,N,68048
4.0,3.4000000000000004,0.91,5,N,68049
4.0,3.4000000000000004,1.01,1,N,68050
4.0,3.4000000000000004,1.01,2,N,68051
4.0,3.4000000000000004,1.01,3,N,68052
4.0,3.4000000000000004,1.01,4,N,68053
4.0,3.4000000000000004,1.01,5,N,68054
4.0,3.4000000000000004,1.11,1,N,68055
4.0,3.4000000000000004,1.11,2,N,68056
4.0,3.4000000000000004,1.11,3,N,68057
4.0,3.4000000000000004,1.11,4,N,68058
4.0,3.4000000000000004,1.11,5,N,68059
4.0,3.4000000000000004,1.3,1,N,68060
4.0,3.4000000000000004,1.3,2,N,68061
4.0,3.4000000000000004,1.3,3,N,68062
4.0,3.4000000000000004,1.3,4,N,68063
4.0,3.4000000000000004,1.3,5,N,68064
4.0,3.4000000000000004,1.6,1,N,68065
4.0,3.4000000000000004,1.6,2,N,68066
4.0,3.4000000000000004,1.6,3,N,68067
4.0,3.4000000000000004,1.6,4,N,68068
4.0,3.4000000000000004,1.6,5,N,68069
4.0,3.4000000000000004,1.9,1,N,68070
4.0,3.4000000000000004,1.9,2,N,68071
4.0,3.4000000000000004,1.9,3,N,68072
4.0,3.4000000000000004,1.9,4,N,68073
4.0,3.4000000000000004,1.9,5,N,68074
4.0,3.4000000000000004,2.2,1,N,68075
4.0,3.4000000000000004,2.2,2,N,68076
4.0,3.4000000000000004,2.2,3,N,68077
4.0,3.4000000000000004,2.2,4,N,68078
4.0,3.4000000000000004,2.2,5,N,68079
4.0,3.4000000000000004,2.5,1,N,68080
4.0,3.4000000000000004,2.5,2,N,68081
4.0,3.4000000000000004,2.5,3,N,68082
4.0,3.4000000000000004,2.5,4,N,68083
4.0,3.4000000000000004,2.5,5,N,68084
4.0,3.4000000000000004,2.8000000000000003,1,N,68085
4.0,3.4000000000000004,2.8000000000000003,2,N,68086
4.0,3.4000000000000004,2.8000000000000003,3,N,68087
4.0,3.4000000000000004,2.8000000000000003,4,N,68088
4.0,3.4000000000000004,2.8000000000000003,5,N,68089
4.0,3.4000000000000004,3.1000000000000005,1,N,68090
4.0,3.4000000000000004,3.1000000000000005,2,N,68091
4.0,3.4000000000000004,3.1000000000000005,3,N,68092
4.0,3.4000000000000004,3.1000000000000005,4,N,68093
4.0,3.4000000000000004,3.1000000000000005,5,N,68094
4.0,3.4000000000000004,3.4000000000000004,1,N,68095
4.0,3.4000000000000004,3.4000000000000004,2,N,68096
4.0,3.4000000000000004,3.4000000000000004,3,N,68097
4.0,3.4000000000000004,3.4000000000000004,4,N,68098
4.0,3.4000000000000004,3.4000000000000004,5,N,68099
4.0,3.4000000000000004,3.7,1,N,68100
4.0,3.4000000000000004,3.7,2,N,68101
4.0,3.4000000000000004,3.7,3,N,68102
4.0,3.4000000000000004,3.7,4,N,68103
4.0,3.4000000000000004,3.7,5,N,68104
4.0,3.4000000000000004,4.0,1,N,68105
4.0,3.4000000000000004,4.0,2,N,68106
4.0,3.4000000000000004,4.0,3,N,68107
4.0,3.4000000000000004,4.0,4,N,68108
4.0,3.4000000000000004,4.0,5,N,68109
4.0,3.4000000000000004,4.300000000000002,1,N,68110
4.0,3.4000000000000004,4.300000000000002,2,N,68111
4.0,3.4000000000000004,4.300000000000002,3,N,68112
4.0,3.4000000000000004,4.300000000000002,4,N,68113
4.0,3.4000000000000004,4.300000000000002,5,N,68114
4.0,3.4000000000000004,4.6000000000000005,1,N,68115
4.0,3.4000000000000004,4.6000000000000005,2,N,68116
4.0,3.4000000000000004,4.6000000000000005,3,N,68117
4.0,3.4000000000000004,4.6000000000000005,4,N,68118
4.0,3.4000000000000004,4.6000000000000005,5,N,68119
4.0,3.4000000000000004,4.9,1,N,68120
4.0,3.4000000000000004,4.9,2,N,68121
4.0,3.4000000000000004,4.9,3,N,68122
4.0,3.4000000000000004,4.9,4,N,68123
4.0,3.4000000000000004,4.9,5,N,68124
4.0,3.7,0.01,1,N,68125
4.0,3.7,0.01,2,N,68126
4.0,3.7,0.01,3,N,68127
4.0,3.7,0.01,4,N,68128
4.0,3.7,0.01,5,N,68129
4.0,3.7,0.11,1,N,68130
4.0,3.7,0.11,2,N,68131
4.0,3.7,0.11,3,N,68132
4.0,3.7,0.11,4,N,68133
4.0,3.7,0.11,5,N,68134
4.0,3.7,0.21,1,N,68135
4.0,3.7,0.21,2,N,68136
4.0,3.7,0.21,3,N,68137
4.0,3.7,0.21,4,N,68138
4.0,3.7,0.21,5,N,68139
4.0,3.7,0.31000000000000005,1,N,68140
4.0,3.7,0.31000000000000005,2,N,68141
4.0,3.7,0.31000000000000005,3,N,68142
4.0,3.7,0.31000000000000005,4,N,68143
4.0,3.7,0.31000000000000005,5,N,68144
4.0,3.7,0.41,1,N,68145
4.0,3.7,0.41,2,N,68146
4.0,3.7,0.41,3,N,68147
4.0,3.7,0.41,4,N,68148
4.0,3.7,0.41,5,N,68149
4.0,3.7,0.51,1,N,68150
4.0,3.7,0.51,2,N,68151
4.0,3.7,0.51,3,N,68152
4.0,3.7,0.51,4,N,68153
4.0,3.7,0.51,5,N,68154
4.0,3.7,0.6100000000000001,1,N,68155
4.0,3.7,0.6100000000000001,2,N,68156
4.0,3.7,0.6100000000000001,3,N,68157
4.0,3.7,0.6100000000000001,4,N,68158
4.0,3.7,0.6100000000000001,5,N,68159
4.0,3.7,0.7100000000000001,1,N,68160
4.0,3.7,0.7100000000000001,2,N,68161
4.0,3.7,0.7100000000000001,3,N,68162
4.0,3.7,0.7100000000000001,4,N,68163
4.0,3.7,0.7100000000000001,5,N,68164
4.0,3.7,0.81,1,N,68165
4.0,3.7,0.81,2,N,68166
4.0,3.7,0.81,3,N,68167
4.0,3.7,0.81,4,N,68168
4.0,3.7,0.81,5,N,68169
4.0,3.7,0.91,1,N,68170
4.0,3.7,0.91,2,N,68171
4.0,3.7,0.91,3,N,68172
4.0,3.7,0.91,4,N,68173
4.0,3.7,0.91,5,N,68174
4.0,3.7,1.01,1,N,68175
4.0,3.7,1.01,2,N,68176
4.0,3.7,1.01,3,N,68177
4.0,3.7,1.01,4,N,68178
4.0,3.7,1.01,5,N,68179
4.0,3.7,1.11,1,N,68180
4.0,3.7,1.11,2,N,68181
4.0,3.7,1.11,3,N,68182
4.0,3.7,1.11,4,N,68183
4.0,3.7,1.11,5,N,68184
4.0,3.7,1.3,1,N,68185
4.0,3.7,1.3,2,N,68186
4.0,3.7,1.3,3,N,68187
4.0,3.7,1.3,4,N,68188
4.0,3.7,1.3,5,N,68189
4.0,3.7,1.6,1,N,68190
4.0,3.7,1.6,2,N,68191
4.0,3.7,1.6,3,N,68192
4.0,3.7,1.6,4,N,68193
4.0,3.7,1.6,5,N,68194
4.0,3.7,1.9,1,N,68195
4.0,3.7,1.9,2,N,68196
4.0,3.7,1.9,3,N,68197
4.0,3.7,1.9,4,N,68198
4.0,3.7,1.9,5,N,68199
4.0,3.7,2.2,1,N,68200
4.0,3.7,2.2,2,N,68201
4.0,3.7,2.2,3,N,68202
4.0,3.7,2.2,4,N,68203
4.0,3.7,2.2,5,N,68204
4.0,3.7,2.5,1,N,68205
4.0,3.7,2.5,2,N,68206
4.0,3.7,2.5,3,N,68207
4.0,3.7,2.5,4,N,68208
4.0,3.7,2.5,5,N,68209
4.0,3.7,2.8000000000000003,1,N,68210
4.0,3.7,2.8000000000000003,2,N,68211
4.0,3.7,2.8000000000000003,3,N,68212
4.0,3.7,2.8000000000000003,4,N,68213
4.0,3.7,2.8000000000000003,5,N,68214
4.0,3.7,3.1000000000000005,1,N,68215
4.0,3.7,3.1000000000000005,2,N,68216
4.0,3.7,3.1000000000000005,3,N,68217
4.0,3.7,3.1000000000000005,4,N,68218
4.0,3.7,3.1000000000000005,5,N,68219
4.0,3.7,3.4000000000000004,1,N,68220
4.0,3.7,3.4000000000000004,2,N,68221
4.0,3.7,3.4000000000000004,3,N,68222
4.0,3.7,3.4000000000000004,4,N,68223
4.0,3.7,3.4000000000000004,5,N,68224
4.0,3.7,3.7,1,N,68225
4.0,3.7,3.7,2,N,68226
4.0,3.7,3.7,3,N,68227
4.0,3.7,3.7,4,N,68228
4.0,3.7,3.7,5,N,68229
4.0,3.7,4.0,1,N,68230
4.0,3.7,4.0,2,N,68231
4.0,3.7,4.0,3,N,68232
4.0,3.7,4.0,4,N,68233
4.0,3.7,4.0,5,N,68234
4.0,3.7,4.300000000000002,1,N,68235
4.0,3.7,4.300000000000002,2,N,68236
4.0,3.7,4.300000000000002,3,N,68237
4.0,3.7,4.300000000000002,4,N,68238
4.0,3.7,4.300000000000002,5,N,68239
4.0,3.7,4.6000000000000005,1,N,68240
4.0,3.7,4.6000000000000005,2,N,68241
4.0,3.7,4.6000000000000005,3,N,68242
4.0,3.7,4.6000000000000005,4,N,68243
4.0,3.7,4.6000000000000005,5,N,68244
4.0,3.7,4.9,1,N,68245
4.0,3.7,4.9,2,N,68246
4.0,3.7,4.9,3,N,68247
4.0,3.7,4.9,4,N,68248
4.0,3.7,4.9,5,N,68249
4.0,4.0,0.01,1,N,68250
4.0,4.0,0.01,2,N,68251
4.0,4.0,0.01,3,N,68252
4.0,4.0,0.01,4,N,68253
4.0,4.0,0.01,5,N,68254
4.0,4.0,0.11,1,N,68255
4.0,4.0,0.11,2,N,68256
4.0,4.0,0.11,3,N,68257
4.0,4.0,0.11,4,N,68258
4.0,4.0,0.11,5,N,68259
4.0,4.0,0.21,1,N,68260
4.0,4.0,0.21,2,N,68261
4.0,4.0,0.21,3,N,68262
4.0,4.0,0.21,4,N,68263
4.0,4.0,0.21,5,N,68264
4.0,4.0,0.31000000000000005,1,N,68265
4.0,4.0,0.31000000000000005,2,N,68266
4.0,4.0,0.31000000000000005,3,N,68267
4.0,4.0,0.31000000000000005,4,N,68268
4.0,4.0,0.31000000000000005,5,N,68269
4.0,4.0,0.41,1,N,68270
4.0,4.0,0.41,2,N,68271
4.0,4.0,0.41,3,N,68272
4.0,4.0,0.41,4,N,68273
4.0,4.0,0.41,5,N,68274
4.0,4.0,0.51,1,N,68275
4.0,4.0,0.51,2,N,68276
4.0,4.0,0.51,3,N,68277
4.0,4.0,0.51,4,N,68278
4.0,4.0,0.51,5,N,68279
4.0,4.0,0.6100000000000001,1,N,68280
4.0,4.0,0.6100000000000001,2,N,68281
4.0,4.0,0.6100000000000001,3,N,68282
4.0,4.0,0.6100000000000001,4,N,68283
4.0,4.0,0.6100000000000001,5,N,68284
4.0,4.0,0.7100000000000001,1,N,68285
4.0,4.0,0.7100000000000001,2,N,68286
4.0,4.0,0.7100000000000001,3,N,68287
4.0,4.0,0.7100000000000001,4,N,68288
4.0,4.0,0.7100000000000001,5,N,68289
4.0,4.0,0.81,1,N,68290
4.0,4.0,0.81,2,N,68291
4.0,4.0,0.81,3,N,68292
4.0,4.0,0.81,4,N,68293
4.0,4.0,0.81,5,N,68294
4.0,4.0,0.91,1,N,68295
4.0,4.0,0.91,2,N,68296
4.0,4.0,0.91,3,N,68297
4.0,4.0,0.91,4,N,68298
4.0,4.0,0.91,5,N,68299
4.0,4.0,1.01,1,N,68300
4.0,4.0,1.01,2,N,68301
4.0,4.0,1.01,3,N,68302
4.0,4.0,1.01,4,N,68303
4.0,4.0,1.01,5,N,68304
4.0,4.0,1.11,1,N,68305
4.0,4.0,1.11,2,N,68306
4.0,4.0,1.11,3,N,68307
4.0,4.0,1.11,4,N,68308
4.0,4.0,1.11,5,N,68309
4.0,4.0,1.3,1,N,68310
4.0,4.0,1.3,2,N,68311
4.0,4.0,1.3,3,N,68312
4.0,4.0,1.3,4,N,68313
4.0,4.0,1.3,5,N,68314
4.0,4.0,1.6,1,N,68315
4.0,4.0,1.6,2,N,68316
4.0,4.0,1.6,3,N,68317
4.0,4.0,1.6,4,N,68318
4.0,4.0,1.6,5,N,68319
4.0,4.0,1.9,1,N,68320
4.0,4.0,1.9,2,N,68321
4.0,4.0,1.9,3,N,68322
4.0,4.0,1.9,4,N,68323
4.0,4.0,1.9,5,N,68324
4.0,4.0,2.2,1,N,68325
4.0,4.0,2.2,2,N,68326
4.0,4.0,2.2,3,N,68327
4.0,4.0,2.2,4,N,68328
4.0,4.0,2.2,5,N,68329
4.0,4.0,2.5,1,N,68330
4.0,4.0,2.5,2,N,68331
4.0,4.0,2.5,3,N,68332
4.0,4.0,2.5,4,N,68333
4.0,4.0,2.5,5,N,68334
4.0,4.0,2.8000000000000003,1,N,68335
4.0,4.0,2.8000000000000003,2,N,68336
4.0,4.0,2.8000000000000003,3,N,68337
4.0,4.0,2.8000000000000003,4,N,68338
4.0,4.0,2.8000000000000003,5,N,68339
4.0,4.0,3.1000000000000005,1,N,68340
4.0,4.0,3.1000000000000005,2,N,68341
4.0,4.0,3.1000000000000005,3,N,68342
4.0,4.0,3.1000000000000005,4,N,68343
4.0,4.0,3.1000000000000005,5,N,68344
4.0,4.0,3.4000000000000004,1,N,68345
4.0,4.0,3.4000000000000004,2,N,68346
4.0,4.0,3.4000000000000004,3,N,68347
4.0,4.0,3.4000000000000004,4,N,68348
4.0,4.0,3.4000000000000004,5,N,68349
4.0,4.0,3.7,1,N,68350
4.0,4.0,3.7,2,N,68351
4.0,4.0,3.7,3,N,68352
4.0,4.0,3.7,4,N,68353
4.0,4.0,3.7,5,N,68354
4.0,4.0,4.0,1,N,68355
4.0,4.0,4.0,2,N,68356
4.0,4.0,4.0,3,N,68357
4.0,4.0,4.0,4,N,68358
4.0,4.0,4.0,5,N,68359
4.0,4.0,4.300000000000002,1,N,68360
4.0,4.0,4.300000000000002,2,N,68361
4.0,4.0,4.300000000000002,3,N,68362
4.0,4.0,4.300000000000002,4,N,68363
4.0,4.0,4.300000000000002,5,N,68364
4.0,4.0,4.6000000000000005,1,N,68365
4.0,4.0,4.6000000000000005,2,N,68366
4.0,4.0,4.6000000000000005,3,N,68367
4.0,4.0,4.6000000000000005,4,N,68368
4.0,4.0,4.6000000000000005,5,N,68369
4.0,4.0,4.9,1,N,68370
4.0,4.0,4.9,2,N,68371
4.0,4.0,4.9,3,N,68372
4.0,4.0,4.9,4,N,68373
4.0,4.0,4.9,5,N,68374
4.0,4.300000000000002,0.01,1,N,68375
4.0,4.300000000000002,0.01,2,N,68376
4.0,4.300000000000002,0.01,3,N,68377
4.0,4.300000000000002,0.01,4,N,68378
4.0,4.300000000000002,0.01,5,N,68379
4.0,4.300000000000002,0.11,1,N,68380
4.0,4.300000000000002,0.11,2,N,68381
4.0,4.300000000000002,0.11,3,N,68382
4.0,4.300000000000002,0.11,4,N,68383
4.0,4.300000000000002,0.11,5,N,68384
4.0,4.300000000000002,0.21,1,N,68385
4.0,4.300000000000002,0.21,2,N,68386
4.0,4.300000000000002,0.21,3,N,68387
4.0,4.300000000000002,0.21,4,N,68388
4.0,4.300000000000002,0.21,5,N,68389
4.0,4.300000000000002,0.31000000000000005,1,N,68390
4.0,4.300000000000002,0.31000000000000005,2,N,68391
4.0,4.300000000000002,0.31000000000000005,3,N,68392
4.0,4.300000000000002,0.31000000000000005,4,N,68393
4.0,4.300000000000002,0.31000000000000005,5,N,68394
4.0,4.300000000000002,0.41,1,N,68395
4.0,4.300000000000002,0.41,2,N,68396
4.0,4.300000000000002,0.41,3,N,68397
4.0,4.300000000000002,0.41,4,N,68398
4.0,4.300000000000002,0.41,5,N,68399
4.0,4.300000000000002,0.51,1,N,68400
4.0,4.300000000000002,0.51,2,N,68401
4.0,4.300000000000002,0.51,3,N,68402
4.0,4.300000000000002,0.51,4,N,68403
4.0,4.300000000000002,0.51,5,N,68404
4.0,4.300000000000002,0.6100000000000001,1,N,68405
4.0,4.300000000000002,0.6100000000000001,2,N,68406
4.0,4.300000000000002,0.6100000000000001,3,N,68407
4.0,4.300000000000002,0.6100000000000001,4,N,68408
4.0,4.300000000000002,0.6100000000000001,5,N,68409
4.0,4.300000000000002,0.7100000000000001,1,N,68410
4.0,4.300000000000002,0.7100000000000001,2,N,68411
4.0,4.300000000000002,0.7100000000000001,3,N,68412
4.0,4.300000000000002,0.7100000000000001,4,N,68413
4.0,4.300000000000002,0.7100000000000001,5,N,68414
4.0,4.300000000000002,0.81,1,N,68415
4.0,4.300000000000002,0.81,2,N,68416
4.0,4.300000000000002,0.81,3,N,68417
4.0,4.300000000000002,0.81,4,N,68418
4.0,4.300000000000002,0.81,5,N,68419
4.0,4.300000000000002,0.91,1,N,68420
4.0,4.300000000000002,0.91,2,N,68421
4.0,4.300000000000002,0.91,3,N,68422
4.0,4.300000000000002,0.91,4,N,68423
4.0,4.300000000000002,0.91,5,N,68424
4.0,4.300000000000002,1.01,1,N,68425
4.0,4.300000000000002,1.01,2,N,68426
4.0,4.300000000000002,1.01,3,N,68427
4.0,4.300000000000002,1.01,4,N,68428
4.0,4.300000000000002,1.01,5,N,68429
4.0,4.300000000000002,1.11,1,N,68430
4.0,4.300000000000002,1.11,2,N,68431
4.0,4.300000000000002,1.11,3,N,68432
4.0,4.300000000000002,1.11,4,N,68433
4.0,4.300000000000002,1.11,5,N,68434
4.0,4.300000000000002,1.3,1,N,68435
4.0,4.300000000000002,1.3,2,N,68436
4.0,4.300000000000002,1.3,3,N,68437
4.0,4.300000000000002,1.3,4,N,68438
4.0,4.300000000000002,1.3,5,N,68439
4.0,4.300000000000002,1.6,1,N,68440
4.0,4.300000000000002,1.6,2,N,68441
4.0,4.300000000000002,1.6,3,N,68442
4.0,4.300000000000002,1.6,4,N,68443
4.0,4.300000000000002,1.6,5,N,68444
4.0,4.300000000000002,1.9,1,N,68445
4.0,4.300000000000002,1.9,2,N,68446
4.0,4.300000000000002,1.9,3,N,68447
4.0,4.300000000000002,1.9,4,N,68448
4.0,4.300000000000002,1.9,5,N,68449
4.0,4.300000000000002,2.2,1,N,68450
4.0,4.300000000000002,2.2,2,N,68451
4.0,4.300000000000002,2.2,3,N,68452
4.0,4.300000000000002,2.2,4,N,68453
4.0,4.300000000000002,2.2,5,N,68454
4.0,4.300000000000002,2.5,1,N,68455
4.0,4.300000000000002,2.5,2,N,68456
4.0,4.300000000000002,2.5,3,N,68457
4.0,4.300000000000002,2.5,4,N,68458
4.0,4.300000000000002,2.5,5,N,68459
4.0,4.300000000000002,2.8000000000000003,1,N,68460
4.0,4.300000000000002,2.8000000000000003,2,N,68461
4.0,4.300000000000002,2.8000000000000003,3,N,68462
4.0,4.300000000000002,2.8000000000000003,4,N,68463
4.0,4.300000000000002,2.8000000000000003,5,N,68464
4.0,4.300000000000002,3.1000000000000005,1,N,68465
4.0,4.300000000000002,3.1000000000000005,2,N,68466
4.0,4.300000000000002,3.1000000000000005,3,N,68467
4.0,4.300000000000002,3.1000000000000005,4,N,68468
4.0,4.300000000000002,3.1000000000000005,5,N,68469
4.0,4.300000000000002,3.4000000000000004,1,N,68470
4.0,4.300000000000002,3.4000000000000004,2,N,68471
4.0,4.300000000000002,3.4000000000000004,3,N,68472
4.0,4.300000000000002,3.4000000000000004,4,N,68473
4.0,4.300000000000002,3.4000000000000004,5,N,68474
4.0,4.300000000000002,3.7,1,N,68475
4.0,4.300000000000002,3.7,2,N,68476
4.0,4.300000000000002,3.7,3,N,68477
4.0,4.300000000000002,3.7,4,N,68478
4.0,4.300000000000002,3.7,5,N,68479
4.0,4.300000000000002,4.0,1,N,68480
4.0,4.300000000000002,4.0,2,N,68481
4.0,4.300000000000002,4.0,3,N,68482
4.0,4.300000000000002,4.0,4,N,68483
4.0,4.300000000000002,4.0,5,N,68484
4.0,4.300000000000002,4.300000000000002,1,N,68485
4.0,4.300000000000002,4.300000000000002,2,N,68486
4.0,4.300000000000002,4.300000000000002,3,N,68487
4.0,4.300000000000002,4.300000000000002,4,N,68488
4.0,4.300000000000002,4.300000000000002,5,N,68489
4.0,4.300000000000002,4.6000000000000005,1,N,68490
4.0,4.300000000000002,4.6000000000000005,2,N,68491
4.0,4.300000000000002,4.6000000000000005,3,N,68492
4.0,4.300000000000002,4.6000000000000005,4,N,68493
4.0,4.300000000000002,4.6000000000000005,5,N,68494
4.0,4.300000000000002,4.9,1,N,68495
4.0,4.300000000000002,4.9,2,N,68496
4.0,4.300000000000002,4.9,3,N,68497
4.0,4.300000000000002,4.9,4,N,68498
4.0,4.300000000000002,4.9,5,N,68499
4.0,4.6000000000000005,0.01,1,N,68500
4.0,4.6000000000000005,0.01,2,N,68501
4.0,4.6000000000000005,0.01,3,N,68502
4.0,4.6000000000000005,0.01,4,N,68503
4.0,4.6000000000000005,0.01,5,N,68504
4.0,4.6000000000000005,0.11,1,N,68505
4.0,4.6000000000000005,0.11,2,N,68506
4.0,4.6000000000000005,0.11,3,N,68507
4.0,4.6000000000000005,0.11,4,N,68508
4.0,4.6000000000000005,0.11,5,N,68509
4.0,4.6000000000000005,0.21,1,N,68510
4.0,4.6000000000000005,0.21,2,N,68511
4.0,4.6000000000000005,0.21,3,N,68512
4.0,4.6000000000000005,0.21,4,N,68513
4.0,4.6000000000000005,0.21,5,N,68514
4.0,4.6000000000000005,0.31000000000000005,1,N,68515
4.0,4.6000000000000005,0.31000000000000005,2,N,68516
4.0,4.6000000000000005,0.31000000000000005,3,N,68517
4.0,4.6000000000000005,0.31000000000000005,4,N,68518
4.0,4.6000000000000005,0.31000000000000005,5,N,68519
4.0,4.6000000000000005,0.41,1,N,68520
4.0,4.6000000000000005,0.41,2,N,68521
4.0,4.6000000000000005,0.41,3,N,68522
4.0,4.6000000000000005,0.41,4,N,68523
4.0,4.6000000000000005,0.41,5,N,68524
4.0,4.6000000000000005,0.51,1,N,68525
4.0,4.6000000000000005,0.51,2,N,68526
4.0,4.6000000000000005,0.51,3,N,68527
4.0,4.6000000000000005,0.51,4,N,68528
4.0,4.6000000000000005,0.51,5,N,68529
4.0,4.6000000000000005,0.6100000000000001,1,N,68530
4.0,4.6000000000000005,0.6100000000000001,2,N,68531
4.0,4.6000000000000005,0.6100000000000001,3,N,68532
4.0,4.6000000000000005,0.6100000000000001,4,N,68533
4.0,4.6000000000000005,0.6100000000000001,5,N,68534
4.0,4.6000000000000005,0.7100000000000001,1,N,68535
4.0,4.6000000000000005,0.7100000000000001,2,N,68536
4.0,4.6000000000000005,0.7100000000000001,3,N,68537
4.0,4.6000000000000005,0.7100000000000001,4,N,68538
4.0,4.6000000000000005,0.7100000000000001,5,N,68539
4.0,4.6000000000000005,0.81,1,N,68540
4.0,4.6000000000000005,0.81,2,N,68541
4.0,4.6000000000000005,0.81,3,N,68542
4.0,4.6000000000000005,0.81,4,N,68543
4.0,4.6000000000000005,0.81,5,N,68544
4.0,4.6000000000000005,0.91,1,N,68545
4.0,4.6000000000000005,0.91,2,N,68546
4.0,4.6000000000000005,0.91,3,N,68547
4.0,4.6000000000000005,0.91,4,N,68548
4.0,4.6000000000000005,0.91,5,N,68549
4.0,4.6000000000000005,1.01,1,N,68550
4.0,4.6000000000000005,1.01,2,N,68551
4.0,4.6000000000000005,1.01,3,N,68552
4.0,4.6000000000000005,1.01,4,N,68553
4.0,4.6000000000000005,1.01,5,N,68554
4.0,4.6000000000000005,1.11,1,N,68555
4.0,4.6000000000000005,1.11,2,N,68556
4.0,4.6000000000000005,1.11,3,N,68557
4.0,4.6000000000000005,1.11,4,N,68558
4.0,4.6000000000000005,1.11,5,N,68559
4.0,4.6000000000000005,1.3,1,N,68560
4.0,4.6000000000000005,1.3,2,N,68561
4.0,4.6000000000000005,1.3,3,N,68562
4.0,4.6000000000000005,1.3,4,N,68563
4.0,4.6000000000000005,1.3,5,N,68564
4.0,4.6000000000000005,1.6,1,N,68565
4.0,4.6000000000000005,1.6,2,N,68566
4.0,4.6000000000000005,1.6,3,N,68567
4.0,4.6000000000000005,1.6,4,N,68568
4.0,4.6000000000000005,1.6,5,N,68569
4.0,4.6000000000000005,1.9,1,N,68570
4.0,4.6000000000000005,1.9,2,N,68571
4.0,4.6000000000000005,1.9,3,N,68572
4.0,4.6000000000000005,1.9,4,N,68573
4.0,4.6000000000000005,1.9,5,N,68574
4.0,4.6000000000000005,2.2,1,N,68575
4.0,4.6000000000000005,2.2,2,N,68576
4.0,4.6000000000000005,2.2,3,N,68577
4.0,4.6000000000000005,2.2,4,N,68578
4.0,4.6000000000000005,2.2,5,N,68579
4.0,4.6000000000000005,2.5,1,N,68580
4.0,4.6000000000000005,2.5,2,N,68581
4.0,4.6000000000000005,2.5,3,N,68582
4.0,4.6000000000000005,2.5,4,N,68583
4.0,4.6000000000000005,2.5,5,N,68584
4.0,4.6000000000000005,2.8000000000000003,1,N,68585
4.0,4.6000000000000005,2.8000000000000003,2,N,68586
4.0,4.6000000000000005,2.8000000000000003,3,N,68587
4.0,4.6000000000000005,2.8000000000000003,4,N,68588
4.0,4.6000000000000005,2.8000000000000003,5,N,68589
4.0,4.6000000000000005,3.1000000000000005,1,N,68590
4.0,4.6000000000000005,3.1000000000000005,2,N,68591
4.0,4.6000000000000005,3.1000000000000005,3,N,68592
4.0,4.6000000000000005,3.1000000000000005,4,N,68593
4.0,4.6000000000000005,3.1000000000000005,5,N,68594
4.0,4.6000000000000005,3.4000000000000004,1,N,68595
4.0,4.6000000000000005,3.4000000000000004,2,N,68596
4.0,4.6000000000000005,3.4000000000000004,3,N,68597
4.0,4.6000000000000005,3.4000000000000004,4,N,68598
4.0,4.6000000000000005,3.4000000000000004,5,N,68599
4.0,4.6000000000000005,3.7,1,N,68600
4.0,4.6000000000000005,3.7,2,N,68601
4.0,4.6000000000000005,3.7,3,N,68602
4.0,4.6000000000000005,3.7,4,N,68603
4.0,4.6000000000000005,3.7,5,N,68604
4.0,4.6000000000000005,4.0,1,N,68605
4.0,4.6000000000000005,4.0,2,N,68606
4.0,4.6000000000000005,4.0,3,N,68607
4.0,4.6000000000000005,4.0,4,N,68608
4.0,4.6000000000000005,4.0,5,N,68609
4.0,4.6000000000000005,4.300000000000002,1,N,68610
4.0,4.6000000000000005,4.300000000000002,2,N,68611
4.0,4.6000000000000005,4.300000000000002,3,N,68612
4.0,4.6000000000000005,4.300000000000002,4,N,68613
4.0,4.6000000000000005,4.300000000000002,5,N,68614
4.0,4.6000000000000005,4.6000000000000005,1,N,68615
4.0,4.6000000000000005,4.6000000000000005,2,N,68616
4.0,4.6000000000000005,4.6000000000000005,3,N,68617
4.0,4.6000000000000005,4.6000000000000005,4,N,68618
4.0,4.6000000000000005,4.6000000000000005,5,N,68619
4.0,4.6000000000000005,4.9,1,N,68620
4.0,4.6000000000000005,4.9,2,N,68621
4.0,4.6000000000000005,4.9,3,N,68622
4.0,4.6000000000000005,4.9,4,N,68623
4.0,4.6000000000000005,4.9,5,N,68624
4.0,4.9,0.01,1,N,68625
4.0,4.9,0.01,2,N,68626
4.0,4.9,0.01,3,N,68627
4.0,4.9,0.01,4,N,68628
4.0,4.9,0.01,5,N,68629
4.0,4.9,0.11,1,N,68630
4.0,4.9,0.11,2,N,68631
4.0,4.9,0.11,3,N,68632
4.0,4.9,0.11,4,N,68633
4.0,4.9,0.11,5,N,68634
4.0,4.9,0.21,1,N,68635
4.0,4.9,0.21,2,N,68636
4.0,4.9,0.21,3,N,68637
4.0,4.9,0.21,4,N,68638
4.0,4.9,0.21,5,N,68639
4.0,4.9,0.31000000000000005,1,N,68640
4.0,4.9,0.31000000000000005,2,N,68641
4.0,4.9,0.31000000000000005,3,N,68642
4.0,4.9,0.31000000000000005,4,N,68643
4.0,4.9,0.31000000000000005,5,N,68644
4.0,4.9,0.41,1,N,68645
4.0,4.9,0.41,2,N,68646
4.0,4.9,0.41,3,N,68647
4.0,4.9,0.41,4,N,68648
4.0,4.9,0.41,5,N,68649
4.0,4.9,0.51,1,N,68650
4.0,4.9,0.51,2,N,68651
4.0,4.9,0.51,3,N,68652
4.0,4.9,0.51,4,N,68653
4.0,4.9,0.51,5,N,68654
4.0,4.9,0.6100000000000001,1,N,68655
4.0,4.9,0.6100000000000001,2,N,68656
4.0,4.9,0.6100000000000001,3,N,68657
4.0,4.9,0.6100000000000001,4,N,68658
4.0,4.9,0.6100000000000001,5,N,68659
4.0,4.9,0.7100000000000001,1,N,68660
4.0,4.9,0.7100000000000001,2,N,68661
4.0,4.9,0.7100000000000001,3,N,68662
4.0,4.9,0.7100000000000001,4,N,68663
4.0,4.9,0.7100000000000001,5,N,68664
4.0,4.9,0.81,1,N,68665
4.0,4.9,0.81,2,N,68666
4.0,4.9,0.81,3,N,68667
4.0,4.9,0.81,4,N,68668
4.0,4.9,0.81,5,N,68669
4.0,4.9,0.91,1,N,68670
4.0,4.9,0.91,2,N,68671
4.0,4.9,0.91,3,N,68672
4.0,4.9,0.91,4,N,68673
4.0,4.9,0.91,5,N,68674
4.0,4.9,1.01,1,N,68675
4.0,4.9,1.01,2,N,68676
4.0,4.9,1.01,3,N,68677
4.0,4.9,1.01,4,N,68678
4.0,4.9,1.01,5,N,68679
4.0,4.9,1.11,1,N,68680
4.0,4.9,1.11,2,N,68681
4.0,4.9,1.11,3,N,68682
4.0,4.9,1.11,4,N,68683
4.0,4.9,1.11,5,N,68684
4.0,4.9,1.3,1,N,68685
4.0,4.9,1.3,2,N,68686
4.0,4.9,1.3,3,N,68687
4.0,4.9,1.3,4,N,68688
4.0,4.9,1.3,5,N,68689
4.0,4.9,1.6,1,N,68690
4.0,4.9,1.6,2,N,68691
4.0,4.9,1.6,3,N,68692
4.0,4.9,1.6,4,N,68693
4.0,4.9,1.6,5,N,68694
4.0,4.9,1.9,1,N,68695
4.0,4.9,1.9,2,N,68696
4.0,4.9,1.9,3,N,68697
4.0,4.9,1.9,4,N,68698
4.0,4.9,1.9,5,N,68699
4.0,4.9,2.2,1,N,68700
4.0,4.9,2.2,2,N,68701
4.0,4.9,2.2,3,N,68702
4.0,4.9,2.2,4,N,68703
4.0,4.9,2.2,5,N,68704
4.0,4.9,2.5,1,N,68705
4.0,4.9,2.5,2,N,68706
4.0,4.9,2.5,3,N,68707
4.0,4.9,2.5,4,N,68708
4.0,4.9,2.5,5,N,68709
4.0,4.9,2.8000000000000003,1,N,68710
4.0,4.9,2.8000000000000003,2,N,68711
4.0,4.9,2.8000000000000003,3,N,68712
4.0,4.9,2.8000000000000003,4,N,68713
4.0,4.9,2.8000000000000003,5,N,68714
4.0,4.9,3.1000000000000005,1,N,68715
4.0,4.9,3.1000000000000005,2,N,68716
4.0,4.9,3.1000000000000005,3,N,68717
4.0,4.9,3.1000000000000005,4,N,68718
4.0,4.9,3.1000000000000005,5,N,68719
4.0,4.9,3.4000000000000004,1,N,68720
4.0,4.9,3.4000000000000004,2,N,68721
4.0,4.9,3.4000000000000004,3,N,68722
4.0,4.9,3.4000000000000004,4,N,68723
4.0,4.9,3.4000000000000004,5,N,68724
4.0,4.9,3.7,1,N,68725
4.0,4.9,3.7,2,N,68726
4.0,4.9,3.7,3,N,68727
4.0,4.9,3.7,4,N,68728
4.0,4.9,3.7,5,N,68729
4.0,4.9,4.0,1,N,68730
4.0,4.9,4.0,2,N,68731
4.0,4.9,4.0,3,N,68732
4.0,4.9,4.0,4,N,68733
4.0,4.9,4.0,5,N,68734
4.0,4.9,4.300000000000002,1,N,68735
4.0,4.9,4.300000000000002,2,N,68736
4.0,4.9,4.300000000000002,3,N,68737
4.0,4.9,4.300000000000002,4,N,68738
4.0,4.9,4.300000000000002,5,N,68739
4.0,4.9,4.6000000000000005,1,N,68740
4.0,4.9,4.6000000000000005,2,N,68741
4.0,4.9,4.6000000000000005,3,N,68742
4.0,4.9,4.6000000000000005,4,N,68743
4.0,4.9,4.6000000000000005,5,N,68744
4.0,4.9,4.9,1,N,68745
4.0,4.9,4.9,2,N,68746
4.0,4.9,4.9,3,N,68747
4.0,4.9,4.9,4,N,68748
4.0,4.9,4.9,5,N,68749
4.300000000000002,0.01,0.01,1,N,68750
4.300000000000002,0.01,0.01,2,N,68751
4.300000000000002,0.01,0.01,3,N,68752
4.300000000000002,0.01,0.01,4,N,68753
4.300000000000002,0.01,0.01,5,N,68754
4.300000000000002,0.01,0.11,1,N,68755
4.300000000000002,0.01,0.11,2,N,68756
4.300000000000002,0.01,0.11,3,N,68757
4.300000000000002,0.01,0.11,4,N,68758
4.300000000000002,0.01,0.11,5,N,68759
4.300000000000002,0.01,0.21,1,N,68760
4.300000000000002,0.01,0.21,2,N,68761
4.300000000000002,0.01,0.21,3,N,68762
4.300000000000002,0.01,0.21,4,N,68763
4.300000000000002,0.01,0.21,5,N,68764
4.300000000000002,0.01,0.31000000000000005,1,N,68765
4.300000000000002,0.01,0.31000000000000005,2,N,68766
4.300000000000002,0.01,0.31000000000000005,3,N,68767
4.300000000000002,0.01,0.31000000000000005,4,N,68768
4.300000000000002,0.01,0.31000000000000005,5,N,68769
4.300000000000002,0.01,0.41,1,N,68770
4.300000000000002,0.01,0.41,2,N,68771
4.300000000000002,0.01,0.41,3,N,68772
4.300000000000002,0.01,0.41,4,N,68773
4.300000000000002,0.01,0.41,5,N,68774
4.300000000000002,0.01,0.51,1,N,68775
4.300000000000002,0.01,0.51,2,N,68776
4.300000000000002,0.01,0.51,3,N,68777
4.300000000000002,0.01,0.51,4,N,68778
4.300000000000002,0.01,0.51,5,N,68779
4.300000000000002,0.01,0.6100000000000001,1,N,68780
4.300000000000002,0.01,0.6100000000000001,2,N,68781
4.300000000000002,0.01,0.6100000000000001,3,N,68782
4.300000000000002,0.01,0.6100000000000001,4,N,68783
4.300000000000002,0.01,0.6100000000000001,5,N,68784
4.300000000000002,0.01,0.7100000000000001,1,N,68785
4.300000000000002,0.01,0.7100000000000001,2,N,68786
4.300000000000002,0.01,0.7100000000000001,3,N,68787
4.300000000000002,0.01,0.7100000000000001,4,N,68788
4.300000000000002,0.01,0.7100000000000001,5,N,68789
4.300000000000002,0.01,0.81,1,N,68790
4.300000000000002,0.01,0.81,2,N,68791
4.300000000000002,0.01,0.81,3,N,68792
4.300000000000002,0.01,0.81,4,N,68793
4.300000000000002,0.01,0.81,5,N,68794
4.300000000000002,0.01,0.91,1,N,68795
4.300000000000002,0.01,0.91,2,N,68796
4.300000000000002,0.01,0.91,3,N,68797
4.300000000000002,0.01,0.91,4,N,68798
4.300000000000002,0.01,0.91,5,N,68799
4.300000000000002,0.01,1.01,1,N,68800
4.300000000000002,0.01,1.01,2,N,68801
4.300000000000002,0.01,1.01,3,N,68802
4.300000000000002,0.01,1.01,4,N,68803
4.300000000000002,0.01,1.01,5,N,68804
4.300000000000002,0.01,1.11,1,N,68805
4.300000000000002,0.01,1.11,2,N,68806
4.300000000000002,0.01,1.11,3,N,68807
4.300000000000002,0.01,1.11,4,N,68808
4.300000000000002,0.01,1.11,5,N,68809
4.300000000000002,0.01,1.3,1,N,68810
4.300000000000002,0.01,1.3,2,N,68811
4.300000000000002,0.01,1.3,3,N,68812
4.300000000000002,0.01,1.3,4,N,68813
4.300000000000002,0.01,1.3,5,N,68814
4.300000000000002,0.01,1.6,1,N,68815
4.300000000000002,0.01,1.6,2,N,68816
4.300000000000002,0.01,1.6,3,N,68817
4.300000000000002,0.01,1.6,4,N,68818
4.300000000000002,0.01,1.6,5,N,68819
4.300000000000002,0.01,1.9,1,N,68820
4.300000000000002,0.01,1.9,2,N,68821
4.300000000000002,0.01,1.9,3,N,68822
4.300000000000002,0.01,1.9,4,N,68823
4.300000000000002,0.01,1.9,5,N,68824
4.300000000000002,0.01,2.2,1,N,68825
4.300000000000002,0.01,2.2,2,N,68826
4.300000000000002,0.01,2.2,3,N,68827
4.300000000000002,0.01,2.2,4,N,68828
4.300000000000002,0.01,2.2,5,N,68829
4.300000000000002,0.01,2.5,1,N,68830
4.300000000000002,0.01,2.5,2,N,68831
4.300000000000002,0.01,2.5,3,N,68832
4.300000000000002,0.01,2.5,4,N,68833
4.300000000000002,0.01,2.5,5,N,68834
4.300000000000002,0.01,2.8000000000000003,1,N,68835
4.300000000000002,0.01,2.8000000000000003,2,N,68836
4.300000000000002,0.01,2.8000000000000003,3,N,68837
4.300000000000002,0.01,2.8000000000000003,4,N,68838
4.300000000000002,0.01,2.8000000000000003,5,N,68839
4.300000000000002,0.01,3.1000000000000005,1,N,68840
4.300000000000002,0.01,3.1000000000000005,2,N,68841
4.300000000000002,0.01,3.1000000000000005,3,N,68842
4.300000000000002,0.01,3.1000000000000005,4,N,68843
4.300000000000002,0.01,3.1000000000000005,5,N,68844
4.300000000000002,0.01,3.4000000000000004,1,N,68845
4.300000000000002,0.01,3.4000000000000004,2,N,68846
4.300000000000002,0.01,3.4000000000000004,3,N,68847
4.300000000000002,0.01,3.4000000000000004,4,N,68848
4.300000000000002,0.01,3.4000000000000004,5,N,68849
4.300000000000002,0.01,3.7,1,N,68850
4.300000000000002,0.01,3.7,2,N,68851
4.300000000000002,0.01,3.7,3,N,68852
4.300000000000002,0.01,3.7,4,N,68853
4.300000000000002,0.01,3.7,5,N,68854
4.300000000000002,0.01,4.0,1,N,68855
4.300000000000002,0.01,4.0,2,N,68856
4.300000000000002,0.01,4.0,3,N,68857
4.300000000000002,0.01,4.0,4,N,68858
4.300000000000002,0.01,4.0,5,N,68859
4.300000000000002,0.01,4.300000000000002,1,N,68860
4.300000000000002,0.01,4.300000000000002,2,N,68861
4.300000000000002,0.01,4.300000000000002,3,N,68862
4.300000000000002,0.01,4.300000000000002,4,N,68863
4.300000000000002,0.01,4.300000000000002,5,N,68864
4.300000000000002,0.01,4.6000000000000005,1,N,68865
4.300000000000002,0.01,4.6000000000000005,2,N,68866
4.300000000000002,0.01,4.6000000000000005,3,N,68867
4.300000000000002,0.01,4.6000000000000005,4,N,68868
4.300000000000002,0.01,4.6000000000000005,5,N,68869
4.300000000000002,0.01,4.9,1,N,68870
4.300000000000002,0.01,4.9,2,N,68871
4.300000000000002,0.01,4.9,3,N,68872
4.300000000000002,0.01,4.9,4,N,68873
4.300000000000002,0.01,4.9,5,N,68874
4.300000000000002,0.11,0.01,1,N,68875
4.300000000000002,0.11,0.01,2,N,68876
4.300000000000002,0.11,0.01,3,N,68877
4.300000000000002,0.11,0.01,4,N,68878
4.300000000000002,0.11,0.01,5,N,68879
4.300000000000002,0.11,0.11,1,N,68880
4.300000000000002,0.11,0.11,2,N,68881
4.300000000000002,0.11,0.11,3,N,68882
4.300000000000002,0.11,0.11,4,N,68883
4.300000000000002,0.11,0.11,5,N,68884
4.300000000000002,0.11,0.21,1,N,68885
4.300000000000002,0.11,0.21,2,N,68886
4.300000000000002,0.11,0.21,3,N,68887
4.300000000000002,0.11,0.21,4,N,68888
4.300000000000002,0.11,0.21,5,N,68889
4.300000000000002,0.11,0.31000000000000005,1,N,68890
4.300000000000002,0.11,0.31000000000000005,2,N,68891
4.300000000000002,0.11,0.31000000000000005,3,N,68892
4.300000000000002,0.11,0.31000000000000005,4,N,68893
4.300000000000002,0.11,0.31000000000000005,5,N,68894
4.300000000000002,0.11,0.41,1,N,68895
4.300000000000002,0.11,0.41,2,N,68896
4.300000000000002,0.11,0.41,3,N,68897
4.300000000000002,0.11,0.41,4,N,68898
4.300000000000002,0.11,0.41,5,N,68899
4.300000000000002,0.11,0.51,1,N,68900
4.300000000000002,0.11,0.51,2,N,68901
4.300000000000002,0.11,0.51,3,N,68902
4.300000000000002,0.11,0.51,4,N,68903
4.300000000000002,0.11,0.51,5,N,68904
4.300000000000002,0.11,0.6100000000000001,1,N,68905
4.300000000000002,0.11,0.6100000000000001,2,N,68906
4.300000000000002,0.11,0.6100000000000001,3,N,68907
4.300000000000002,0.11,0.6100000000000001,4,N,68908
4.300000000000002,0.11,0.6100000000000001,5,N,68909
4.300000000000002,0.11,0.7100000000000001,1,N,68910
4.300000000000002,0.11,0.7100000000000001,2,N,68911
4.300000000000002,0.11,0.7100000000000001,3,N,68912
4.300000000000002,0.11,0.7100000000000001,4,N,68913
4.300000000000002,0.11,0.7100000000000001,5,N,68914
4.300000000000002,0.11,0.81,1,N,68915
4.300000000000002,0.11,0.81,2,N,68916
4.300000000000002,0.11,0.81,3,N,68917
4.300000000000002,0.11,0.81,4,N,68918
4.300000000000002,0.11,0.81,5,N,68919
4.300000000000002,0.11,0.91,1,N,68920
4.300000000000002,0.11,0.91,2,N,68921
4.300000000000002,0.11,0.91,3,N,68922
4.300000000000002,0.11,0.91,4,N,68923
4.300000000000002,0.11,0.91,5,N,68924
4.300000000000002,0.11,1.01,1,N,68925
4.300000000000002,0.11,1.01,2,N,68926
4.300000000000002,0.11,1.01,3,N,68927
4.300000000000002,0.11,1.01,4,N,68928
4.300000000000002,0.11,1.01,5,N,68929
4.300000000000002,0.11,1.11,1,N,68930
4.300000000000002,0.11,1.11,2,N,68931
4.300000000000002,0.11,1.11,3,N,68932
4.300000000000002,0.11,1.11,4,N,68933
4.300000000000002,0.11,1.11,5,N,68934
4.300000000000002,0.11,1.3,1,N,68935
4.300000000000002,0.11,1.3,2,N,68936
4.300000000000002,0.11,1.3,3,N,68937
4.300000000000002,0.11,1.3,4,N,68938
4.300000000000002,0.11,1.3,5,N,68939
4.300000000000002,0.11,1.6,1,N,68940
4.300000000000002,0.11,1.6,2,N,68941
4.300000000000002,0.11,1.6,3,N,68942
4.300000000000002,0.11,1.6,4,N,68943
4.300000000000002,0.11,1.6,5,N,68944
4.300000000000002,0.11,1.9,1,N,68945
4.300000000000002,0.11,1.9,2,N,68946
4.300000000000002,0.11,1.9,3,N,68947
4.300000000000002,0.11,1.9,4,N,68948
4.300000000000002,0.11,1.9,5,N,68949
4.300000000000002,0.11,2.2,1,N,68950
4.300000000000002,0.11,2.2,2,N,68951
4.300000000000002,0.11,2.2,3,N,68952
4.300000000000002,0.11,2.2,4,N,68953
4.300000000000002,0.11,2.2,5,N,68954
4.300000000000002,0.11,2.5,1,N,68955
4.300000000000002,0.11,2.5,2,N,68956
4.300000000000002,0.11,2.5,3,N,68957
4.300000000000002,0.11,2.5,4,N,68958
4.300000000000002,0.11,2.5,5,N,68959
4.300000000000002,0.11,2.8000000000000003,1,N,68960
4.300000000000002,0.11,2.8000000000000003,2,N,68961
4.300000000000002,0.11,2.8000000000000003,3,N,68962
4.300000000000002,0.11,2.8000000000000003,4,N,68963
4.300000000000002,0.11,2.8000000000000003,5,N,68964
4.300000000000002,0.11,3.1000000000000005,1,N,68965
4.300000000000002,0.11,3.1000000000000005,2,N,68966
4.300000000000002,0.11,3.1000000000000005,3,N,68967
4.300000000000002,0.11,3.1000000000000005,4,N,68968
4.300000000000002,0.11,3.1000000000000005,5,N,68969
4.300000000000002,0.11,3.4000000000000004,1,N,68970
4.300000000000002,0.11,3.4000000000000004,2,N,68971
4.300000000000002,0.11,3.4000000000000004,3,N,68972
4.300000000000002,0.11,3.4000000000000004,4,N,68973
4.300000000000002,0.11,3.4000000000000004,5,N,68974
4.300000000000002,0.11,3.7,1,N,68975
4.300000000000002,0.11,3.7,2,N,68976
4.300000000000002,0.11,3.7,3,N,68977
4.300000000000002,0.11,3.7,4,N,68978
4.300000000000002,0.11,3.7,5,N,68979
4.300000000000002,0.11,4.0,1,N,68980
4.300000000000002,0.11,4.0,2,N,68981
4.300000000000002,0.11,4.0,3,N,68982
4.300000000000002,0.11,4.0,4,N,68983
4.300000000000002,0.11,4.0,5,N,68984
4.300000000000002,0.11,4.300000000000002,1,N,68985
4.300000000000002,0.11,4.300000000000002,2,N,68986
4.300000000000002,0.11,4.300000000000002,3,N,68987
4.300000000000002,0.11,4.300000000000002,4,N,68988
4.300000000000002,0.11,4.300000000000002,5,N,68989
4.300000000000002,0.11,4.6000000000000005,1,N,68990
4.300000000000002,0.11,4.6000000000000005,2,N,68991
4.300000000000002,0.11,4.6000000000000005,3,N,68992
4.300000000000002,0.11,4.6000000000000005,4,N,68993
4.300000000000002,0.11,4.6000000000000005,5,N,68994
4.300000000000002,0.11,4.9,1,N,68995
4.300000000000002,0.11,4.9,2,N,68996
4.300000000000002,0.11,4.9,3,N,68997
4.300000000000002,0.11,4.9,4,N,68998
4.300000000000002,0.11,4.9,5,N,68999
4.300000000000002,0.21,0.01,1,N,69000
4.300000000000002,0.21,0.01,2,N,69001
4.300000000000002,0.21,0.01,3,N,69002
4.300000000000002,0.21,0.01,4,N,69003
4.300000000000002,0.21,0.01,5,N,69004
4.300000000000002,0.21,0.11,1,N,69005
4.300000000000002,0.21,0.11,2,N,69006
4.300000000000002,0.21,0.11,3,N,69007
4.300000000000002,0.21,0.11,4,N,69008
4.300000000000002,0.21,0.11,5,N,69009
4.300000000000002,0.21,0.21,1,N,69010
4.300000000000002,0.21,0.21,2,N,69011
4.300000000000002,0.21,0.21,3,N,69012
4.300000000000002,0.21,0.21,4,N,69013
4.300000000000002,0.21,0.21,5,N,69014
4.300000000000002,0.21,0.31000000000000005,1,N,69015
4.300000000000002,0.21,0.31000000000000005,2,N,69016
4.300000000000002,0.21,0.31000000000000005,3,N,69017
4.300000000000002,0.21,0.31000000000000005,4,N,69018
4.300000000000002,0.21,0.31000000000000005,5,N,69019
4.300000000000002,0.21,0.41,1,N,69020
4.300000000000002,0.21,0.41,2,N,69021
4.300000000000002,0.21,0.41,3,N,69022
4.300000000000002,0.21,0.41,4,N,69023
4.300000000000002,0.21,0.41,5,N,69024
4.300000000000002,0.21,0.51,1,N,69025
4.300000000000002,0.21,0.51,2,N,69026
4.300000000000002,0.21,0.51,3,N,69027
4.300000000000002,0.21,0.51,4,N,69028
4.300000000000002,0.21,0.51,5,N,69029
4.300000000000002,0.21,0.6100000000000001,1,N,69030
4.300000000000002,0.21,0.6100000000000001,2,N,69031
4.300000000000002,0.21,0.6100000000000001,3,N,69032
4.300000000000002,0.21,0.6100000000000001,4,N,69033
4.300000000000002,0.21,0.6100000000000001,5,N,69034
4.300000000000002,0.21,0.7100000000000001,1,N,69035
4.300000000000002,0.21,0.7100000000000001,2,N,69036
4.300000000000002,0.21,0.7100000000000001,3,N,69037
4.300000000000002,0.21,0.7100000000000001,4,N,69038
4.300000000000002,0.21,0.7100000000000001,5,N,69039
4.300000000000002,0.21,0.81,1,N,69040
4.300000000000002,0.21,0.81,2,N,69041
4.300000000000002,0.21,0.81,3,N,69042
4.300000000000002,0.21,0.81,4,N,69043
4.300000000000002,0.21,0.81,5,N,69044
4.300000000000002,0.21,0.91,1,N,69045
4.300000000000002,0.21,0.91,2,N,69046
4.300000000000002,0.21,0.91,3,N,69047
4.300000000000002,0.21,0.91,4,N,69048
4.300000000000002,0.21,0.91,5,N,69049
4.300000000000002,0.21,1.01,1,N,69050
4.300000000000002,0.21,1.01,2,N,69051
4.300000000000002,0.21,1.01,3,N,69052
4.300000000000002,0.21,1.01,4,N,69053
4.300000000000002,0.21,1.01,5,N,69054
4.300000000000002,0.21,1.11,1,N,69055
4.300000000000002,0.21,1.11,2,N,69056
4.300000000000002,0.21,1.11,3,N,69057
4.300000000000002,0.21,1.11,4,N,69058
4.300000000000002,0.21,1.11,5,N,69059
4.300000000000002,0.21,1.3,1,N,69060
4.300000000000002,0.21,1.3,2,N,69061
4.300000000000002,0.21,1.3,3,N,69062
4.300000000000002,0.21,1.3,4,N,69063
4.300000000000002,0.21,1.3,5,N,69064
4.300000000000002,0.21,1.6,1,N,69065
4.300000000000002,0.21,1.6,2,N,69066
4.300000000000002,0.21,1.6,3,N,69067
4.300000000000002,0.21,1.6,4,N,69068
4.300000000000002,0.21,1.6,5,N,69069
4.300000000000002,0.21,1.9,1,N,69070
4.300000000000002,0.21,1.9,2,N,69071
4.300000000000002,0.21,1.9,3,N,69072
4.300000000000002,0.21,1.9,4,N,69073
4.300000000000002,0.21,1.9,5,N,69074
4.300000000000002,0.21,2.2,1,N,69075
4.300000000000002,0.21,2.2,2,N,69076
4.300000000000002,0.21,2.2,3,N,69077
4.300000000000002,0.21,2.2,4,N,69078
4.300000000000002,0.21,2.2,5,N,69079
4.300000000000002,0.21,2.5,1,N,69080
4.300000000000002,0.21,2.5,2,N,69081
4.300000000000002,0.21,2.5,3,N,69082
4.300000000000002,0.21,2.5,4,N,69083
4.300000000000002,0.21,2.5,5,N,69084
4.300000000000002,0.21,2.8000000000000003,1,N,69085
4.300000000000002,0.21,2.8000000000000003,2,N,69086
4.300000000000002,0.21,2.8000000000000003,3,N,69087
4.300000000000002,0.21,2.8000000000000003,4,N,69088
4.300000000000002,0.21,2.8000000000000003,5,N,69089
4.300000000000002,0.21,3.1000000000000005,1,N,69090
4.300000000000002,0.21,3.1000000000000005,2,N,69091
4.300000000000002,0.21,3.1000000000000005,3,N,69092
4.300000000000002,0.21,3.1000000000000005,4,N,69093
4.300000000000002,0.21,3.1000000000000005,5,N,69094
4.300000000000002,0.21,3.4000000000000004,1,N,69095
4.300000000000002,0.21,3.4000000000000004,2,N,69096
4.300000000000002,0.21,3.4000000000000004,3,N,69097
4.300000000000002,0.21,3.4000000000000004,4,N,69098
4.300000000000002,0.21,3.4000000000000004,5,N,69099
4.300000000000002,0.21,3.7,1,N,69100
4.300000000000002,0.21,3.7,2,N,69101
4.300000000000002,0.21,3.7,3,N,69102
4.300000000000002,0.21,3.7,4,N,69103
4.300000000000002,0.21,3.7,5,N,69104
4.300000000000002,0.21,4.0,1,N,69105
4.300000000000002,0.21,4.0,2,N,69106
4.300000000000002,0.21,4.0,3,N,69107
4.300000000000002,0.21,4.0,4,N,69108
4.300000000000002,0.21,4.0,5,N,69109
4.300000000000002,0.21,4.300000000000002,1,N,69110
4.300000000000002,0.21,4.300000000000002,2,N,69111
4.300000000000002,0.21,4.300000000000002,3,N,69112
4.300000000000002,0.21,4.300000000000002,4,N,69113
4.300000000000002,0.21,4.300000000000002,5,N,69114
4.300000000000002,0.21,4.6000000000000005,1,N,69115
4.300000000000002,0.21,4.6000000000000005,2,N,69116
4.300000000000002,0.21,4.6000000000000005,3,N,69117
4.300000000000002,0.21,4.6000000000000005,4,N,69118
4.300000000000002,0.21,4.6000000000000005,5,N,69119
4.300000000000002,0.21,4.9,1,N,69120
4.300000000000002,0.21,4.9,2,N,69121
4.300000000000002,0.21,4.9,3,N,69122
4.300000000000002,0.21,4.9,4,N,69123
4.300000000000002,0.21,4.9,5,N,69124
4.300000000000002,0.31000000000000005,0.01,1,N,69125
4.300000000000002,0.31000000000000005,0.01,2,N,69126
4.300000000000002,0.31000000000000005,0.01,3,N,69127
4.300000000000002,0.31000000000000005,0.01,4,N,69128
4.300000000000002,0.31000000000000005,0.01,5,N,69129
4.300000000000002,0.31000000000000005,0.11,1,N,69130
4.300000000000002,0.31000000000000005,0.11,2,N,69131
4.300000000000002,0.31000000000000005,0.11,3,N,69132
4.300000000000002,0.31000000000000005,0.11,4,N,69133
4.300000000000002,0.31000000000000005,0.11,5,N,69134
4.300000000000002,0.31000000000000005,0.21,1,N,69135
4.300000000000002,0.31000000000000005,0.21,2,N,69136
4.300000000000002,0.31000000000000005,0.21,3,N,69137
4.300000000000002,0.31000000000000005,0.21,4,N,69138
4.300000000000002,0.31000000000000005,0.21,5,N,69139
4.300000000000002,0.31000000000000005,0.31000000000000005,1,N,69140
4.300000000000002,0.31000000000000005,0.31000000000000005,2,N,69141
4.300000000000002,0.31000000000000005,0.31000000000000005,3,N,69142
4.300000000000002,0.31000000000000005,0.31000000000000005,4,N,69143
4.300000000000002,0.31000000000000005,0.31000000000000005,5,N,69144
4.300000000000002,0.31000000000000005,0.41,1,N,69145
4.300000000000002,0.31000000000000005,0.41,2,N,69146
4.300000000000002,0.31000000000000005,0.41,3,N,69147
4.300000000000002,0.31000000000000005,0.41,4,N,69148
4.300000000000002,0.31000000000000005,0.41,5,N,69149
4.300000000000002,0.31000000000000005,0.51,1,N,69150
4.300000000000002,0.31000000000000005,0.51,2,N,69151
4.300000000000002,0.31000000000000005,0.51,3,N,69152
4.300000000000002,0.31000000000000005,0.51,4,N,69153
4.300000000000002,0.31000000000000005,0.51,5,N,69154
4.300000000000002,0.31000000000000005,0.6100000000000001,1,N,69155
4.300000000000002,0.31000000000000005,0.6100000000000001,2,N,69156
4.300000000000002,0.31000000000000005,0.6100000000000001,3,N,69157
4.300000000000002,0.31000000000000005,0.6100000000000001,4,N,69158
4.300000000000002,0.31000000000000005,0.6100000000000001,5,N,69159
4.300000000000002,0.31000000000000005,0.7100000000000001,1,N,69160
4.300000000000002,0.31000000000000005,0.7100000000000001,2,N,69161
4.300000000000002,0.31000000000000005,0.7100000000000001,3,N,69162
4.300000000000002,0.31000000000000005,0.7100000000000001,4,N,69163
4.300000000000002,0.31000000000000005,0.7100000000000001,5,N,69164
4.300000000000002,0.31000000000000005,0.81,1,N,69165
4.300000000000002,0.31000000000000005,0.81,2,N,69166
4.300000000000002,0.31000000000000005,0.81,3,N,69167
4.300000000000002,0.31000000000000005,0.81,4,N,69168
4.300000000000002,0.31000000000000005,0.81,5,N,69169
4.300000000000002,0.31000000000000005,0.91,1,N,69170
4.300000000000002,0.31000000000000005,0.91,2,N,69171
4.300000000000002,0.31000000000000005,0.91,3,N,69172
4.300000000000002,0.31000000000000005,0.91,4,N,69173
4.300000000000002,0.31000000000000005,0.91,5,N,69174
4.300000000000002,0.31000000000000005,1.01,1,N,69175
4.300000000000002,0.31000000000000005,1.01,2,N,69176
4.300000000000002,0.31000000000000005,1.01,3,N,69177
4.300000000000002,0.31000000000000005,1.01,4,N,69178
4.300000000000002,0.31000000000000005,1.01,5,N,69179
4.300000000000002,0.31000000000000005,1.11,1,N,69180
4.300000000000002,0.31000000000000005,1.11,2,N,69181
4.300000000000002,0.31000000000000005,1.11,3,N,69182
4.300000000000002,0.31000000000000005,1.11,4,N,69183
4.300000000000002,0.31000000000000005,1.11,5,N,69184
4.300000000000002,0.31000000000000005,1.3,1,N,69185
4.300000000000002,0.31000000000000005,1.3,2,N,69186
4.300000000000002,0.31000000000000005,1.3,3,N,69187
4.300000000000002,0.31000000000000005,1.3,4,N,69188
4.300000000000002,0.31000000000000005,1.3,5,N,69189
4.300000000000002,0.31000000000000005,1.6,1,N,69190
4.300000000000002,0.31000000000000005,1.6,2,N,69191
4.300000000000002,0.31000000000000005,1.6,3,N,69192
4.300000000000002,0.31000000000000005,1.6,4,N,69193
4.300000000000002,0.31000000000000005,1.6,5,N,69194
4.300000000000002,0.31000000000000005,1.9,1,N,69195
4.300000000000002,0.31000000000000005,1.9,2,N,69196
4.300000000000002,0.31000000000000005,1.9,3,N,69197
4.300000000000002,0.31000000000000005,1.9,4,N,69198
4.300000000000002,0.31000000000000005,1.9,5,N,69199
4.300000000000002,0.31000000000000005,2.2,1,N,69200
4.300000000000002,0.31000000000000005,2.2,2,N,69201
4.300000000000002,0.31000000000000005,2.2,3,N,69202
4.300000000000002,0.31000000000000005,2.2,4,N,69203
4.300000000000002,0.31000000000000005,2.2,5,N,69204
4.300000000000002,0.31000000000000005,2.5,1,N,69205
4.300000000000002,0.31000000000000005,2.5,2,N,69206
4.300000000000002,0.31000000000000005,2.5,3,N,69207
4.300000000000002,0.31000000000000005,2.5,4,N,69208
4.300000000000002,0.31000000000000005,2.5,5,N,69209
4.300000000000002,0.31000000000000005,2.8000000000000003,1,N,69210
4.300000000000002,0.31000000000000005,2.8000000000000003,2,N,69211
4.300000000000002,0.31000000000000005,2.8000000000000003,3,N,69212
4.300000000000002,0.31000000000000005,2.8000000000000003,4,N,69213
4.300000000000002,0.31000000000000005,2.8000000000000003,5,N,69214
4.300000000000002,0.31000000000000005,3.1000000000000005,1,N,69215
4.300000000000002,0.31000000000000005,3.1000000000000005,2,N,69216
4.300000000000002,0.31000000000000005,3.1000000000000005,3,N,69217
4.300000000000002,0.31000000000000005,3.1000000000000005,4,N,69218
4.300000000000002,0.31000000000000005,3.1000000000000005,5,N,69219
4.300000000000002,0.31000000000000005,3.4000000000000004,1,N,69220
4.300000000000002,0.31000000000000005,3.4000000000000004,2,N,69221
4.300000000000002,0.31000000000000005,3.4000000000000004,3,N,69222
4.300000000000002,0.31000000000000005,3.4000000000000004,4,N,69223
4.300000000000002,0.31000000000000005,3.4000000000000004,5,N,69224
4.300000000000002,0.31000000000000005,3.7,1,N,69225
4.300000000000002,0.31000000000000005,3.7,2,N,69226
4.300000000000002,0.31000000000000005,3.7,3,N,69227
4.300000000000002,0.31000000000000005,3.7,4,N,69228
4.300000000000002,0.31000000000000005,3.7,5,N,69229
4.300000000000002,0.31000000000000005,4.0,1,N,69230
4.300000000000002,0.31000000000000005,4.0,2,N,69231
4.300000000000002,0.31000000000000005,4.0,3,N,69232
4.300000000000002,0.31000000000000005,4.0,4,N,69233
4.300000000000002,0.31000000000000005,4.0,5,N,69234
4.300000000000002,0.31000000000000005,4.300000000000002,1,N,69235
4.300000000000002,0.31000000000000005,4.300000000000002,2,N,69236
4.300000000000002,0.31000000000000005,4.300000000000002,3,N,69237
4.300000000000002,0.31000000000000005,4.300000000000002,4,N,69238
4.300000000000002,0.31000000000000005,4.300000000000002,5,N,69239
4.300000000000002,0.31000000000000005,4.6000000000000005,1,N,69240
4.300000000000002,0.31000000000000005,4.6000000000000005,2,N,69241
4.300000000000002,0.31000000000000005,4.6000000000000005,3,N,69242
4.300000000000002,0.31000000000000005,4.6000000000000005,4,N,69243
4.300000000000002,0.31000000000000005,4.6000000000000005,5,N,69244
4.300000000000002,0.31000000000000005,4.9,1,N,69245
4.300000000000002,0.31000000000000005,4.9,2,N,69246
4.300000000000002,0.31000000000000005,4.9,3,N,69247
4.300000000000002,0.31000000000000005,4.9,4,N,69248
4.300000000000002,0.31000000000000005,4.9,5,N,69249
4.300000000000002,0.41,0.01,1,N,69250
4.300000000000002,0.41,0.01,2,N,69251
4.300000000000002,0.41,0.01,3,N,69252
4.300000000000002,0.41,0.01,4,N,69253
4.300000000000002,0.41,0.01,5,N,69254
4.300000000000002,0.41,0.11,1,N,69255
4.300000000000002,0.41,0.11,2,N,69256
4.300000000000002,0.41,0.11,3,N,69257
4.300000000000002,0.41,0.11,4,N,69258
4.300000000000002,0.41,0.11,5,N,69259
4.300000000000002,0.41,0.21,1,N,69260
4.300000000000002,0.41,0.21,2,N,69261
4.300000000000002,0.41,0.21,3,N,69262
4.300000000000002,0.41,0.21,4,N,69263
4.300000000000002,0.41,0.21,5,N,69264
4.300000000000002,0.41,0.31000000000000005,1,N,69265
4.300000000000002,0.41,0.31000000000000005,2,N,69266
4.300000000000002,0.41,0.31000000000000005,3,N,69267
4.300000000000002,0.41,0.31000000000000005,4,N,69268
4.300000000000002,0.41,0.31000000000000005,5,N,69269
4.300000000000002,0.41,0.41,1,N,69270
4.300000000000002,0.41,0.41,2,N,69271
4.300000000000002,0.41,0.41,3,N,69272
4.300000000000002,0.41,0.41,4,N,69273
4.300000000000002,0.41,0.41,5,N,69274
4.300000000000002,0.41,0.51,1,N,69275
4.300000000000002,0.41,0.51,2,N,69276
4.300000000000002,0.41,0.51,3,N,69277
4.300000000000002,0.41,0.51,4,N,69278
4.300000000000002,0.41,0.51,5,N,69279
4.300000000000002,0.41,0.6100000000000001,1,N,69280
4.300000000000002,0.41,0.6100000000000001,2,N,69281
4.300000000000002,0.41,0.6100000000000001,3,N,69282
4.300000000000002,0.41,0.6100000000000001,4,N,69283
4.300000000000002,0.41,0.6100000000000001,5,N,69284
4.300000000000002,0.41,0.7100000000000001,1,N,69285
4.300000000000002,0.41,0.7100000000000001,2,N,69286
4.300000000000002,0.41,0.7100000000000001,3,N,69287
4.300000000000002,0.41,0.7100000000000001,4,N,69288
4.300000000000002,0.41,0.7100000000000001,5,N,69289
4.300000000000002,0.41,0.81,1,N,69290
4.300000000000002,0.41,0.81,2,N,69291
4.300000000000002,0.41,0.81,3,N,69292
4.300000000000002,0.41,0.81,4,N,69293
4.300000000000002,0.41,0.81,5,N,69294
4.300000000000002,0.41,0.91,1,N,69295
4.300000000000002,0.41,0.91,2,N,69296
4.300000000000002,0.41,0.91,3,N,69297
4.300000000000002,0.41,0.91,4,N,69298
4.300000000000002,0.41,0.91,5,N,69299
4.300000000000002,0.41,1.01,1,N,69300
4.300000000000002,0.41,1.01,2,N,69301
4.300000000000002,0.41,1.01,3,N,69302
4.300000000000002,0.41,1.01,4,N,69303
4.300000000000002,0.41,1.01,5,N,69304
4.300000000000002,0.41,1.11,1,N,69305
4.300000000000002,0.41,1.11,2,N,69306
4.300000000000002,0.41,1.11,3,N,69307
4.300000000000002,0.41,1.11,4,N,69308
4.300000000000002,0.41,1.11,5,N,69309
4.300000000000002,0.41,1.3,1,N,69310
4.300000000000002,0.41,1.3,2,N,69311
4.300000000000002,0.41,1.3,3,N,69312
4.300000000000002,0.41,1.3,4,N,69313
4.300000000000002,0.41,1.3,5,N,69314
4.300000000000002,0.41,1.6,1,N,69315
4.300000000000002,0.41,1.6,2,N,69316
4.300000000000002,0.41,1.6,3,N,69317
4.300000000000002,0.41,1.6,4,N,69318
4.300000000000002,0.41,1.6,5,N,69319
4.300000000000002,0.41,1.9,1,N,69320
4.300000000000002,0.41,1.9,2,N,69321
4.300000000000002,0.41,1.9,3,N,69322
4.300000000000002,0.41,1.9,4,N,69323
4.300000000000002,0.41,1.9,5,N,69324
4.300000000000002,0.41,2.2,1,N,69325
4.300000000000002,0.41,2.2,2,N,69326
4.300000000000002,0.41,2.2,3,N,69327
4.300000000000002,0.41,2.2,4,N,69328
4.300000000000002,0.41,2.2,5,N,69329
4.300000000000002,0.41,2.5,1,N,69330
4.300000000000002,0.41,2.5,2,N,69331
4.300000000000002,0.41,2.5,3,N,69332
4.300000000000002,0.41,2.5,4,N,69333
4.300000000000002,0.41,2.5,5,N,69334
4.300000000000002,0.41,2.8000000000000003,1,N,69335
4.300000000000002,0.41,2.8000000000000003,2,N,69336
4.300000000000002,0.41,2.8000000000000003,3,N,69337
4.300000000000002,0.41,2.8000000000000003,4,N,69338
4.300000000000002,0.41,2.8000000000000003,5,N,69339
4.300000000000002,0.41,3.1000000000000005,1,N,69340
4.300000000000002,0.41,3.1000000000000005,2,N,69341
4.300000000000002,0.41,3.1000000000000005,3,N,69342
4.300000000000002,0.41,3.1000000000000005,4,N,69343
4.300000000000002,0.41,3.1000000000000005,5,N,69344
4.300000000000002,0.41,3.4000000000000004,1,N,69345
4.300000000000002,0.41,3.4000000000000004,2,N,69346
4.300000000000002,0.41,3.4000000000000004,3,N,69347
4.300000000000002,0.41,3.4000000000000004,4,N,69348
4.300000000000002,0.41,3.4000000000000004,5,N,69349
4.300000000000002,0.41,3.7,1,N,69350
4.300000000000002,0.41,3.7,2,N,69351
4.300000000000002,0.41,3.7,3,N,69352
4.300000000000002,0.41,3.7,4,N,69353
4.300000000000002,0.41,3.7,5,N,69354
4.300000000000002,0.41,4.0,1,N,69355
4.300000000000002,0.41,4.0,2,N,69356
4.300000000000002,0.41,4.0,3,N,69357
4.300000000000002,0.41,4.0,4,N,69358
4.300000000000002,0.41,4.0,5,N,69359
4.300000000000002,0.41,4.300000000000002,1,N,69360
4.300000000000002,0.41,4.300000000000002,2,N,69361
4.300000000000002,0.41,4.300000000000002,3,N,69362
4.300000000000002,0.41,4.300000000000002,4,N,69363
4.300000000000002,0.41,4.300000000000002,5,N,69364
4.300000000000002,0.41,4.6000000000000005,1,N,69365
4.300000000000002,0.41,4.6000000000000005,2,N,69366
4.300000000000002,0.41,4.6000000000000005,3,N,69367
4.300000000000002,0.41,4.6000000000000005,4,N,69368
4.300000000000002,0.41,4.6000000000000005,5,N,69369
4.300000000000002,0.41,4.9,1,N,69370
4.300000000000002,0.41,4.9,2,N,69371
4.300000000000002,0.41,4.9,3,N,69372
4.300000000000002,0.41,4.9,4,N,69373
4.300000000000002,0.41,4.9,5,N,69374
4.300000000000002,0.51,0.01,1,N,69375
4.300000000000002,0.51,0.01,2,N,69376
4.300000000000002,0.51,0.01,3,N,69377
4.300000000000002,0.51,0.01,4,N,69378
4.300000000000002,0.51,0.01,5,N,69379
4.300000000000002,0.51,0.11,1,N,69380
4.300000000000002,0.51,0.11,2,N,69381
4.300000000000002,0.51,0.11,3,N,69382
4.300000000000002,0.51,0.11,4,N,69383
4.300000000000002,0.51,0.11,5,N,69384
4.300000000000002,0.51,0.21,1,N,69385
4.300000000000002,0.51,0.21,2,N,69386
4.300000000000002,0.51,0.21,3,N,69387
4.300000000000002,0.51,0.21,4,N,69388
4.300000000000002,0.51,0.21,5,N,69389
4.300000000000002,0.51,0.31000000000000005,1,N,69390
4.300000000000002,0.51,0.31000000000000005,2,N,69391
4.300000000000002,0.51,0.31000000000000005,3,N,69392
4.300000000000002,0.51,0.31000000000000005,4,N,69393
4.300000000000002,0.51,0.31000000000000005,5,N,69394
4.300000000000002,0.51,0.41,1,N,69395
4.300000000000002,0.51,0.41,2,N,69396
4.300000000000002,0.51,0.41,3,N,69397
4.300000000000002,0.51,0.41,4,N,69398
4.300000000000002,0.51,0.41,5,N,69399
4.300000000000002,0.51,0.51,1,N,69400
4.300000000000002,0.51,0.51,2,N,69401
4.300000000000002,0.51,0.51,3,N,69402
4.300000000000002,0.51,0.51,4,N,69403
4.300000000000002,0.51,0.51,5,N,69404
4.300000000000002,0.51,0.6100000000000001,1,N,69405
4.300000000000002,0.51,0.6100000000000001,2,N,69406
4.300000000000002,0.51,0.6100000000000001,3,N,69407
4.300000000000002,0.51,0.6100000000000001,4,N,69408
4.300000000000002,0.51,0.6100000000000001,5,N,69409
4.300000000000002,0.51,0.7100000000000001,1,N,69410
4.300000000000002,0.51,0.7100000000000001,2,N,69411
4.300000000000002,0.51,0.7100000000000001,3,N,69412
4.300000000000002,0.51,0.7100000000000001,4,N,69413
4.300000000000002,0.51,0.7100000000000001,5,N,69414
4.300000000000002,0.51,0.81,1,N,69415
4.300000000000002,0.51,0.81,2,N,69416
4.300000000000002,0.51,0.81,3,N,69417
4.300000000000002,0.51,0.81,4,N,69418
4.300000000000002,0.51,0.81,5,N,69419
4.300000000000002,0.51,0.91,1,N,69420
4.300000000000002,0.51,0.91,2,N,69421
4.300000000000002,0.51,0.91,3,N,69422
4.300000000000002,0.51,0.91,4,N,69423
4.300000000000002,0.51,0.91,5,N,69424
4.300000000000002,0.51,1.01,1,N,69425
4.300000000000002,0.51,1.01,2,N,69426
4.300000000000002,0.51,1.01,3,N,69427
4.300000000000002,0.51,1.01,4,N,69428
4.300000000000002,0.51,1.01,5,N,69429
4.300000000000002,0.51,1.11,1,N,69430
4.300000000000002,0.51,1.11,2,N,69431
4.300000000000002,0.51,1.11,3,N,69432
4.300000000000002,0.51,1.11,4,N,69433
4.300000000000002,0.51,1.11,5,N,69434
4.300000000000002,0.51,1.3,1,N,69435
4.300000000000002,0.51,1.3,2,N,69436
4.300000000000002,0.51,1.3,3,N,69437
4.300000000000002,0.51,1.3,4,N,69438
4.300000000000002,0.51,1.3,5,N,69439
4.300000000000002,0.51,1.6,1,N,69440
4.300000000000002,0.51,1.6,2,N,69441
4.300000000000002,0.51,1.6,3,N,69442
4.300000000000002,0.51,1.6,4,N,69443
4.300000000000002,0.51,1.6,5,N,69444
4.300000000000002,0.51,1.9,1,N,69445
4.300000000000002,0.51,1.9,2,N,69446
4.300000000000002,0.51,1.9,3,N,69447
4.300000000000002,0.51,1.9,4,N,69448
4.300000000000002,0.51,1.9,5,N,69449
4.300000000000002,0.51,2.2,1,N,69450
4.300000000000002,0.51,2.2,2,N,69451
4.300000000000002,0.51,2.2,3,N,69452
4.300000000000002,0.51,2.2,4,N,69453
4.300000000000002,0.51,2.2,5,N,69454
4.300000000000002,0.51,2.5,1,N,69455
4.300000000000002,0.51,2.5,2,N,69456
4.300000000000002,0.51,2.5,3,N,69457
4.300000000000002,0.51,2.5,4,N,69458
4.300000000000002,0.51,2.5,5,N,69459
4.300000000000002,0.51,2.8000000000000003,1,N,69460
4.300000000000002,0.51,2.8000000000000003,2,N,69461
4.300000000000002,0.51,2.8000000000000003,3,N,69462
4.300000000000002,0.51,2.8000000000000003,4,N,69463
4.300000000000002,0.51,2.8000000000000003,5,N,69464
4.300000000000002,0.51,3.1000000000000005,1,N,69465
4.300000000000002,0.51,3.1000000000000005,2,N,69466
4.300000000000002,0.51,3.1000000000000005,3,N,69467
4.300000000000002,0.51,3.1000000000000005,4,N,69468
4.300000000000002,0.51,3.1000000000000005,5,N,69469
4.300000000000002,0.51,3.4000000000000004,1,N,69470
4.300000000000002,0.51,3.4000000000000004,2,N,69471
4.300000000000002,0.51,3.4000000000000004,3,N,69472
4.300000000000002,0.51,3.4000000000000004,4,N,69473
4.300000000000002,0.51,3.4000000000000004,5,N,69474
4.300000000000002,0.51,3.7,1,N,69475
4.300000000000002,0.51,3.7,2,N,69476
4.300000000000002,0.51,3.7,3,N,69477
4.300000000000002,0.51,3.7,4,N,69478
4.300000000000002,0.51,3.7,5,N,69479
4.300000000000002,0.51,4.0,1,N,69480
4.300000000000002,0.51,4.0,2,N,69481
4.300000000000002,0.51,4.0,3,N,69482
4.300000000000002,0.51,4.0,4,N,69483
4.300000000000002,0.51,4.0,5,N,69484
4.300000000000002,0.51,4.300000000000002,1,N,69485
4.300000000000002,0.51,4.300000000000002,2,N,69486
4.300000000000002,0.51,4.300000000000002,3,N,69487
4.300000000000002,0.51,4.300000000000002,4,N,69488
4.300000000000002,0.51,4.300000000000002,5,N,69489
4.300000000000002,0.51,4.6000000000000005,1,N,69490
4.300000000000002,0.51,4.6000000000000005,2,N,69491
4.300000000000002,0.51,4.6000000000000005,3,N,69492
4.300000000000002,0.51,4.6000000000000005,4,N,69493
4.300000000000002,0.51,4.6000000000000005,5,N,69494
4.300000000000002,0.51,4.9,1,N,69495
4.300000000000002,0.51,4.9,2,N,69496
4.300000000000002,0.51,4.9,3,N,69497
4.300000000000002,0.51,4.9,4,N,69498
4.300000000000002,0.51,4.9,5,N,69499
4.300000000000002,0.6100000000000001,0.01,1,N,69500
4.300000000000002,0.6100000000000001,0.01,2,N,69501
4.300000000000002,0.6100000000000001,0.01,3,N,69502
4.300000000000002,0.6100000000000001,0.01,4,N,69503
4.300000000000002,0.6100000000000001,0.01,5,N,69504
4.300000000000002,0.6100000000000001,0.11,1,N,69505
4.300000000000002,0.6100000000000001,0.11,2,N,69506
4.300000000000002,0.6100000000000001,0.11,3,N,69507
4.300000000000002,0.6100000000000001,0.11,4,N,69508
4.300000000000002,0.6100000000000001,0.11,5,N,69509
4.300000000000002,0.6100000000000001,0.21,1,N,69510
4.300000000000002,0.6100000000000001,0.21,2,N,69511
4.300000000000002,0.6100000000000001,0.21,3,N,69512
4.300000000000002,0.6100000000000001,0.21,4,N,69513
4.300000000000002,0.6100000000000001,0.21,5,N,69514
4.300000000000002,0.6100000000000001,0.31000000000000005,1,N,69515
4.300000000000002,0.6100000000000001,0.31000000000000005,2,N,69516
4.300000000000002,0.6100000000000001,0.31000000000000005,3,N,69517
4.300000000000002,0.6100000000000001,0.31000000000000005,4,N,69518
4.300000000000002,0.6100000000000001,0.31000000000000005,5,N,69519
4.300000000000002,0.6100000000000001,0.41,1,N,69520
4.300000000000002,0.6100000000000001,0.41,2,N,69521
4.300000000000002,0.6100000000000001,0.41,3,N,69522
4.300000000000002,0.6100000000000001,0.41,4,N,69523
4.300000000000002,0.6100000000000001,0.41,5,N,69524
4.300000000000002,0.6100000000000001,0.51,1,N,69525
4.300000000000002,0.6100000000000001,0.51,2,N,69526
4.300000000000002,0.6100000000000001,0.51,3,N,69527
4.300000000000002,0.6100000000000001,0.51,4,N,69528
4.300000000000002,0.6100000000000001,0.51,5,N,69529
4.300000000000002,0.6100000000000001,0.6100000000000001,1,N,69530
4.300000000000002,0.6100000000000001,0.6100000000000001,2,N,69531
4.300000000000002,0.6100000000000001,0.6100000000000001,3,N,69532
4.300000000000002,0.6100000000000001,0.6100000000000001,4,N,69533
4.300000000000002,0.6100000000000001,0.6100000000000001,5,N,69534
4.300000000000002,0.6100000000000001,0.7100000000000001,1,N,69535
4.300000000000002,0.6100000000000001,0.7100000000000001,2,N,69536
4.300000000000002,0.6100000000000001,0.7100000000000001,3,N,69537
4.300000000000002,0.6100000000000001,0.7100000000000001,4,N,69538
4.300000000000002,0.6100000000000001,0.7100000000000001,5,N,69539
4.300000000000002,0.6100000000000001,0.81,1,N,69540
4.300000000000002,0.6100000000000001,0.81,2,N,69541
4.300000000000002,0.6100000000000001,0.81,3,N,69542
4.300000000000002,0.6100000000000001,0.81,4,N,69543
4.300000000000002,0.6100000000000001,0.81,5,N,69544
4.300000000000002,0.6100000000000001,0.91,1,N,69545
4.300000000000002,0.6100000000000001,0.91,2,N,69546
4.300000000000002,0.6100000000000001,0.91,3,N,69547
4.300000000000002,0.6100000000000001,0.91,4,N,69548
4.300000000000002,0.6100000000000001,0.91,5,N,69549
4.300000000000002,0.6100000000000001,1.01,1,N,69550
4.300000000000002,0.6100000000000001,1.01,2,N,69551
4.300000000000002,0.6100000000000001,1.01,3,N,69552
4.300000000000002,0.6100000000000001,1.01,4,N,69553
4.300000000000002,0.6100000000000001,1.01,5,N,69554
4.300000000000002,0.6100000000000001,1.11,1,N,69555
4.300000000000002,0.6100000000000001,1.11,2,N,69556
4.300000000000002,0.6100000000000001,1.11,3,N,69557
4.300000000000002,0.6100000000000001,1.11,4,N,69558
4.300000000000002,0.6100000000000001,1.11,5,N,69559
4.300000000000002,0.6100000000000001,1.3,1,N,69560
4.300000000000002,0.6100000000000001,1.3,2,N,69561
4.300000000000002,0.6100000000000001,1.3,3,N,69562
4.300000000000002,0.6100000000000001,1.3,4,N,69563
4.300000000000002,0.6100000000000001,1.3,5,N,69564
4.300000000000002,0.6100000000000001,1.6,1,N,69565
4.300000000000002,0.6100000000000001,1.6,2,N,69566
4.300000000000002,0.6100000000000001,1.6,3,N,69567
4.300000000000002,0.6100000000000001,1.6,4,N,69568
4.300000000000002,0.6100000000000001,1.6,5,N,69569
4.300000000000002,0.6100000000000001,1.9,1,N,69570
4.300000000000002,0.6100000000000001,1.9,2,N,69571
4.300000000000002,0.6100000000000001,1.9,3,N,69572
4.300000000000002,0.6100000000000001,1.9,4,N,69573
4.300000000000002,0.6100000000000001,1.9,5,N,69574
4.300000000000002,0.6100000000000001,2.2,1,N,69575
4.300000000000002,0.6100000000000001,2.2,2,N,69576
4.300000000000002,0.6100000000000001,2.2,3,N,69577
4.300000000000002,0.6100000000000001,2.2,4,N,69578
4.300000000000002,0.6100000000000001,2.2,5,N,69579
4.300000000000002,0.6100000000000001,2.5,1,N,69580
4.300000000000002,0.6100000000000001,2.5,2,N,69581
4.300000000000002,0.6100000000000001,2.5,3,N,69582
4.300000000000002,0.6100000000000001,2.5,4,N,69583
4.300000000000002,0.6100000000000001,2.5,5,N,69584
4.300000000000002,0.6100000000000001,2.8000000000000003,1,N,69585
4.300000000000002,0.6100000000000001,2.8000000000000003,2,N,69586
4.300000000000002,0.6100000000000001,2.8000000000000003,3,N,69587
4.300000000000002,0.6100000000000001,2.8000000000000003,4,N,69588
4.300000000000002,0.6100000000000001,2.8000000000000003,5,N,69589
4.300000000000002,0.6100000000000001,3.1000000000000005,1,N,69590
4.300000000000002,0.6100000000000001,3.1000000000000005,2,N,69591
4.300000000000002,0.6100000000000001,3.1000000000000005,3,N,69592
4.300000000000002,0.6100000000000001,3.1000000000000005,4,N,69593
4.300000000000002,0.6100000000000001,3.1000000000000005,5,N,69594
4.300000000000002,0.6100000000000001,3.4000000000000004,1,N,69595
4.300000000000002,0.6100000000000001,3.4000000000000004,2,N,69596
4.300000000000002,0.6100000000000001,3.4000000000000004,3,N,69597
4.300000000000002,0.6100000000000001,3.4000000000000004,4,N,69598
4.300000000000002,0.6100000000000001,3.4000000000000004,5,N,69599
4.300000000000002,0.6100000000000001,3.7,1,N,69600
4.300000000000002,0.6100000000000001,3.7,2,N,69601
4.300000000000002,0.6100000000000001,3.7,3,N,69602
4.300000000000002,0.6100000000000001,3.7,4,N,69603
4.300000000000002,0.6100000000000001,3.7,5,N,69604
4.300000000000002,0.6100000000000001,4.0,1,N,69605
4.300000000000002,0.6100000000000001,4.0,2,N,69606
4.300000000000002,0.6100000000000001,4.0,3,N,69607
4.300000000000002,0.6100000000000001,4.0,4,N,69608
4.300000000000002,0.6100000000000001,4.0,5,N,69609
4.300000000000002,0.6100000000000001,4.300000000000002,1,N,69610
4.300000000000002,0.6100000000000001,4.300000000000002,2,N,69611
4.300000000000002,0.6100000000000001,4.300000000000002,3,N,69612
4.300000000000002,0.6100000000000001,4.300000000000002,4,N,69613
4.300000000000002,0.6100000000000001,4.300000000000002,5,N,69614
4.300000000000002,0.6100000000000001,4.6000000000000005,1,N,69615
4.300000000000002,0.6100000000000001,4.6000000000000005,2,N,69616
4.300000000000002,0.6100000000000001,4.6000000000000005,3,N,69617
4.300000000000002,0.6100000000000001,4.6000000000000005,4,N,69618
4.300000000000002,0.6100000000000001,4.6000000000000005,5,N,69619
4.300000000000002,0.6100000000000001,4.9,1,N,69620
4.300000000000002,0.6100000000000001,4.9,2,N,69621
4.300000000000002,0.6100000000000001,4.9,3,N,69622
4.300000000000002,0.6100000000000001,4.9,4,N,69623
4.300000000000002,0.6100000000000001,4.9,5,N,69624
4.300000000000002,0.7100000000000001,0.01,1,N,69625
4.300000000000002,0.7100000000000001,0.01,2,N,69626
4.300000000000002,0.7100000000000001,0.01,3,N,69627
4.300000000000002,0.7100000000000001,0.01,4,N,69628
4.300000000000002,0.7100000000000001,0.01,5,N,69629
4.300000000000002,0.7100000000000001,0.11,1,N,69630
4.300000000000002,0.7100000000000001,0.11,2,N,69631
4.300000000000002,0.7100000000000001,0.11,3,N,69632
4.300000000000002,0.7100000000000001,0.11,4,N,69633
4.300000000000002,0.7100000000000001,0.11,5,N,69634
4.300000000000002,0.7100000000000001,0.21,1,N,69635
4.300000000000002,0.7100000000000001,0.21,2,N,69636
4.300000000000002,0.7100000000000001,0.21,3,N,69637
4.300000000000002,0.7100000000000001,0.21,4,N,69638
4.300000000000002,0.7100000000000001,0.21,5,N,69639
4.300000000000002,0.7100000000000001,0.31000000000000005,1,N,69640
4.300000000000002,0.7100000000000001,0.31000000000000005,2,N,69641
4.300000000000002,0.7100000000000001,0.31000000000000005,3,N,69642
4.300000000000002,0.7100000000000001,0.31000000000000005,4,N,69643
4.300000000000002,0.7100000000000001,0.31000000000000005,5,N,69644
4.300000000000002,0.7100000000000001,0.41,1,N,69645
4.300000000000002,0.7100000000000001,0.41,2,N,69646
4.300000000000002,0.7100000000000001,0.41,3,N,69647
4.300000000000002,0.7100000000000001,0.41,4,N,69648
4.300000000000002,0.7100000000000001,0.41,5,N,69649
4.300000000000002,0.7100000000000001,0.51,1,N,69650
4.300000000000002,0.7100000000000001,0.51,2,N,69651
4.300000000000002,0.7100000000000001,0.51,3,N,69652
4.300000000000002,0.7100000000000001,0.51,4,N,69653
4.300000000000002,0.7100000000000001,0.51,5,N,69654
4.300000000000002,0.7100000000000001,0.6100000000000001,1,N,69655
4.300000000000002,0.7100000000000001,0.6100000000000001,2,N,69656
4.300000000000002,0.7100000000000001,0.6100000000000001,3,N,69657
4.300000000000002,0.7100000000000001,0.6100000000000001,4,N,69658
4.300000000000002,0.7100000000000001,0.6100000000000001,5,N,69659
4.300000000000002,0.7100000000000001,0.7100000000000001,1,N,69660
4.300000000000002,0.7100000000000001,0.7100000000000001,2,N,69661
4.300000000000002,0.7100000000000001,0.7100000000000001,3,N,69662
4.300000000000002,0.7100000000000001,0.7100000000000001,4,N,69663
4.300000000000002,0.7100000000000001,0.7100000000000001,5,N,69664
4.300000000000002,0.7100000000000001,0.81,1,N,69665
4.300000000000002,0.7100000000000001,0.81,2,N,69666
4.300000000000002,0.7100000000000001,0.81,3,N,69667
4.300000000000002,0.7100000000000001,0.81,4,N,69668
4.300000000000002,0.7100000000000001,0.81,5,N,69669
4.300000000000002,0.7100000000000001,0.91,1,N,69670
4.300000000000002,0.7100000000000001,0.91,2,N,69671
4.300000000000002,0.7100000000000001,0.91,3,N,69672
4.300000000000002,0.7100000000000001,0.91,4,N,69673
4.300000000000002,0.7100000000000001,0.91,5,N,69674
4.300000000000002,0.7100000000000001,1.01,1,N,69675
4.300000000000002,0.7100000000000001,1.01,2,N,69676
4.300000000000002,0.7100000000000001,1.01,3,N,69677
4.300000000000002,0.7100000000000001,1.01,4,N,69678
4.300000000000002,0.7100000000000001,1.01,5,N,69679
4.300000000000002,0.7100000000000001,1.11,1,N,69680
4.300000000000002,0.7100000000000001,1.11,2,N,69681
4.300000000000002,0.7100000000000001,1.11,3,N,69682
4.300000000000002,0.7100000000000001,1.11,4,N,69683
4.300000000000002,0.7100000000000001,1.11,5,N,69684
4.300000000000002,0.7100000000000001,1.3,1,N,69685
4.300000000000002,0.7100000000000001,1.3,2,N,69686
4.300000000000002,0.7100000000000001,1.3,3,N,69687
4.300000000000002,0.7100000000000001,1.3,4,N,69688
4.300000000000002,0.7100000000000001,1.3,5,N,69689
4.300000000000002,0.7100000000000001,1.6,1,N,69690
4.300000000000002,0.7100000000000001,1.6,2,N,69691
4.300000000000002,0.7100000000000001,1.6,3,N,69692
4.300000000000002,0.7100000000000001,1.6,4,N,69693
4.300000000000002,0.7100000000000001,1.6,5,N,69694
4.300000000000002,0.7100000000000001,1.9,1,N,69695
4.300000000000002,0.7100000000000001,1.9,2,N,69696
4.300000000000002,0.7100000000000001,1.9,3,N,69697
4.300000000000002,0.7100000000000001,1.9,4,N,69698
4.300000000000002,0.7100000000000001,1.9,5,N,69699
4.300000000000002,0.7100000000000001,2.2,1,N,69700
4.300000000000002,0.7100000000000001,2.2,2,N,69701
4.300000000000002,0.7100000000000001,2.2,3,N,69702
4.300000000000002,0.7100000000000001,2.2,4,N,69703
4.300000000000002,0.7100000000000001,2.2,5,N,69704
4.300000000000002,0.7100000000000001,2.5,1,N,69705
4.300000000000002,0.7100000000000001,2.5,2,N,69706
4.300000000000002,0.7100000000000001,2.5,3,N,69707
4.300000000000002,0.7100000000000001,2.5,4,N,69708
4.300000000000002,0.7100000000000001,2.5,5,N,69709
4.300000000000002,0.7100000000000001,2.8000000000000003,1,N,69710
4.300000000000002,0.7100000000000001,2.8000000000000003,2,N,69711
4.300000000000002,0.7100000000000001,2.8000000000000003,3,N,69712
4.300000000000002,0.7100000000000001,2.8000000000000003,4,N,69713
4.300000000000002,0.7100000000000001,2.8000000000000003,5,N,69714
4.300000000000002,0.7100000000000001,3.1000000000000005,1,N,69715
4.300000000000002,0.7100000000000001,3.1000000000000005,2,N,69716
4.300000000000002,0.7100000000000001,3.1000000000000005,3,N,69717
4.300000000000002,0.7100000000000001,3.1000000000000005,4,N,69718
4.300000000000002,0.7100000000000001,3.1000000000000005,5,N,69719
4.300000000000002,0.7100000000000001,3.4000000000000004,1,N,69720
4.300000000000002,0.7100000000000001,3.4000000000000004,2,N,69721
4.300000000000002,0.7100000000000001,3.4000000000000004,3,N,69722
4.300000000000002,0.7100000000000001,3.4000000000000004,4,N,69723
4.300000000000002,0.7100000000000001,3.4000000000000004,5,N,69724
4.300000000000002,0.7100000000000001,3.7,1,N,69725
4.300000000000002,0.7100000000000001,3.7,2,N,69726
4.300000000000002,0.7100000000000001,3.7,3,N,69727
4.300000000000002,0.7100000000000001,3.7,4,N,69728
4.300000000000002,0.7100000000000001,3.7,5,N,69729
4.300000000000002,0.7100000000000001,4.0,1,N,69730
4.300000000000002,0.7100000000000001,4.0,2,N,69731
4.300000000000002,0.7100000000000001,4.0,3,N,69732
4.300000000000002,0.7100000000000001,4.0,4,N,69733
4.300000000000002,0.7100000000000001,4.0,5,N,69734
4.300000000000002,0.7100000000000001,4.300000000000002,1,N,69735
4.300000000000002,0.7100000000000001,4.300000000000002,2,N,69736
4.300000000000002,0.7100000000000001,4.300000000000002,3,N,69737
4.300000000000002,0.7100000000000001,4.300000000000002,4,N,69738
4.300000000000002,0.7100000000000001,4.300000000000002,5,N,69739
4.300000000000002,0.7100000000000001,4.6000000000000005,1,N,69740
4.300000000000002,0.7100000000000001,4.6000000000000005,2,N,69741
4.300000000000002,0.7100000000000001,4.6000000000000005,3,N,69742
4.300000000000002,0.7100000000000001,4.6000000000000005,4,N,69743
4.300000000000002,0.7100000000000001,4.6000000000000005,5,N,69744
4.300000000000002,0.7100000000000001,4.9,1,N,69745
4.300000000000002,0.7100000000000001,4.9,2,N,69746
4.300000000000002,0.7100000000000001,4.9,3,N,69747
4.300000000000002,0.7100000000000001,4.9,4,N,69748
4.300000000000002,0.7100000000000001,4.9,5,N,69749
4.300000000000002,0.81,0.01,1,N,69750
4.300000000000002,0.81,0.01,2,N,69751
4.300000000000002,0.81,0.01,3,N,69752
4.300000000000002,0.81,0.01,4,N,69753
4.300000000000002,0.81,0.01,5,N,69754
4.300000000000002,0.81,0.11,1,N,69755
4.300000000000002,0.81,0.11,2,N,69756
4.300000000000002,0.81,0.11,3,N,69757
4.300000000000002,0.81,0.11,4,N,69758
4.300000000000002,0.81,0.11,5,N,69759
4.300000000000002,0.81,0.21,1,N,69760
4.300000000000002,0.81,0.21,2,N,69761
4.300000000000002,0.81,0.21,3,N,69762
4.300000000000002,0.81,0.21,4,N,69763
4.300000000000002,0.81,0.21,5,N,69764
4.300000000000002,0.81,0.31000000000000005,1,N,69765
4.300000000000002,0.81,0.31000000000000005,2,N,69766
4.300000000000002,0.81,0.31000000000000005,3,N,69767
4.300000000000002,0.81,0.31000000000000005,4,N,69768
4.300000000000002,0.81,0.31000000000000005,5,N,69769
4.300000000000002,0.81,0.41,1,N,69770
4.300000000000002,0.81,0.41,2,N,69771
4.300000000000002,0.81,0.41,3,N,69772
4.300000000000002,0.81,0.41,4,N,69773
4.300000000000002,0.81,0.41,5,N,69774
4.300000000000002,0.81,0.51,1,N,69775
4.300000000000002,0.81,0.51,2,N,69776
4.300000000000002,0.81,0.51,3,N,69777
4.300000000000002,0.81,0.51,4,N,69778
4.300000000000002,0.81,0.51,5,N,69779
4.300000000000002,0.81,0.6100000000000001,1,N,69780
4.300000000000002,0.81,0.6100000000000001,2,N,69781
4.300000000000002,0.81,0.6100000000000001,3,N,69782
4.300000000000002,0.81,0.6100000000000001,4,N,69783
4.300000000000002,0.81,0.6100000000000001,5,N,69784
4.300000000000002,0.81,0.7100000000000001,1,N,69785
4.300000000000002,0.81,0.7100000000000001,2,N,69786
4.300000000000002,0.81,0.7100000000000001,3,N,69787
4.300000000000002,0.81,0.7100000000000001,4,N,69788
4.300000000000002,0.81,0.7100000000000001,5,N,69789
4.300000000000002,0.81,0.81,1,N,69790
4.300000000000002,0.81,0.81,2,N,69791
4.300000000000002,0.81,0.81,3,N,69792
4.300000000000002,0.81,0.81,4,N,69793
4.300000000000002,0.81,0.81,5,N,69794
4.300000000000002,0.81,0.91,1,N,69795
4.300000000000002,0.81,0.91,2,N,69796
4.300000000000002,0.81,0.91,3,N,69797
4.300000000000002,0.81,0.91,4,N,69798
4.300000000000002,0.81,0.91,5,N,69799
4.300000000000002,0.81,1.01,1,N,69800
4.300000000000002,0.81,1.01,2,N,69801
4.300000000000002,0.81,1.01,3,N,69802
4.300000000000002,0.81,1.01,4,N,69803
4.300000000000002,0.81,1.01,5,N,69804
4.300000000000002,0.81,1.11,1,N,69805
4.300000000000002,0.81,1.11,2,N,69806
4.300000000000002,0.81,1.11,3,N,69807
4.300000000000002,0.81,1.11,4,N,69808
4.300000000000002,0.81,1.11,5,N,69809
4.300000000000002,0.81,1.3,1,N,69810
4.300000000000002,0.81,1.3,2,N,69811
4.300000000000002,0.81,1.3,3,N,69812
4.300000000000002,0.81,1.3,4,N,69813
4.300000000000002,0.81,1.3,5,N,69814
4.300000000000002,0.81,1.6,1,N,69815
4.300000000000002,0.81,1.6,2,N,69816
4.300000000000002,0.81,1.6,3,N,69817
4.300000000000002,0.81,1.6,4,N,69818
4.300000000000002,0.81,1.6,5,N,69819
4.300000000000002,0.81,1.9,1,N,69820
4.300000000000002,0.81,1.9,2,N,69821
4.300000000000002,0.81,1.9,3,N,69822
4.300000000000002,0.81,1.9,4,N,69823
4.300000000000002,0.81,1.9,5,N,69824
4.300000000000002,0.81,2.2,1,N,69825
4.300000000000002,0.81,2.2,2,N,69826
4.300000000000002,0.81,2.2,3,N,69827
4.300000000000002,0.81,2.2,4,N,69828
4.300000000000002,0.81,2.2,5,N,69829
4.300000000000002,0.81,2.5,1,N,69830
4.300000000000002,0.81,2.5,2,N,69831
4.300000000000002,0.81,2.5,3,N,69832
4.300000000000002,0.81,2.5,4,N,69833
4.300000000000002,0.81,2.5,5,N,69834
4.300000000000002,0.81,2.8000000000000003,1,N,69835
4.300000000000002,0.81,2.8000000000000003,2,N,69836
4.300000000000002,0.81,2.8000000000000003,3,N,69837
4.300000000000002,0.81,2.8000000000000003,4,N,69838
4.300000000000002,0.81,2.8000000000000003,5,N,69839
4.300000000000002,0.81,3.1000000000000005,1,N,69840
4.300000000000002,0.81,3.1000000000000005,2,N,69841
4.300000000000002,0.81,3.1000000000000005,3,N,69842
4.300000000000002,0.81,3.1000000000000005,4,N,69843
4.300000000000002,0.81,3.1000000000000005,5,N,69844
4.300000000000002,0.81,3.4000000000000004,1,N,69845
4.300000000000002,0.81,3.4000000000000004,2,N,69846
4.300000000000002,0.81,3.4000000000000004,3,N,69847
4.300000000000002,0.81,3.4000000000000004,4,N,69848
4.300000000000002,0.81,3.4000000000000004,5,N,69849
4.300000000000002,0.81,3.7,1,N,69850
4.300000000000002,0.81,3.7,2,N,69851
4.300000000000002,0.81,3.7,3,N,69852
4.300000000000002,0.81,3.7,4,N,69853
4.300000000000002,0.81,3.7,5,N,69854
4.300000000000002,0.81,4.0,1,N,69855
4.300000000000002,0.81,4.0,2,N,69856
4.300000000000002,0.81,4.0,3,N,69857
4.300000000000002,0.81,4.0,4,N,69858
4.300000000000002,0.81,4.0,5,N,69859
4.300000000000002,0.81,4.300000000000002,1,N,69860
4.300000000000002,0.81,4.300000000000002,2,N,69861
4.300000000000002,0.81,4.300000000000002,3,N,69862
4.300000000000002,0.81,4.300000000000002,4,N,69863
4.300000000000002,0.81,4.300000000000002,5,N,69864
4.300000000000002,0.81,4.6000000000000005,1,N,69865
4.300000000000002,0.81,4.6000000000000005,2,N,69866
4.300000000000002,0.81,4.6000000000000005,3,N,69867
4.300000000000002,0.81,4.6000000000000005,4,N,69868
4.300000000000002,0.81,4.6000000000000005,5,N,69869
4.300000000000002,0.81,4.9,1,N,69870
4.300000000000002,0.81,4.9,2,N,69871
4.300000000000002,0.81,4.9,3,N,69872
4.300000000000002,0.81,4.9,4,N,69873
4.300000000000002,0.81,4.9,5,N,69874
4.300000000000002,0.91,0.01,1,N,69875
4.300000000000002,0.91,0.01,2,N,69876
4.300000000000002,0.91,0.01,3,N,69877
4.300000000000002,0.91,0.01,4,N,69878
4.300000000000002,0.91,0.01,5,N,69879
4.300000000000002,0.91,0.11,1,N,69880
4.300000000000002,0.91,0.11,2,N,69881
4.300000000000002,0.91,0.11,3,N,69882
4.300000000000002,0.91,0.11,4,N,69883
4.300000000000002,0.91,0.11,5,N,69884
4.300000000000002,0.91,0.21,1,N,69885
4.300000000000002,0.91,0.21,2,N,69886
4.300000000000002,0.91,0.21,3,N,69887
4.300000000000002,0.91,0.21,4,N,69888
4.300000000000002,0.91,0.21,5,N,69889
4.300000000000002,0.91,0.31000000000000005,1,N,69890
4.300000000000002,0.91,0.31000000000000005,2,N,69891
4.300000000000002,0.91,0.31000000000000005,3,N,69892
4.300000000000002,0.91,0.31000000000000005,4,N,69893
4.300000000000002,0.91,0.31000000000000005,5,N,69894
4.300000000000002,0.91,0.41,1,N,69895
4.300000000000002,0.91,0.41,2,N,69896
4.300000000000002,0.91,0.41,3,N,69897
4.300000000000002,0.91,0.41,4,N,69898
4.300000000000002,0.91,0.41,5,N,69899
4.300000000000002,0.91,0.51,1,N,69900
4.300000000000002,0.91,0.51,2,N,69901
4.300000000000002,0.91,0.51,3,N,69902
4.300000000000002,0.91,0.51,4,N,69903
4.300000000000002,0.91,0.51,5,N,69904
4.300000000000002,0.91,0.6100000000000001,1,N,69905
4.300000000000002,0.91,0.6100000000000001,2,N,69906
4.300000000000002,0.91,0.6100000000000001,3,N,69907
4.300000000000002,0.91,0.6100000000000001,4,N,69908
4.300000000000002,0.91,0.6100000000000001,5,N,69909
4.300000000000002,0.91,0.7100000000000001,1,N,69910
4.300000000000002,0.91,0.7100000000000001,2,N,69911
4.300000000000002,0.91,0.7100000000000001,3,N,69912
4.300000000000002,0.91,0.7100000000000001,4,N,69913
4.300000000000002,0.91,0.7100000000000001,5,N,69914
4.300000000000002,0.91,0.81,1,N,69915
4.300000000000002,0.91,0.81,2,N,69916
4.300000000000002,0.91,0.81,3,N,69917
4.300000000000002,0.91,0.81,4,N,69918
4.300000000000002,0.91,0.81,5,N,69919
4.300000000000002,0.91,0.91,1,N,69920
4.300000000000002,0.91,0.91,2,N,69921
4.300000000000002,0.91,0.91,3,N,69922
4.300000000000002,0.91,0.91,4,N,69923
4.300000000000002,0.91,0.91,5,N,69924
4.300000000000002,0.91,1.01,1,N,69925
4.300000000000002,0.91,1.01,2,N,69926
4.300000000000002,0.91,1.01,3,N,69927
4.300000000000002,0.91,1.01,4,N,69928
4.300000000000002,0.91,1.01,5,N,69929
4.300000000000002,0.91,1.11,1,N,69930
4.300000000000002,0.91,1.11,2,N,69931
4.300000000000002,0.91,1.11,3,N,69932
4.300000000000002,0.91,1.11,4,N,69933
4.300000000000002,0.91,1.11,5,N,69934
4.300000000000002,0.91,1.3,1,N,69935
4.300000000000002,0.91,1.3,2,N,69936
4.300000000000002,0.91,1.3,3,N,69937
4.300000000000002,0.91,1.3,4,N,69938
4.300000000000002,0.91,1.3,5,N,69939
4.300000000000002,0.91,1.6,1,N,69940
4.300000000000002,0.91,1.6,2,N,69941
4.300000000000002,0.91,1.6,3,N,69942
4.300000000000002,0.91,1.6,4,N,69943
4.300000000000002,0.91,1.6,5,N,69944
4.300000000000002,0.91,1.9,1,N,69945
4.300000000000002,0.91,1.9,2,N,69946
4.300000000000002,0.91,1.9,3,N,69947
4.300000000000002,0.91,1.9,4,N,69948
4.300000000000002,0.91,1.9,5,N,69949
4.300000000000002,0.91,2.2,1,N,69950
4.300000000000002,0.91,2.2,2,N,69951
4.300000000000002,0.91,2.2,3,N,69952
4.300000000000002,0.91,2.2,4,N,69953
4.300000000000002,0.91,2.2,5,N,69954
4.300000000000002,0.91,2.5,1,N,69955
4.300000000000002,0.91,2.5,2,N,69956
4.300000000000002,0.91,2.5,3,N,69957
4.300000000000002,0.91,2.5,4,N,69958
4.300000000000002,0.91,2.5,5,N,69959
4.300000000000002,0.91,2.8000000000000003,1,N,69960
4.300000000000002,0.91,2.8000000000000003,2,N,69961
4.300000000000002,0.91,2.8000000000000003,3,N,69962
4.300000000000002,0.91,2.8000000000000003,4,N,69963
4.300000000000002,0.91,2.8000000000000003,5,N,69964
4.300000000000002,0.91,3.1000000000000005,1,N,69965
4.300000000000002,0.91,3.1000000000000005,2,N,69966
4.300000000000002,0.91,3.1000000000000005,3,N,69967
4.300000000000002,0.91,3.1000000000000005,4,N,69968
4.300000000000002,0.91,3.1000000000000005,5,N,69969
4.300000000000002,0.91,3.4000000000000004,1,N,69970
4.300000000000002,0.91,3.4000000000000004,2,N,69971
4.300000000000002,0.91,3.4000000000000004,3,N,69972
4.300000000000002,0.91,3.4000000000000004,4,N,69973
4.300000000000002,0.91,3.4000000000000004,5,N,69974
4.300000000000002,0.91,3.7,1,N,69975
4.300000000000002,0.91,3.7,2,N,69976
4.300000000000002,0.91,3.7,3,N,69977
4.300000000000002,0.91,3.7,4,N,69978
4.300000000000002,0.91,3.7,5,N,69979
4.300000000000002,0.91,4.0,1,N,69980
4.300000000000002,0.91,4.0,2,N,69981
4.300000000000002,0.91,4.0,3,N,69982
4.300000000000002,0.91,4.0,4,N,69983
4.300000000000002,0.91,4.0,5,N,69984
4.300000000000002,0.91,4.300000000000002,1,N,69985
4.300000000000002,0.91,4.300000000000002,2,N,69986
4.300000000000002,0.91,4.300000000000002,3,N,69987
4.300000000000002,0.91,4.300000000000002,4,N,69988
4.300000000000002,0.91,4.300000000000002,5,N,69989
4.300000000000002,0.91,4.6000000000000005,1,N,69990
4.300000000000002,0.91,4.6000000000000005,2,N,69991
4.300000000000002,0.91,4.6000000000000005,3,N,69992
4.300000000000002,0.91,4.6000000000000005,4,N,69993
4.300000000000002,0.91,4.6000000000000005,5,N,69994
4.300000000000002,0.91,4.9,1,N,69995
4.300000000000002,0.91,4.9,2,N,69996
4.300000000000002,0.91,4.9,3,N,69997
4.300000000000002,0.91,4.9,4,N,69998
4.300000000000002,0.91,4.9,5,N,69999
4.300000000000002,1.01,0.01,1,N,70000
4.300000000000002,1.01,0.01,2,N,70001
4.300000000000002,1.01,0.01,3,N,70002
4.300000000000002,1.01,0.01,4,N,70003
4.300000000000002,1.01,0.01,5,N,70004
4.300000000000002,1.01,0.11,1,N,70005
4.300000000000002,1.01,0.11,2,N,70006
4.300000000000002,1.01,0.11,3,N,70007
4.300000000000002,1.01,0.11,4,N,70008
4.300000000000002,1.01,0.11,5,N,70009
4.300000000000002,1.01,0.21,1,N,70010
4.300000000000002,1.01,0.21,2,N,70011
4.300000000000002,1.01,0.21,3,N,70012
4.300000000000002,1.01,0.21,4,N,70013
4.300000000000002,1.01,0.21,5,N,70014
4.300000000000002,1.01,0.31000000000000005,1,N,70015
4.300000000000002,1.01,0.31000000000000005,2,N,70016
4.300000000000002,1.01,0.31000000000000005,3,N,70017
4.300000000000002,1.01,0.31000000000000005,4,N,70018
4.300000000000002,1.01,0.31000000000000005,5,N,70019
4.300000000000002,1.01,0.41,1,N,70020
4.300000000000002,1.01,0.41,2,N,70021
4.300000000000002,1.01,0.41,3,N,70022
4.300000000000002,1.01,0.41,4,N,70023
4.300000000000002,1.01,0.41,5,N,70024
4.300000000000002,1.01,0.51,1,N,70025
4.300000000000002,1.01,0.51,2,N,70026
4.300000000000002,1.01,0.51,3,N,70027
4.300000000000002,1.01,0.51,4,N,70028
4.300000000000002,1.01,0.51,5,N,70029
4.300000000000002,1.01,0.6100000000000001,1,N,70030
4.300000000000002,1.01,0.6100000000000001,2,N,70031
4.300000000000002,1.01,0.6100000000000001,3,N,70032
4.300000000000002,1.01,0.6100000000000001,4,N,70033
4.300000000000002,1.01,0.6100000000000001,5,N,70034
4.300000000000002,1.01,0.7100000000000001,1,N,70035
4.300000000000002,1.01,0.7100000000000001,2,N,70036
4.300000000000002,1.01,0.7100000000000001,3,N,70037
4.300000000000002,1.01,0.7100000000000001,4,N,70038
4.300000000000002,1.01,0.7100000000000001,5,N,70039
4.300000000000002,1.01,0.81,1,N,70040
4.300000000000002,1.01,0.81,2,N,70041
4.300000000000002,1.01,0.81,3,N,70042
4.300000000000002,1.01,0.81,4,N,70043
4.300000000000002,1.01,0.81,5,N,70044
4.300000000000002,1.01,0.91,1,N,70045
4.300000000000002,1.01,0.91,2,N,70046
4.300000000000002,1.01,0.91,3,N,70047
4.300000000000002,1.01,0.91,4,N,70048
4.300000000000002,1.01,0.91,5,N,70049
4.300000000000002,1.01,1.01,1,N,70050
4.300000000000002,1.01,1.01,2,N,70051
4.300000000000002,1.01,1.01,3,N,70052
4.300000000000002,1.01,1.01,4,N,70053
4.300000000000002,1.01,1.01,5,N,70054
4.300000000000002,1.01,1.11,1,N,70055
4.300000000000002,1.01,1.11,2,N,70056
4.300000000000002,1.01,1.11,3,N,70057
4.300000000000002,1.01,1.11,4,N,70058
4.300000000000002,1.01,1.11,5,N,70059
4.300000000000002,1.01,1.3,1,N,70060
4.300000000000002,1.01,1.3,2,N,70061
4.300000000000002,1.01,1.3,3,N,70062
4.300000000000002,1.01,1.3,4,N,70063
4.300000000000002,1.01,1.3,5,N,70064
4.300000000000002,1.01,1.6,1,N,70065
4.300000000000002,1.01,1.6,2,N,70066
4.300000000000002,1.01,1.6,3,N,70067
4.300000000000002,1.01,1.6,4,N,70068
4.300000000000002,1.01,1.6,5,N,70069
4.300000000000002,1.01,1.9,1,N,70070
4.300000000000002,1.01,1.9,2,N,70071
4.300000000000002,1.01,1.9,3,N,70072
4.300000000000002,1.01,1.9,4,N,70073
4.300000000000002,1.01,1.9,5,N,70074
4.300000000000002,1.01,2.2,1,N,70075
4.300000000000002,1.01,2.2,2,N,70076
4.300000000000002,1.01,2.2,3,N,70077
4.300000000000002,1.01,2.2,4,N,70078
4.300000000000002,1.01,2.2,5,N,70079
4.300000000000002,1.01,2.5,1,N,70080
4.300000000000002,1.01,2.5,2,N,70081
4.300000000000002,1.01,2.5,3,N,70082
4.300000000000002,1.01,2.5,4,N,70083
4.300000000000002,1.01,2.5,5,N,70084
4.300000000000002,1.01,2.8000000000000003,1,N,70085
4.300000000000002,1.01,2.8000000000000003,2,N,70086
4.300000000000002,1.01,2.8000000000000003,3,N,70087
4.300000000000002,1.01,2.8000000000000003,4,N,70088
4.300000000000002,1.01,2.8000000000000003,5,N,70089
4.300000000000002,1.01,3.1000000000000005,1,N,70090
4.300000000000002,1.01,3.1000000000000005,2,N,70091
4.300000000000002,1.01,3.1000000000000005,3,N,70092
4.300000000000002,1.01,3.1000000000000005,4,N,70093
4.300000000000002,1.01,3.1000000000000005,5,N,70094
4.300000000000002,1.01,3.4000000000000004,1,N,70095
4.300000000000002,1.01,3.4000000000000004,2,N,70096
4.300000000000002,1.01,3.4000000000000004,3,N,70097
4.300000000000002,1.01,3.4000000000000004,4,N,70098
4.300000000000002,1.01,3.4000000000000004,5,N,70099
4.300000000000002,1.01,3.7,1,N,70100
4.300000000000002,1.01,3.7,2,N,70101
4.300000000000002,1.01,3.7,3,N,70102
4.300000000000002,1.01,3.7,4,N,70103
4.300000000000002,1.01,3.7,5,N,70104
4.300000000000002,1.01,4.0,1,N,70105
4.300000000000002,1.01,4.0,2,N,70106
4.300000000000002,1.01,4.0,3,N,70107
4.300000000000002,1.01,4.0,4,N,70108
4.300000000000002,1.01,4.0,5,N,70109
4.300000000000002,1.01,4.300000000000002,1,N,70110
4.300000000000002,1.01,4.300000000000002,2,N,70111
4.300000000000002,1.01,4.300000000000002,3,N,70112
4.300000000000002,1.01,4.300000000000002,4,N,70113
4.300000000000002,1.01,4.300000000000002,5,N,70114
4.300000000000002,1.01,4.6000000000000005,1,N,70115
4.300000000000002,1.01,4.6000000000000005,2,N,70116
4.300000000000002,1.01,4.6000000000000005,3,N,70117
4.300000000000002,1.01,4.6000000000000005,4,N,70118
4.300000000000002,1.01,4.6000000000000005,5,N,70119
4.300000000000002,1.01,4.9,1,N,70120
4.300000000000002,1.01,4.9,2,N,70121
4.300000000000002,1.01,4.9,3,N,70122
4.300000000000002,1.01,4.9,4,N,70123
4.300000000000002,1.01,4.9,5,N,70124
4.300000000000002,1.11,0.01,1,N,70125
4.300000000000002,1.11,0.01,2,N,70126
4.300000000000002,1.11,0.01,3,N,70127
4.300000000000002,1.11,0.01,4,N,70128
4.300000000000002,1.11,0.01,5,N,70129
4.300000000000002,1.11,0.11,1,N,70130
4.300000000000002,1.11,0.11,2,N,70131
4.300000000000002,1.11,0.11,3,N,70132
4.300000000000002,1.11,0.11,4,N,70133
4.300000000000002,1.11,0.11,5,N,70134
4.300000000000002,1.11,0.21,1,N,70135
4.300000000000002,1.11,0.21,2,N,70136
4.300000000000002,1.11,0.21,3,N,70137
4.300000000000002,1.11,0.21,4,N,70138
4.300000000000002,1.11,0.21,5,N,70139
4.300000000000002,1.11,0.31000000000000005,1,N,70140
4.300000000000002,1.11,0.31000000000000005,2,N,70141
4.300000000000002,1.11,0.31000000000000005,3,N,70142
4.300000000000002,1.11,0.31000000000000005,4,N,70143
4.300000000000002,1.11,0.31000000000000005,5,N,70144
4.300000000000002,1.11,0.41,1,N,70145
4.300000000000002,1.11,0.41,2,N,70146
4.300000000000002,1.11,0.41,3,N,70147
4.300000000000002,1.11,0.41,4,N,70148
4.300000000000002,1.11,0.41,5,N,70149
4.300000000000002,1.11,0.51,1,N,70150
4.300000000000002,1.11,0.51,2,N,70151
4.300000000000002,1.11,0.51,3,N,70152
4.300000000000002,1.11,0.51,4,N,70153
4.300000000000002,1.11,0.51,5,N,70154
4.300000000000002,1.11,0.6100000000000001,1,N,70155
4.300000000000002,1.11,0.6100000000000001,2,N,70156
4.300000000000002,1.11,0.6100000000000001,3,N,70157
4.300000000000002,1.11,0.6100000000000001,4,N,70158
4.300000000000002,1.11,0.6100000000000001,5,N,70159
4.300000000000002,1.11,0.7100000000000001,1,N,70160
4.300000000000002,1.11,0.7100000000000001,2,N,70161
4.300000000000002,1.11,0.7100000000000001,3,N,70162
4.300000000000002,1.11,0.7100000000000001,4,N,70163
4.300000000000002,1.11,0.7100000000000001,5,N,70164
4.300000000000002,1.11,0.81,1,N,70165
4.300000000000002,1.11,0.81,2,N,70166
4.300000000000002,1.11,0.81,3,N,70167
4.300000000000002,1.11,0.81,4,N,70168
4.300000000000002,1.11,0.81,5,N,70169
4.300000000000002,1.11,0.91,1,N,70170
4.300000000000002,1.11,0.91,2,N,70171
4.300000000000002,1.11,0.91,3,N,70172
4.300000000000002,1.11,0.91,4,N,70173
4.300000000000002,1.11,0.91,5,N,70174
4.300000000000002,1.11,1.01,1,N,70175
4.300000000000002,1.11,1.01,2,N,70176
4.300000000000002,1.11,1.01,3,N,70177
4.300000000000002,1.11,1.01,4,N,70178
4.300000000000002,1.11,1.01,5,N,70179
4.300000000000002,1.11,1.11,1,N,70180
4.300000000000002,1.11,1.11,2,N,70181
4.300000000000002,1.11,1.11,3,N,70182
4.300000000000002,1.11,1.11,4,N,70183
4.300000000000002,1.11,1.11,5,N,70184
4.300000000000002,1.11,1.3,1,N,70185
4.300000000000002,1.11,1.3,2,N,70186
4.300000000000002,1.11,1.3,3,N,70187
4.300000000000002,1.11,1.3,4,N,70188
4.300000000000002,1.11,1.3,5,N,70189
4.300000000000002,1.11,1.6,1,N,70190
4.300000000000002,1.11,1.6,2,N,70191
4.300000000000002,1.11,1.6,3,N,70192
4.300000000000002,1.11,1.6,4,N,70193
4.300000000000002,1.11,1.6,5,N,70194
4.300000000000002,1.11,1.9,1,N,70195
4.300000000000002,1.11,1.9,2,N,70196
4.300000000000002,1.11,1.9,3,N,70197
4.300000000000002,1.11,1.9,4,N,70198
4.300000000000002,1.11,1.9,5,N,70199
4.300000000000002,1.11,2.2,1,N,70200
4.300000000000002,1.11,2.2,2,N,70201
4.300000000000002,1.11,2.2,3,N,70202
4.300000000000002,1.11,2.2,4,N,70203
4.300000000000002,1.11,2.2,5,N,70204
4.300000000000002,1.11,2.5,1,N,70205
4.300000000000002,1.11,2.5,2,N,70206
4.300000000000002,1.11,2.5,3,N,70207
4.300000000000002,1.11,2.5,4,N,70208
4.300000000000002,1.11,2.5,5,N,70209
4.300000000000002,1.11,2.8000000000000003,1,N,70210
4.300000000000002,1.11,2.8000000000000003,2,N,70211
4.300000000000002,1.11,2.8000000000000003,3,N,70212
4.300000000000002,1.11,2.8000000000000003,4,N,70213
4.300000000000002,1.11,2.8000000000000003,5,N,70214
4.300000000000002,1.11,3.1000000000000005,1,N,70215
4.300000000000002,1.11,3.1000000000000005,2,N,70216
4.300000000000002,1.11,3.1000000000000005,3,N,70217
4.300000000000002,1.11,3.1000000000000005,4,N,70218
4.300000000000002,1.11,3.1000000000000005,5,N,70219
4.300000000000002,1.11,3.4000000000000004,1,N,70220
4.300000000000002,1.11,3.4000000000000004,2,N,70221
4.300000000000002,1.11,3.4000000000000004,3,N,70222
4.300000000000002,1.11,3.4000000000000004,4,N,70223
4.300000000000002,1.11,3.4000000000000004,5,N,70224
4.300000000000002,1.11,3.7,1,N,70225
4.300000000000002,1.11,3.7,2,N,70226
4.300000000000002,1.11,3.7,3,N,70227
4.300000000000002,1.11,3.7,4,N,70228
4.300000000000002,1.11,3.7,5,N,70229
4.300000000000002,1.11,4.0,1,N,70230
4.300000000000002,1.11,4.0,2,N,70231
4.300000000000002,1.11,4.0,3,N,70232
4.300000000000002,1.11,4.0,4,N,70233
4.300000000000002,1.11,4.0,5,N,70234
4.300000000000002,1.11,4.300000000000002,1,N,70235
4.300000000000002,1.11,4.300000000000002,2,N,70236
4.300000000000002,1.11,4.300000000000002,3,N,70237
4.300000000000002,1.11,4.300000000000002,4,N,70238
4.300000000000002,1.11,4.300000000000002,5,N,70239
4.300000000000002,1.11,4.6000000000000005,1,N,70240
4.300000000000002,1.11,4.6000000000000005,2,N,70241
4.300000000000002,1.11,4.6000000000000005,3,N,70242
4.300000000000002,1.11,4.6000000000000005,4,N,70243
4.300000000000002,1.11,4.6000000000000005,5,N,70244
4.300000000000002,1.11,4.9,1,N,70245
4.300000000000002,1.11,4.9,2,N,70246
4.300000000000002,1.11,4.9,3,N,70247
4.300000000000002,1.11,4.9,4,N,70248
4.300000000000002,1.11,4.9,5,N,70249
4.300000000000002,1.3,0.01,1,N,70250
4.300000000000002,1.3,0.01,2,N,70251
4.300000000000002,1.3,0.01,3,N,70252
4.300000000000002,1.3,0.01,4,N,70253
4.300000000000002,1.3,0.01,5,N,70254
4.300000000000002,1.3,0.11,1,N,70255
4.300000000000002,1.3,0.11,2,N,70256
4.300000000000002,1.3,0.11,3,N,70257
4.300000000000002,1.3,0.11,4,N,70258
4.300000000000002,1.3,0.11,5,N,70259
4.300000000000002,1.3,0.21,1,N,70260
4.300000000000002,1.3,0.21,2,N,70261
4.300000000000002,1.3,0.21,3,N,70262
4.300000000000002,1.3,0.21,4,N,70263
4.300000000000002,1.3,0.21,5,N,70264
4.300000000000002,1.3,0.31000000000000005,1,N,70265
4.300000000000002,1.3,0.31000000000000005,2,N,70266
4.300000000000002,1.3,0.31000000000000005,3,N,70267
4.300000000000002,1.3,0.31000000000000005,4,N,70268
4.300000000000002,1.3,0.31000000000000005,5,N,70269
4.300000000000002,1.3,0.41,1,N,70270
4.300000000000002,1.3,0.41,2,N,70271
4.300000000000002,1.3,0.41,3,N,70272
4.300000000000002,1.3,0.41,4,N,70273
4.300000000000002,1.3,0.41,5,N,70274
4.300000000000002,1.3,0.51,1,N,70275
4.300000000000002,1.3,0.51,2,N,70276
4.300000000000002,1.3,0.51,3,N,70277
4.300000000000002,1.3,0.51,4,N,70278
4.300000000000002,1.3,0.51,5,N,70279
4.300000000000002,1.3,0.6100000000000001,1,N,70280
4.300000000000002,1.3,0.6100000000000001,2,N,70281
4.300000000000002,1.3,0.6100000000000001,3,N,70282
4.300000000000002,1.3,0.6100000000000001,4,N,70283
4.300000000000002,1.3,0.6100000000000001,5,N,70284
4.300000000000002,1.3,0.7100000000000001,1,N,70285
4.300000000000002,1.3,0.7100000000000001,2,N,70286
4.300000000000002,1.3,0.7100000000000001,3,N,70287
4.300000000000002,1.3,0.7100000000000001,4,N,70288
4.300000000000002,1.3,0.7100000000000001,5,N,70289
4.300000000000002,1.3,0.81,1,N,70290
4.300000000000002,1.3,0.81,2,N,70291
4.300000000000002,1.3,0.81,3,N,70292
4.300000000000002,1.3,0.81,4,N,70293
4.300000000000002,1.3,0.81,5,N,70294
4.300000000000002,1.3,0.91,1,N,70295
4.300000000000002,1.3,0.91,2,N,70296
4.300000000000002,1.3,0.91,3,N,70297
4.300000000000002,1.3,0.91,4,N,70298
4.300000000000002,1.3,0.91,5,N,70299
4.300000000000002,1.3,1.01,1,N,70300
4.300000000000002,1.3,1.01,2,N,70301
4.300000000000002,1.3,1.01,3,N,70302
4.300000000000002,1.3,1.01,4,N,70303
4.300000000000002,1.3,1.01,5,N,70304
4.300000000000002,1.3,1.11,1,N,70305
4.300000000000002,1.3,1.11,2,N,70306
4.300000000000002,1.3,1.11,3,N,70307
4.300000000000002,1.3,1.11,4,N,70308
4.300000000000002,1.3,1.11,5,N,70309
4.300000000000002,1.3,1.3,1,N,70310
4.300000000000002,1.3,1.3,2,N,70311
4.300000000000002,1.3,1.3,3,N,70312
4.300000000000002,1.3,1.3,4,N,70313
4.300000000000002,1.3,1.3,5,N,70314
4.300000000000002,1.3,1.6,1,N,70315
4.300000000000002,1.3,1.6,2,N,70316
4.300000000000002,1.3,1.6,3,N,70317
4.300000000000002,1.3,1.6,4,N,70318
4.300000000000002,1.3,1.6,5,N,70319
4.300000000000002,1.3,1.9,1,N,70320
4.300000000000002,1.3,1.9,2,N,70321
4.300000000000002,1.3,1.9,3,N,70322
4.300000000000002,1.3,1.9,4,N,70323
4.300000000000002,1.3,1.9,5,N,70324
4.300000000000002,1.3,2.2,1,N,70325
4.300000000000002,1.3,2.2,2,N,70326
4.300000000000002,1.3,2.2,3,N,70327
4.300000000000002,1.3,2.2,4,N,70328
4.300000000000002,1.3,2.2,5,N,70329
4.300000000000002,1.3,2.5,1,N,70330
4.300000000000002,1.3,2.5,2,N,70331
4.300000000000002,1.3,2.5,3,N,70332
4.300000000000002,1.3,2.5,4,N,70333
4.300000000000002,1.3,2.5,5,N,70334
4.300000000000002,1.3,2.8000000000000003,1,N,70335
4.300000000000002,1.3,2.8000000000000003,2,N,70336
4.300000000000002,1.3,2.8000000000000003,3,N,70337
4.300000000000002,1.3,2.8000000000000003,4,N,70338
4.300000000000002,1.3,2.8000000000000003,5,N,70339
4.300000000000002,1.3,3.1000000000000005,1,N,70340
4.300000000000002,1.3,3.1000000000000005,2,N,70341
4.300000000000002,1.3,3.1000000000000005,3,N,70342
4.300000000000002,1.3,3.1000000000000005,4,N,70343
4.300000000000002,1.3,3.1000000000000005,5,N,70344
4.300000000000002,1.3,3.4000000000000004,1,N,70345
4.300000000000002,1.3,3.4000000000000004,2,N,70346
4.300000000000002,1.3,3.4000000000000004,3,N,70347
4.300000000000002,1.3,3.4000000000000004,4,N,70348
4.300000000000002,1.3,3.4000000000000004,5,N,70349
4.300000000000002,1.3,3.7,1,N,70350
4.300000000000002,1.3,3.7,2,N,70351
4.300000000000002,1.3,3.7,3,N,70352
4.300000000000002,1.3,3.7,4,N,70353
4.300000000000002,1.3,3.7,5,N,70354
4.300000000000002,1.3,4.0,1,N,70355
4.300000000000002,1.3,4.0,2,N,70356
4.300000000000002,1.3,4.0,3,N,70357
4.300000000000002,1.3,4.0,4,N,70358
4.300000000000002,1.3,4.0,5,N,70359
4.300000000000002,1.3,4.300000000000002,1,N,70360
4.300000000000002,1.3,4.300000000000002,2,N,70361
4.300000000000002,1.3,4.300000000000002,3,N,70362
4.300000000000002,1.3,4.300000000000002,4,N,70363
4.300000000000002,1.3,4.300000000000002,5,N,70364
4.300000000000002,1.3,4.6000000000000005,1,N,70365
4.300000000000002,1.3,4.6000000000000005,2,N,70366
4.300000000000002,1.3,4.6000000000000005,3,N,70367
4.300000000000002,1.3,4.6000000000000005,4,N,70368
4.300000000000002,1.3,4.6000000000000005,5,N,70369
4.300000000000002,1.3,4.9,1,N,70370
4.300000000000002,1.3,4.9,2,N,70371
4.300000000000002,1.3,4.9,3,N,70372
4.300000000000002,1.3,4.9,4,N,70373
4.300000000000002,1.3,4.9,5,N,70374
4.300000000000002,1.6,0.01,1,N,70375
4.300000000000002,1.6,0.01,2,N,70376
4.300000000000002,1.6,0.01,3,N,70377
4.300000000000002,1.6,0.01,4,N,70378
4.300000000000002,1.6,0.01,5,N,70379
4.300000000000002,1.6,0.11,1,N,70380
4.300000000000002,1.6,0.11,2,N,70381
4.300000000000002,1.6,0.11,3,N,70382
4.300000000000002,1.6,0.11,4,N,70383
4.300000000000002,1.6,0.11,5,N,70384
4.300000000000002,1.6,0.21,1,N,70385
4.300000000000002,1.6,0.21,2,N,70386
4.300000000000002,1.6,0.21,3,N,70387
4.300000000000002,1.6,0.21,4,N,70388
4.300000000000002,1.6,0.21,5,N,70389
4.300000000000002,1.6,0.31000000000000005,1,N,70390
4.300000000000002,1.6,0.31000000000000005,2,N,70391
4.300000000000002,1.6,0.31000000000000005,3,N,70392
4.300000000000002,1.6,0.31000000000000005,4,N,70393
4.300000000000002,1.6,0.31000000000000005,5,N,70394
4.300000000000002,1.6,0.41,1,N,70395
4.300000000000002,1.6,0.41,2,N,70396
4.300000000000002,1.6,0.41,3,N,70397
4.300000000000002,1.6,0.41,4,N,70398
4.300000000000002,1.6,0.41,5,N,70399
4.300000000000002,1.6,0.51,1,N,70400
4.300000000000002,1.6,0.51,2,N,70401
4.300000000000002,1.6,0.51,3,N,70402
4.300000000000002,1.6,0.51,4,N,70403
4.300000000000002,1.6,0.51,5,N,70404
4.300000000000002,1.6,0.6100000000000001,1,N,70405
4.300000000000002,1.6,0.6100000000000001,2,N,70406
4.300000000000002,1.6,0.6100000000000001,3,N,70407
4.300000000000002,1.6,0.6100000000000001,4,N,70408
4.300000000000002,1.6,0.6100000000000001,5,N,70409
4.300000000000002,1.6,0.7100000000000001,1,N,70410
4.300000000000002,1.6,0.7100000000000001,2,N,70411
4.300000000000002,1.6,0.7100000000000001,3,N,70412
4.300000000000002,1.6,0.7100000000000001,4,N,70413
4.300000000000002,1.6,0.7100000000000001,5,N,70414
4.300000000000002,1.6,0.81,1,N,70415
4.300000000000002,1.6,0.81,2,N,70416
4.300000000000002,1.6,0.81,3,N,70417
4.300000000000002,1.6,0.81,4,N,70418
4.300000000000002,1.6,0.81,5,N,70419
4.300000000000002,1.6,0.91,1,N,70420
4.300000000000002,1.6,0.91,2,N,70421
4.300000000000002,1.6,0.91,3,N,70422
4.300000000000002,1.6,0.91,4,N,70423
4.300000000000002,1.6,0.91,5,N,70424
4.300000000000002,1.6,1.01,1,N,70425
4.300000000000002,1.6,1.01,2,N,70426
4.300000000000002,1.6,1.01,3,N,70427
4.300000000000002,1.6,1.01,4,N,70428
4.300000000000002,1.6,1.01,5,N,70429
4.300000000000002,1.6,1.11,1,N,70430
4.300000000000002,1.6,1.11,2,N,70431
4.300000000000002,1.6,1.11,3,N,70432
4.300000000000002,1.6,1.11,4,N,70433
4.300000000000002,1.6,1.11,5,N,70434
4.300000000000002,1.6,1.3,1,N,70435
4.300000000000002,1.6,1.3,2,N,70436
4.300000000000002,1.6,1.3,3,N,70437
4.300000000000002,1.6,1.3,4,N,70438
4.300000000000002,1.6,1.3,5,N,70439
4.300000000000002,1.6,1.6,1,N,70440
4.300000000000002,1.6,1.6,2,N,70441
4.300000000000002,1.6,1.6,3,N,70442
4.300000000000002,1.6,1.6,4,N,70443
4.300000000000002,1.6,1.6,5,N,70444
4.300000000000002,1.6,1.9,1,N,70445
4.300000000000002,1.6,1.9,2,N,70446
4.300000000000002,1.6,1.9,3,N,70447
4.300000000000002,1.6,1.9,4,N,70448
4.300000000000002,1.6,1.9,5,N,70449
4.300000000000002,1.6,2.2,1,N,70450
4.300000000000002,1.6,2.2,2,N,70451
4.300000000000002,1.6,2.2,3,N,70452
4.300000000000002,1.6,2.2,4,N,70453
4.300000000000002,1.6,2.2,5,N,70454
4.300000000000002,1.6,2.5,1,N,70455
4.300000000000002,1.6,2.5,2,N,70456
4.300000000000002,1.6,2.5,3,N,70457
4.300000000000002,1.6,2.5,4,N,70458
4.300000000000002,1.6,2.5,5,N,70459
4.300000000000002,1.6,2.8000000000000003,1,N,70460
4.300000000000002,1.6,2.8000000000000003,2,N,70461
4.300000000000002,1.6,2.8000000000000003,3,N,70462
4.300000000000002,1.6,2.8000000000000003,4,N,70463
4.300000000000002,1.6,2.8000000000000003,5,N,70464
4.300000000000002,1.6,3.1000000000000005,1,N,70465
4.300000000000002,1.6,3.1000000000000005,2,N,70466
4.300000000000002,1.6,3.1000000000000005,3,N,70467
4.300000000000002,1.6,3.1000000000000005,4,N,70468
4.300000000000002,1.6,3.1000000000000005,5,N,70469
4.300000000000002,1.6,3.4000000000000004,1,N,70470
4.300000000000002,1.6,3.4000000000000004,2,N,70471
4.300000000000002,1.6,3.4000000000000004,3,N,70472
4.300000000000002,1.6,3.4000000000000004,4,N,70473
4.300000000000002,1.6,3.4000000000000004,5,N,70474
4.300000000000002,1.6,3.7,1,N,70475
4.300000000000002,1.6,3.7,2,N,70476
4.300000000000002,1.6,3.7,3,N,70477
4.300000000000002,1.6,3.7,4,N,70478
4.300000000000002,1.6,3.7,5,N,70479
4.300000000000002,1.6,4.0,1,N,70480
4.300000000000002,1.6,4.0,2,N,70481
4.300000000000002,1.6,4.0,3,N,70482
4.300000000000002,1.6,4.0,4,N,70483
4.300000000000002,1.6,4.0,5,N,70484
4.300000000000002,1.6,4.300000000000002,1,N,70485
4.300000000000002,1.6,4.300000000000002,2,N,70486
4.300000000000002,1.6,4.300000000000002,3,N,70487
4.300000000000002,1.6,4.300000000000002,4,N,70488
4.300000000000002,1.6,4.300000000000002,5,N,70489
4.300000000000002,1.6,4.6000000000000005,1,N,70490
4.300000000000002,1.6,4.6000000000000005,2,N,70491
4.300000000000002,1.6,4.6000000000000005,3,N,70492
4.300000000000002,1.6,4.6000000000000005,4,N,70493
4.300000000000002,1.6,4.6000000000000005,5,N,70494
4.300000000000002,1.6,4.9,1,N,70495
4.300000000000002,1.6,4.9,2,N,70496
4.300000000000002,1.6,4.9,3,N,70497
4.300000000000002,1.6,4.9,4,N,70498
4.300000000000002,1.6,4.9,5,N,70499
4.300000000000002,1.9,0.01,1,N,70500
4.300000000000002,1.9,0.01,2,N,70501
4.300000000000002,1.9,0.01,3,N,70502
4.300000000000002,1.9,0.01,4,N,70503
4.300000000000002,1.9,0.01,5,N,70504
4.300000000000002,1.9,0.11,1,N,70505
4.300000000000002,1.9,0.11,2,N,70506
4.300000000000002,1.9,0.11,3,N,70507
4.300000000000002,1.9,0.11,4,N,70508
4.300000000000002,1.9,0.11,5,N,70509
4.300000000000002,1.9,0.21,1,N,70510
4.300000000000002,1.9,0.21,2,N,70511
4.300000000000002,1.9,0.21,3,N,70512
4.300000000000002,1.9,0.21,4,N,70513
4.300000000000002,1.9,0.21,5,N,70514
4.300000000000002,1.9,0.31000000000000005,1,N,70515
4.300000000000002,1.9,0.31000000000000005,2,N,70516
4.300000000000002,1.9,0.31000000000000005,3,N,70517
4.300000000000002,1.9,0.31000000000000005,4,N,70518
4.300000000000002,1.9,0.31000000000000005,5,N,70519
4.300000000000002,1.9,0.41,1,N,70520
4.300000000000002,1.9,0.41,2,N,70521
4.300000000000002,1.9,0.41,3,N,70522
4.300000000000002,1.9,0.41,4,N,70523
4.300000000000002,1.9,0.41,5,N,70524
4.300000000000002,1.9,0.51,1,N,70525
4.300000000000002,1.9,0.51,2,N,70526
4.300000000000002,1.9,0.51,3,N,70527
4.300000000000002,1.9,0.51,4,N,70528
4.300000000000002,1.9,0.51,5,N,70529
4.300000000000002,1.9,0.6100000000000001,1,N,70530
4.300000000000002,1.9,0.6100000000000001,2,N,70531
4.300000000000002,1.9,0.6100000000000001,3,N,70532
4.300000000000002,1.9,0.6100000000000001,4,N,70533
4.300000000000002,1.9,0.6100000000000001,5,N,70534
4.300000000000002,1.9,0.7100000000000001,1,N,70535
4.300000000000002,1.9,0.7100000000000001,2,N,70536
4.300000000000002,1.9,0.7100000000000001,3,N,70537
4.300000000000002,1.9,0.7100000000000001,4,N,70538
4.300000000000002,1.9,0.7100000000000001,5,N,70539
4.300000000000002,1.9,0.81,1,N,70540
4.300000000000002,1.9,0.81,2,N,70541
4.300000000000002,1.9,0.81,3,N,70542
4.300000000000002,1.9,0.81,4,N,70543
4.300000000000002,1.9,0.81,5,N,70544
4.300000000000002,1.9,0.91,1,N,70545
4.300000000000002,1.9,0.91,2,N,70546
4.300000000000002,1.9,0.91,3,N,70547
4.300000000000002,1.9,0.91,4,N,70548
4.300000000000002,1.9,0.91,5,N,70549
4.300000000000002,1.9,1.01,1,N,70550
4.300000000000002,1.9,1.01,2,N,70551
4.300000000000002,1.9,1.01,3,N,70552
4.300000000000002,1.9,1.01,4,N,70553
4.300000000000002,1.9,1.01,5,N,70554
4.300000000000002,1.9,1.11,1,N,70555
4.300000000000002,1.9,1.11,2,N,70556
4.300000000000002,1.9,1.11,3,N,70557
4.300000000000002,1.9,1.11,4,N,70558
4.300000000000002,1.9,1.11,5,N,70559
4.300000000000002,1.9,1.3,1,N,70560
4.300000000000002,1.9,1.3,2,N,70561
4.300000000000002,1.9,1.3,3,N,70562
4.300000000000002,1.9,1.3,4,N,70563
4.300000000000002,1.9,1.3,5,N,70564
4.300000000000002,1.9,1.6,1,N,70565
4.300000000000002,1.9,1.6,2,N,70566
4.300000000000002,1.9,1.6,3,N,70567
4.300000000000002,1.9,1.6,4,N,70568
4.300000000000002,1.9,1.6,5,N,70569
4.300000000000002,1.9,1.9,1,N,70570
4.300000000000002,1.9,1.9,2,N,70571
4.300000000000002,1.9,1.9,3,N,70572
4.300000000000002,1.9,1.9,4,N,70573
4.300000000000002,1.9,1.9,5,N,70574
4.300000000000002,1.9,2.2,1,N,70575
4.300000000000002,1.9,2.2,2,N,70576
4.300000000000002,1.9,2.2,3,N,70577
4.300000000000002,1.9,2.2,4,N,70578
4.300000000000002,1.9,2.2,5,N,70579
4.300000000000002,1.9,2.5,1,N,70580
4.300000000000002,1.9,2.5,2,N,70581
4.300000000000002,1.9,2.5,3,N,70582
4.300000000000002,1.9,2.5,4,N,70583
4.300000000000002,1.9,2.5,5,N,70584
4.300000000000002,1.9,2.8000000000000003,1,N,70585
4.300000000000002,1.9,2.8000000000000003,2,N,70586
4.300000000000002,1.9,2.8000000000000003,3,N,70587
4.300000000000002,1.9,2.8000000000000003,4,N,70588
4.300000000000002,1.9,2.8000000000000003,5,N,70589
4.300000000000002,1.9,3.1000000000000005,1,N,70590
4.300000000000002,1.9,3.1000000000000005,2,N,70591
4.300000000000002,1.9,3.1000000000000005,3,N,70592
4.300000000000002,1.9,3.1000000000000005,4,N,70593
4.300000000000002,1.9,3.1000000000000005,5,N,70594
4.300000000000002,1.9,3.4000000000000004,1,N,70595
4.300000000000002,1.9,3.4000000000000004,2,N,70596
4.300000000000002,1.9,3.4000000000000004,3,N,70597
4.300000000000002,1.9,3.4000000000000004,4,N,70598
4.300000000000002,1.9,3.4000000000000004,5,N,70599
4.300000000000002,1.9,3.7,1,N,70600
4.300000000000002,1.9,3.7,2,N,70601
4.300000000000002,1.9,3.7,3,N,70602
4.300000000000002,1.9,3.7,4,N,70603
4.300000000000002,1.9,3.7,5,N,70604
4.300000000000002,1.9,4.0,1,N,70605
4.300000000000002,1.9,4.0,2,N,70606
4.300000000000002,1.9,4.0,3,N,70607
4.300000000000002,1.9,4.0,4,N,70608
4.300000000000002,1.9,4.0,5,N,70609
4.300000000000002,1.9,4.300000000000002,1,N,70610
4.300000000000002,1.9,4.300000000000002,2,N,70611
4.300000000000002,1.9,4.300000000000002,3,N,70612
4.300000000000002,1.9,4.300000000000002,4,N,70613
4.300000000000002,1.9,4.300000000000002,5,N,70614
4.300000000000002,1.9,4.6000000000000005,1,N,70615
4.300000000000002,1.9,4.6000000000000005,2,N,70616
4.300000000000002,1.9,4.6000000000000005,3,N,70617
4.300000000000002,1.9,4.6000000000000005,4,N,70618
4.300000000000002,1.9,4.6000000000000005,5,N,70619
4.300000000000002,1.9,4.9,1,N,70620
4.300000000000002,1.9,4.9,2,N,70621
4.300000000000002,1.9,4.9,3,N,70622
4.300000000000002,1.9,4.9,4,N,70623
4.300000000000002,1.9,4.9,5,N,70624
4.300000000000002,2.2,0.01,1,N,70625
4.300000000000002,2.2,0.01,2,N,70626
4.300000000000002,2.2,0.01,3,N,70627
4.300000000000002,2.2,0.01,4,N,70628
4.300000000000002,2.2,0.01,5,N,70629
4.300000000000002,2.2,0.11,1,N,70630
4.300000000000002,2.2,0.11,2,N,70631
4.300000000000002,2.2,0.11,3,N,70632
4.300000000000002,2.2,0.11,4,N,70633
4.300000000000002,2.2,0.11,5,N,70634
4.300000000000002,2.2,0.21,1,N,70635
4.300000000000002,2.2,0.21,2,N,70636
4.300000000000002,2.2,0.21,3,N,70637
4.300000000000002,2.2,0.21,4,N,70638
4.300000000000002,2.2,0.21,5,N,70639
4.300000000000002,2.2,0.31000000000000005,1,N,70640
4.300000000000002,2.2,0.31000000000000005,2,N,70641
4.300000000000002,2.2,0.31000000000000005,3,N,70642
4.300000000000002,2.2,0.31000000000000005,4,N,70643
4.300000000000002,2.2,0.31000000000000005,5,N,70644
4.300000000000002,2.2,0.41,1,N,70645
4.300000000000002,2.2,0.41,2,N,70646
4.300000000000002,2.2,0.41,3,N,70647
4.300000000000002,2.2,0.41,4,N,70648
4.300000000000002,2.2,0.41,5,N,70649
4.300000000000002,2.2,0.51,1,N,70650
4.300000000000002,2.2,0.51,2,N,70651
4.300000000000002,2.2,0.51,3,N,70652
4.300000000000002,2.2,0.51,4,N,70653
4.300000000000002,2.2,0.51,5,N,70654
4.300000000000002,2.2,0.6100000000000001,1,N,70655
4.300000000000002,2.2,0.6100000000000001,2,N,70656
4.300000000000002,2.2,0.6100000000000001,3,N,70657
4.300000000000002,2.2,0.6100000000000001,4,N,70658
4.300000000000002,2.2,0.6100000000000001,5,N,70659
4.300000000000002,2.2,0.7100000000000001,1,N,70660
4.300000000000002,2.2,0.7100000000000001,2,N,70661
4.300000000000002,2.2,0.7100000000000001,3,N,70662
4.300000000000002,2.2,0.7100000000000001,4,N,70663
4.300000000000002,2.2,0.7100000000000001,5,N,70664
4.300000000000002,2.2,0.81,1,N,70665
4.300000000000002,2.2,0.81,2,N,70666
4.300000000000002,2.2,0.81,3,N,70667
4.300000000000002,2.2,0.81,4,N,70668
4.300000000000002,2.2,0.81,5,N,70669
4.300000000000002,2.2,0.91,1,N,70670
4.300000000000002,2.2,0.91,2,N,70671
4.300000000000002,2.2,0.91,3,N,70672
4.300000000000002,2.2,0.91,4,N,70673
4.300000000000002,2.2,0.91,5,N,70674
4.300000000000002,2.2,1.01,1,N,70675
4.300000000000002,2.2,1.01,2,N,70676
4.300000000000002,2.2,1.01,3,N,70677
4.300000000000002,2.2,1.01,4,N,70678
4.300000000000002,2.2,1.01,5,N,70679
4.300000000000002,2.2,1.11,1,N,70680
4.300000000000002,2.2,1.11,2,N,70681
4.300000000000002,2.2,1.11,3,N,70682
4.300000000000002,2.2,1.11,4,N,70683
4.300000000000002,2.2,1.11,5,N,70684
4.300000000000002,2.2,1.3,1,N,70685
4.300000000000002,2.2,1.3,2,N,70686
4.300000000000002,2.2,1.3,3,N,70687
4.300000000000002,2.2,1.3,4,N,70688
4.300000000000002,2.2,1.3,5,N,70689
4.300000000000002,2.2,1.6,1,N,70690
4.300000000000002,2.2,1.6,2,N,70691
4.300000000000002,2.2,1.6,3,N,70692
4.300000000000002,2.2,1.6,4,N,70693
4.300000000000002,2.2,1.6,5,N,70694
4.300000000000002,2.2,1.9,1,N,70695
4.300000000000002,2.2,1.9,2,N,70696
4.300000000000002,2.2,1.9,3,N,70697
4.300000000000002,2.2,1.9,4,N,70698
4.300000000000002,2.2,1.9,5,N,70699
4.300000000000002,2.2,2.2,1,N,70700
4.300000000000002,2.2,2.2,2,N,70701
4.300000000000002,2.2,2.2,3,N,70702
4.300000000000002,2.2,2.2,4,N,70703
4.300000000000002,2.2,2.2,5,N,70704
4.300000000000002,2.2,2.5,1,N,70705
4.300000000000002,2.2,2.5,2,N,70706
4.300000000000002,2.2,2.5,3,N,70707
4.300000000000002,2.2,2.5,4,N,70708
4.300000000000002,2.2,2.5,5,N,70709
4.300000000000002,2.2,2.8000000000000003,1,N,70710
4.300000000000002,2.2,2.8000000000000003,2,N,70711
4.300000000000002,2.2,2.8000000000000003,3,N,70712
4.300000000000002,2.2,2.8000000000000003,4,N,70713
4.300000000000002,2.2,2.8000000000000003,5,N,70714
4.300000000000002,2.2,3.1000000000000005,1,N,70715
4.300000000000002,2.2,3.1000000000000005,2,N,70716
4.300000000000002,2.2,3.1000000000000005,3,N,70717
4.300000000000002,2.2,3.1000000000000005,4,N,70718
4.300000000000002,2.2,3.1000000000000005,5,N,70719
4.300000000000002,2.2,3.4000000000000004,1,N,70720
4.300000000000002,2.2,3.4000000000000004,2,N,70721
4.300000000000002,2.2,3.4000000000000004,3,N,70722
4.300000000000002,2.2,3.4000000000000004,4,N,70723
4.300000000000002,2.2,3.4000000000000004,5,N,70724
4.300000000000002,2.2,3.7,1,N,70725
4.300000000000002,2.2,3.7,2,N,70726
4.300000000000002,2.2,3.7,3,N,70727
4.300000000000002,2.2,3.7,4,N,70728
4.300000000000002,2.2,3.7,5,N,70729
4.300000000000002,2.2,4.0,1,N,70730
4.300000000000002,2.2,4.0,2,N,70731
4.300000000000002,2.2,4.0,3,N,70732
4.300000000000002,2.2,4.0,4,N,70733
4.300000000000002,2.2,4.0,5,N,70734
4.300000000000002,2.2,4.300000000000002,1,N,70735
4.300000000000002,2.2,4.300000000000002,2,N,70736
4.300000000000002,2.2,4.300000000000002,3,N,70737
4.300000000000002,2.2,4.300000000000002,4,N,70738
4.300000000000002,2.2,4.300000000000002,5,N,70739
4.300000000000002,2.2,4.6000000000000005,1,N,70740
4.300000000000002,2.2,4.6000000000000005,2,N,70741
4.300000000000002,2.2,4.6000000000000005,3,N,70742
4.300000000000002,2.2,4.6000000000000005,4,N,70743
4.300000000000002,2.2,4.6000000000000005,5,N,70744
4.300000000000002,2.2,4.9,1,N,70745
4.300000000000002,2.2,4.9,2,N,70746
4.300000000000002,2.2,4.9,3,N,70747
4.300000000000002,2.2,4.9,4,N,70748
4.300000000000002,2.2,4.9,5,N,70749
4.300000000000002,2.5,0.01,1,N,70750
4.300000000000002,2.5,0.01,2,N,70751
4.300000000000002,2.5,0.01,3,N,70752
4.300000000000002,2.5,0.01,4,N,70753
4.300000000000002,2.5,0.01,5,N,70754
4.300000000000002,2.5,0.11,1,N,70755
4.300000000000002,2.5,0.11,2,N,70756
4.300000000000002,2.5,0.11,3,N,70757
4.300000000000002,2.5,0.11,4,N,70758
4.300000000000002,2.5,0.11,5,N,70759
4.300000000000002,2.5,0.21,1,N,70760
4.300000000000002,2.5,0.21,2,N,70761
4.300000000000002,2.5,0.21,3,N,70762
4.300000000000002,2.5,0.21,4,N,70763
4.300000000000002,2.5,0.21,5,N,70764
4.300000000000002,2.5,0.31000000000000005,1,N,70765
4.300000000000002,2.5,0.31000000000000005,2,N,70766
4.300000000000002,2.5,0.31000000000000005,3,N,70767
4.300000000000002,2.5,0.31000000000000005,4,N,70768
4.300000000000002,2.5,0.31000000000000005,5,N,70769
4.300000000000002,2.5,0.41,1,N,70770
4.300000000000002,2.5,0.41,2,N,70771
4.300000000000002,2.5,0.41,3,N,70772
4.300000000000002,2.5,0.41,4,N,70773
4.300000000000002,2.5,0.41,5,N,70774
4.300000000000002,2.5,0.51,1,N,70775
4.300000000000002,2.5,0.51,2,N,70776
4.300000000000002,2.5,0.51,3,N,70777
4.300000000000002,2.5,0.51,4,N,70778
4.300000000000002,2.5,0.51,5,N,70779
4.300000000000002,2.5,0.6100000000000001,1,N,70780
4.300000000000002,2.5,0.6100000000000001,2,N,70781
4.300000000000002,2.5,0.6100000000000001,3,N,70782
4.300000000000002,2.5,0.6100000000000001,4,N,70783
4.300000000000002,2.5,0.6100000000000001,5,N,70784
4.300000000000002,2.5,0.7100000000000001,1,N,70785
4.300000000000002,2.5,0.7100000000000001,2,N,70786
4.300000000000002,2.5,0.7100000000000001,3,N,70787
4.300000000000002,2.5,0.7100000000000001,4,N,70788
4.300000000000002,2.5,0.7100000000000001,5,N,70789
4.300000000000002,2.5,0.81,1,N,70790
4.300000000000002,2.5,0.81,2,N,70791
4.300000000000002,2.5,0.81,3,N,70792
4.300000000000002,2.5,0.81,4,N,70793
4.300000000000002,2.5,0.81,5,N,70794
4.300000000000002,2.5,0.91,1,N,70795
4.300000000000002,2.5,0.91,2,N,70796
4.300000000000002,2.5,0.91,3,N,70797
4.300000000000002,2.5,0.91,4,N,70798
4.300000000000002,2.5,0.91,5,N,70799
4.300000000000002,2.5,1.01,1,N,70800
4.300000000000002,2.5,1.01,2,N,70801
4.300000000000002,2.5,1.01,3,N,70802
4.300000000000002,2.5,1.01,4,N,70803
4.300000000000002,2.5,1.01,5,N,70804
4.300000000000002,2.5,1.11,1,N,70805
4.300000000000002,2.5,1.11,2,N,70806
4.300000000000002,2.5,1.11,3,N,70807
4.300000000000002,2.5,1.11,4,N,70808
4.300000000000002,2.5,1.11,5,N,70809
4.300000000000002,2.5,1.3,1,N,70810
4.300000000000002,2.5,1.3,2,N,70811
4.300000000000002,2.5,1.3,3,N,70812
4.300000000000002,2.5,1.3,4,N,70813
4.300000000000002,2.5,1.3,5,N,70814
4.300000000000002,2.5,1.6,1,N,70815
4.300000000000002,2.5,1.6,2,N,70816
4.300000000000002,2.5,1.6,3,N,70817
4.300000000000002,2.5,1.6,4,N,70818
4.300000000000002,2.5,1.6,5,N,70819
4.300000000000002,2.5,1.9,1,N,70820
4.300000000000002,2.5,1.9,2,N,70821
4.300000000000002,2.5,1.9,3,N,70822
4.300000000000002,2.5,1.9,4,N,70823
4.300000000000002,2.5,1.9,5,N,70824
4.300000000000002,2.5,2.2,1,N,70825
4.300000000000002,2.5,2.2,2,N,70826
4.300000000000002,2.5,2.2,3,N,70827
4.300000000000002,2.5,2.2,4,N,70828
4.300000000000002,2.5,2.2,5,N,70829
4.300000000000002,2.5,2.5,1,N,70830
4.300000000000002,2.5,2.5,2,N,70831
4.300000000000002,2.5,2.5,3,N,70832
4.300000000000002,2.5,2.5,4,N,70833
4.300000000000002,2.5,2.5,5,N,70834
4.300000000000002,2.5,2.8000000000000003,1,N,70835
4.300000000000002,2.5,2.8000000000000003,2,N,70836
4.300000000000002,2.5,2.8000000000000003,3,N,70837
4.300000000000002,2.5,2.8000000000000003,4,N,70838
4.300000000000002,2.5,2.8000000000000003,5,N,70839
4.300000000000002,2.5,3.1000000000000005,1,N,70840
4.300000000000002,2.5,3.1000000000000005,2,N,70841
4.300000000000002,2.5,3.1000000000000005,3,N,70842
4.300000000000002,2.5,3.1000000000000005,4,N,70843
4.300000000000002,2.5,3.1000000000000005,5,N,70844
4.300000000000002,2.5,3.4000000000000004,1,N,70845
4.300000000000002,2.5,3.4000000000000004,2,N,70846
4.300000000000002,2.5,3.4000000000000004,3,N,70847
4.300000000000002,2.5,3.4000000000000004,4,N,70848
4.300000000000002,2.5,3.4000000000000004,5,N,70849
4.300000000000002,2.5,3.7,1,N,70850
4.300000000000002,2.5,3.7,2,N,70851
4.300000000000002,2.5,3.7,3,N,70852
4.300000000000002,2.5,3.7,4,N,70853
4.300000000000002,2.5,3.7,5,N,70854
4.300000000000002,2.5,4.0,1,N,70855
4.300000000000002,2.5,4.0,2,N,70856
4.300000000000002,2.5,4.0,3,N,70857
4.300000000000002,2.5,4.0,4,N,70858
4.300000000000002,2.5,4.0,5,N,70859
4.300000000000002,2.5,4.300000000000002,1,N,70860
4.300000000000002,2.5,4.300000000000002,2,N,70861
4.300000000000002,2.5,4.300000000000002,3,N,70862
4.300000000000002,2.5,4.300000000000002,4,N,70863
4.300000000000002,2.5,4.300000000000002,5,N,70864
4.300000000000002,2.5,4.6000000000000005,1,N,70865
4.300000000000002,2.5,4.6000000000000005,2,N,70866
4.300000000000002,2.5,4.6000000000000005,3,N,70867
4.300000000000002,2.5,4.6000000000000005,4,N,70868
4.300000000000002,2.5,4.6000000000000005,5,N,70869
4.300000000000002,2.5,4.9,1,N,70870
4.300000000000002,2.5,4.9,2,N,70871
4.300000000000002,2.5,4.9,3,N,70872
4.300000000000002,2.5,4.9,4,N,70873
4.300000000000002,2.5,4.9,5,N,70874
4.300000000000002,2.8000000000000003,0.01,1,N,70875
4.300000000000002,2.8000000000000003,0.01,2,N,70876
4.300000000000002,2.8000000000000003,0.01,3,N,70877
4.300000000000002,2.8000000000000003,0.01,4,N,70878
4.300000000000002,2.8000000000000003,0.01,5,N,70879
4.300000000000002,2.8000000000000003,0.11,1,N,70880
4.300000000000002,2.8000000000000003,0.11,2,N,70881
4.300000000000002,2.8000000000000003,0.11,3,N,70882
4.300000000000002,2.8000000000000003,0.11,4,N,70883
4.300000000000002,2.8000000000000003,0.11,5,N,70884
4.300000000000002,2.8000000000000003,0.21,1,N,70885
4.300000000000002,2.8000000000000003,0.21,2,N,70886
4.300000000000002,2.8000000000000003,0.21,3,N,70887
4.300000000000002,2.8000000000000003,0.21,4,N,70888
4.300000000000002,2.8000000000000003,0.21,5,N,70889
4.300000000000002,2.8000000000000003,0.31000000000000005,1,N,70890
4.300000000000002,2.8000000000000003,0.31000000000000005,2,N,70891
4.300000000000002,2.8000000000000003,0.31000000000000005,3,N,70892
4.300000000000002,2.8000000000000003,0.31000000000000005,4,N,70893
4.300000000000002,2.8000000000000003,0.31000000000000005,5,N,70894
4.300000000000002,2.8000000000000003,0.41,1,N,70895
4.300000000000002,2.8000000000000003,0.41,2,N,70896
4.300000000000002,2.8000000000000003,0.41,3,N,70897
4.300000000000002,2.8000000000000003,0.41,4,N,70898
4.300000000000002,2.8000000000000003,0.41,5,N,70899
4.300000000000002,2.8000000000000003,0.51,1,N,70900
4.300000000000002,2.8000000000000003,0.51,2,N,70901
4.300000000000002,2.8000000000000003,0.51,3,N,70902
4.300000000000002,2.8000000000000003,0.51,4,N,70903
4.300000000000002,2.8000000000000003,0.51,5,N,70904
4.300000000000002,2.8000000000000003,0.6100000000000001,1,N,70905
4.300000000000002,2.8000000000000003,0.6100000000000001,2,N,70906
4.300000000000002,2.8000000000000003,0.6100000000000001,3,N,70907
4.300000000000002,2.8000000000000003,0.6100000000000001,4,N,70908
4.300000000000002,2.8000000000000003,0.6100000000000001,5,N,70909
4.300000000000002,2.8000000000000003,0.7100000000000001,1,N,70910
4.300000000000002,2.8000000000000003,0.7100000000000001,2,N,70911
4.300000000000002,2.8000000000000003,0.7100000000000001,3,N,70912
4.300000000000002,2.8000000000000003,0.7100000000000001,4,N,70913
4.300000000000002,2.8000000000000003,0.7100000000000001,5,N,70914
4.300000000000002,2.8000000000000003,0.81,1,N,70915
4.300000000000002,2.8000000000000003,0.81,2,N,70916
4.300000000000002,2.8000000000000003,0.81,3,N,70917
4.300000000000002,2.8000000000000003,0.81,4,N,70918
4.300000000000002,2.8000000000000003,0.81,5,N,70919
4.300000000000002,2.8000000000000003,0.91,1,N,70920
4.300000000000002,2.8000000000000003,0.91,2,N,70921
4.300000000000002,2.8000000000000003,0.91,3,N,70922
4.300000000000002,2.8000000000000003,0.91,4,N,70923
4.300000000000002,2.8000000000000003,0.91,5,N,70924
4.300000000000002,2.8000000000000003,1.01,1,N,70925
4.300000000000002,2.8000000000000003,1.01,2,N,70926
4.300000000000002,2.8000000000000003,1.01,3,N,70927
4.300000000000002,2.8000000000000003,1.01,4,N,70928
4.300000000000002,2.8000000000000003,1.01,5,N,70929
4.300000000000002,2.8000000000000003,1.11,1,N,70930
4.300000000000002,2.8000000000000003,1.11,2,N,70931
4.300000000000002,2.8000000000000003,1.11,3,N,70932
4.300000000000002,2.8000000000000003,1.11,4,N,70933
4.300000000000002,2.8000000000000003,1.11,5,N,70934
4.300000000000002,2.8000000000000003,1.3,1,N,70935
4.300000000000002,2.8000000000000003,1.3,2,N,70936
4.300000000000002,2.8000000000000003,1.3,3,N,70937
4.300000000000002,2.8000000000000003,1.3,4,N,70938
4.300000000000002,2.8000000000000003,1.3,5,N,70939
4.300000000000002,2.8000000000000003,1.6,1,N,70940
4.300000000000002,2.8000000000000003,1.6,2,N,70941
4.300000000000002,2.8000000000000003,1.6,3,N,70942
4.300000000000002,2.8000000000000003,1.6,4,N,70943
4.300000000000002,2.8000000000000003,1.6,5,N,70944
4.300000000000002,2.8000000000000003,1.9,1,N,70945
4.300000000000002,2.8000000000000003,1.9,2,N,70946
4.300000000000002,2.8000000000000003,1.9,3,N,70947
4.300000000000002,2.8000000000000003,1.9,4,N,70948
4.300000000000002,2.8000000000000003,1.9,5,N,70949
4.300000000000002,2.8000000000000003,2.2,1,N,70950
4.300000000000002,2.8000000000000003,2.2,2,N,70951
4.300000000000002,2.8000000000000003,2.2,3,N,70952
4.300000000000002,2.8000000000000003,2.2,4,N,70953
4.300000000000002,2.8000000000000003,2.2,5,N,70954
4.300000000000002,2.8000000000000003,2.5,1,N,70955
4.300000000000002,2.8000000000000003,2.5,2,N,70956
4.300000000000002,2.8000000000000003,2.5,3,N,70957
4.300000000000002,2.8000000000000003,2.5,4,N,70958
4.300000000000002,2.8000000000000003,2.5,5,N,70959
4.300000000000002,2.8000000000000003,2.8000000000000003,1,N,70960
4.300000000000002,2.8000000000000003,2.8000000000000003,2,N,70961
4.300000000000002,2.8000000000000003,2.8000000000000003,3,N,70962
4.300000000000002,2.8000000000000003,2.8000000000000003,4,N,70963
4.300000000000002,2.8000000000000003,2.8000000000000003,5,N,70964
4.300000000000002,2.8000000000000003,3.1000000000000005,1,N,70965
4.300000000000002,2.8000000000000003,3.1000000000000005,2,N,70966
4.300000000000002,2.8000000000000003,3.1000000000000005,3,N,70967
4.300000000000002,2.8000000000000003,3.1000000000000005,4,N,70968
4.300000000000002,2.8000000000000003,3.1000000000000005,5,N,70969
4.300000000000002,2.8000000000000003,3.4000000000000004,1,N,70970
4.300000000000002,2.8000000000000003,3.4000000000000004,2,N,70971
4.300000000000002,2.8000000000000003,3.4000000000000004,3,N,70972
4.300000000000002,2.8000000000000003,3.4000000000000004,4,N,70973
4.300000000000002,2.8000000000000003,3.4000000000000004,5,N,70974
4.300000000000002,2.8000000000000003,3.7,1,N,70975
4.300000000000002,2.8000000000000003,3.7,2,N,70976
4.300000000000002,2.8000000000000003,3.7,3,N,70977
4.300000000000002,2.8000000000000003,3.7,4,N,70978
4.300000000000002,2.8000000000000003,3.7,5,N,70979
4.300000000000002,2.8000000000000003,4.0,1,N,70980
4.300000000000002,2.8000000000000003,4.0,2,N,70981
4.300000000000002,2.8000000000000003,4.0,3,N,70982
4.300000000000002,2.8000000000000003,4.0,4,N,70983
4.300000000000002,2.8000000000000003,4.0,5,N,70984
4.300000000000002,2.8000000000000003,4.300000000000002,1,N,70985
4.300000000000002,2.8000000000000003,4.300000000000002,2,N,70986
4.300000000000002,2.8000000000000003,4.300000000000002,3,N,70987
4.300000000000002,2.8000000000000003,4.300000000000002,4,N,70988
4.300000000000002,2.8000000000000003,4.300000000000002,5,N,70989
4.300000000000002,2.8000000000000003,4.6000000000000005,1,N,70990
4.300000000000002,2.8000000000000003,4.6000000000000005,2,N,70991
4.300000000000002,2.8000000000000003,4.6000000000000005,3,N,70992
4.300000000000002,2.8000000000000003,4.6000000000000005,4,N,70993
4.300000000000002,2.8000000000000003,4.6000000000000005,5,N,70994
4.300000000000002,2.8000000000000003,4.9,1,N,70995
4.300000000000002,2.8000000000000003,4.9,2,N,70996
4.300000000000002,2.8000000000000003,4.9,3,N,70997
4.300000000000002,2.8000000000000003,4.9,4,N,70998
4.300000000000002,2.8000000000000003,4.9,5,N,70999
4.300000000000002,3.1000000000000005,0.01,1,N,71000
4.300000000000002,3.1000000000000005,0.01,2,N,71001
4.300000000000002,3.1000000000000005,0.01,3,N,71002
4.300000000000002,3.1000000000000005,0.01,4,N,71003
4.300000000000002,3.1000000000000005,0.01,5,N,71004
4.300000000000002,3.1000000000000005,0.11,1,N,71005
4.300000000000002,3.1000000000000005,0.11,2,N,71006
4.300000000000002,3.1000000000000005,0.11,3,N,71007
4.300000000000002,3.1000000000000005,0.11,4,N,71008
4.300000000000002,3.1000000000000005,0.11,5,N,71009
4.300000000000002,3.1000000000000005,0.21,1,N,71010
4.300000000000002,3.1000000000000005,0.21,2,N,71011
4.300000000000002,3.1000000000000005,0.21,3,N,71012
4.300000000000002,3.1000000000000005,0.21,4,N,71013
4.300000000000002,3.1000000000000005,0.21,5,N,71014
4.300000000000002,3.1000000000000005,0.31000000000000005,1,N,71015
4.300000000000002,3.1000000000000005,0.31000000000000005,2,N,71016
4.300000000000002,3.1000000000000005,0.31000000000000005,3,N,71017
4.300000000000002,3.1000000000000005,0.31000000000000005,4,N,71018
4.300000000000002,3.1000000000000005,0.31000000000000005,5,N,71019
4.300000000000002,3.1000000000000005,0.41,1,N,71020
4.300000000000002,3.1000000000000005,0.41,2,N,71021
4.300000000000002,3.1000000000000005,0.41,3,N,71022
4.300000000000002,3.1000000000000005,0.41,4,N,71023
4.300000000000002,3.1000000000000005,0.41,5,N,71024
4.300000000000002,3.1000000000000005,0.51,1,N,71025
4.300000000000002,3.1000000000000005,0.51,2,N,71026
4.300000000000002,3.1000000000000005,0.51,3,N,71027
4.300000000000002,3.1000000000000005,0.51,4,N,71028
4.300000000000002,3.1000000000000005,0.51,5,N,71029
4.300000000000002,3.1000000000000005,0.6100000000000001,1,N,71030
4.300000000000002,3.1000000000000005,0.6100000000000001,2,N,71031
4.300000000000002,3.1000000000000005,0.6100000000000001,3,N,71032
4.300000000000002,3.1000000000000005,0.6100000000000001,4,N,71033
4.300000000000002,3.1000000000000005,0.6100000000000001,5,N,71034
4.300000000000002,3.1000000000000005,0.7100000000000001,1,N,71035
4.300000000000002,3.1000000000000005,0.7100000000000001,2,N,71036
4.300000000000002,3.1000000000000005,0.7100000000000001,3,N,71037
4.300000000000002,3.1000000000000005,0.7100000000000001,4,N,71038
4.300000000000002,3.1000000000000005,0.7100000000000001,5,N,71039
4.300000000000002,3.1000000000000005,0.81,1,N,71040
4.300000000000002,3.1000000000000005,0.81,2,N,71041
4.300000000000002,3.1000000000000005,0.81,3,N,71042
4.300000000000002,3.1000000000000005,0.81,4,N,71043
4.300000000000002,3.1000000000000005,0.81,5,N,71044
4.300000000000002,3.1000000000000005,0.91,1,N,71045
4.300000000000002,3.1000000000000005,0.91,2,N,71046
4.300000000000002,3.1000000000000005,0.91,3,N,71047
4.300000000000002,3.1000000000000005,0.91,4,N,71048
4.300000000000002,3.1000000000000005,0.91,5,N,71049
4.300000000000002,3.1000000000000005,1.01,1,N,71050
4.300000000000002,3.1000000000000005,1.01,2,N,71051
4.300000000000002,3.1000000000000005,1.01,3,N,71052
4.300000000000002,3.1000000000000005,1.01,4,N,71053
4.300000000000002,3.1000000000000005,1.01,5,N,71054
4.300000000000002,3.1000000000000005,1.11,1,N,71055
4.300000000000002,3.1000000000000005,1.11,2,N,71056
4.300000000000002,3.1000000000000005,1.11,3,N,71057
4.300000000000002,3.1000000000000005,1.11,4,N,71058
4.300000000000002,3.1000000000000005,1.11,5,N,71059
4.300000000000002,3.1000000000000005,1.3,1,N,71060
4.300000000000002,3.1000000000000005,1.3,2,N,71061
4.300000000000002,3.1000000000000005,1.3,3,N,71062
4.300000000000002,3.1000000000000005,1.3,4,N,71063
4.300000000000002,3.1000000000000005,1.3,5,N,71064
4.300000000000002,3.1000000000000005,1.6,1,N,71065
4.300000000000002,3.1000000000000005,1.6,2,N,71066
4.300000000000002,3.1000000000000005,1.6,3,N,71067
4.300000000000002,3.1000000000000005,1.6,4,N,71068
4.300000000000002,3.1000000000000005,1.6,5,N,71069
4.300000000000002,3.1000000000000005,1.9,1,N,71070
4.300000000000002,3.1000000000000005,1.9,2,N,71071
4.300000000000002,3.1000000000000005,1.9,3,N,71072
4.300000000000002,3.1000000000000005,1.9,4,N,71073
4.300000000000002,3.1000000000000005,1.9,5,N,71074
4.300000000000002,3.1000000000000005,2.2,1,N,71075
4.300000000000002,3.1000000000000005,2.2,2,N,71076
4.300000000000002,3.1000000000000005,2.2,3,N,71077
4.300000000000002,3.1000000000000005,2.2,4,N,71078
4.300000000000002,3.1000000000000005,2.2,5,N,71079
4.300000000000002,3.1000000000000005,2.5,1,N,71080
4.300000000000002,3.1000000000000005,2.5,2,N,71081
4.300000000000002,3.1000000000000005,2.5,3,N,71082
4.300000000000002,3.1000000000000005,2.5,4,N,71083
4.300000000000002,3.1000000000000005,2.5,5,N,71084
4.300000000000002,3.1000000000000005,2.8000000000000003,1,N,71085
4.300000000000002,3.1000000000000005,2.8000000000000003,2,N,71086
4.300000000000002,3.1000000000000005,2.8000000000000003,3,N,71087
4.300000000000002,3.1000000000000005,2.8000000000000003,4,N,71088
4.300000000000002,3.1000000000000005,2.8000000000000003,5,N,71089
4.300000000000002,3.1000000000000005,3.1000000000000005,1,N,71090
4.300000000000002,3.1000000000000005,3.1000000000000005,2,N,71091
4.300000000000002,3.1000000000000005,3.1000000000000005,3,N,71092
4.300000000000002,3.1000000000000005,3.1000000000000005,4,N,71093
4.300000000000002,3.1000000000000005,3.1000000000000005,5,N,71094
4.300000000000002,3.1000000000000005,3.4000000000000004,1,N,71095
4.300000000000002,3.1000000000000005,3.4000000000000004,2,N,71096
4.300000000000002,3.1000000000000005,3.4000000000000004,3,N,71097
4.300000000000002,3.1000000000000005,3.4000000000000004,4,N,71098
4.300000000000002,3.1000000000000005,3.4000000000000004,5,N,71099
4.300000000000002,3.1000000000000005,3.7,1,N,71100
4.300000000000002,3.1000000000000005,3.7,2,N,71101
4.300000000000002,3.1000000000000005,3.7,3,N,71102
4.300000000000002,3.1000000000000005,3.7,4,N,71103
4.300000000000002,3.1000000000000005,3.7,5,N,71104
4.300000000000002,3.1000000000000005,4.0,1,N,71105
4.300000000000002,3.1000000000000005,4.0,2,N,71106
4.300000000000002,3.1000000000000005,4.0,3,N,71107
4.300000000000002,3.1000000000000005,4.0,4,N,71108
4.300000000000002,3.1000000000000005,4.0,5,N,71109
4.300000000000002,3.1000000000000005,4.300000000000002,1,N,71110
4.300000000000002,3.1000000000000005,4.300000000000002,2,N,71111
4.300000000000002,3.1000000000000005,4.300000000000002,3,N,71112
4.300000000000002,3.1000000000000005,4.300000000000002,4,N,71113
4.300000000000002,3.1000000000000005,4.300000000000002,5,N,71114
4.300000000000002,3.1000000000000005,4.6000000000000005,1,N,71115
4.300000000000002,3.1000000000000005,4.6000000000000005,2,N,71116
4.300000000000002,3.1000000000000005,4.6000000000000005,3,N,71117
4.300000000000002,3.1000000000000005,4.6000000000000005,4,N,71118
4.300000000000002,3.1000000000000005,4.6000000000000005,5,N,71119
4.300000000000002,3.1000000000000005,4.9,1,N,71120
4.300000000000002,3.1000000000000005,4.9,2,N,71121
4.300000000000002,3.1000000000000005,4.9,3,N,71122
4.300000000000002,3.1000000000000005,4.9,4,N,71123
4.300000000000002,3.1000000000000005,4.9,5,N,71124
4.300000000000002,3.4000000000000004,0.01,1,N,71125
4.300000000000002,3.4000000000000004,0.01,2,N,71126
4.300000000000002,3.4000000000000004,0.01,3,N,71127
4.300000000000002,3.4000000000000004,0.01,4,N,71128
4.300000000000002,3.4000000000000004,0.01,5,N,71129
4.300000000000002,3.4000000000000004,0.11,1,N,71130
4.300000000000002,3.4000000000000004,0.11,2,N,71131
4.300000000000002,3.4000000000000004,0.11,3,N,71132
4.300000000000002,3.4000000000000004,0.11,4,N,71133
4.300000000000002,3.4000000000000004,0.11,5,N,71134
4.300000000000002,3.4000000000000004,0.21,1,N,71135
4.300000000000002,3.4000000000000004,0.21,2,N,71136
4.300000000000002,3.4000000000000004,0.21,3,N,71137
4.300000000000002,3.4000000000000004,0.21,4,N,71138
4.300000000000002,3.4000000000000004,0.21,5,N,71139
4.300000000000002,3.4000000000000004,0.31000000000000005,1,N,71140
4.300000000000002,3.4000000000000004,0.31000000000000005,2,N,71141
4.300000000000002,3.4000000000000004,0.31000000000000005,3,N,71142
4.300000000000002,3.4000000000000004,0.31000000000000005,4,N,71143
4.300000000000002,3.4000000000000004,0.31000000000000005,5,N,71144
4.300000000000002,3.4000000000000004,0.41,1,N,71145
4.300000000000002,3.4000000000000004,0.41,2,N,71146
4.300000000000002,3.4000000000000004,0.41,3,N,71147
4.300000000000002,3.4000000000000004,0.41,4,N,71148
4.300000000000002,3.4000000000000004,0.41,5,N,71149
4.300000000000002,3.4000000000000004,0.51,1,N,71150
4.300000000000002,3.4000000000000004,0.51,2,N,71151
4.300000000000002,3.4000000000000004,0.51,3,N,71152
4.300000000000002,3.4000000000000004,0.51,4,N,71153
4.300000000000002,3.4000000000000004,0.51,5,N,71154
4.300000000000002,3.4000000000000004,0.6100000000000001,1,N,71155
4.300000000000002,3.4000000000000004,0.6100000000000001,2,N,71156
4.300000000000002,3.4000000000000004,0.6100000000000001,3,N,71157
4.300000000000002,3.4000000000000004,0.6100000000000001,4,N,71158
4.300000000000002,3.4000000000000004,0.6100000000000001,5,N,71159
4.300000000000002,3.4000000000000004,0.7100000000000001,1,N,71160
4.300000000000002,3.4000000000000004,0.7100000000000001,2,N,71161
4.300000000000002,3.4000000000000004,0.7100000000000001,3,N,71162
4.300000000000002,3.4000000000000004,0.7100000000000001,4,N,71163
4.300000000000002,3.4000000000000004,0.7100000000000001,5,N,71164
4.300000000000002,3.4000000000000004,0.81,1,N,71165
4.300000000000002,3.4000000000000004,0.81,2,N,71166
4.300000000000002,3.4000000000000004,0.81,3,N,71167
4.300000000000002,3.4000000000000004,0.81,4,N,71168
4.300000000000002,3.4000000000000004,0.81,5,N,71169
4.300000000000002,3.4000000000000004,0.91,1,N,71170
4.300000000000002,3.4000000000000004,0.91,2,N,71171
4.300000000000002,3.4000000000000004,0.91,3,N,71172
4.300000000000002,3.4000000000000004,0.91,4,N,71173
4.300000000000002,3.4000000000000004,0.91,5,N,71174
4.300000000000002,3.4000000000000004,1.01,1,N,71175
4.300000000000002,3.4000000000000004,1.01,2,N,71176
4.300000000000002,3.4000000000000004,1.01,3,N,71177
4.300000000000002,3.4000000000000004,1.01,4,N,71178
4.300000000000002,3.4000000000000004,1.01,5,N,71179
4.300000000000002,3.4000000000000004,1.11,1,N,71180
4.300000000000002,3.4000000000000004,1.11,2,N,71181
4.300000000000002,3.4000000000000004,1.11,3,N,71182
4.300000000000002,3.4000000000000004,1.11,4,N,71183
4.300000000000002,3.4000000000000004,1.11,5,N,71184
4.300000000000002,3.4000000000000004,1.3,1,N,71185
4.300000000000002,3.4000000000000004,1.3,2,N,71186
4.300000000000002,3.4000000000000004,1.3,3,N,71187
4.300000000000002,3.4000000000000004,1.3,4,N,71188
4.300000000000002,3.4000000000000004,1.3,5,N,71189
4.300000000000002,3.4000000000000004,1.6,1,N,71190
4.300000000000002,3.4000000000000004,1.6,2,N,71191
4.300000000000002,3.4000000000000004,1.6,3,N,71192
4.300000000000002,3.4000000000000004,1.6,4,N,71193
4.300000000000002,3.4000000000000004,1.6,5,N,71194
4.300000000000002,3.4000000000000004,1.9,1,N,71195
4.300000000000002,3.4000000000000004,1.9,2,N,71196
4.300000000000002,3.4000000000000004,1.9,3,N,71197
4.300000000000002,3.4000000000000004,1.9,4,N,71198
4.300000000000002,3.4000000000000004,1.9,5,N,71199
4.300000000000002,3.4000000000000004,2.2,1,N,71200
4.300000000000002,3.4000000000000004,2.2,2,N,71201
4.300000000000002,3.4000000000000004,2.2,3,N,71202
4.300000000000002,3.4000000000000004,2.2,4,N,71203
4.300000000000002,3.4000000000000004,2.2,5,N,71204
4.300000000000002,3.4000000000000004,2.5,1,N,71205
4.300000000000002,3.4000000000000004,2.5,2,N,71206
4.300000000000002,3.4000000000000004,2.5,3,N,71207
4.300000000000002,3.4000000000000004,2.5,4,N,71208
4.300000000000002,3.4000000000000004,2.5,5,N,71209
4.300000000000002,3.4000000000000004,2.8000000000000003,1,N,71210
4.300000000000002,3.4000000000000004,2.8000000000000003,2,N,71211
4.300000000000002,3.4000000000000004,2.8000000000000003,3,N,71212
4.300000000000002,3.4000000000000004,2.8000000000000003,4,N,71213
4.300000000000002,3.4000000000000004,2.8000000000000003,5,N,71214
4.300000000000002,3.4000000000000004,3.1000000000000005,1,N,71215
4.300000000000002,3.4000000000000004,3.1000000000000005,2,N,71216
4.300000000000002,3.4000000000000004,3.1000000000000005,3,N,71217
4.300000000000002,3.4000000000000004,3.1000000000000005,4,N,71218
4.300000000000002,3.4000000000000004,3.1000000000000005,5,N,71219
4.300000000000002,3.4000000000000004,3.4000000000000004,1,N,71220
4.300000000000002,3.4000000000000004,3.4000000000000004,2,N,71221
4.300000000000002,3.4000000000000004,3.4000000000000004,3,N,71222
4.300000000000002,3.4000000000000004,3.4000000000000004,4,N,71223
4.300000000000002,3.4000000000000004,3.4000000000000004,5,N,71224
4.300000000000002,3.4000000000000004,3.7,1,N,71225
4.300000000000002,3.4000000000000004,3.7,2,N,71226
4.300000000000002,3.4000000000000004,3.7,3,N,71227
4.300000000000002,3.4000000000000004,3.7,4,N,71228
4.300000000000002,3.4000000000000004,3.7,5,N,71229
4.300000000000002,3.4000000000000004,4.0,1,N,71230
4.300000000000002,3.4000000000000004,4.0,2,N,71231
4.300000000000002,3.4000000000000004,4.0,3,N,71232
4.300000000000002,3.4000000000000004,4.0,4,N,71233
4.300000000000002,3.4000000000000004,4.0,5,N,71234
4.300000000000002,3.4000000000000004,4.300000000000002,1,N,71235
4.300000000000002,3.4000000000000004,4.300000000000002,2,N,71236
4.300000000000002,3.4000000000000004,4.300000000000002,3,N,71237
4.300000000000002,3.4000000000000004,4.300000000000002,4,N,71238
4.300000000000002,3.4000000000000004,4.300000000000002,5,N,71239
4.300000000000002,3.4000000000000004,4.6000000000000005,1,N,71240
4.300000000000002,3.4000000000000004,4.6000000000000005,2,N,71241
4.300000000000002,3.4000000000000004,4.6000000000000005,3,N,71242
4.300000000000002,3.4000000000000004,4.6000000000000005,4,N,71243
4.300000000000002,3.4000000000000004,4.6000000000000005,5,N,71244
4.300000000000002,3.4000000000000004,4.9,1,N,71245
4.300000000000002,3.4000000000000004,4.9,2,N,71246
4.300000000000002,3.4000000000000004,4.9,3,N,71247
4.300000000000002,3.4000000000000004,4.9,4,N,71248
4.300000000000002,3.4000000000000004,4.9,5,N,71249
4.300000000000002,3.7,0.01,1,N,71250
4.300000000000002,3.7,0.01,2,N,71251
4.300000000000002,3.7,0.01,3,N,71252
4.300000000000002,3.7,0.01,4,N,71253
4.300000000000002,3.7,0.01,5,N,71254
4.300000000000002,3.7,0.11,1,N,71255
4.300000000000002,3.7,0.11,2,N,71256
4.300000000000002,3.7,0.11,3,N,71257
4.300000000000002,3.7,0.11,4,N,71258
4.300000000000002,3.7,0.11,5,N,71259
4.300000000000002,3.7,0.21,1,N,71260
4.300000000000002,3.7,0.21,2,N,71261
4.300000000000002,3.7,0.21,3,N,71262
4.300000000000002,3.7,0.21,4,N,71263
4.300000000000002,3.7,0.21,5,N,71264
4.300000000000002,3.7,0.31000000000000005,1,N,71265
4.300000000000002,3.7,0.31000000000000005,2,N,71266
4.300000000000002,3.7,0.31000000000000005,3,N,71267
4.300000000000002,3.7,0.31000000000000005,4,N,71268
4.300000000000002,3.7,0.31000000000000005,5,N,71269
4.300000000000002,3.7,0.41,1,N,71270
4.300000000000002,3.7,0.41,2,N,71271
4.300000000000002,3.7,0.41,3,N,71272
4.300000000000002,3.7,0.41,4,N,71273
4.300000000000002,3.7,0.41,5,N,71274
4.300000000000002,3.7,0.51,1,N,71275
4.300000000000002,3.7,0.51,2,N,71276
4.300000000000002,3.7,0.51,3,N,71277
4.300000000000002,3.7,0.51,4,N,71278
4.300000000000002,3.7,0.51,5,N,71279
4.300000000000002,3.7,0.6100000000000001,1,N,71280
4.300000000000002,3.7,0.6100000000000001,2,N,71281
4.300000000000002,3.7,0.6100000000000001,3,N,71282
4.300000000000002,3.7,0.6100000000000001,4,N,71283
4.300000000000002,3.7,0.6100000000000001,5,N,71284
4.300000000000002,3.7,0.7100000000000001,1,N,71285
4.300000000000002,3.7,0.7100000000000001,2,N,71286
4.300000000000002,3.7,0.7100000000000001,3,N,71287
4.300000000000002,3.7,0.7100000000000001,4,N,71288
4.300000000000002,3.7,0.7100000000000001,5,N,71289
4.300000000000002,3.7,0.81,1,N,71290
4.300000000000002,3.7,0.81,2,N,71291
4.300000000000002,3.7,0.81,3,N,71292
4.300000000000002,3.7,0.81,4,N,71293
4.300000000000002,3.7,0.81,5,N,71294
4.300000000000002,3.7,0.91,1,N,71295
4.300000000000002,3.7,0.91,2,N,71296
4.300000000000002,3.7,0.91,3,N,71297
4.300000000000002,3.7,0.91,4,N,71298
4.300000000000002,3.7,0.91,5,N,71299
4.300000000000002,3.7,1.01,1,N,71300
4.300000000000002,3.7,1.01,2,N,71301
4.300000000000002,3.7,1.01,3,N,71302
4.300000000000002,3.7,1.01,4,N,71303
4.300000000000002,3.7,1.01,5,N,71304
4.300000000000002,3.7,1.11,1,N,71305
4.300000000000002,3.7,1.11,2,N,71306
4.300000000000002,3.7,1.11,3,N,71307
4.300000000000002,3.7,1.11,4,N,71308
4.300000000000002,3.7,1.11,5,N,71309
4.300000000000002,3.7,1.3,1,N,71310
4.300000000000002,3.7,1.3,2,N,71311
4.300000000000002,3.7,1.3,3,N,71312
4.300000000000002,3.7,1.3,4,N,71313
4.300000000000002,3.7,1.3,5,N,71314
4.300000000000002,3.7,1.6,1,N,71315
4.300000000000002,3.7,1.6,2,N,71316
4.300000000000002,3.7,1.6,3,N,71317
4.300000000000002,3.7,1.6,4,N,71318
4.300000000000002,3.7,1.6,5,N,71319
4.300000000000002,3.7,1.9,1,N,71320
4.300000000000002,3.7,1.9,2,N,71321
4.300000000000002,3.7,1.9,3,N,71322
4.300000000000002,3.7,1.9,4,N,71323
4.300000000000002,3.7,1.9,5,N,71324
4.300000000000002,3.7,2.2,1,N,71325
4.300000000000002,3.7,2.2,2,N,71326
4.300000000000002,3.7,2.2,3,N,71327
4.300000000000002,3.7,2.2,4,N,71328
4.300000000000002,3.7,2.2,5,N,71329
4.300000000000002,3.7,2.5,1,N,71330
4.300000000000002,3.7,2.5,2,N,71331
4.300000000000002,3.7,2.5,3,N,71332
4.300000000000002,3.7,2.5,4,N,71333
4.300000000000002,3.7,2.5,5,N,71334
4.300000000000002,3.7,2.8000000000000003,1,N,71335
4.300000000000002,3.7,2.8000000000000003,2,N,71336
4.300000000000002,3.7,2.8000000000000003,3,N,71337
4.300000000000002,3.7,2.8000000000000003,4,N,71338
4.300000000000002,3.7,2.8000000000000003,5,N,71339
4.300000000000002,3.7,3.1000000000000005,1,N,71340
4.300000000000002,3.7,3.1000000000000005,2,N,71341
4.300000000000002,3.7,3.1000000000000005,3,N,71342
4.300000000000002,3.7,3.1000000000000005,4,N,71343
4.300000000000002,3.7,3.1000000000000005,5,N,71344
4.300000000000002,3.7,3.4000000000000004,1,N,71345
4.300000000000002,3.7,3.4000000000000004,2,N,71346
4.300000000000002,3.7,3.4000000000000004,3,N,71347
4.300000000000002,3.7,3.4000000000000004,4,N,71348
4.300000000000002,3.7,3.4000000000000004,5,N,71349
4.300000000000002,3.7,3.7,1,N,71350
4.300000000000002,3.7,3.7,2,N,71351
4.300000000000002,3.7,3.7,3,N,71352
4.300000000000002,3.7,3.7,4,N,71353
4.300000000000002,3.7,3.7,5,N,71354
4.300000000000002,3.7,4.0,1,N,71355
4.300000000000002,3.7,4.0,2,N,71356
4.300000000000002,3.7,4.0,3,N,71357
4.300000000000002,3.7,4.0,4,N,71358
4.300000000000002,3.7,4.0,5,N,71359
4.300000000000002,3.7,4.300000000000002,1,N,71360
4.300000000000002,3.7,4.300000000000002,2,N,71361
4.300000000000002,3.7,4.300000000000002,3,N,71362
4.300000000000002,3.7,4.300000000000002,4,N,71363
4.300000000000002,3.7,4.300000000000002,5,N,71364
4.300000000000002,3.7,4.6000000000000005,1,N,71365
4.300000000000002,3.7,4.6000000000000005,2,N,71366
4.300000000000002,3.7,4.6000000000000005,3,N,71367
4.300000000000002,3.7,4.6000000000000005,4,N,71368
4.300000000000002,3.7,4.6000000000000005,5,N,71369
4.300000000000002,3.7,4.9,1,N,71370
4.300000000000002,3.7,4.9,2,N,71371
4.300000000000002,3.7,4.9,3,N,71372
4.300000000000002,3.7,4.9,4,N,71373
4.300000000000002,3.7,4.9,5,N,71374
4.300000000000002,4.0,0.01,1,N,71375
4.300000000000002,4.0,0.01,2,N,71376
4.300000000000002,4.0,0.01,3,N,71377
4.300000000000002,4.0,0.01,4,N,71378
4.300000000000002,4.0,0.01,5,N,71379
4.300000000000002,4.0,0.11,1,N,71380
4.300000000000002,4.0,0.11,2,N,71381
4.300000000000002,4.0,0.11,3,N,71382
4.300000000000002,4.0,0.11,4,N,71383
4.300000000000002,4.0,0.11,5,N,71384
4.300000000000002,4.0,0.21,1,N,71385
4.300000000000002,4.0,0.21,2,N,71386
4.300000000000002,4.0,0.21,3,N,71387
4.300000000000002,4.0,0.21,4,N,71388
4.300000000000002,4.0,0.21,5,N,71389
4.300000000000002,4.0,0.31000000000000005,1,N,71390
4.300000000000002,4.0,0.31000000000000005,2,N,71391
4.300000000000002,4.0,0.31000000000000005,3,N,71392
4.300000000000002,4.0,0.31000000000000005,4,N,71393
4.300000000000002,4.0,0.31000000000000005,5,N,71394
4.300000000000002,4.0,0.41,1,N,71395
4.300000000000002,4.0,0.41,2,N,71396
4.300000000000002,4.0,0.41,3,N,71397
4.300000000000002,4.0,0.41,4,N,71398
4.300000000000002,4.0,0.41,5,N,71399
4.300000000000002,4.0,0.51,1,N,71400
4.300000000000002,4.0,0.51,2,N,71401
4.300000000000002,4.0,0.51,3,N,71402
4.300000000000002,4.0,0.51,4,N,71403
4.300000000000002,4.0,0.51,5,N,71404
4.300000000000002,4.0,0.6100000000000001,1,N,71405
4.300000000000002,4.0,0.6100000000000001,2,N,71406
4.300000000000002,4.0,0.6100000000000001,3,N,71407
4.300000000000002,4.0,0.6100000000000001,4,N,71408
4.300000000000002,4.0,0.6100000000000001,5,N,71409
4.300000000000002,4.0,0.7100000000000001,1,N,71410
4.300000000000002,4.0,0.7100000000000001,2,N,71411
4.300000000000002,4.0,0.7100000000000001,3,N,71412
4.300000000000002,4.0,0.7100000000000001,4,N,71413
4.300000000000002,4.0,0.7100000000000001,5,N,71414
4.300000000000002,4.0,0.81,1,N,71415
4.300000000000002,4.0,0.81,2,N,71416
4.300000000000002,4.0,0.81,3,N,71417
4.300000000000002,4.0,0.81,4,N,71418
4.300000000000002,4.0,0.81,5,N,71419
4.300000000000002,4.0,0.91,1,N,71420
4.300000000000002,4.0,0.91,2,N,71421
4.300000000000002,4.0,0.91,3,N,71422
4.300000000000002,4.0,0.91,4,N,71423
4.300000000000002,4.0,0.91,5,N,71424
4.300000000000002,4.0,1.01,1,N,71425
4.300000000000002,4.0,1.01,2,N,71426
4.300000000000002,4.0,1.01,3,N,71427
4.300000000000002,4.0,1.01,4,N,71428
4.300000000000002,4.0,1.01,5,N,71429
4.300000000000002,4.0,1.11,1,N,71430
4.300000000000002,4.0,1.11,2,N,71431
4.300000000000002,4.0,1.11,3,N,71432
4.300000000000002,4.0,1.11,4,N,71433
4.300000000000002,4.0,1.11,5,N,71434
4.300000000000002,4.0,1.3,1,N,71435
4.300000000000002,4.0,1.3,2,N,71436
4.300000000000002,4.0,1.3,3,N,71437
4.300000000000002,4.0,1.3,4,N,71438
4.300000000000002,4.0,1.3,5,N,71439
4.300000000000002,4.0,1.6,1,N,71440
4.300000000000002,4.0,1.6,2,N,71441
4.300000000000002,4.0,1.6,3,N,71442
4.300000000000002,4.0,1.6,4,N,71443
4.300000000000002,4.0,1.6,5,N,71444
4.300000000000002,4.0,1.9,1,N,71445
4.300000000000002,4.0,1.9,2,N,71446
4.300000000000002,4.0,1.9,3,N,71447
4.300000000000002,4.0,1.9,4,N,71448
4.300000000000002,4.0,1.9,5,N,71449
4.300000000000002,4.0,2.2,1,N,71450
4.300000000000002,4.0,2.2,2,N,71451
4.300000000000002,4.0,2.2,3,N,71452
4.300000000000002,4.0,2.2,4,N,71453
4.300000000000002,4.0,2.2,5,N,71454
4.300000000000002,4.0,2.5,1,N,71455
4.300000000000002,4.0,2.5,2,N,71456
4.300000000000002,4.0,2.5,3,N,71457
4.300000000000002,4.0,2.5,4,N,71458
4.300000000000002,4.0,2.5,5,N,71459
4.300000000000002,4.0,2.8000000000000003,1,N,71460
4.300000000000002,4.0,2.8000000000000003,2,N,71461
4.300000000000002,4.0,2.8000000000000003,3,N,71462
4.300000000000002,4.0,2.8000000000000003,4,N,71463
4.300000000000002,4.0,2.8000000000000003,5,N,71464
4.300000000000002,4.0,3.1000000000000005,1,N,71465
4.300000000000002,4.0,3.1000000000000005,2,N,71466
4.300000000000002,4.0,3.1000000000000005,3,N,71467
4.300000000000002,4.0,3.1000000000000005,4,N,71468
4.300000000000002,4.0,3.1000000000000005,5,N,71469
4.300000000000002,4.0,3.4000000000000004,1,N,71470
4.300000000000002,4.0,3.4000000000000004,2,N,71471
4.300000000000002,4.0,3.4000000000000004,3,N,71472
4.300000000000002,4.0,3.4000000000000004,4,N,71473
4.300000000000002,4.0,3.4000000000000004,5,N,71474
4.300000000000002,4.0,3.7,1,N,71475
4.300000000000002,4.0,3.7,2,N,71476
4.300000000000002,4.0,3.7,3,N,71477
4.300000000000002,4.0,3.7,4,N,71478
4.300000000000002,4.0,3.7,5,N,71479
4.300000000000002,4.0,4.0,1,N,71480
4.300000000000002,4.0,4.0,2,N,71481
4.300000000000002,4.0,4.0,3,N,71482
4.300000000000002,4.0,4.0,4,N,71483
4.300000000000002,4.0,4.0,5,N,71484
4.300000000000002,4.0,4.300000000000002,1,N,71485
4.300000000000002,4.0,4.300000000000002,2,N,71486
4.300000000000002,4.0,4.300000000000002,3,N,71487
4.300000000000002,4.0,4.300000000000002,4,N,71488
4.300000000000002,4.0,4.300000000000002,5,N,71489
4.300000000000002,4.0,4.6000000000000005,1,N,71490
4.300000000000002,4.0,4.6000000000000005,2,N,71491
4.300000000000002,4.0,4.6000000000000005,3,N,71492
4.300000000000002,4.0,4.6000000000000005,4,N,71493
4.300000000000002,4.0,4.6000000000000005,5,N,71494
4.300000000000002,4.0,4.9,1,N,71495
4.300000000000002,4.0,4.9,2,N,71496
4.300000000000002,4.0,4.9,3,N,71497
4.300000000000002,4.0,4.9,4,N,71498
4.300000000000002,4.0,4.9,5,N,71499
4.300000000000002,4.300000000000002,0.01,1,N,71500
4.300000000000002,4.300000000000002,0.01,2,N,71501
4.300000000000002,4.300000000000002,0.01,3,N,71502
4.300000000000002,4.300000000000002,0.01,4,N,71503
4.300000000000002,4.300000000000002,0.01,5,N,71504
4.300000000000002,4.300000000000002,0.11,1,N,71505
4.300000000000002,4.300000000000002,0.11,2,N,71506
4.300000000000002,4.300000000000002,0.11,3,N,71507
4.300000000000002,4.300000000000002,0.11,4,N,71508
4.300000000000002,4.300000000000002,0.11,5,N,71509
4.300000000000002,4.300000000000002,0.21,1,N,71510
4.300000000000002,4.300000000000002,0.21,2,N,71511
4.300000000000002,4.300000000000002,0.21,3,N,71512
4.300000000000002,4.300000000000002,0.21,4,N,71513
4.300000000000002,4.300000000000002,0.21,5,N,71514
4.300000000000002,4.300000000000002,0.31000000000000005,1,N,71515
4.300000000000002,4.300000000000002,0.31000000000000005,2,N,71516
4.300000000000002,4.300000000000002,0.31000000000000005,3,N,71517
4.300000000000002,4.300000000000002,0.31000000000000005,4,N,71518
4.300000000000002,4.300000000000002,0.31000000000000005,5,N,71519
4.300000000000002,4.300000000000002,0.41,1,N,71520
4.300000000000002,4.300000000000002,0.41,2,N,71521
4.300000000000002,4.300000000000002,0.41,3,N,71522
4.300000000000002,4.300000000000002,0.41,4,N,71523
4.300000000000002,4.300000000000002,0.41,5,N,71524
4.300000000000002,4.300000000000002,0.51,1,N,71525
4.300000000000002,4.300000000000002,0.51,2,N,71526
4.300000000000002,4.300000000000002,0.51,3,N,71527
4.300000000000002,4.300000000000002,0.51,4,N,71528
4.300000000000002,4.300000000000002,0.51,5,N,71529
4.300000000000002,4.300000000000002,0.6100000000000001,1,N,71530
4.300000000000002,4.300000000000002,0.6100000000000001,2,N,71531
4.300000000000002,4.300000000000002,0.6100000000000001,3,N,71532
4.300000000000002,4.300000000000002,0.6100000000000001,4,N,71533
4.300000000000002,4.300000000000002,0.6100000000000001,5,N,71534
4.300000000000002,4.300000000000002,0.7100000000000001,1,N,71535
4.300000000000002,4.300000000000002,0.7100000000000001,2,N,71536
4.300000000000002,4.300000000000002,0.7100000000000001,3,N,71537
4.300000000000002,4.300000000000002,0.7100000000000001,4,N,71538
4.300000000000002,4.300000000000002,0.7100000000000001,5,N,71539
4.300000000000002,4.300000000000002,0.81,1,N,71540
4.300000000000002,4.300000000000002,0.81,2,N,71541
4.300000000000002,4.300000000000002,0.81,3,N,71542
4.300000000000002,4.300000000000002,0.81,4,N,71543
4.300000000000002,4.300000000000002,0.81,5,N,71544
4.300000000000002,4.300000000000002,0.91,1,N,71545
4.300000000000002,4.300000000000002,0.91,2,N,71546
4.300000000000002,4.300000000000002,0.91,3,N,71547
4.300000000000002,4.300000000000002,0.91,4,N,71548
4.300000000000002,4.300000000000002,0.91,5,N,71549
4.300000000000002,4.300000000000002,1.01,1,N,71550
4.300000000000002,4.300000000000002,1.01,2,N,71551
4.300000000000002,4.300000000000002,1.01,3,N,71552
4.300000000000002,4.300000000000002,1.01,4,N,71553
4.300000000000002,4.300000000000002,1.01,5,N,71554
4.300000000000002,4.300000000000002,1.11,1,N,71555
4.300000000000002,4.300000000000002,1.11,2,N,71556
4.300000000000002,4.300000000000002,1.11,3,N,71557
4.300000000000002,4.300000000000002,1.11,4,N,71558
4.300000000000002,4.300000000000002,1.11,5,N,71559
4.300000000000002,4.300000000000002,1.3,1,N,71560
4.300000000000002,4.300000000000002,1.3,2,N,71561
4.300000000000002,4.300000000000002,1.3,3,N,71562
4.300000000000002,4.300000000000002,1.3,4,N,71563
4.300000000000002,4.300000000000002,1.3,5,N,71564
4.300000000000002,4.300000000000002,1.6,1,N,71565
4.300000000000002,4.300000000000002,1.6,2,N,71566
4.300000000000002,4.300000000000002,1.6,3,N,71567
4.300000000000002,4.300000000000002,1.6,4,N,71568
4.300000000000002,4.300000000000002,1.6,5,N,71569
4.300000000000002,4.300000000000002,1.9,1,N,71570
4.300000000000002,4.300000000000002,1.9,2,N,71571
4.300000000000002,4.300000000000002,1.9,3,N,71572
4.300000000000002,4.300000000000002,1.9,4,N,71573
4.300000000000002,4.300000000000002,1.9,5,N,71574
4.300000000000002,4.300000000000002,2.2,1,N,71575
4.300000000000002,4.300000000000002,2.2,2,N,71576
4.300000000000002,4.300000000000002,2.2,3,N,71577
4.300000000000002,4.300000000000002,2.2,4,N,71578
4.300000000000002,4.300000000000002,2.2,5,N,71579
4.300000000000002,4.300000000000002,2.5,1,N,71580
4.300000000000002,4.300000000000002,2.5,2,N,71581
4.300000000000002,4.300000000000002,2.5,3,N,71582
4.300000000000002,4.300000000000002,2.5,4,N,71583
4.300000000000002,4.300000000000002,2.5,5,N,71584
4.300000000000002,4.300000000000002,2.8000000000000003,1,N,71585
4.300000000000002,4.300000000000002,2.8000000000000003,2,N,71586
4.300000000000002,4.300000000000002,2.8000000000000003,3,N,71587
4.300000000000002,4.300000000000002,2.8000000000000003,4,N,71588
4.300000000000002,4.300000000000002,2.8000000000000003,5,N,71589
4.300000000000002,4.300000000000002,3.1000000000000005,1,N,71590
4.300000000000002,4.300000000000002,3.1000000000000005,2,N,71591
4.300000000000002,4.300000000000002,3.1000000000000005,3,N,71592
4.300000000000002,4.300000000000002,3.1000000000000005,4,N,71593
4.300000000000002,4.300000000000002,3.1000000000000005,5,N,71594
4.300000000000002,4.300000000000002,3.4000000000000004,1,N,71595
4.300000000000002,4.300000000000002,3.4000000000000004,2,N,71596
4.300000000000002,4.300000000000002,3.4000000000000004,3,N,71597
4.300000000000002,4.300000000000002,3.4000000000000004,4,N,71598
4.300000000000002,4.300000000000002,3.4000000000000004,5,N,71599
4.300000000000002,4.300000000000002,3.7,1,N,71600
4.300000000000002,4.300000000000002,3.7,2,N,71601
4.300000000000002,4.300000000000002,3.7,3,N,71602
4.300000000000002,4.300000000000002,3.7,4,N,71603
4.300000000000002,4.300000000000002,3.7,5,N,71604
4.300000000000002,4.300000000000002,4.0,1,N,71605
4.300000000000002,4.300000000000002,4.0,2,N,71606
4.300000000000002,4.300000000000002,4.0,3,N,71607
4.300000000000002,4.300000000000002,4.0,4,N,71608
4.300000000000002,4.300000000000002,4.0,5,N,71609
4.300000000000002,4.300000000000002,4.300000000000002,1,N,71610
4.300000000000002,4.300000000000002,4.300000000000002,2,N,71611
4.300000000000002,4.300000000000002,4.300000000000002,3,N,71612
4.300000000000002,4.300000000000002,4.300000000000002,4,N,71613
4.300000000000002,4.300000000000002,4.300000000000002,5,N,71614
4.300000000000002,4.300000000000002,4.6000000000000005,1,N,71615
4.300000000000002,4.300000000000002,4.6000000000000005,2,N,71616
4.300000000000002,4.300000000000002,4.6000000000000005,3,N,71617
4.300000000000002,4.300000000000002,4.6000000000000005,4,N,71618
4.300000000000002,4.300000000000002,4.6000000000000005,5,N,71619
4.300000000000002,4.300000000000002,4.9,1,N,71620
4.300000000000002,4.300000000000002,4.9,2,N,71621
4.300000000000002,4.300000000000002,4.9,3,N,71622
4.300000000000002,4.300000000000002,4.9,4,N,71623
4.300000000000002,4.300000000000002,4.9,5,N,71624
4.300000000000002,4.6000000000000005,0.01,1,N,71625
4.300000000000002,4.6000000000000005,0.01,2,N,71626
4.300000000000002,4.6000000000000005,0.01,3,N,71627
4.300000000000002,4.6000000000000005,0.01,4,N,71628
4.300000000000002,4.6000000000000005,0.01,5,N,71629
4.300000000000002,4.6000000000000005,0.11,1,N,71630
4.300000000000002,4.6000000000000005,0.11,2,N,71631
4.300000000000002,4.6000000000000005,0.11,3,N,71632
4.300000000000002,4.6000000000000005,0.11,4,N,71633
4.300000000000002,4.6000000000000005,0.11,5,N,71634
4.300000000000002,4.6000000000000005,0.21,1,N,71635
4.300000000000002,4.6000000000000005,0.21,2,N,71636
4.300000000000002,4.6000000000000005,0.21,3,N,71637
4.300000000000002,4.6000000000000005,0.21,4,N,71638
4.300000000000002,4.6000000000000005,0.21,5,N,71639
4.300000000000002,4.6000000000000005,0.31000000000000005,1,N,71640
4.300000000000002,4.6000000000000005,0.31000000000000005,2,N,71641
4.300000000000002,4.6000000000000005,0.31000000000000005,3,N,71642
4.300000000000002,4.6000000000000005,0.31000000000000005,4,N,71643
4.300000000000002,4.6000000000000005,0.31000000000000005,5,N,71644
4.300000000000002,4.6000000000000005,0.41,1,N,71645
4.300000000000002,4.6000000000000005,0.41,2,N,71646
4.300000000000002,4.6000000000000005,0.41,3,N,71647
4.300000000000002,4.6000000000000005,0.41,4,N,71648
4.300000000000002,4.6000000000000005,0.41,5,N,71649
4.300000000000002,4.6000000000000005,0.51,1,N,71650
4.300000000000002,4.6000000000000005,0.51,2,N,71651
4.300000000000002,4.6000000000000005,0.51,3,N,71652
4.300000000000002,4.6000000000000005,0.51,4,N,71653
4.300000000000002,4.6000000000000005,0.51,5,N,71654
4.300000000000002,4.6000000000000005,0.6100000000000001,1,N,71655
4.300000000000002,4.6000000000000005,0.6100000000000001,2,N,71656
4.300000000000002,4.6000000000000005,0.6100000000000001,3,N,71657
4.300000000000002,4.6000000000000005,0.6100000000000001,4,N,71658
4.300000000000002,4.6000000000000005,0.6100000000000001,5,N,71659
4.300000000000002,4.6000000000000005,0.7100000000000001,1,N,71660
4.300000000000002,4.6000000000000005,0.7100000000000001,2,N,71661
4.300000000000002,4.6000000000000005,0.7100000000000001,3,N,71662
4.300000000000002,4.6000000000000005,0.7100000000000001,4,N,71663
4.300000000000002,4.6000000000000005,0.7100000000000001,5,N,71664
4.300000000000002,4.6000000000000005,0.81,1,N,71665
4.300000000000002,4.6000000000000005,0.81,2,N,71666
4.300000000000002,4.6000000000000005,0.81,3,N,71667
4.300000000000002,4.6000000000000005,0.81,4,N,71668
4.300000000000002,4.6000000000000005,0.81,5,N,71669
4.300000000000002,4.6000000000000005,0.91,1,N,71670
4.300000000000002,4.6000000000000005,0.91,2,N,71671
4.300000000000002,4.6000000000000005,0.91,3,N,71672
4.300000000000002,4.6000000000000005,0.91,4,N,71673
4.300000000000002,4.6000000000000005,0.91,5,N,71674
4.300000000000002,4.6000000000000005,1.01,1,N,71675
4.300000000000002,4.6000000000000005,1.01,2,N,71676
4.300000000000002,4.6000000000000005,1.01,3,N,71677
4.300000000000002,4.6000000000000005,1.01,4,N,71678
4.300000000000002,4.6000000000000005,1.01,5,N,71679
4.300000000000002,4.6000000000000005,1.11,1,N,71680
4.300000000000002,4.6000000000000005,1.11,2,N,71681
4.300000000000002,4.6000000000000005,1.11,3,N,71682
4.300000000000002,4.6000000000000005,1.11,4,N,71683
4.300000000000002,4.6000000000000005,1.11,5,N,71684
4.300000000000002,4.6000000000000005,1.3,1,N,71685
4.300000000000002,4.6000000000000005,1.3,2,N,71686
4.300000000000002,4.6000000000000005,1.3,3,N,71687
4.300000000000002,4.6000000000000005,1.3,4,N,71688
4.300000000000002,4.6000000000000005,1.3,5,N,71689
4.300000000000002,4.6000000000000005,1.6,1,N,71690
4.300000000000002,4.6000000000000005,1.6,2,N,71691
4.300000000000002,4.6000000000000005,1.6,3,N,71692
4.300000000000002,4.6000000000000005,1.6,4,N,71693
4.300000000000002,4.6000000000000005,1.6,5,N,71694
4.300000000000002,4.6000000000000005,1.9,1,N,71695
4.300000000000002,4.6000000000000005,1.9,2,N,71696
4.300000000000002,4.6000000000000005,1.9,3,N,71697
4.300000000000002,4.6000000000000005,1.9,4,N,71698
4.300000000000002,4.6000000000000005,1.9,5,N,71699
4.300000000000002,4.6000000000000005,2.2,1,N,71700
4.300000000000002,4.6000000000000005,2.2,2,N,71701
4.300000000000002,4.6000000000000005,2.2,3,N,71702
4.300000000000002,4.6000000000000005,2.2,4,N,71703
4.300000000000002,4.6000000000000005,2.2,5,N,71704
4.300000000000002,4.6000000000000005,2.5,1,N,71705
4.300000000000002,4.6000000000000005,2.5,2,N,71706
4.300000000000002,4.6000000000000005,2.5,3,N,71707
4.300000000000002,4.6000000000000005,2.5,4,N,71708
4.300000000000002,4.6000000000000005,2.5,5,N,71709
4.300000000000002,4.6000000000000005,2.8000000000000003,1,N,71710
4.300000000000002,4.6000000000000005,2.8000000000000003,2,N,71711
4.300000000000002,4.6000000000000005,2.8000000000000003,3,N,71712
4.300000000000002,4.6000000000000005,2.8000000000000003,4,N,71713
4.300000000000002,4.6000000000000005,2.8000000000000003,5,N,71714
4.300000000000002,4.6000000000000005,3.1000000000000005,1,N,71715
4.300000000000002,4.6000000000000005,3.1000000000000005,2,N,71716
4.300000000000002,4.6000000000000005,3.1000000000000005,3,N,71717
4.300000000000002,4.6000000000000005,3.1000000000000005,4,N,71718
4.300000000000002,4.6000000000000005,3.1000000000000005,5,N,71719
4.300000000000002,4.6000000000000005,3.4000000000000004,1,N,71720
4.300000000000002,4.6000000000000005,3.4000000000000004,2,N,71721
4.300000000000002,4.6000000000000005,3.4000000000000004,3,N,71722
4.300000000000002,4.6000000000000005,3.4000000000000004,4,N,71723
4.300000000000002,4.6000000000000005,3.4000000000000004,5,N,71724
4.300000000000002,4.6000000000000005,3.7,1,N,71725
4.300000000000002,4.6000000000000005,3.7,2,N,71726
4.300000000000002,4.6000000000000005,3.7,3,N,71727
4.300000000000002,4.6000000000000005,3.7,4,N,71728
4.300000000000002,4.6000000000000005,3.7,5,N,71729
4.300000000000002,4.6000000000000005,4.0,1,N,71730
4.300000000000002,4.6000000000000005,4.0,2,N,71731
4.300000000000002,4.6000000000000005,4.0,3,N,71732
4.300000000000002,4.6000000000000005,4.0,4,N,71733
4.300000000000002,4.6000000000000005,4.0,5,N,71734
4.300000000000002,4.6000000000000005,4.300000000000002,1,N,71735
4.300000000000002,4.6000000000000005,4.300000000000002,2,N,71736
4.300000000000002,4.6000000000000005,4.300000000000002,3,N,71737
4.300000000000002,4.6000000000000005,4.300000000000002,4,N,71738
4.300000000000002,4.6000000000000005,4.300000000000002,5,N,71739
4.300000000000002,4.6000000000000005,4.6000000000000005,1,N,71740
4.300000000000002,4.6000000000000005,4.6000000000000005,2,N,71741
4.300000000000002,4.6000000000000005,4.6000000000000005,3,N,71742
4.300000000000002,4.6000000000000005,4.6000000000000005,4,N,71743
4.300000000000002,4.6000000000000005,4.6000000000000005,5,N,71744
4.300000000000002,4.6000000000000005,4.9,1,N,71745
4.300000000000002,4.6000000000000005,4.9,2,N,71746
4.300000000000002,4.6000000000000005,4.9,3,N,71747
4.300000000000002,4.6000000000000005,4.9,4,N,71748
4.300000000000002,4.6000000000000005,4.9,5,N,71749
4.300000000000002,4.9,0.01,1,N,71750
4.300000000000002,4.9,0.01,2,N,71751
4.300000000000002,4.9,0.01,3,N,71752
4.300000000000002,4.9,0.01,4,N,71753
4.300000000000002,4.9,0.01,5,N,71754
4.300000000000002,4.9,0.11,1,N,71755
4.300000000000002,4.9,0.11,2,N,71756
4.300000000000002,4.9,0.11,3,N,71757
4.300000000000002,4.9,0.11,4,N,71758
4.300000000000002,4.9,0.11,5,N,71759
4.300000000000002,4.9,0.21,1,N,71760
4.300000000000002,4.9,0.21,2,N,71761
4.300000000000002,4.9,0.21,3,N,71762
4.300000000000002,4.9,0.21,4,N,71763
4.300000000000002,4.9,0.21,5,N,71764
4.300000000000002,4.9,0.31000000000000005,1,N,71765
4.300000000000002,4.9,0.31000000000000005,2,N,71766
4.300000000000002,4.9,0.31000000000000005,3,N,71767
4.300000000000002,4.9,0.31000000000000005,4,N,71768
4.300000000000002,4.9,0.31000000000000005,5,N,71769
4.300000000000002,4.9,0.41,1,N,71770
4.300000000000002,4.9,0.41,2,N,71771
4.300000000000002,4.9,0.41,3,N,71772
4.300000000000002,4.9,0.41,4,N,71773
4.300000000000002,4.9,0.41,5,N,71774
4.300000000000002,4.9,0.51,1,N,71775
4.300000000000002,4.9,0.51,2,N,71776
4.300000000000002,4.9,0.51,3,N,71777
4.300000000000002,4.9,0.51,4,N,71778
4.300000000000002,4.9,0.51,5,N,71779
4.300000000000002,4.9,0.6100000000000001,1,N,71780
4.300000000000002,4.9,0.6100000000000001,2,N,71781
4.300000000000002,4.9,0.6100000000000001,3,N,71782
4.300000000000002,4.9,0.6100000000000001,4,N,71783
4.300000000000002,4.9,0.6100000000000001,5,N,71784
4.300000000000002,4.9,0.7100000000000001,1,N,71785
4.300000000000002,4.9,0.7100000000000001,2,N,71786
4.300000000000002,4.9,0.7100000000000001,3,N,71787
4.300000000000002,4.9,0.7100000000000001,4,N,71788
4.300000000000002,4.9,0.7100000000000001,5,N,71789
4.300000000000002,4.9,0.81,1,N,71790
4.300000000000002,4.9,0.81,2,N,71791
4.300000000000002,4.9,0.81,3,N,71792
4.300000000000002,4.9,0.81,4,N,71793
4.300000000000002,4.9,0.81,5,N,71794
4.300000000000002,4.9,0.91,1,N,71795
4.300000000000002,4.9,0.91,2,N,71796
4.300000000000002,4.9,0.91,3,N,71797
4.300000000000002,4.9,0.91,4,N,71798
4.300000000000002,4.9,0.91,5,N,71799
4.300000000000002,4.9,1.01,1,N,71800
4.300000000000002,4.9,1.01,2,N,71801
4.300000000000002,4.9,1.01,3,N,71802
4.300000000000002,4.9,1.01,4,N,71803
4.300000000000002,4.9,1.01,5,N,71804
4.300000000000002,4.9,1.11,1,N,71805
4.300000000000002,4.9,1.11,2,N,71806
4.300000000000002,4.9,1.11,3,N,71807
4.300000000000002,4.9,1.11,4,N,71808
4.300000000000002,4.9,1.11,5,N,71809
4.300000000000002,4.9,1.3,1,N,71810
4.300000000000002,4.9,1.3,2,N,71811
4.300000000000002,4.9,1.3,3,N,71812
4.300000000000002,4.9,1.3,4,N,71813
4.300000000000002,4.9,1.3,5,N,71814
4.300000000000002,4.9,1.6,1,N,71815
4.300000000000002,4.9,1.6,2,N,71816
4.300000000000002,4.9,1.6,3,N,71817
4.300000000000002,4.9,1.6,4,N,71818
4.300000000000002,4.9,1.6,5,N,71819
4.300000000000002,4.9,1.9,1,N,71820
4.300000000000002,4.9,1.9,2,N,71821
4.300000000000002,4.9,1.9,3,N,71822
4.300000000000002,4.9,1.9,4,N,71823
4.300000000000002,4.9,1.9,5,N,71824
4.300000000000002,4.9,2.2,1,N,71825
4.300000000000002,4.9,2.2,2,N,71826
4.300000000000002,4.9,2.2,3,N,71827
4.300000000000002,4.9,2.2,4,N,71828
4.300000000000002,4.9,2.2,5,N,71829
4.300000000000002,4.9,2.5,1,N,71830
4.300000000000002,4.9,2.5,2,N,71831
4.300000000000002,4.9,2.5,3,N,71832
4.300000000000002,4.9,2.5,4,N,71833
4.300000000000002,4.9,2.5,5,N,71834
4.300000000000002,4.9,2.8000000000000003,1,N,71835
4.300000000000002,4.9,2.8000000000000003,2,N,71836
4.300000000000002,4.9,2.8000000000000003,3,N,71837
4.300000000000002,4.9,2.8000000000000003,4,N,71838
4.300000000000002,4.9,2.8000000000000003,5,N,71839
4.300000000000002,4.9,3.1000000000000005,1,N,71840
4.300000000000002,4.9,3.1000000000000005,2,N,71841
4.300000000000002,4.9,3.1000000000000005,3,N,71842
4.300000000000002,4.9,3.1000000000000005,4,N,71843
4.300000000000002,4.9,3.1000000000000005,5,N,71844
4.300000000000002,4.9,3.4000000000000004,1,N,71845
4.300000000000002,4.9,3.4000000000000004,2,N,71846
4.300000000000002,4.9,3.4000000000000004,3,N,71847
4.300000000000002,4.9,3.4000000000000004,4,N,71848
4.300000000000002,4.9,3.4000000000000004,5,N,71849
4.300000000000002,4.9,3.7,1,N,71850
4.300000000000002,4.9,3.7,2,N,71851
4.300000000000002,4.9,3.7,3,N,71852
4.300000000000002,4.9,3.7,4,N,71853
4.300000000000002,4.9,3.7,5,N,71854
4.300000000000002,4.9,4.0,1,N,71855
4.300000000000002,4.9,4.0,2,N,71856
4.300000000000002,4.9,4.0,3,N,71857
4.300000000000002,4.9,4.0,4,N,71858
4.300000000000002,4.9,4.0,5,N,71859
4.300000000000002,4.9,4.300000000000002,1,N,71860
4.300000000000002,4.9,4.300000000000002,2,N,71861
4.300000000000002,4.9,4.300000000000002,3,N,71862
4.300000000000002,4.9,4.300000000000002,4,N,71863
4.300000000000002,4.9,4.300000000000002,5,N,71864
4.300000000000002,4.9,4.6000000000000005,1,N,71865
4.300000000000002,4.9,4.6000000000000005,2,N,71866
4.300000000000002,4.9,4.6000000000000005,3,N,71867
4.300000000000002,4.9,4.6000000000000005,4,N,71868
4.300000000000002,4.9,4.6000000000000005,5,N,71869
4.300000000000002,4.9,4.9,1,N,71870
4.300000000000002,4.9,4.9,2,N,71871
4.300000000000002,4.9,4.9,3,N,71872
4.300000000000002,4.9,4.9,4,N,71873
4.300000000000002,4.9,4.9,5,N,71874
4.6000000000000005,0.01,0.01,1,N,71875
4.6000000000000005,0.01,0.01,2,N,71876
4.6000000000000005,0.01,0.01,3,N,71877
4.6000000000000005,0.01,0.01,4,N,71878
4.6000000000000005,0.01,0.01,5,N,71879
4.6000000000000005,0.01,0.11,1,N,71880
4.6000000000000005,0.01,0.11,2,N,71881
4.6000000000000005,0.01,0.11,3,N,71882
4.6000000000000005,0.01,0.11,4,N,71883
4.6000000000000005,0.01,0.11,5,N,71884
4.6000000000000005,0.01,0.21,1,N,71885
4.6000000000000005,0.01,0.21,2,N,71886
4.6000000000000005,0.01,0.21,3,N,71887
4.6000000000000005,0.01,0.21,4,N,71888
4.6000000000000005,0.01,0.21,5,N,71889
4.6000000000000005,0.01,0.31000000000000005,1,N,71890
4.6000000000000005,0.01,0.31000000000000005,2,N,71891
4.6000000000000005,0.01,0.31000000000000005,3,N,71892
4.6000000000000005,0.01,0.31000000000000005,4,N,71893
4.6000000000000005,0.01,0.31000000000000005,5,N,71894
4.6000000000000005,0.01,0.41,1,N,71895
4.6000000000000005,0.01,0.41,2,N,71896
4.6000000000000005,0.01,0.41,3,N,71897
4.6000000000000005,0.01,0.41,4,N,71898
4.6000000000000005,0.01,0.41,5,N,71899
4.6000000000000005,0.01,0.51,1,N,71900
4.6000000000000005,0.01,0.51,2,N,71901
4.6000000000000005,0.01,0.51,3,N,71902
4.6000000000000005,0.01,0.51,4,N,71903
4.6000000000000005,0.01,0.51,5,N,71904
4.6000000000000005,0.01,0.6100000000000001,1,N,71905
4.6000000000000005,0.01,0.6100000000000001,2,N,71906
4.6000000000000005,0.01,0.6100000000000001,3,N,71907
4.6000000000000005,0.01,0.6100000000000001,4,N,71908
4.6000000000000005,0.01,0.6100000000000001,5,N,71909
4.6000000000000005,0.01,0.7100000000000001,1,N,71910
4.6000000000000005,0.01,0.7100000000000001,2,N,71911
4.6000000000000005,0.01,0.7100000000000001,3,N,71912
4.6000000000000005,0.01,0.7100000000000001,4,N,71913
4.6000000000000005,0.01,0.7100000000000001,5,N,71914
4.6000000000000005,0.01,0.81,1,N,71915
4.6000000000000005,0.01,0.81,2,N,71916
4.6000000000000005,0.01,0.81,3,N,71917
4.6000000000000005,0.01,0.81,4,N,71918
4.6000000000000005,0.01,0.81,5,N,71919
4.6000000000000005,0.01,0.91,1,N,71920
4.6000000000000005,0.01,0.91,2,N,71921
4.6000000000000005,0.01,0.91,3,N,71922
4.6000000000000005,0.01,0.91,4,N,71923
4.6000000000000005,0.01,0.91,5,N,71924
4.6000000000000005,0.01,1.01,1,N,71925
4.6000000000000005,0.01,1.01,2,N,71926
4.6000000000000005,0.01,1.01,3,N,71927
4.6000000000000005,0.01,1.01,4,N,71928
4.6000000000000005,0.01,1.01,5,N,71929
4.6000000000000005,0.01,1.11,1,N,71930
4.6000000000000005,0.01,1.11,2,N,71931
4.6000000000000005,0.01,1.11,3,N,71932
4.6000000000000005,0.01,1.11,4,N,71933
4.6000000000000005,0.01,1.11,5,N,71934
4.6000000000000005,0.01,1.3,1,N,71935
4.6000000000000005,0.01,1.3,2,N,71936
4.6000000000000005,0.01,1.3,3,N,71937
4.6000000000000005,0.01,1.3,4,N,71938
4.6000000000000005,0.01,1.3,5,N,71939
4.6000000000000005,0.01,1.6,1,N,71940
4.6000000000000005,0.01,1.6,2,N,71941
4.6000000000000005,0.01,1.6,3,N,71942
4.6000000000000005,0.01,1.6,4,N,71943
4.6000000000000005,0.01,1.6,5,N,71944
4.6000000000000005,0.01,1.9,1,N,71945
4.6000000000000005,0.01,1.9,2,N,71946
4.6000000000000005,0.01,1.9,3,N,71947
4.6000000000000005,0.01,1.9,4,N,71948
4.6000000000000005,0.01,1.9,5,N,71949
4.6000000000000005,0.01,2.2,1,N,71950
4.6000000000000005,0.01,2.2,2,N,71951
4.6000000000000005,0.01,2.2,3,N,71952
4.6000000000000005,0.01,2.2,4,N,71953
4.6000000000000005,0.01,2.2,5,N,71954
4.6000000000000005,0.01,2.5,1,N,71955
4.6000000000000005,0.01,2.5,2,N,71956
4.6000000000000005,0.01,2.5,3,N,71957
4.6000000000000005,0.01,2.5,4,N,71958
4.6000000000000005,0.01,2.5,5,N,71959
4.6000000000000005,0.01,2.8000000000000003,1,N,71960
4.6000000000000005,0.01,2.8000000000000003,2,N,71961
4.6000000000000005,0.01,2.8000000000000003,3,N,71962
4.6000000000000005,0.01,2.8000000000000003,4,N,71963
4.6000000000000005,0.01,2.8000000000000003,5,N,71964
4.6000000000000005,0.01,3.1000000000000005,1,N,71965
4.6000000000000005,0.01,3.1000000000000005,2,N,71966
4.6000000000000005,0.01,3.1000000000000005,3,N,71967
4.6000000000000005,0.01,3.1000000000000005,4,N,71968
4.6000000000000005,0.01,3.1000000000000005,5,N,71969
4.6000000000000005,0.01,3.4000000000000004,1,N,71970
4.6000000000000005,0.01,3.4000000000000004,2,N,71971
4.6000000000000005,0.01,3.4000000000000004,3,N,71972
4.6000000000000005,0.01,3.4000000000000004,4,N,71973
4.6000000000000005,0.01,3.4000000000000004,5,N,71974
4.6000000000000005,0.01,3.7,1,N,71975
4.6000000000000005,0.01,3.7,2,N,71976
4.6000000000000005,0.01,3.7,3,N,71977
4.6000000000000005,0.01,3.7,4,N,71978
4.6000000000000005,0.01,3.7,5,N,71979
4.6000000000000005,0.01,4.0,1,N,71980
4.6000000000000005,0.01,4.0,2,N,71981
4.6000000000000005,0.01,4.0,3,N,71982
4.6000000000000005,0.01,4.0,4,N,71983
4.6000000000000005,0.01,4.0,5,N,71984
4.6000000000000005,0.01,4.300000000000002,1,N,71985
4.6000000000000005,0.01,4.300000000000002,2,N,71986
4.6000000000000005,0.01,4.300000000000002,3,N,71987
4.6000000000000005,0.01,4.300000000000002,4,N,71988
4.6000000000000005,0.01,4.300000000000002,5,N,71989
4.6000000000000005,0.01,4.6000000000000005,1,N,71990
4.6000000000000005,0.01,4.6000000000000005,2,N,71991
4.6000000000000005,0.01,4.6000000000000005,3,N,71992
4.6000000000000005,0.01,4.6000000000000005,4,N,71993
4.6000000000000005,0.01,4.6000000000000005,5,N,71994
4.6000000000000005,0.01,4.9,1,N,71995
4.6000000000000005,0.01,4.9,2,N,71996
4.6000000000000005,0.01,4.9,3,N,71997
4.6000000000000005,0.01,4.9,4,N,71998
4.6000000000000005,0.01,4.9,5,N,71999
4.6000000000000005,0.11,0.01,1,N,72000
4.6000000000000005,0.11,0.01,2,N,72001
4.6000000000000005,0.11,0.01,3,N,72002
4.6000000000000005,0.11,0.01,4,N,72003
4.6000000000000005,0.11,0.01,5,N,72004
4.6000000000000005,0.11,0.11,1,N,72005
4.6000000000000005,0.11,0.11,2,N,72006
4.6000000000000005,0.11,0.11,3,N,72007
4.6000000000000005,0.11,0.11,4,N,72008
4.6000000000000005,0.11,0.11,5,N,72009
4.6000000000000005,0.11,0.21,1,N,72010
4.6000000000000005,0.11,0.21,2,N,72011
4.6000000000000005,0.11,0.21,3,N,72012
4.6000000000000005,0.11,0.21,4,N,72013
4.6000000000000005,0.11,0.21,5,N,72014
4.6000000000000005,0.11,0.31000000000000005,1,N,72015
4.6000000000000005,0.11,0.31000000000000005,2,N,72016
4.6000000000000005,0.11,0.31000000000000005,3,N,72017
4.6000000000000005,0.11,0.31000000000000005,4,N,72018
4.6000000000000005,0.11,0.31000000000000005,5,N,72019
4.6000000000000005,0.11,0.41,1,N,72020
4.6000000000000005,0.11,0.41,2,N,72021
4.6000000000000005,0.11,0.41,3,N,72022
4.6000000000000005,0.11,0.41,4,N,72023
4.6000000000000005,0.11,0.41,5,N,72024
4.6000000000000005,0.11,0.51,1,N,72025
4.6000000000000005,0.11,0.51,2,N,72026
4.6000000000000005,0.11,0.51,3,N,72027
4.6000000000000005,0.11,0.51,4,N,72028
4.6000000000000005,0.11,0.51,5,N,72029
4.6000000000000005,0.11,0.6100000000000001,1,N,72030
4.6000000000000005,0.11,0.6100000000000001,2,N,72031
4.6000000000000005,0.11,0.6100000000000001,3,N,72032
4.6000000000000005,0.11,0.6100000000000001,4,N,72033
4.6000000000000005,0.11,0.6100000000000001,5,N,72034
4.6000000000000005,0.11,0.7100000000000001,1,N,72035
4.6000000000000005,0.11,0.7100000000000001,2,N,72036
4.6000000000000005,0.11,0.7100000000000001,3,N,72037
4.6000000000000005,0.11,0.7100000000000001,4,N,72038
4.6000000000000005,0.11,0.7100000000000001,5,N,72039
4.6000000000000005,0.11,0.81,1,N,72040
4.6000000000000005,0.11,0.81,2,N,72041
4.6000000000000005,0.11,0.81,3,N,72042
4.6000000000000005,0.11,0.81,4,N,72043
4.6000000000000005,0.11,0.81,5,N,72044
4.6000000000000005,0.11,0.91,1,N,72045
4.6000000000000005,0.11,0.91,2,N,72046
4.6000000000000005,0.11,0.91,3,N,72047
4.6000000000000005,0.11,0.91,4,N,72048
4.6000000000000005,0.11,0.91,5,N,72049
4.6000000000000005,0.11,1.01,1,N,72050
4.6000000000000005,0.11,1.01,2,N,72051
4.6000000000000005,0.11,1.01,3,N,72052
4.6000000000000005,0.11,1.01,4,N,72053
4.6000000000000005,0.11,1.01,5,N,72054
4.6000000000000005,0.11,1.11,1,N,72055
4.6000000000000005,0.11,1.11,2,N,72056
4.6000000000000005,0.11,1.11,3,N,72057
4.6000000000000005,0.11,1.11,4,N,72058
4.6000000000000005,0.11,1.11,5,N,72059
4.6000000000000005,0.11,1.3,1,N,72060
4.6000000000000005,0.11,1.3,2,N,72061
4.6000000000000005,0.11,1.3,3,N,72062
4.6000000000000005,0.11,1.3,4,N,72063
4.6000000000000005,0.11,1.3,5,N,72064
4.6000000000000005,0.11,1.6,1,N,72065
4.6000000000000005,0.11,1.6,2,N,72066
4.6000000000000005,0.11,1.6,3,N,72067
4.6000000000000005,0.11,1.6,4,N,72068
4.6000000000000005,0.11,1.6,5,N,72069
4.6000000000000005,0.11,1.9,1,N,72070
4.6000000000000005,0.11,1.9,2,N,72071
4.6000000000000005,0.11,1.9,3,N,72072
4.6000000000000005,0.11,1.9,4,N,72073
4.6000000000000005,0.11,1.9,5,N,72074
4.6000000000000005,0.11,2.2,1,N,72075
4.6000000000000005,0.11,2.2,2,N,72076
4.6000000000000005,0.11,2.2,3,N,72077
4.6000000000000005,0.11,2.2,4,N,72078
4.6000000000000005,0.11,2.2,5,N,72079
4.6000000000000005,0.11,2.5,1,N,72080
4.6000000000000005,0.11,2.5,2,N,72081
4.6000000000000005,0.11,2.5,3,N,72082
4.6000000000000005,0.11,2.5,4,N,72083
4.6000000000000005,0.11,2.5,5,N,72084
4.6000000000000005,0.11,2.8000000000000003,1,N,72085
4.6000000000000005,0.11,2.8000000000000003,2,N,72086
4.6000000000000005,0.11,2.8000000000000003,3,N,72087
4.6000000000000005,0.11,2.8000000000000003,4,N,72088
4.6000000000000005,0.11,2.8000000000000003,5,N,72089
4.6000000000000005,0.11,3.1000000000000005,1,N,72090
4.6000000000000005,0.11,3.1000000000000005,2,N,72091
4.6000000000000005,0.11,3.1000000000000005,3,N,72092
4.6000000000000005,0.11,3.1000000000000005,4,N,72093
4.6000000000000005,0.11,3.1000000000000005,5,N,72094
4.6000000000000005,0.11,3.4000000000000004,1,N,72095
4.6000000000000005,0.11,3.4000000000000004,2,N,72096
4.6000000000000005,0.11,3.4000000000000004,3,N,72097
4.6000000000000005,0.11,3.4000000000000004,4,N,72098
4.6000000000000005,0.11,3.4000000000000004,5,N,72099
4.6000000000000005,0.11,3.7,1,N,72100
4.6000000000000005,0.11,3.7,2,N,72101
4.6000000000000005,0.11,3.7,3,N,72102
4.6000000000000005,0.11,3.7,4,N,72103
4.6000000000000005,0.11,3.7,5,N,72104
4.6000000000000005,0.11,4.0,1,N,72105
4.6000000000000005,0.11,4.0,2,N,72106
4.6000000000000005,0.11,4.0,3,N,72107
4.6000000000000005,0.11,4.0,4,N,72108
4.6000000000000005,0.11,4.0,5,N,72109
4.6000000000000005,0.11,4.300000000000002,1,N,72110
4.6000000000000005,0.11,4.300000000000002,2,N,72111
4.6000000000000005,0.11,4.300000000000002,3,N,72112
4.6000000000000005,0.11,4.300000000000002,4,N,72113
4.6000000000000005,0.11,4.300000000000002,5,N,72114
4.6000000000000005,0.11,4.6000000000000005,1,N,72115
4.6000000000000005,0.11,4.6000000000000005,2,N,72116
4.6000000000000005,0.11,4.6000000000000005,3,N,72117
4.6000000000000005,0.11,4.6000000000000005,4,N,72118
4.6000000000000005,0.11,4.6000000000000005,5,N,72119
4.6000000000000005,0.11,4.9,1,N,72120
4.6000000000000005,0.11,4.9,2,N,72121
4.6000000000000005,0.11,4.9,3,N,72122
4.6000000000000005,0.11,4.9,4,N,72123
4.6000000000000005,0.11,4.9,5,N,72124
4.6000000000000005,0.21,0.01,1,N,72125
4.6000000000000005,0.21,0.01,2,N,72126
4.6000000000000005,0.21,0.01,3,N,72127
4.6000000000000005,0.21,0.01,4,N,72128
4.6000000000000005,0.21,0.01,5,N,72129
4.6000000000000005,0.21,0.11,1,N,72130
4.6000000000000005,0.21,0.11,2,N,72131
4.6000000000000005,0.21,0.11,3,N,72132
4.6000000000000005,0.21,0.11,4,N,72133
4.6000000000000005,0.21,0.11,5,N,72134
4.6000000000000005,0.21,0.21,1,N,72135
4.6000000000000005,0.21,0.21,2,N,72136
4.6000000000000005,0.21,0.21,3,N,72137
4.6000000000000005,0.21,0.21,4,N,72138
4.6000000000000005,0.21,0.21,5,N,72139
4.6000000000000005,0.21,0.31000000000000005,1,N,72140
4.6000000000000005,0.21,0.31000000000000005,2,N,72141
4.6000000000000005,0.21,0.31000000000000005,3,N,72142
4.6000000000000005,0.21,0.31000000000000005,4,N,72143
4.6000000000000005,0.21,0.31000000000000005,5,N,72144
4.6000000000000005,0.21,0.41,1,N,72145
4.6000000000000005,0.21,0.41,2,N,72146
4.6000000000000005,0.21,0.41,3,N,72147
4.6000000000000005,0.21,0.41,4,N,72148
4.6000000000000005,0.21,0.41,5,N,72149
4.6000000000000005,0.21,0.51,1,N,72150
4.6000000000000005,0.21,0.51,2,N,72151
4.6000000000000005,0.21,0.51,3,N,72152
4.6000000000000005,0.21,0.51,4,N,72153
4.6000000000000005,0.21,0.51,5,N,72154
4.6000000000000005,0.21,0.6100000000000001,1,N,72155
4.6000000000000005,0.21,0.6100000000000001,2,N,72156
4.6000000000000005,0.21,0.6100000000000001,3,N,72157
4.6000000000000005,0.21,0.6100000000000001,4,N,72158
4.6000000000000005,0.21,0.6100000000000001,5,N,72159
4.6000000000000005,0.21,0.7100000000000001,1,N,72160
4.6000000000000005,0.21,0.7100000000000001,2,N,72161
4.6000000000000005,0.21,0.7100000000000001,3,N,72162
4.6000000000000005,0.21,0.7100000000000001,4,N,72163
4.6000000000000005,0.21,0.7100000000000001,5,N,72164
4.6000000000000005,0.21,0.81,1,N,72165
4.6000000000000005,0.21,0.81,2,N,72166
4.6000000000000005,0.21,0.81,3,N,72167
4.6000000000000005,0.21,0.81,4,N,72168
4.6000000000000005,0.21,0.81,5,N,72169
4.6000000000000005,0.21,0.91,1,N,72170
4.6000000000000005,0.21,0.91,2,N,72171
4.6000000000000005,0.21,0.91,3,N,72172
4.6000000000000005,0.21,0.91,4,N,72173
4.6000000000000005,0.21,0.91,5,N,72174
4.6000000000000005,0.21,1.01,1,N,72175
4.6000000000000005,0.21,1.01,2,N,72176
4.6000000000000005,0.21,1.01,3,N,72177
4.6000000000000005,0.21,1.01,4,N,72178
4.6000000000000005,0.21,1.01,5,N,72179
4.6000000000000005,0.21,1.11,1,N,72180
4.6000000000000005,0.21,1.11,2,N,72181
4.6000000000000005,0.21,1.11,3,N,72182
4.6000000000000005,0.21,1.11,4,N,72183
4.6000000000000005,0.21,1.11,5,N,72184
4.6000000000000005,0.21,1.3,1,N,72185
4.6000000000000005,0.21,1.3,2,N,72186
4.6000000000000005,0.21,1.3,3,N,72187
4.6000000000000005,0.21,1.3,4,N,72188
4.6000000000000005,0.21,1.3,5,N,72189
4.6000000000000005,0.21,1.6,1,N,72190
4.6000000000000005,0.21,1.6,2,N,72191
4.6000000000000005,0.21,1.6,3,N,72192
4.6000000000000005,0.21,1.6,4,N,72193
4.6000000000000005,0.21,1.6,5,N,72194
4.6000000000000005,0.21,1.9,1,N,72195
4.6000000000000005,0.21,1.9,2,N,72196
4.6000000000000005,0.21,1.9,3,N,72197
4.6000000000000005,0.21,1.9,4,N,72198
4.6000000000000005,0.21,1.9,5,N,72199
4.6000000000000005,0.21,2.2,1,N,72200
4.6000000000000005,0.21,2.2,2,N,72201
4.6000000000000005,0.21,2.2,3,N,72202
4.6000000000000005,0.21,2.2,4,N,72203
4.6000000000000005,0.21,2.2,5,N,72204
4.6000000000000005,0.21,2.5,1,N,72205
4.6000000000000005,0.21,2.5,2,N,72206
4.6000000000000005,0.21,2.5,3,N,72207
4.6000000000000005,0.21,2.5,4,N,72208
4.6000000000000005,0.21,2.5,5,N,72209
4.6000000000000005,0.21,2.8000000000000003,1,N,72210
4.6000000000000005,0.21,2.8000000000000003,2,N,72211
4.6000000000000005,0.21,2.8000000000000003,3,N,72212
4.6000000000000005,0.21,2.8000000000000003,4,N,72213
4.6000000000000005,0.21,2.8000000000000003,5,N,72214
4.6000000000000005,0.21,3.1000000000000005,1,N,72215
4.6000000000000005,0.21,3.1000000000000005,2,N,72216
4.6000000000000005,0.21,3.1000000000000005,3,N,72217
4.6000000000000005,0.21,3.1000000000000005,4,N,72218
4.6000000000000005,0.21,3.1000000000000005,5,N,72219
4.6000000000000005,0.21,3.4000000000000004,1,N,72220
4.6000000000000005,0.21,3.4000000000000004,2,N,72221
4.6000000000000005,0.21,3.4000000000000004,3,N,72222
4.6000000000000005,0.21,3.4000000000000004,4,N,72223
4.6000000000000005,0.21,3.4000000000000004,5,N,72224
4.6000000000000005,0.21,3.7,1,N,72225
4.6000000000000005,0.21,3.7,2,N,72226
4.6000000000000005,0.21,3.7,3,N,72227
4.6000000000000005,0.21,3.7,4,N,72228
4.6000000000000005,0.21,3.7,5,N,72229
4.6000000000000005,0.21,4.0,1,N,72230
4.6000000000000005,0.21,4.0,2,N,72231
4.6000000000000005,0.21,4.0,3,N,72232
4.6000000000000005,0.21,4.0,4,N,72233
4.6000000000000005,0.21,4.0,5,N,72234
4.6000000000000005,0.21,4.300000000000002,1,N,72235
4.6000000000000005,0.21,4.300000000000002,2,N,72236
4.6000000000000005,0.21,4.300000000000002,3,N,72237
4.6000000000000005,0.21,4.300000000000002,4,N,72238
4.6000000000000005,0.21,4.300000000000002,5,N,72239
4.6000000000000005,0.21,4.6000000000000005,1,N,72240
4.6000000000000005,0.21,4.6000000000000005,2,N,72241
4.6000000000000005,0.21,4.6000000000000005,3,N,72242
4.6000000000000005,0.21,4.6000000000000005,4,N,72243
4.6000000000000005,0.21,4.6000000000000005,5,N,72244
4.6000000000000005,0.21,4.9,1,N,72245
4.6000000000000005,0.21,4.9,2,N,72246
4.6000000000000005,0.21,4.9,3,N,72247
4.6000000000000005,0.21,4.9,4,N,72248
4.6000000000000005,0.21,4.9,5,N,72249
4.6000000000000005,0.31000000000000005,0.01,1,N,72250
4.6000000000000005,0.31000000000000005,0.01,2,N,72251
4.6000000000000005,0.31000000000000005,0.01,3,N,72252
4.6000000000000005,0.31000000000000005,0.01,4,N,72253
4.6000000000000005,0.31000000000000005,0.01,5,N,72254
4.6000000000000005,0.31000000000000005,0.11,1,N,72255
4.6000000000000005,0.31000000000000005,0.11,2,N,72256
4.6000000000000005,0.31000000000000005,0.11,3,N,72257
4.6000000000000005,0.31000000000000005,0.11,4,N,72258
4.6000000000000005,0.31000000000000005,0.11,5,N,72259
4.6000000000000005,0.31000000000000005,0.21,1,N,72260
4.6000000000000005,0.31000000000000005,0.21,2,N,72261
4.6000000000000005,0.31000000000000005,0.21,3,N,72262
4.6000000000000005,0.31000000000000005,0.21,4,N,72263
4.6000000000000005,0.31000000000000005,0.21,5,N,72264
4.6000000000000005,0.31000000000000005,0.31000000000000005,1,N,72265
4.6000000000000005,0.31000000000000005,0.31000000000000005,2,N,72266
4.6000000000000005,0.31000000000000005,0.31000000000000005,3,N,72267
4.6000000000000005,0.31000000000000005,0.31000000000000005,4,N,72268
4.6000000000000005,0.31000000000000005,0.31000000000000005,5,N,72269
4.6000000000000005,0.31000000000000005,0.41,1,N,72270
4.6000000000000005,0.31000000000000005,0.41,2,N,72271
4.6000000000000005,0.31000000000000005,0.41,3,N,72272
4.6000000000000005,0.31000000000000005,0.41,4,N,72273
4.6000000000000005,0.31000000000000005,0.41,5,N,72274
4.6000000000000005,0.31000000000000005,0.51,1,N,72275
4.6000000000000005,0.31000000000000005,0.51,2,N,72276
4.6000000000000005,0.31000000000000005,0.51,3,N,72277
4.6000000000000005,0.31000000000000005,0.51,4,N,72278
4.6000000000000005,0.31000000000000005,0.51,5,N,72279
4.6000000000000005,0.31000000000000005,0.6100000000000001,1,N,72280
4.6000000000000005,0.31000000000000005,0.6100000000000001,2,N,72281
4.6000000000000005,0.31000000000000005,0.6100000000000001,3,N,72282
4.6000000000000005,0.31000000000000005,0.6100000000000001,4,N,72283
4.6000000000000005,0.31000000000000005,0.6100000000000001,5,N,72284
4.6000000000000005,0.31000000000000005,0.7100000000000001,1,N,72285
4.6000000000000005,0.31000000000000005,0.7100000000000001,2,N,72286
4.6000000000000005,0.31000000000000005,0.7100000000000001,3,N,72287
4.6000000000000005,0.31000000000000005,0.7100000000000001,4,N,72288
4.6000000000000005,0.31000000000000005,0.7100000000000001,5,N,72289
4.6000000000000005,0.31000000000000005,0.81,1,N,72290
4.6000000000000005,0.31000000000000005,0.81,2,N,72291
4.6000000000000005,0.31000000000000005,0.81,3,N,72292
4.6000000000000005,0.31000000000000005,0.81,4,N,72293
4.6000000000000005,0.31000000000000005,0.81,5,N,72294
4.6000000000000005,0.31000000000000005,0.91,1,N,72295
4.6000000000000005,0.31000000000000005,0.91,2,N,72296
4.6000000000000005,0.31000000000000005,0.91,3,N,72297
4.6000000000000005,0.31000000000000005,0.91,4,N,72298
4.6000000000000005,0.31000000000000005,0.91,5,N,72299
4.6000000000000005,0.31000000000000005,1.01,1,N,72300
4.6000000000000005,0.31000000000000005,1.01,2,N,72301
4.6000000000000005,0.31000000000000005,1.01,3,N,72302
4.6000000000000005,0.31000000000000005,1.01,4,N,72303
4.6000000000000005,0.31000000000000005,1.01,5,N,72304
4.6000000000000005,0.31000000000000005,1.11,1,N,72305
4.6000000000000005,0.31000000000000005,1.11,2,N,72306
4.6000000000000005,0.31000000000000005,1.11,3,N,72307
4.6000000000000005,0.31000000000000005,1.11,4,N,72308
4.6000000000000005,0.31000000000000005,1.11,5,N,72309
4.6000000000000005,0.31000000000000005,1.3,1,N,72310
4.6000000000000005,0.31000000000000005,1.3,2,N,72311
4.6000000000000005,0.31000000000000005,1.3,3,N,72312
4.6000000000000005,0.31000000000000005,1.3,4,N,72313
4.6000000000000005,0.31000000000000005,1.3,5,N,72314
4.6000000000000005,0.31000000000000005,1.6,1,N,72315
4.6000000000000005,0.31000000000000005,1.6,2,N,72316
4.6000000000000005,0.31000000000000005,1.6,3,N,72317
4.6000000000000005,0.31000000000000005,1.6,4,N,72318
4.6000000000000005,0.31000000000000005,1.6,5,N,72319
4.6000000000000005,0.31000000000000005,1.9,1,N,72320
4.6000000000000005,0.31000000000000005,1.9,2,N,72321
4.6000000000000005,0.31000000000000005,1.9,3,N,72322
4.6000000000000005,0.31000000000000005,1.9,4,N,72323
4.6000000000000005,0.31000000000000005,1.9,5,N,72324
4.6000000000000005,0.31000000000000005,2.2,1,N,72325
4.6000000000000005,0.31000000000000005,2.2,2,N,72326
4.6000000000000005,0.31000000000000005,2.2,3,N,72327
4.6000000000000005,0.31000000000000005,2.2,4,N,72328
4.6000000000000005,0.31000000000000005,2.2,5,N,72329
4.6000000000000005,0.31000000000000005,2.5,1,N,72330
4.6000000000000005,0.31000000000000005,2.5,2,N,72331
4.6000000000000005,0.31000000000000005,2.5,3,N,72332
4.6000000000000005,0.31000000000000005,2.5,4,N,72333
4.6000000000000005,0.31000000000000005,2.5,5,N,72334
4.6000000000000005,0.31000000000000005,2.8000000000000003,1,N,72335
4.6000000000000005,0.31000000000000005,2.8000000000000003,2,N,72336
4.6000000000000005,0.31000000000000005,2.8000000000000003,3,N,72337
4.6000000000000005,0.31000000000000005,2.8000000000000003,4,N,72338
4.6000000000000005,0.31000000000000005,2.8000000000000003,5,N,72339
4.6000000000000005,0.31000000000000005,3.1000000000000005,1,N,72340
4.6000000000000005,0.31000000000000005,3.1000000000000005,2,N,72341
4.6000000000000005,0.31000000000000005,3.1000000000000005,3,N,72342
4.6000000000000005,0.31000000000000005,3.1000000000000005,4,N,72343
4.6000000000000005,0.31000000000000005,3.1000000000000005,5,N,72344
4.6000000000000005,0.31000000000000005,3.4000000000000004,1,N,72345
4.6000000000000005,0.31000000000000005,3.4000000000000004,2,N,72346
4.6000000000000005,0.31000000000000005,3.4000000000000004,3,N,72347
4.6000000000000005,0.31000000000000005,3.4000000000000004,4,N,72348
4.6000000000000005,0.31000000000000005,3.4000000000000004,5,N,72349
4.6000000000000005,0.31000000000000005,3.7,1,N,72350
4.6000000000000005,0.31000000000000005,3.7,2,N,72351
4.6000000000000005,0.31000000000000005,3.7,3,N,72352
4.6000000000000005,0.31000000000000005,3.7,4,N,72353
4.6000000000000005,0.31000000000000005,3.7,5,N,72354
4.6000000000000005,0.31000000000000005,4.0,1,N,72355
4.6000000000000005,0.31000000000000005,4.0,2,N,72356
4.6000000000000005,0.31000000000000005,4.0,3,N,72357
4.6000000000000005,0.31000000000000005,4.0,4,N,72358
4.6000000000000005,0.31000000000000005,4.0,5,N,72359
4.6000000000000005,0.31000000000000005,4.300000000000002,1,N,72360
4.6000000000000005,0.31000000000000005,4.300000000000002,2,N,72361
4.6000000000000005,0.31000000000000005,4.300000000000002,3,N,72362
4.6000000000000005,0.31000000000000005,4.300000000000002,4,N,72363
4.6000000000000005,0.31000000000000005,4.300000000000002,5,N,72364
4.6000000000000005,0.31000000000000005,4.6000000000000005,1,N,72365
4.6000000000000005,0.31000000000000005,4.6000000000000005,2,N,72366
4.6000000000000005,0.31000000000000005,4.6000000000000005,3,N,72367
4.6000000000000005,0.31000000000000005,4.6000000000000005,4,N,72368
4.6000000000000005,0.31000000000000005,4.6000000000000005,5,N,72369
4.6000000000000005,0.31000000000000005,4.9,1,N,72370
4.6000000000000005,0.31000000000000005,4.9,2,N,72371
4.6000000000000005,0.31000000000000005,4.9,3,N,72372
4.6000000000000005,0.31000000000000005,4.9,4,N,72373
4.6000000000000005,0.31000000000000005,4.9,5,N,72374
4.6000000000000005,0.41,0.01,1,N,72375
4.6000000000000005,0.41,0.01,2,N,72376
4.6000000000000005,0.41,0.01,3,N,72377
4.6000000000000005,0.41,0.01,4,N,72378
4.6000000000000005,0.41,0.01,5,N,72379
4.6000000000000005,0.41,0.11,1,N,72380
4.6000000000000005,0.41,0.11,2,N,72381
4.6000000000000005,0.41,0.11,3,N,72382
4.6000000000000005,0.41,0.11,4,N,72383
4.6000000000000005,0.41,0.11,5,N,72384
4.6000000000000005,0.41,0.21,1,N,72385
4.6000000000000005,0.41,0.21,2,N,72386
4.6000000000000005,0.41,0.21,3,N,72387
4.6000000000000005,0.41,0.21,4,N,72388
4.6000000000000005,0.41,0.21,5,N,72389
4.6000000000000005,0.41,0.31000000000000005,1,N,72390
4.6000000000000005,0.41,0.31000000000000005,2,N,72391
4.6000000000000005,0.41,0.31000000000000005,3,N,72392
4.6000000000000005,0.41,0.31000000000000005,4,N,72393
4.6000000000000005,0.41,0.31000000000000005,5,N,72394
4.6000000000000005,0.41,0.41,1,N,72395
4.6000000000000005,0.41,0.41,2,N,72396
4.6000000000000005,0.41,0.41,3,N,72397
4.6000000000000005,0.41,0.41,4,N,72398
4.6000000000000005,0.41,0.41,5,N,72399
4.6000000000000005,0.41,0.51,1,N,72400
4.6000000000000005,0.41,0.51,2,N,72401
4.6000000000000005,0.41,0.51,3,N,72402
4.6000000000000005,0.41,0.51,4,N,72403
4.6000000000000005,0.41,0.51,5,N,72404
4.6000000000000005,0.41,0.6100000000000001,1,N,72405
4.6000000000000005,0.41,0.6100000000000001,2,N,72406
4.6000000000000005,0.41,0.6100000000000001,3,N,72407
4.6000000000000005,0.41,0.6100000000000001,4,N,72408
4.6000000000000005,0.41,0.6100000000000001,5,N,72409
4.6000000000000005,0.41,0.7100000000000001,1,N,72410
4.6000000000000005,0.41,0.7100000000000001,2,N,72411
4.6000000000000005,0.41,0.7100000000000001,3,N,72412
4.6000000000000005,0.41,0.7100000000000001,4,N,72413
4.6000000000000005,0.41,0.7100000000000001,5,N,72414
4.6000000000000005,0.41,0.81,1,N,72415
4.6000000000000005,0.41,0.81,2,N,72416
4.6000000000000005,0.41,0.81,3,N,72417
4.6000000000000005,0.41,0.81,4,N,72418
4.6000000000000005,0.41,0.81,5,N,72419
4.6000000000000005,0.41,0.91,1,N,72420
4.6000000000000005,0.41,0.91,2,N,72421
4.6000000000000005,0.41,0.91,3,N,72422
4.6000000000000005,0.41,0.91,4,N,72423
4.6000000000000005,0.41,0.91,5,N,72424
4.6000000000000005,0.41,1.01,1,N,72425
4.6000000000000005,0.41,1.01,2,N,72426
4.6000000000000005,0.41,1.01,3,N,72427
4.6000000000000005,0.41,1.01,4,N,72428
4.6000000000000005,0.41,1.01,5,N,72429
4.6000000000000005,0.41,1.11,1,N,72430
4.6000000000000005,0.41,1.11,2,N,72431
4.6000000000000005,0.41,1.11,3,N,72432
4.6000000000000005,0.41,1.11,4,N,72433
4.6000000000000005,0.41,1.11,5,N,72434
4.6000000000000005,0.41,1.3,1,N,72435
4.6000000000000005,0.41,1.3,2,N,72436
4.6000000000000005,0.41,1.3,3,N,72437
4.6000000000000005,0.41,1.3,4,N,72438
4.6000000000000005,0.41,1.3,5,N,72439
4.6000000000000005,0.41,1.6,1,N,72440
4.6000000000000005,0.41,1.6,2,N,72441
4.6000000000000005,0.41,1.6,3,N,72442
4.6000000000000005,0.41,1.6,4,N,72443
4.6000000000000005,0.41,1.6,5,N,72444
4.6000000000000005,0.41,1.9,1,N,72445
4.6000000000000005,0.41,1.9,2,N,72446
4.6000000000000005,0.41,1.9,3,N,72447
4.6000000000000005,0.41,1.9,4,N,72448
4.6000000000000005,0.41,1.9,5,N,72449
4.6000000000000005,0.41,2.2,1,N,72450
4.6000000000000005,0.41,2.2,2,N,72451
4.6000000000000005,0.41,2.2,3,N,72452
4.6000000000000005,0.41,2.2,4,N,72453
4.6000000000000005,0.41,2.2,5,N,72454
4.6000000000000005,0.41,2.5,1,N,72455
4.6000000000000005,0.41,2.5,2,N,72456
4.6000000000000005,0.41,2.5,3,N,72457
4.6000000000000005,0.41,2.5,4,N,72458
4.6000000000000005,0.41,2.5,5,N,72459
4.6000000000000005,0.41,2.8000000000000003,1,N,72460
4.6000000000000005,0.41,2.8000000000000003,2,N,72461
4.6000000000000005,0.41,2.8000000000000003,3,N,72462
4.6000000000000005,0.41,2.8000000000000003,4,N,72463
4.6000000000000005,0.41,2.8000000000000003,5,N,72464
4.6000000000000005,0.41,3.1000000000000005,1,N,72465
4.6000000000000005,0.41,3.1000000000000005,2,N,72466
4.6000000000000005,0.41,3.1000000000000005,3,N,72467
4.6000000000000005,0.41,3.1000000000000005,4,N,72468
4.6000000000000005,0.41,3.1000000000000005,5,N,72469
4.6000000000000005,0.41,3.4000000000000004,1,N,72470
4.6000000000000005,0.41,3.4000000000000004,2,N,72471
4.6000000000000005,0.41,3.4000000000000004,3,N,72472
4.6000000000000005,0.41,3.4000000000000004,4,N,72473
4.6000000000000005,0.41,3.4000000000000004,5,N,72474
4.6000000000000005,0.41,3.7,1,N,72475
4.6000000000000005,0.41,3.7,2,N,72476
4.6000000000000005,0.41,3.7,3,N,72477
4.6000000000000005,0.41,3.7,4,N,72478
4.6000000000000005,0.41,3.7,5,N,72479
4.6000000000000005,0.41,4.0,1,N,72480
4.6000000000000005,0.41,4.0,2,N,72481
4.6000000000000005,0.41,4.0,3,N,72482
4.6000000000000005,0.41,4.0,4,N,72483
4.6000000000000005,0.41,4.0,5,N,72484
4.6000000000000005,0.41,4.300000000000002,1,N,72485
4.6000000000000005,0.41,4.300000000000002,2,N,72486
4.6000000000000005,0.41,4.300000000000002,3,N,72487
4.6000000000000005,0.41,4.300000000000002,4,N,72488
4.6000000000000005,0.41,4.300000000000002,5,N,72489
4.6000000000000005,0.41,4.6000000000000005,1,N,72490
4.6000000000000005,0.41,4.6000000000000005,2,N,72491
4.6000000000000005,0.41,4.6000000000000005,3,N,72492
4.6000000000000005,0.41,4.6000000000000005,4,N,72493
4.6000000000000005,0.41,4.6000000000000005,5,N,72494
4.6000000000000005,0.41,4.9,1,N,72495
4.6000000000000005,0.41,4.9,2,N,72496
4.6000000000000005,0.41,4.9,3,N,72497
4.6000000000000005,0.41,4.9,4,N,72498
4.6000000000000005,0.41,4.9,5,N,72499
4.6000000000000005,0.51,0.01,1,N,72500
4.6000000000000005,0.51,0.01,2,N,72501
4.6000000000000005,0.51,0.01,3,N,72502
4.6000000000000005,0.51,0.01,4,N,72503
4.6000000000000005,0.51,0.01,5,N,72504
4.6000000000000005,0.51,0.11,1,N,72505
4.6000000000000005,0.51,0.11,2,N,72506
4.6000000000000005,0.51,0.11,3,N,72507
4.6000000000000005,0.51,0.11,4,N,72508
4.6000000000000005,0.51,0.11,5,N,72509
4.6000000000000005,0.51,0.21,1,N,72510
4.6000000000000005,0.51,0.21,2,N,72511
4.6000000000000005,0.51,0.21,3,N,72512
4.6000000000000005,0.51,0.21,4,N,72513
4.6000000000000005,0.51,0.21,5,N,72514
4.6000000000000005,0.51,0.31000000000000005,1,N,72515
4.6000000000000005,0.51,0.31000000000000005,2,N,72516
4.6000000000000005,0.51,0.31000000000000005,3,N,72517
4.6000000000000005,0.51,0.31000000000000005,4,N,72518
4.6000000000000005,0.51,0.31000000000000005,5,N,72519
4.6000000000000005,0.51,0.41,1,N,72520
4.6000000000000005,0.51,0.41,2,N,72521
4.6000000000000005,0.51,0.41,3,N,72522
4.6000000000000005,0.51,0.41,4,N,72523
4.6000000000000005,0.51,0.41,5,N,72524
4.6000000000000005,0.51,0.51,1,N,72525
4.6000000000000005,0.51,0.51,2,N,72526
4.6000000000000005,0.51,0.51,3,N,72527
4.6000000000000005,0.51,0.51,4,N,72528
4.6000000000000005,0.51,0.51,5,N,72529
4.6000000000000005,0.51,0.6100000000000001,1,N,72530
4.6000000000000005,0.51,0.6100000000000001,2,N,72531
4.6000000000000005,0.51,0.6100000000000001,3,N,72532
4.6000000000000005,0.51,0.6100000000000001,4,N,72533
4.6000000000000005,0.51,0.6100000000000001,5,N,72534
4.6000000000000005,0.51,0.7100000000000001,1,N,72535
4.6000000000000005,0.51,0.7100000000000001,2,N,72536
4.6000000000000005,0.51,0.7100000000000001,3,N,72537
4.6000000000000005,0.51,0.7100000000000001,4,N,72538
4.6000000000000005,0.51,0.7100000000000001,5,N,72539
4.6000000000000005,0.51,0.81,1,N,72540
4.6000000000000005,0.51,0.81,2,N,72541
4.6000000000000005,0.51,0.81,3,N,72542
4.6000000000000005,0.51,0.81,4,N,72543
4.6000000000000005,0.51,0.81,5,N,72544
4.6000000000000005,0.51,0.91,1,N,72545
4.6000000000000005,0.51,0.91,2,N,72546
4.6000000000000005,0.51,0.91,3,N,72547
4.6000000000000005,0.51,0.91,4,N,72548
4.6000000000000005,0.51,0.91,5,N,72549
4.6000000000000005,0.51,1.01,1,N,72550
4.6000000000000005,0.51,1.01,2,N,72551
4.6000000000000005,0.51,1.01,3,N,72552
4.6000000000000005,0.51,1.01,4,N,72553
4.6000000000000005,0.51,1.01,5,N,72554
4.6000000000000005,0.51,1.11,1,N,72555
4.6000000000000005,0.51,1.11,2,N,72556
4.6000000000000005,0.51,1.11,3,N,72557
4.6000000000000005,0.51,1.11,4,N,72558
4.6000000000000005,0.51,1.11,5,N,72559
4.6000000000000005,0.51,1.3,1,N,72560
4.6000000000000005,0.51,1.3,2,N,72561
4.6000000000000005,0.51,1.3,3,N,72562
4.6000000000000005,0.51,1.3,4,N,72563
4.6000000000000005,0.51,1.3,5,N,72564
4.6000000000000005,0.51,1.6,1,N,72565
4.6000000000000005,0.51,1.6,2,N,72566
4.6000000000000005,0.51,1.6,3,N,72567
4.6000000000000005,0.51,1.6,4,N,72568
4.6000000000000005,0.51,1.6,5,N,72569
4.6000000000000005,0.51,1.9,1,N,72570
4.6000000000000005,0.51,1.9,2,N,72571
4.6000000000000005,0.51,1.9,3,N,72572
4.6000000000000005,0.51,1.9,4,N,72573
4.6000000000000005,0.51,1.9,5,N,72574
4.6000000000000005,0.51,2.2,1,N,72575
4.6000000000000005,0.51,2.2,2,N,72576
4.6000000000000005,0.51,2.2,3,N,72577
4.6000000000000005,0.51,2.2,4,N,72578
4.6000000000000005,0.51,2.2,5,N,72579
4.6000000000000005,0.51,2.5,1,N,72580
4.6000000000000005,0.51,2.5,2,N,72581
4.6000000000000005,0.51,2.5,3,N,72582
4.6000000000000005,0.51,2.5,4,N,72583
4.6000000000000005,0.51,2.5,5,N,72584
4.6000000000000005,0.51,2.8000000000000003,1,N,72585
4.6000000000000005,0.51,2.8000000000000003,2,N,72586
4.6000000000000005,0.51,2.8000000000000003,3,N,72587
4.6000000000000005,0.51,2.8000000000000003,4,N,72588
4.6000000000000005,0.51,2.8000000000000003,5,N,72589
4.6000000000000005,0.51,3.1000000000000005,1,N,72590
4.6000000000000005,0.51,3.1000000000000005,2,N,72591
4.6000000000000005,0.51,3.1000000000000005,3,N,72592
4.6000000000000005,0.51,3.1000000000000005,4,N,72593
4.6000000000000005,0.51,3.1000000000000005,5,N,72594
4.6000000000000005,0.51,3.4000000000000004,1,N,72595
4.6000000000000005,0.51,3.4000000000000004,2,N,72596
4.6000000000000005,0.51,3.4000000000000004,3,N,72597
4.6000000000000005,0.51,3.4000000000000004,4,N,72598
4.6000000000000005,0.51,3.4000000000000004,5,N,72599
4.6000000000000005,0.51,3.7,1,N,72600
4.6000000000000005,0.51,3.7,2,N,72601
4.6000000000000005,0.51,3.7,3,N,72602
4.6000000000000005,0.51,3.7,4,N,72603
4.6000000000000005,0.51,3.7,5,N,72604
4.6000000000000005,0.51,4.0,1,N,72605
4.6000000000000005,0.51,4.0,2,N,72606
4.6000000000000005,0.51,4.0,3,N,72607
4.6000000000000005,0.51,4.0,4,N,72608
4.6000000000000005,0.51,4.0,5,N,72609
4.6000000000000005,0.51,4.300000000000002,1,N,72610
4.6000000000000005,0.51,4.300000000000002,2,N,72611
4.6000000000000005,0.51,4.300000000000002,3,N,72612
4.6000000000000005,0.51,4.300000000000002,4,N,72613
4.6000000000000005,0.51,4.300000000000002,5,N,72614
4.6000000000000005,0.51,4.6000000000000005,1,N,72615
4.6000000000000005,0.51,4.6000000000000005,2,N,72616
4.6000000000000005,0.51,4.6000000000000005,3,N,72617
4.6000000000000005,0.51,4.6000000000000005,4,N,72618
4.6000000000000005,0.51,4.6000000000000005,5,N,72619
4.6000000000000005,0.51,4.9,1,N,72620
4.6000000000000005,0.51,4.9,2,N,72621
4.6000000000000005,0.51,4.9,3,N,72622
4.6000000000000005,0.51,4.9,4,N,72623
4.6000000000000005,0.51,4.9,5,N,72624
4.6000000000000005,0.6100000000000001,0.01,1,N,72625
4.6000000000000005,0.6100000000000001,0.01,2,N,72626
4.6000000000000005,0.6100000000000001,0.01,3,N,72627
4.6000000000000005,0.6100000000000001,0.01,4,N,72628
4.6000000000000005,0.6100000000000001,0.01,5,N,72629
4.6000000000000005,0.6100000000000001,0.11,1,N,72630
4.6000000000000005,0.6100000000000001,0.11,2,N,72631
4.6000000000000005,0.6100000000000001,0.11,3,N,72632
4.6000000000000005,0.6100000000000001,0.11,4,N,72633
4.6000000000000005,0.6100000000000001,0.11,5,N,72634
4.6000000000000005,0.6100000000000001,0.21,1,N,72635
4.6000000000000005,0.6100000000000001,0.21,2,N,72636
4.6000000000000005,0.6100000000000001,0.21,3,N,72637
4.6000000000000005,0.6100000000000001,0.21,4,N,72638
4.6000000000000005,0.6100000000000001,0.21,5,N,72639
4.6000000000000005,0.6100000000000001,0.31000000000000005,1,N,72640
4.6000000000000005,0.6100000000000001,0.31000000000000005,2,N,72641
4.6000000000000005,0.6100000000000001,0.31000000000000005,3,N,72642
4.6000000000000005,0.6100000000000001,0.31000000000000005,4,N,72643
4.6000000000000005,0.6100000000000001,0.31000000000000005,5,N,72644
4.6000000000000005,0.6100000000000001,0.41,1,N,72645
4.6000000000000005,0.6100000000000001,0.41,2,N,72646
4.6000000000000005,0.6100000000000001,0.41,3,N,72647
4.6000000000000005,0.6100000000000001,0.41,4,N,72648
4.6000000000000005,0.6100000000000001,0.41,5,N,72649
4.6000000000000005,0.6100000000000001,0.51,1,N,72650
4.6000000000000005,0.6100000000000001,0.51,2,N,72651
4.6000000000000005,0.6100000000000001,0.51,3,N,72652
4.6000000000000005,0.6100000000000001,0.51,4,N,72653
4.6000000000000005,0.6100000000000001,0.51,5,N,72654
4.6000000000000005,0.6100000000000001,0.6100000000000001,1,N,72655
4.6000000000000005,0.6100000000000001,0.6100000000000001,2,N,72656
4.6000000000000005,0.6100000000000001,0.6100000000000001,3,N,72657
4.6000000000000005,0.6100000000000001,0.6100000000000001,4,N,72658
4.6000000000000005,0.6100000000000001,0.6100000000000001,5,N,72659
4.6000000000000005,0.6100000000000001,0.7100000000000001,1,N,72660
4.6000000000000005,0.6100000000000001,0.7100000000000001,2,N,72661
4.6000000000000005,0.6100000000000001,0.7100000000000001,3,N,72662
4.6000000000000005,0.6100000000000001,0.7100000000000001,4,N,72663
4.6000000000000005,0.6100000000000001,0.7100000000000001,5,N,72664
4.6000000000000005,0.6100000000000001,0.81,1,N,72665
4.6000000000000005,0.6100000000000001,0.81,2,N,72666
4.6000000000000005,0.6100000000000001,0.81,3,N,72667
4.6000000000000005,0.6100000000000001,0.81,4,N,72668
4.6000000000000005,0.6100000000000001,0.81,5,N,72669
4.6000000000000005,0.6100000000000001,0.91,1,N,72670
4.6000000000000005,0.6100000000000001,0.91,2,N,72671
4.6000000000000005,0.6100000000000001,0.91,3,N,72672
4.6000000000000005,0.6100000000000001,0.91,4,N,72673
4.6000000000000005,0.6100000000000001,0.91,5,N,72674
4.6000000000000005,0.6100000000000001,1.01,1,N,72675
4.6000000000000005,0.6100000000000001,1.01,2,N,72676
4.6000000000000005,0.6100000000000001,1.01,3,N,72677
4.6000000000000005,0.6100000000000001,1.01,4,N,72678
4.6000000000000005,0.6100000000000001,1.01,5,N,72679
4.6000000000000005,0.6100000000000001,1.11,1,N,72680
4.6000000000000005,0.6100000000000001,1.11,2,N,72681
4.6000000000000005,0.6100000000000001,1.11,3,N,72682
4.6000000000000005,0.6100000000000001,1.11,4,N,72683
4.6000000000000005,0.6100000000000001,1.11,5,N,72684
4.6000000000000005,0.6100000000000001,1.3,1,N,72685
4.6000000000000005,0.6100000000000001,1.3,2,N,72686
4.6000000000000005,0.6100000000000001,1.3,3,N,72687
4.6000000000000005,0.6100000000000001,1.3,4,N,72688
4.6000000000000005,0.6100000000000001,1.3,5,N,72689
4.6000000000000005,0.6100000000000001,1.6,1,N,72690
4.6000000000000005,0.6100000000000001,1.6,2,N,72691
4.6000000000000005,0.6100000000000001,1.6,3,N,72692
4.6000000000000005,0.6100000000000001,1.6,4,N,72693
4.6000000000000005,0.6100000000000001,1.6,5,N,72694
4.6000000000000005,0.6100000000000001,1.9,1,N,72695
4.6000000000000005,0.6100000000000001,1.9,2,N,72696
4.6000000000000005,0.6100000000000001,1.9,3,N,72697
4.6000000000000005,0.6100000000000001,1.9,4,N,72698
4.6000000000000005,0.6100000000000001,1.9,5,N,72699
4.6000000000000005,0.6100000000000001,2.2,1,N,72700
4.6000000000000005,0.6100000000000001,2.2,2,N,72701
4.6000000000000005,0.6100000000000001,2.2,3,N,72702
4.6000000000000005,0.6100000000000001,2.2,4,N,72703
4.6000000000000005,0.6100000000000001,2.2,5,N,72704
4.6000000000000005,0.6100000000000001,2.5,1,N,72705
4.6000000000000005,0.6100000000000001,2.5,2,N,72706
4.6000000000000005,0.6100000000000001,2.5,3,N,72707
4.6000000000000005,0.6100000000000001,2.5,4,N,72708
4.6000000000000005,0.6100000000000001,2.5,5,N,72709
4.6000000000000005,0.6100000000000001,2.8000000000000003,1,N,72710
4.6000000000000005,0.6100000000000001,2.8000000000000003,2,N,72711
4.6000000000000005,0.6100000000000001,2.8000000000000003,3,N,72712
4.6000000000000005,0.6100000000000001,2.8000000000000003,4,N,72713
4.6000000000000005,0.6100000000000001,2.8000000000000003,5,N,72714
4.6000000000000005,0.6100000000000001,3.1000000000000005,1,N,72715
4.6000000000000005,0.6100000000000001,3.1000000000000005,2,N,72716
4.6000000000000005,0.6100000000000001,3.1000000000000005,3,N,72717
4.6000000000000005,0.6100000000000001,3.1000000000000005,4,N,72718
4.6000000000000005,0.6100000000000001,3.1000000000000005,5,N,72719
4.6000000000000005,0.6100000000000001,3.4000000000000004,1,N,72720
4.6000000000000005,0.6100000000000001,3.4000000000000004,2,N,72721
4.6000000000000005,0.6100000000000001,3.4000000000000004,3,N,72722
4.6000000000000005,0.6100000000000001,3.4000000000000004,4,N,72723
4.6000000000000005,0.6100000000000001,3.4000000000000004,5,N,72724
4.6000000000000005,0.6100000000000001,3.7,1,N,72725
4.6000000000000005,0.6100000000000001,3.7,2,N,72726
4.6000000000000005,0.6100000000000001,3.7,3,N,72727
4.6000000000000005,0.6100000000000001,3.7,4,N,72728
4.6000000000000005,0.6100000000000001,3.7,5,N,72729
4.6000000000000005,0.6100000000000001,4.0,1,N,72730
4.6000000000000005,0.6100000000000001,4.0,2,N,72731
4.6000000000000005,0.6100000000000001,4.0,3,N,72732
4.6000000000000005,0.6100000000000001,4.0,4,N,72733
4.6000000000000005,0.6100000000000001,4.0,5,N,72734
4.6000000000000005,0.6100000000000001,4.300000000000002,1,N,72735
4.6000000000000005,0.6100000000000001,4.300000000000002,2,N,72736
4.6000000000000005,0.6100000000000001,4.300000000000002,3,N,72737
4.6000000000000005,0.6100000000000001,4.300000000000002,4,N,72738
4.6000000000000005,0.6100000000000001,4.300000000000002,5,N,72739
4.6000000000000005,0.6100000000000001,4.6000000000000005,1,N,72740
4.6000000000000005,0.6100000000000001,4.6000000000000005,2,N,72741
4.6000000000000005,0.6100000000000001,4.6000000000000005,3,N,72742
4.6000000000000005,0.6100000000000001,4.6000000000000005,4,N,72743
4.6000000000000005,0.6100000000000001,4.6000000000000005,5,N,72744
4.6000000000000005,0.6100000000000001,4.9,1,N,72745
4.6000000000000005,0.6100000000000001,4.9,2,N,72746
4.6000000000000005,0.6100000000000001,4.9,3,N,72747
4.6000000000000005,0.6100000000000001,4.9,4,N,72748
4.6000000000000005,0.6100000000000001,4.9,5,N,72749
4.6000000000000005,0.7100000000000001,0.01,1,N,72750
4.6000000000000005,0.7100000000000001,0.01,2,N,72751
4.6000000000000005,0.7100000000000001,0.01,3,N,72752
4.6000000000000005,0.7100000000000001,0.01,4,N,72753
4.6000000000000005,0.7100000000000001,0.01,5,N,72754
4.6000000000000005,0.7100000000000001,0.11,1,N,72755
4.6000000000000005,0.7100000000000001,0.11,2,N,72756
4.6000000000000005,0.7100000000000001,0.11,3,N,72757
4.6000000000000005,0.7100000000000001,0.11,4,N,72758
4.6000000000000005,0.7100000000000001,0.11,5,N,72759
4.6000000000000005,0.7100000000000001,0.21,1,N,72760
4.6000000000000005,0.7100000000000001,0.21,2,N,72761
4.6000000000000005,0.7100000000000001,0.21,3,N,72762
4.6000000000000005,0.7100000000000001,0.21,4,N,72763
4.6000000000000005,0.7100000000000001,0.21,5,N,72764
4.6000000000000005,0.7100000000000001,0.31000000000000005,1,N,72765
4.6000000000000005,0.7100000000000001,0.31000000000000005,2,N,72766
4.6000000000000005,0.7100000000000001,0.31000000000000005,3,N,72767
4.6000000000000005,0.7100000000000001,0.31000000000000005,4,N,72768
4.6000000000000005,0.7100000000000001,0.31000000000000005,5,N,72769
4.6000000000000005,0.7100000000000001,0.41,1,N,72770
4.6000000000000005,0.7100000000000001,0.41,2,N,72771
4.6000000000000005,0.7100000000000001,0.41,3,N,72772
4.6000000000000005,0.7100000000000001,0.41,4,N,72773
4.6000000000000005,0.7100000000000001,0.41,5,N,72774
4.6000000000000005,0.7100000000000001,0.51,1,N,72775
4.6000000000000005,0.7100000000000001,0.51,2,N,72776
4.6000000000000005,0.7100000000000001,0.51,3,N,72777
4.6000000000000005,0.7100000000000001,0.51,4,N,72778
4.6000000000000005,0.7100000000000001,0.51,5,N,72779
4.6000000000000005,0.7100000000000001,0.6100000000000001,1,N,72780
4.6000000000000005,0.7100000000000001,0.6100000000000001,2,N,72781
4.6000000000000005,0.7100000000000001,0.6100000000000001,3,N,72782
4.6000000000000005,0.7100000000000001,0.6100000000000001,4,N,72783
4.6000000000000005,0.7100000000000001,0.6100000000000001,5,N,72784
4.6000000000000005,0.7100000000000001,0.7100000000000001,1,N,72785
4.6000000000000005,0.7100000000000001,0.7100000000000001,2,N,72786
4.6000000000000005,0.7100000000000001,0.7100000000000001,3,N,72787
4.6000000000000005,0.7100000000000001,0.7100000000000001,4,N,72788
4.6000000000000005,0.7100000000000001,0.7100000000000001,5,N,72789
4.6000000000000005,0.7100000000000001,0.81,1,N,72790
4.6000000000000005,0.7100000000000001,0.81,2,N,72791
4.6000000000000005,0.7100000000000001,0.81,3,N,72792
4.6000000000000005,0.7100000000000001,0.81,4,N,72793
4.6000000000000005,0.7100000000000001,0.81,5,N,72794
4.6000000000000005,0.7100000000000001,0.91,1,N,72795
4.6000000000000005,0.7100000000000001,0.91,2,N,72796
4.6000000000000005,0.7100000000000001,0.91,3,N,72797
4.6000000000000005,0.7100000000000001,0.91,4,N,72798
4.6000000000000005,0.7100000000000001,0.91,5,N,72799
4.6000000000000005,0.7100000000000001,1.01,1,N,72800
4.6000000000000005,0.7100000000000001,1.01,2,N,72801
4.6000000000000005,0.7100000000000001,1.01,3,N,72802
4.6000000000000005,0.7100000000000001,1.01,4,N,72803
4.6000000000000005,0.7100000000000001,1.01,5,N,72804
4.6000000000000005,0.7100000000000001,1.11,1,N,72805
4.6000000000000005,0.7100000000000001,1.11,2,N,72806
4.6000000000000005,0.7100000000000001,1.11,3,N,72807
4.6000000000000005,0.7100000000000001,1.11,4,N,72808
4.6000000000000005,0.7100000000000001,1.11,5,N,72809
4.6000000000000005,0.7100000000000001,1.3,1,N,72810
4.6000000000000005,0.7100000000000001,1.3,2,N,72811
4.6000000000000005,0.7100000000000001,1.3,3,N,72812
4.6000000000000005,0.7100000000000001,1.3,4,N,72813
4.6000000000000005,0.7100000000000001,1.3,5,N,72814
4.6000000000000005,0.7100000000000001,1.6,1,N,72815
4.6000000000000005,0.7100000000000001,1.6,2,N,72816
4.6000000000000005,0.7100000000000001,1.6,3,N,72817
4.6000000000000005,0.7100000000000001,1.6,4,N,72818
4.6000000000000005,0.7100000000000001,1.6,5,N,72819
4.6000000000000005,0.7100000000000001,1.9,1,N,72820
4.6000000000000005,0.7100000000000001,1.9,2,N,72821
4.6000000000000005,0.7100000000000001,1.9,3,N,72822
4.6000000000000005,0.7100000000000001,1.9,4,N,72823
4.6000000000000005,0.7100000000000001,1.9,5,N,72824
4.6000000000000005,0.7100000000000001,2.2,1,N,72825
4.6000000000000005,0.7100000000000001,2.2,2,N,72826
4.6000000000000005,0.7100000000000001,2.2,3,N,72827
4.6000000000000005,0.7100000000000001,2.2,4,N,72828
4.6000000000000005,0.7100000000000001,2.2,5,N,72829
4.6000000000000005,0.7100000000000001,2.5,1,N,72830
4.6000000000000005,0.7100000000000001,2.5,2,N,72831
4.6000000000000005,0.7100000000000001,2.5,3,N,72832
4.6000000000000005,0.7100000000000001,2.5,4,N,72833
4.6000000000000005,0.7100000000000001,2.5,5,N,72834
4.6000000000000005,0.7100000000000001,2.8000000000000003,1,N,72835
4.6000000000000005,0.7100000000000001,2.8000000000000003,2,N,72836
4.6000000000000005,0.7100000000000001,2.8000000000000003,3,N,72837
4.6000000000000005,0.7100000000000001,2.8000000000000003,4,N,72838
4.6000000000000005,0.7100000000000001,2.8000000000000003,5,N,72839
4.6000000000000005,0.7100000000000001,3.1000000000000005,1,N,72840
4.6000000000000005,0.7100000000000001,3.1000000000000005,2,N,72841
4.6000000000000005,0.7100000000000001,3.1000000000000005,3,N,72842
4.6000000000000005,0.7100000000000001,3.1000000000000005,4,N,72843
4.6000000000000005,0.7100000000000001,3.1000000000000005,5,N,72844
4.6000000000000005,0.7100000000000001,3.4000000000000004,1,N,72845
4.6000000000000005,0.7100000000000001,3.4000000000000004,2,N,72846
4.6000000000000005,0.7100000000000001,3.4000000000000004,3,N,72847
4.6000000000000005,0.7100000000000001,3.4000000000000004,4,N,72848
4.6000000000000005,0.7100000000000001,3.4000000000000004,5,N,72849
4.6000000000000005,0.7100000000000001,3.7,1,N,72850
4.6000000000000005,0.7100000000000001,3.7,2,N,72851
4.6000000000000005,0.7100000000000001,3.7,3,N,72852
4.6000000000000005,0.7100000000000001,3.7,4,N,72853
4.6000000000000005,0.7100000000000001,3.7,5,N,72854
4.6000000000000005,0.7100000000000001,4.0,1,N,72855
4.6000000000000005,0.7100000000000001,4.0,2,N,72856
4.6000000000000005,0.7100000000000001,4.0,3,N,72857
4.6000000000000005,0.7100000000000001,4.0,4,N,72858
4.6000000000000005,0.7100000000000001,4.0,5,N,72859
4.6000000000000005,0.7100000000000001,4.300000000000002,1,N,72860
4.6000000000000005,0.7100000000000001,4.300000000000002,2,N,72861
4.6000000000000005,0.7100000000000001,4.300000000000002,3,N,72862
4.6000000000000005,0.7100000000000001,4.300000000000002,4,N,72863
4.6000000000000005,0.7100000000000001,4.300000000000002,5,N,72864
4.6000000000000005,0.7100000000000001,4.6000000000000005,1,N,72865
4.6000000000000005,0.7100000000000001,4.6000000000000005,2,N,72866
4.6000000000000005,0.7100000000000001,4.6000000000000005,3,N,72867
4.6000000000000005,0.7100000000000001,4.6000000000000005,4,N,72868
4.6000000000000005,0.7100000000000001,4.6000000000000005,5,N,72869
4.6000000000000005,0.7100000000000001,4.9,1,N,72870
4.6000000000000005,0.7100000000000001,4.9,2,N,72871
4.6000000000000005,0.7100000000000001,4.9,3,N,72872
4.6000000000000005,0.7100000000000001,4.9,4,N,72873
4.6000000000000005,0.7100000000000001,4.9,5,N,72874
4.6000000000000005,0.81,0.01,1,N,72875
4.6000000000000005,0.81,0.01,2,N,72876
4.6000000000000005,0.81,0.01,3,N,72877
4.6000000000000005,0.81,0.01,4,N,72878
4.6000000000000005,0.81,0.01,5,N,72879
4.6000000000000005,0.81,0.11,1,N,72880
4.6000000000000005,0.81,0.11,2,N,72881
4.6000000000000005,0.81,0.11,3,N,72882
4.6000000000000005,0.81,0.11,4,N,72883
4.6000000000000005,0.81,0.11,5,N,72884
4.6000000000000005,0.81,0.21,1,N,72885
4.6000000000000005,0.81,0.21,2,N,72886
4.6000000000000005,0.81,0.21,3,N,72887
4.6000000000000005,0.81,0.21,4,N,72888
4.6000000000000005,0.81,0.21,5,N,72889
4.6000000000000005,0.81,0.31000000000000005,1,N,72890
4.6000000000000005,0.81,0.31000000000000005,2,N,72891
4.6000000000000005,0.81,0.31000000000000005,3,N,72892
4.6000000000000005,0.81,0.31000000000000005,4,N,72893
4.6000000000000005,0.81,0.31000000000000005,5,N,72894
4.6000000000000005,0.81,0.41,1,N,72895
4.6000000000000005,0.81,0.41,2,N,72896
4.6000000000000005,0.81,0.41,3,N,72897
4.6000000000000005,0.81,0.41,4,N,72898
4.6000000000000005,0.81,0.41,5,N,72899
4.6000000000000005,0.81,0.51,1,N,72900
4.6000000000000005,0.81,0.51,2,N,72901
4.6000000000000005,0.81,0.51,3,N,72902
4.6000000000000005,0.81,0.51,4,N,72903
4.6000000000000005,0.81,0.51,5,N,72904
4.6000000000000005,0.81,0.6100000000000001,1,N,72905
4.6000000000000005,0.81,0.6100000000000001,2,N,72906
4.6000000000000005,0.81,0.6100000000000001,3,N,72907
4.6000000000000005,0.81,0.6100000000000001,4,N,72908
4.6000000000000005,0.81,0.6100000000000001,5,N,72909
4.6000000000000005,0.81,0.7100000000000001,1,N,72910
4.6000000000000005,0.81,0.7100000000000001,2,N,72911
4.6000000000000005,0.81,0.7100000000000001,3,N,72912
4.6000000000000005,0.81,0.7100000000000001,4,N,72913
4.6000000000000005,0.81,0.7100000000000001,5,N,72914
4.6000000000000005,0.81,0.81,1,N,72915
4.6000000000000005,0.81,0.81,2,N,72916
4.6000000000000005,0.81,0.81,3,N,72917
4.6000000000000005,0.81,0.81,4,N,72918
4.6000000000000005,0.81,0.81,5,N,72919
4.6000000000000005,0.81,0.91,1,N,72920
4.6000000000000005,0.81,0.91,2,N,72921
4.6000000000000005,0.81,0.91,3,N,72922
4.6000000000000005,0.81,0.91,4,N,72923
4.6000000000000005,0.81,0.91,5,N,72924
4.6000000000000005,0.81,1.01,1,N,72925
4.6000000000000005,0.81,1.01,2,N,72926
4.6000000000000005,0.81,1.01,3,N,72927
4.6000000000000005,0.81,1.01,4,N,72928
4.6000000000000005,0.81,1.01,5,N,72929
4.6000000000000005,0.81,1.11,1,N,72930
4.6000000000000005,0.81,1.11,2,N,72931
4.6000000000000005,0.81,1.11,3,N,72932
4.6000000000000005,0.81,1.11,4,N,72933
4.6000000000000005,0.81,1.11,5,N,72934
4.6000000000000005,0.81,1.3,1,N,72935
4.6000000000000005,0.81,1.3,2,N,72936
4.6000000000000005,0.81,1.3,3,N,72937
4.6000000000000005,0.81,1.3,4,N,72938
4.6000000000000005,0.81,1.3,5,N,72939
4.6000000000000005,0.81,1.6,1,N,72940
4.6000000000000005,0.81,1.6,2,N,72941
4.6000000000000005,0.81,1.6,3,N,72942
4.6000000000000005,0.81,1.6,4,N,72943
4.6000000000000005,0.81,1.6,5,N,72944
4.6000000000000005,0.81,1.9,1,N,72945
4.6000000000000005,0.81,1.9,2,N,72946
4.6000000000000005,0.81,1.9,3,N,72947
4.6000000000000005,0.81,1.9,4,N,72948
4.6000000000000005,0.81,1.9,5,N,72949
4.6000000000000005,0.81,2.2,1,N,72950
4.6000000000000005,0.81,2.2,2,N,72951
4.6000000000000005,0.81,2.2,3,N,72952
4.6000000000000005,0.81,2.2,4,N,72953
4.6000000000000005,0.81,2.2,5,N,72954
4.6000000000000005,0.81,2.5,1,N,72955
4.6000000000000005,0.81,2.5,2,N,72956
4.6000000000000005,0.81,2.5,3,N,72957
4.6000000000000005,0.81,2.5,4,N,72958
4.6000000000000005,0.81,2.5,5,N,72959
4.6000000000000005,0.81,2.8000000000000003,1,N,72960
4.6000000000000005,0.81,2.8000000000000003,2,N,72961
4.6000000000000005,0.81,2.8000000000000003,3,N,72962
4.6000000000000005,0.81,2.8000000000000003,4,N,72963
4.6000000000000005,0.81,2.8000000000000003,5,N,72964
4.6000000000000005,0.81,3.1000000000000005,1,N,72965
4.6000000000000005,0.81,3.1000000000000005,2,N,72966
4.6000000000000005,0.81,3.1000000000000005,3,N,72967
4.6000000000000005,0.81,3.1000000000000005,4,N,72968
4.6000000000000005,0.81,3.1000000000000005,5,N,72969
4.6000000000000005,0.81,3.4000000000000004,1,N,72970
4.6000000000000005,0.81,3.4000000000000004,2,N,72971
4.6000000000000005,0.81,3.4000000000000004,3,N,72972
4.6000000000000005,0.81,3.4000000000000004,4,N,72973
4.6000000000000005,0.81,3.4000000000000004,5,N,72974
4.6000000000000005,0.81,3.7,1,N,72975
4.6000000000000005,0.81,3.7,2,N,72976
4.6000000000000005,0.81,3.7,3,N,72977
4.6000000000000005,0.81,3.7,4,N,72978
4.6000000000000005,0.81,3.7,5,N,72979
4.6000000000000005,0.81,4.0,1,N,72980
4.6000000000000005,0.81,4.0,2,N,72981
4.6000000000000005,0.81,4.0,3,N,72982
4.6000000000000005,0.81,4.0,4,N,72983
4.6000000000000005,0.81,4.0,5,N,72984
4.6000000000000005,0.81,4.300000000000002,1,N,72985
4.6000000000000005,0.81,4.300000000000002,2,N,72986
4.6000000000000005,0.81,4.300000000000002,3,N,72987
4.6000000000000005,0.81,4.300000000000002,4,N,72988
4.6000000000000005,0.81,4.300000000000002,5,N,72989
4.6000000000000005,0.81,4.6000000000000005,1,N,72990
4.6000000000000005,0.81,4.6000000000000005,2,N,72991
4.6000000000000005,0.81,4.6000000000000005,3,N,72992
4.6000000000000005,0.81,4.6000000000000005,4,N,72993
4.6000000000000005,0.81,4.6000000000000005,5,N,72994
4.6000000000000005,0.81,4.9,1,N,72995
4.6000000000000005,0.81,4.9,2,N,72996
4.6000000000000005,0.81,4.9,3,N,72997
4.6000000000000005,0.81,4.9,4,N,72998
4.6000000000000005,0.81,4.9,5,N,72999
4.6000000000000005,0.91,0.01,1,N,73000
4.6000000000000005,0.91,0.01,2,N,73001
4.6000000000000005,0.91,0.01,3,N,73002
4.6000000000000005,0.91,0.01,4,N,73003
4.6000000000000005,0.91,0.01,5,N,73004
4.6000000000000005,0.91,0.11,1,N,73005
4.6000000000000005,0.91,0.11,2,N,73006
4.6000000000000005,0.91,0.11,3,N,73007
4.6000000000000005,0.91,0.11,4,N,73008
4.6000000000000005,0.91,0.11,5,N,73009
4.6000000000000005,0.91,0.21,1,N,73010
4.6000000000000005,0.91,0.21,2,N,73011
4.6000000000000005,0.91,0.21,3,N,73012
4.6000000000000005,0.91,0.21,4,N,73013
4.6000000000000005,0.91,0.21,5,N,73014
4.6000000000000005,0.91,0.31000000000000005,1,N,73015
4.6000000000000005,0.91,0.31000000000000005,2,N,73016
4.6000000000000005,0.91,0.31000000000000005,3,N,73017
4.6000000000000005,0.91,0.31000000000000005,4,N,73018
4.6000000000000005,0.91,0.31000000000000005,5,N,73019
4.6000000000000005,0.91,0.41,1,N,73020
4.6000000000000005,0.91,0.41,2,N,73021
4.6000000000000005,0.91,0.41,3,N,73022
4.6000000000000005,0.91,0.41,4,N,73023
4.6000000000000005,0.91,0.41,5,N,73024
4.6000000000000005,0.91,0.51,1,N,73025
4.6000000000000005,0.91,0.51,2,N,73026
4.6000000000000005,0.91,0.51,3,N,73027
4.6000000000000005,0.91,0.51,4,N,73028
4.6000000000000005,0.91,0.51,5,N,73029
4.6000000000000005,0.91,0.6100000000000001,1,N,73030
4.6000000000000005,0.91,0.6100000000000001,2,N,73031
4.6000000000000005,0.91,0.6100000000000001,3,N,73032
4.6000000000000005,0.91,0.6100000000000001,4,N,73033
4.6000000000000005,0.91,0.6100000000000001,5,N,73034
4.6000000000000005,0.91,0.7100000000000001,1,N,73035
4.6000000000000005,0.91,0.7100000000000001,2,N,73036
4.6000000000000005,0.91,0.7100000000000001,3,N,73037
4.6000000000000005,0.91,0.7100000000000001,4,N,73038
4.6000000000000005,0.91,0.7100000000000001,5,N,73039
4.6000000000000005,0.91,0.81,1,N,73040
4.6000000000000005,0.91,0.81,2,N,73041
4.6000000000000005,0.91,0.81,3,N,73042
4.6000000000000005,0.91,0.81,4,N,73043
4.6000000000000005,0.91,0.81,5,N,73044
4.6000000000000005,0.91,0.91,1,N,73045
4.6000000000000005,0.91,0.91,2,N,73046
4.6000000000000005,0.91,0.91,3,N,73047
4.6000000000000005,0.91,0.91,4,N,73048
4.6000000000000005,0.91,0.91,5,N,73049
4.6000000000000005,0.91,1.01,1,N,73050
4.6000000000000005,0.91,1.01,2,N,73051
4.6000000000000005,0.91,1.01,3,N,73052
4.6000000000000005,0.91,1.01,4,N,73053
4.6000000000000005,0.91,1.01,5,N,73054
4.6000000000000005,0.91,1.11,1,N,73055
4.6000000000000005,0.91,1.11,2,N,73056
4.6000000000000005,0.91,1.11,3,N,73057
4.6000000000000005,0.91,1.11,4,N,73058
4.6000000000000005,0.91,1.11,5,N,73059
4.6000000000000005,0.91,1.3,1,N,73060
4.6000000000000005,0.91,1.3,2,N,73061
4.6000000000000005,0.91,1.3,3,N,73062
4.6000000000000005,0.91,1.3,4,N,73063
4.6000000000000005,0.91,1.3,5,N,73064
4.6000000000000005,0.91,1.6,1,N,73065
4.6000000000000005,0.91,1.6,2,N,73066
4.6000000000000005,0.91,1.6,3,N,73067
4.6000000000000005,0.91,1.6,4,N,73068
4.6000000000000005,0.91,1.6,5,N,73069
4.6000000000000005,0.91,1.9,1,N,73070
4.6000000000000005,0.91,1.9,2,N,73071
4.6000000000000005,0.91,1.9,3,N,73072
4.6000000000000005,0.91,1.9,4,N,73073
4.6000000000000005,0.91,1.9,5,N,73074
4.6000000000000005,0.91,2.2,1,N,73075
4.6000000000000005,0.91,2.2,2,N,73076
4.6000000000000005,0.91,2.2,3,N,73077
4.6000000000000005,0.91,2.2,4,N,73078
4.6000000000000005,0.91,2.2,5,N,73079
4.6000000000000005,0.91,2.5,1,N,73080
4.6000000000000005,0.91,2.5,2,N,73081
4.6000000000000005,0.91,2.5,3,N,73082
4.6000000000000005,0.91,2.5,4,N,73083
4.6000000000000005,0.91,2.5,5,N,73084
4.6000000000000005,0.91,2.8000000000000003,1,N,73085
4.6000000000000005,0.91,2.8000000000000003,2,N,73086
4.6000000000000005,0.91,2.8000000000000003,3,N,73087
4.6000000000000005,0.91,2.8000000000000003,4,N,73088
4.6000000000000005,0.91,2.8000000000000003,5,N,73089
4.6000000000000005,0.91,3.1000000000000005,1,N,73090
4.6000000000000005,0.91,3.1000000000000005,2,N,73091
4.6000000000000005,0.91,3.1000000000000005,3,N,73092
4.6000000000000005,0.91,3.1000000000000005,4,N,73093
4.6000000000000005,0.91,3.1000000000000005,5,N,73094
4.6000000000000005,0.91,3.4000000000000004,1,N,73095
4.6000000000000005,0.91,3.4000000000000004,2,N,73096
4.6000000000000005,0.91,3.4000000000000004,3,N,73097
4.6000000000000005,0.91,3.4000000000000004,4,N,73098
4.6000000000000005,0.91,3.4000000000000004,5,N,73099
4.6000000000000005,0.91,3.7,1,N,73100
4.6000000000000005,0.91,3.7,2,N,73101
4.6000000000000005,0.91,3.7,3,N,73102
4.6000000000000005,0.91,3.7,4,N,73103
4.6000000000000005,0.91,3.7,5,N,73104
4.6000000000000005,0.91,4.0,1,N,73105
4.6000000000000005,0.91,4.0,2,N,73106
4.6000000000000005,0.91,4.0,3,N,73107
4.6000000000000005,0.91,4.0,4,N,73108
4.6000000000000005,0.91,4.0,5,N,73109
4.6000000000000005,0.91,4.300000000000002,1,N,73110
4.6000000000000005,0.91,4.300000000000002,2,N,73111
4.6000000000000005,0.91,4.300000000000002,3,N,73112
4.6000000000000005,0.91,4.300000000000002,4,N,73113
4.6000000000000005,0.91,4.300000000000002,5,N,73114
4.6000000000000005,0.91,4.6000000000000005,1,N,73115
4.6000000000000005,0.91,4.6000000000000005,2,N,73116
4.6000000000000005,0.91,4.6000000000000005,3,N,73117
4.6000000000000005,0.91,4.6000000000000005,4,N,73118
4.6000000000000005,0.91,4.6000000000000005,5,N,73119
4.6000000000000005,0.91,4.9,1,N,73120
4.6000000000000005,0.91,4.9,2,N,73121
4.6000000000000005,0.91,4.9,3,N,73122
4.6000000000000005,0.91,4.9,4,N,73123
4.6000000000000005,0.91,4.9,5,N,73124
4.6000000000000005,1.01,0.01,1,N,73125
4.6000000000000005,1.01,0.01,2,N,73126
4.6000000000000005,1.01,0.01,3,N,73127
4.6000000000000005,1.01,0.01,4,N,73128
4.6000000000000005,1.01,0.01,5,N,73129
4.6000000000000005,1.01,0.11,1,N,73130
4.6000000000000005,1.01,0.11,2,N,73131
4.6000000000000005,1.01,0.11,3,N,73132
4.6000000000000005,1.01,0.11,4,N,73133
4.6000000000000005,1.01,0.11,5,N,73134
4.6000000000000005,1.01,0.21,1,N,73135
4.6000000000000005,1.01,0.21,2,N,73136
4.6000000000000005,1.01,0.21,3,N,73137
4.6000000000000005,1.01,0.21,4,N,73138
4.6000000000000005,1.01,0.21,5,N,73139
4.6000000000000005,1.01,0.31000000000000005,1,N,73140
4.6000000000000005,1.01,0.31000000000000005,2,N,73141
4.6000000000000005,1.01,0.31000000000000005,3,N,73142
4.6000000000000005,1.01,0.31000000000000005,4,N,73143
4.6000000000000005,1.01,0.31000000000000005,5,N,73144
4.6000000000000005,1.01,0.41,1,N,73145
4.6000000000000005,1.01,0.41,2,N,73146
4.6000000000000005,1.01,0.41,3,N,73147
4.6000000000000005,1.01,0.41,4,N,73148
4.6000000000000005,1.01,0.41,5,N,73149
4.6000000000000005,1.01,0.51,1,N,73150
4.6000000000000005,1.01,0.51,2,N,73151
4.6000000000000005,1.01,0.51,3,N,73152
4.6000000000000005,1.01,0.51,4,N,73153
4.6000000000000005,1.01,0.51,5,N,73154
4.6000000000000005,1.01,0.6100000000000001,1,N,73155
4.6000000000000005,1.01,0.6100000000000001,2,N,73156
4.6000000000000005,1.01,0.6100000000000001,3,N,73157
4.6000000000000005,1.01,0.6100000000000001,4,N,73158
4.6000000000000005,1.01,0.6100000000000001,5,N,73159
4.6000000000000005,1.01,0.7100000000000001,1,N,73160
4.6000000000000005,1.01,0.7100000000000001,2,N,73161
4.6000000000000005,1.01,0.7100000000000001,3,N,73162
4.6000000000000005,1.01,0.7100000000000001,4,N,73163
4.6000000000000005,1.01,0.7100000000000001,5,N,73164
4.6000000000000005,1.01,0.81,1,N,73165
4.6000000000000005,1.01,0.81,2,N,73166
4.6000000000000005,1.01,0.81,3,N,73167
4.6000000000000005,1.01,0.81,4,N,73168
4.6000000000000005,1.01,0.81,5,N,73169
4.6000000000000005,1.01,0.91,1,N,73170
4.6000000000000005,1.01,0.91,2,N,73171
4.6000000000000005,1.01,0.91,3,N,73172
4.6000000000000005,1.01,0.91,4,N,73173
4.6000000000000005,1.01,0.91,5,N,73174
4.6000000000000005,1.01,1.01,1,N,73175
4.6000000000000005,1.01,1.01,2,N,73176
4.6000000000000005,1.01,1.01,3,N,73177
4.6000000000000005,1.01,1.01,4,N,73178
4.6000000000000005,1.01,1.01,5,N,73179
4.6000000000000005,1.01,1.11,1,N,73180
4.6000000000000005,1.01,1.11,2,N,73181
4.6000000000000005,1.01,1.11,3,N,73182
4.6000000000000005,1.01,1.11,4,N,73183
4.6000000000000005,1.01,1.11,5,N,73184
4.6000000000000005,1.01,1.3,1,N,73185
4.6000000000000005,1.01,1.3,2,N,73186
4.6000000000000005,1.01,1.3,3,N,73187
4.6000000000000005,1.01,1.3,4,N,73188
4.6000000000000005,1.01,1.3,5,N,73189
4.6000000000000005,1.01,1.6,1,N,73190
4.6000000000000005,1.01,1.6,2,N,73191
4.6000000000000005,1.01,1.6,3,N,73192
4.6000000000000005,1.01,1.6,4,N,73193
4.6000000000000005,1.01,1.6,5,N,73194
4.6000000000000005,1.01,1.9,1,N,73195
4.6000000000000005,1.01,1.9,2,N,73196
4.6000000000000005,1.01,1.9,3,N,73197
4.6000000000000005,1.01,1.9,4,N,73198
4.6000000000000005,1.01,1.9,5,N,73199
4.6000000000000005,1.01,2.2,1,N,73200
4.6000000000000005,1.01,2.2,2,N,73201
4.6000000000000005,1.01,2.2,3,N,73202
4.6000000000000005,1.01,2.2,4,N,73203
4.6000000000000005,1.01,2.2,5,N,73204
4.6000000000000005,1.01,2.5,1,N,73205
4.6000000000000005,1.01,2.5,2,N,73206
4.6000000000000005,1.01,2.5,3,N,73207
4.6000000000000005,1.01,2.5,4,N,73208
4.6000000000000005,1.01,2.5,5,N,73209
4.6000000000000005,1.01,2.8000000000000003,1,N,73210
4.6000000000000005,1.01,2.8000000000000003,2,N,73211
4.6000000000000005,1.01,2.8000000000000003,3,N,73212
4.6000000000000005,1.01,2.8000000000000003,4,N,73213
4.6000000000000005,1.01,2.8000000000000003,5,N,73214
4.6000000000000005,1.01,3.1000000000000005,1,N,73215
4.6000000000000005,1.01,3.1000000000000005,2,N,73216
4.6000000000000005,1.01,3.1000000000000005,3,N,73217
4.6000000000000005,1.01,3.1000000000000005,4,N,73218
4.6000000000000005,1.01,3.1000000000000005,5,N,73219
4.6000000000000005,1.01,3.4000000000000004,1,N,73220
4.6000000000000005,1.01,3.4000000000000004,2,N,73221
4.6000000000000005,1.01,3.4000000000000004,3,N,73222
4.6000000000000005,1.01,3.4000000000000004,4,N,73223
4.6000000000000005,1.01,3.4000000000000004,5,N,73224
4.6000000000000005,1.01,3.7,1,N,73225
4.6000000000000005,1.01,3.7,2,N,73226
4.6000000000000005,1.01,3.7,3,N,73227
4.6000000000000005,1.01,3.7,4,N,73228
4.6000000000000005,1.01,3.7,5,N,73229
4.6000000000000005,1.01,4.0,1,N,73230
4.6000000000000005,1.01,4.0,2,N,73231
4.6000000000000005,1.01,4.0,3,N,73232
4.6000000000000005,1.01,4.0,4,N,73233
4.6000000000000005,1.01,4.0,5,N,73234
4.6000000000000005,1.01,4.300000000000002,1,N,73235
4.6000000000000005,1.01,4.300000000000002,2,N,73236
4.6000000000000005,1.01,4.300000000000002,3,N,73237
4.6000000000000005,1.01,4.300000000000002,4,N,73238
4.6000000000000005,1.01,4.300000000000002,5,N,73239
4.6000000000000005,1.01,4.6000000000000005,1,N,73240
4.6000000000000005,1.01,4.6000000000000005,2,N,73241
4.6000000000000005,1.01,4.6000000000000005,3,N,73242
4.6000000000000005,1.01,4.6000000000000005,4,N,73243
4.6000000000000005,1.01,4.6000000000000005,5,N,73244
4.6000000000000005,1.01,4.9,1,N,73245
4.6000000000000005,1.01,4.9,2,N,73246
4.6000000000000005,1.01,4.9,3,N,73247
4.6000000000000005,1.01,4.9,4,N,73248
4.6000000000000005,1.01,4.9,5,N,73249
4.6000000000000005,1.11,0.01,1,N,73250
4.6000000000000005,1.11,0.01,2,N,73251
4.6000000000000005,1.11,0.01,3,N,73252
4.6000000000000005,1.11,0.01,4,N,73253
4.6000000000000005,1.11,0.01,5,N,73254
4.6000000000000005,1.11,0.11,1,N,73255
4.6000000000000005,1.11,0.11,2,N,73256
4.6000000000000005,1.11,0.11,3,N,73257
4.6000000000000005,1.11,0.11,4,N,73258
4.6000000000000005,1.11,0.11,5,N,73259
4.6000000000000005,1.11,0.21,1,N,73260
4.6000000000000005,1.11,0.21,2,N,73261
4.6000000000000005,1.11,0.21,3,N,73262
4.6000000000000005,1.11,0.21,4,N,73263
4.6000000000000005,1.11,0.21,5,N,73264
4.6000000000000005,1.11,0.31000000000000005,1,N,73265
4.6000000000000005,1.11,0.31000000000000005,2,N,73266
4.6000000000000005,1.11,0.31000000000000005,3,N,73267
4.6000000000000005,1.11,0.31000000000000005,4,N,73268
4.6000000000000005,1.11,0.31000000000000005,5,N,73269
4.6000000000000005,1.11,0.41,1,N,73270
4.6000000000000005,1.11,0.41,2,N,73271
4.6000000000000005,1.11,0.41,3,N,73272
4.6000000000000005,1.11,0.41,4,N,73273
4.6000000000000005,1.11,0.41,5,N,73274
4.6000000000000005,1.11,0.51,1,N,73275
4.6000000000000005,1.11,0.51,2,N,73276
4.6000000000000005,1.11,0.51,3,N,73277
4.6000000000000005,1.11,0.51,4,N,73278
4.6000000000000005,1.11,0.51,5,N,73279
4.6000000000000005,1.11,0.6100000000000001,1,N,73280
4.6000000000000005,1.11,0.6100000000000001,2,N,73281
4.6000000000000005,1.11,0.6100000000000001,3,N,73282
4.6000000000000005,1.11,0.6100000000000001,4,N,73283
4.6000000000000005,1.11,0.6100000000000001,5,N,73284
4.6000000000000005,1.11,0.7100000000000001,1,N,73285
4.6000000000000005,1.11,0.7100000000000001,2,N,73286
4.6000000000000005,1.11,0.7100000000000001,3,N,73287
4.6000000000000005,1.11,0.7100000000000001,4,N,73288
4.6000000000000005,1.11,0.7100000000000001,5,N,73289
4.6000000000000005,1.11,0.81,1,N,73290
4.6000000000000005,1.11,0.81,2,N,73291
4.6000000000000005,1.11,0.81,3,N,73292
4.6000000000000005,1.11,0.81,4,N,73293
4.6000000000000005,1.11,0.81,5,N,73294
4.6000000000000005,1.11,0.91,1,N,73295
4.6000000000000005,1.11,0.91,2,N,73296
4.6000000000000005,1.11,0.91,3,N,73297
4.6000000000000005,1.11,0.91,4,N,73298
4.6000000000000005,1.11,0.91,5,N,73299
4.6000000000000005,1.11,1.01,1,N,73300
4.6000000000000005,1.11,1.01,2,N,73301
4.6000000000000005,1.11,1.01,3,N,73302
4.6000000000000005,1.11,1.01,4,N,73303
4.6000000000000005,1.11,1.01,5,N,73304
4.6000000000000005,1.11,1.11,1,N,73305
4.6000000000000005,1.11,1.11,2,N,73306
4.6000000000000005,1.11,1.11,3,N,73307
4.6000000000000005,1.11,1.11,4,N,73308
4.6000000000000005,1.11,1.11,5,N,73309
4.6000000000000005,1.11,1.3,1,N,73310
4.6000000000000005,1.11,1.3,2,N,73311
4.6000000000000005,1.11,1.3,3,N,73312
4.6000000000000005,1.11,1.3,4,N,73313
4.6000000000000005,1.11,1.3,5,N,73314
4.6000000000000005,1.11,1.6,1,N,73315
4.6000000000000005,1.11,1.6,2,N,73316
4.6000000000000005,1.11,1.6,3,N,73317
4.6000000000000005,1.11,1.6,4,N,73318
4.6000000000000005,1.11,1.6,5,N,73319
4.6000000000000005,1.11,1.9,1,N,73320
4.6000000000000005,1.11,1.9,2,N,73321
4.6000000000000005,1.11,1.9,3,N,73322
4.6000000000000005,1.11,1.9,4,N,73323
4.6000000000000005,1.11,1.9,5,N,73324
4.6000000000000005,1.11,2.2,1,N,73325
4.6000000000000005,1.11,2.2,2,N,73326
4.6000000000000005,1.11,2.2,3,N,73327
4.6000000000000005,1.11,2.2,4,N,73328
4.6000000000000005,1.11,2.2,5,N,73329
4.6000000000000005,1.11,2.5,1,N,73330
4.6000000000000005,1.11,2.5,2,N,73331
4.6000000000000005,1.11,2.5,3,N,73332
4.6000000000000005,1.11,2.5,4,N,73333
4.6000000000000005,1.11,2.5,5,N,73334
4.6000000000000005,1.11,2.8000000000000003,1,N,73335
4.6000000000000005,1.11,2.8000000000000003,2,N,73336
4.6000000000000005,1.11,2.8000000000000003,3,N,73337
4.6000000000000005,1.11,2.8000000000000003,4,N,73338
4.6000000000000005,1.11,2.8000000000000003,5,N,73339
4.6000000000000005,1.11,3.1000000000000005,1,N,73340
4.6000000000000005,1.11,3.1000000000000005,2,N,73341
4.6000000000000005,1.11,3.1000000000000005,3,N,73342
4.6000000000000005,1.11,3.1000000000000005,4,N,73343
4.6000000000000005,1.11,3.1000000000000005,5,N,73344
4.6000000000000005,1.11,3.4000000000000004,1,N,73345
4.6000000000000005,1.11,3.4000000000000004,2,N,73346
4.6000000000000005,1.11,3.4000000000000004,3,N,73347
4.6000000000000005,1.11,3.4000000000000004,4,N,73348
4.6000000000000005,1.11,3.4000000000000004,5,N,73349
4.6000000000000005,1.11,3.7,1,N,73350
4.6000000000000005,1.11,3.7,2,N,73351
4.6000000000000005,1.11,3.7,3,N,73352
4.6000000000000005,1.11,3.7,4,N,73353
4.6000000000000005,1.11,3.7,5,N,73354
4.6000000000000005,1.11,4.0,1,N,73355
4.6000000000000005,1.11,4.0,2,N,73356
4.6000000000000005,1.11,4.0,3,N,73357
4.6000000000000005,1.11,4.0,4,N,73358
4.6000000000000005,1.11,4.0,5,N,73359
4.6000000000000005,1.11,4.300000000000002,1,N,73360
4.6000000000000005,1.11,4.300000000000002,2,N,73361
4.6000000000000005,1.11,4.300000000000002,3,N,73362
4.6000000000000005,1.11,4.300000000000002,4,N,73363
4.6000000000000005,1.11,4.300000000000002,5,N,73364
4.6000000000000005,1.11,4.6000000000000005,1,N,73365
4.6000000000000005,1.11,4.6000000000000005,2,N,73366
4.6000000000000005,1.11,4.6000000000000005,3,N,73367
4.6000000000000005,1.11,4.6000000000000005,4,N,73368
4.6000000000000005,1.11,4.6000000000000005,5,N,73369
4.6000000000000005,1.11,4.9,1,N,73370
4.6000000000000005,1.11,4.9,2,N,73371
4.6000000000000005,1.11,4.9,3,N,73372
4.6000000000000005,1.11,4.9,4,N,73373
4.6000000000000005,1.11,4.9,5,N,73374
4.6000000000000005,1.3,0.01,1,N,73375
4.6000000000000005,1.3,0.01,2,N,73376
4.6000000000000005,1.3,0.01,3,N,73377
4.6000000000000005,1.3,0.01,4,N,73378
4.6000000000000005,1.3,0.01,5,N,73379
4.6000000000000005,1.3,0.11,1,N,73380
4.6000000000000005,1.3,0.11,2,N,73381
4.6000000000000005,1.3,0.11,3,N,73382
4.6000000000000005,1.3,0.11,4,N,73383
4.6000000000000005,1.3,0.11,5,N,73384
4.6000000000000005,1.3,0.21,1,N,73385
4.6000000000000005,1.3,0.21,2,N,73386
4.6000000000000005,1.3,0.21,3,N,73387
4.6000000000000005,1.3,0.21,4,N,73388
4.6000000000000005,1.3,0.21,5,N,73389
4.6000000000000005,1.3,0.31000000000000005,1,N,73390
4.6000000000000005,1.3,0.31000000000000005,2,N,73391
4.6000000000000005,1.3,0.31000000000000005,3,N,73392
4.6000000000000005,1.3,0.31000000000000005,4,N,73393
4.6000000000000005,1.3,0.31000000000000005,5,N,73394
4.6000000000000005,1.3,0.41,1,N,73395
4.6000000000000005,1.3,0.41,2,N,73396
4.6000000000000005,1.3,0.41,3,N,73397
4.6000000000000005,1.3,0.41,4,N,73398
4.6000000000000005,1.3,0.41,5,N,73399
4.6000000000000005,1.3,0.51,1,N,73400
4.6000000000000005,1.3,0.51,2,N,73401
4.6000000000000005,1.3,0.51,3,N,73402
4.6000000000000005,1.3,0.51,4,N,73403
4.6000000000000005,1.3,0.51,5,N,73404
4.6000000000000005,1.3,0.6100000000000001,1,N,73405
4.6000000000000005,1.3,0.6100000000000001,2,N,73406
4.6000000000000005,1.3,0.6100000000000001,3,N,73407
4.6000000000000005,1.3,0.6100000000000001,4,N,73408
4.6000000000000005,1.3,0.6100000000000001,5,N,73409
4.6000000000000005,1.3,0.7100000000000001,1,N,73410
4.6000000000000005,1.3,0.7100000000000001,2,N,73411
4.6000000000000005,1.3,0.7100000000000001,3,N,73412
4.6000000000000005,1.3,0.7100000000000001,4,N,73413
4.6000000000000005,1.3,0.7100000000000001,5,N,73414
4.6000000000000005,1.3,0.81,1,N,73415
4.6000000000000005,1.3,0.81,2,N,73416
4.6000000000000005,1.3,0.81,3,N,73417
4.6000000000000005,1.3,0.81,4,N,73418
4.6000000000000005,1.3,0.81,5,N,73419
4.6000000000000005,1.3,0.91,1,N,73420
4.6000000000000005,1.3,0.91,2,N,73421
4.6000000000000005,1.3,0.91,3,N,73422
4.6000000000000005,1.3,0.91,4,N,73423
4.6000000000000005,1.3,0.91,5,N,73424
4.6000000000000005,1.3,1.01,1,N,73425
4.6000000000000005,1.3,1.01,2,N,73426
4.6000000000000005,1.3,1.01,3,N,73427
4.6000000000000005,1.3,1.01,4,N,73428
4.6000000000000005,1.3,1.01,5,N,73429
4.6000000000000005,1.3,1.11,1,N,73430
4.6000000000000005,1.3,1.11,2,N,73431
4.6000000000000005,1.3,1.11,3,N,73432
4.6000000000000005,1.3,1.11,4,N,73433
4.6000000000000005,1.3,1.11,5,N,73434
4.6000000000000005,1.3,1.3,1,N,73435
4.6000000000000005,1.3,1.3,2,N,73436
4.6000000000000005,1.3,1.3,3,N,73437
4.6000000000000005,1.3,1.3,4,N,73438
4.6000000000000005,1.3,1.3,5,N,73439
4.6000000000000005,1.3,1.6,1,N,73440
4.6000000000000005,1.3,1.6,2,N,73441
4.6000000000000005,1.3,1.6,3,N,73442
4.6000000000000005,1.3,1.6,4,N,73443
4.6000000000000005,1.3,1.6,5,N,73444
4.6000000000000005,1.3,1.9,1,N,73445
4.6000000000000005,1.3,1.9,2,N,73446
4.6000000000000005,1.3,1.9,3,N,73447
4.6000000000000005,1.3,1.9,4,N,73448
4.6000000000000005,1.3,1.9,5,N,73449
4.6000000000000005,1.3,2.2,1,N,73450
4.6000000000000005,1.3,2.2,2,N,73451
4.6000000000000005,1.3,2.2,3,N,73452
4.6000000000000005,1.3,2.2,4,N,73453
4.6000000000000005,1.3,2.2,5,N,73454
4.6000000000000005,1.3,2.5,1,N,73455
4.6000000000000005,1.3,2.5,2,N,73456
4.6000000000000005,1.3,2.5,3,N,73457
4.6000000000000005,1.3,2.5,4,N,73458
4.6000000000000005,1.3,2.5,5,N,73459
4.6000000000000005,1.3,2.8000000000000003,1,N,73460
4.6000000000000005,1.3,2.8000000000000003,2,N,73461
4.6000000000000005,1.3,2.8000000000000003,3,N,73462
4.6000000000000005,1.3,2.8000000000000003,4,N,73463
4.6000000000000005,1.3,2.8000000000000003,5,N,73464
4.6000000000000005,1.3,3.1000000000000005,1,N,73465
4.6000000000000005,1.3,3.1000000000000005,2,N,73466
4.6000000000000005,1.3,3.1000000000000005,3,N,73467
4.6000000000000005,1.3,3.1000000000000005,4,N,73468
4.6000000000000005,1.3,3.1000000000000005,5,N,73469
4.6000000000000005,1.3,3.4000000000000004,1,N,73470
4.6000000000000005,1.3,3.4000000000000004,2,N,73471
4.6000000000000005,1.3,3.4000000000000004,3,N,73472
4.6000000000000005,1.3,3.4000000000000004,4,N,73473
4.6000000000000005,1.3,3.4000000000000004,5,N,73474
4.6000000000000005,1.3,3.7,1,N,73475
4.6000000000000005,1.3,3.7,2,N,73476
4.6000000000000005,1.3,3.7,3,N,73477
4.6000000000000005,1.3,3.7,4,N,73478
4.6000000000000005,1.3,3.7,5,N,73479
4.6000000000000005,1.3,4.0,1,N,73480
4.6000000000000005,1.3,4.0,2,N,73481
4.6000000000000005,1.3,4.0,3,N,73482
4.6000000000000005,1.3,4.0,4,N,73483
4.6000000000000005,1.3,4.0,5,N,73484
4.6000000000000005,1.3,4.300000000000002,1,N,73485
4.6000000000000005,1.3,4.300000000000002,2,N,73486
4.6000000000000005,1.3,4.300000000000002,3,N,73487
4.6000000000000005,1.3,4.300000000000002,4,N,73488
4.6000000000000005,1.3,4.300000000000002,5,N,73489
4.6000000000000005,1.3,4.6000000000000005,1,N,73490
4.6000000000000005,1.3,4.6000000000000005,2,N,73491
4.6000000000000005,1.3,4.6000000000000005,3,N,73492
4.6000000000000005,1.3,4.6000000000000005,4,N,73493
4.6000000000000005,1.3,4.6000000000000005,5,N,73494
4.6000000000000005,1.3,4.9,1,N,73495
4.6000000000000005,1.3,4.9,2,N,73496
4.6000000000000005,1.3,4.9,3,N,73497
4.6000000000000005,1.3,4.9,4,N,73498
4.6000000000000005,1.3,4.9,5,N,73499
4.6000000000000005,1.6,0.01,1,N,73500
4.6000000000000005,1.6,0.01,2,N,73501
4.6000000000000005,1.6,0.01,3,N,73502
4.6000000000000005,1.6,0.01,4,N,73503
4.6000000000000005,1.6,0.01,5,N,73504
4.6000000000000005,1.6,0.11,1,N,73505
4.6000000000000005,1.6,0.11,2,N,73506
4.6000000000000005,1.6,0.11,3,N,73507
4.6000000000000005,1.6,0.11,4,N,73508
4.6000000000000005,1.6,0.11,5,N,73509
4.6000000000000005,1.6,0.21,1,N,73510
4.6000000000000005,1.6,0.21,2,N,73511
4.6000000000000005,1.6,0.21,3,N,73512
4.6000000000000005,1.6,0.21,4,N,73513
4.6000000000000005,1.6,0.21,5,N,73514
4.6000000000000005,1.6,0.31000000000000005,1,N,73515
4.6000000000000005,1.6,0.31000000000000005,2,N,73516
4.6000000000000005,1.6,0.31000000000000005,3,N,73517
4.6000000000000005,1.6,0.31000000000000005,4,N,73518
4.6000000000000005,1.6,0.31000000000000005,5,N,73519
4.6000000000000005,1.6,0.41,1,N,73520
4.6000000000000005,1.6,0.41,2,N,73521
4.6000000000000005,1.6,0.41,3,N,73522
4.6000000000000005,1.6,0.41,4,N,73523
4.6000000000000005,1.6,0.41,5,N,73524
4.6000000000000005,1.6,0.51,1,N,73525
4.6000000000000005,1.6,0.51,2,N,73526
4.6000000000000005,1.6,0.51,3,N,73527
4.6000000000000005,1.6,0.51,4,N,73528
4.6000000000000005,1.6,0.51,5,N,73529
4.6000000000000005,1.6,0.6100000000000001,1,N,73530
4.6000000000000005,1.6,0.6100000000000001,2,N,73531
4.6000000000000005,1.6,0.6100000000000001,3,N,73532
4.6000000000000005,1.6,0.6100000000000001,4,N,73533
4.6000000000000005,1.6,0.6100000000000001,5,N,73534
4.6000000000000005,1.6,0.7100000000000001,1,N,73535
4.6000000000000005,1.6,0.7100000000000001,2,N,73536
4.6000000000000005,1.6,0.7100000000000001,3,N,73537
4.6000000000000005,1.6,0.7100000000000001,4,N,73538
4.6000000000000005,1.6,0.7100000000000001,5,N,73539
4.6000000000000005,1.6,0.81,1,N,73540
4.6000000000000005,1.6,0.81,2,N,73541
4.6000000000000005,1.6,0.81,3,N,73542
4.6000000000000005,1.6,0.81,4,N,73543
4.6000000000000005,1.6,0.81,5,N,73544
4.6000000000000005,1.6,0.91,1,N,73545
4.6000000000000005,1.6,0.91,2,N,73546
4.6000000000000005,1.6,0.91,3,N,73547
4.6000000000000005,1.6,0.91,4,N,73548
4.6000000000000005,1.6,0.91,5,N,73549
4.6000000000000005,1.6,1.01,1,N,73550
4.6000000000000005,1.6,1.01,2,N,73551
4.6000000000000005,1.6,1.01,3,N,73552
4.6000000000000005,1.6,1.01,4,N,73553
4.6000000000000005,1.6,1.01,5,N,73554
4.6000000000000005,1.6,1.11,1,N,73555
4.6000000000000005,1.6,1.11,2,N,73556
4.6000000000000005,1.6,1.11,3,N,73557
4.6000000000000005,1.6,1.11,4,N,73558
4.6000000000000005,1.6,1.11,5,N,73559
4.6000000000000005,1.6,1.3,1,N,73560
4.6000000000000005,1.6,1.3,2,N,73561
4.6000000000000005,1.6,1.3,3,N,73562
4.6000000000000005,1.6,1.3,4,N,73563
4.6000000000000005,1.6,1.3,5,N,73564
4.6000000000000005,1.6,1.6,1,N,73565
4.6000000000000005,1.6,1.6,2,N,73566
4.6000000000000005,1.6,1.6,3,N,73567
4.6000000000000005,1.6,1.6,4,N,73568
4.6000000000000005,1.6,1.6,5,N,73569
4.6000000000000005,1.6,1.9,1,N,73570
4.6000000000000005,1.6,1.9,2,N,73571
4.6000000000000005,1.6,1.9,3,N,73572
4.6000000000000005,1.6,1.9,4,N,73573
4.6000000000000005,1.6,1.9,5,N,73574
4.6000000000000005,1.6,2.2,1,N,73575
4.6000000000000005,1.6,2.2,2,N,73576
4.6000000000000005,1.6,2.2,3,N,73577
4.6000000000000005,1.6,2.2,4,N,73578
4.6000000000000005,1.6,2.2,5,N,73579
4.6000000000000005,1.6,2.5,1,N,73580
4.6000000000000005,1.6,2.5,2,N,73581
4.6000000000000005,1.6,2.5,3,N,73582
4.6000000000000005,1.6,2.5,4,N,73583
4.6000000000000005,1.6,2.5,5,N,73584
4.6000000000000005,1.6,2.8000000000000003,1,N,73585
4.6000000000000005,1.6,2.8000000000000003,2,N,73586
4.6000000000000005,1.6,2.8000000000000003,3,N,73587
4.6000000000000005,1.6,2.8000000000000003,4,N,73588
4.6000000000000005,1.6,2.8000000000000003,5,N,73589
4.6000000000000005,1.6,3.1000000000000005,1,N,73590
4.6000000000000005,1.6,3.1000000000000005,2,N,73591
4.6000000000000005,1.6,3.1000000000000005,3,N,73592
4.6000000000000005,1.6,3.1000000000000005,4,N,73593
4.6000000000000005,1.6,3.1000000000000005,5,N,73594
4.6000000000000005,1.6,3.4000000000000004,1,N,73595
4.6000000000000005,1.6,3.4000000000000004,2,N,73596
4.6000000000000005,1.6,3.4000000000000004,3,N,73597
4.6000000000000005,1.6,3.4000000000000004,4,N,73598
4.6000000000000005,1.6,3.4000000000000004,5,N,73599
4.6000000000000005,1.6,3.7,1,N,73600
4.6000000000000005,1.6,3.7,2,N,73601
4.6000000000000005,1.6,3.7,3,N,73602
4.6000000000000005,1.6,3.7,4,N,73603
4.6000000000000005,1.6,3.7,5,N,73604
4.6000000000000005,1.6,4.0,1,N,73605
4.6000000000000005,1.6,4.0,2,N,73606
4.6000000000000005,1.6,4.0,3,N,73607
4.6000000000000005,1.6,4.0,4,N,73608
4.6000000000000005,1.6,4.0,5,N,73609
4.6000000000000005,1.6,4.300000000000002,1,N,73610
4.6000000000000005,1.6,4.300000000000002,2,N,73611
4.6000000000000005,1.6,4.300000000000002,3,N,73612
4.6000000000000005,1.6,4.300000000000002,4,N,73613
4.6000000000000005,1.6,4.300000000000002,5,N,73614
4.6000000000000005,1.6,4.6000000000000005,1,N,73615
4.6000000000000005,1.6,4.6000000000000005,2,N,73616
4.6000000000000005,1.6,4.6000000000000005,3,N,73617
4.6000000000000005,1.6,4.6000000000000005,4,N,73618
4.6000000000000005,1.6,4.6000000000000005,5,N,73619
4.6000000000000005,1.6,4.9,1,N,73620
4.6000000000000005,1.6,4.9,2,N,73621
4.6000000000000005,1.6,4.9,3,N,73622
4.6000000000000005,1.6,4.9,4,N,73623
4.6000000000000005,1.6,4.9,5,N,73624
4.6000000000000005,1.9,0.01,1,N,73625
4.6000000000000005,1.9,0.01,2,N,73626
4.6000000000000005,1.9,0.01,3,N,73627
4.6000000000000005,1.9,0.01,4,N,73628
4.6000000000000005,1.9,0.01,5,N,73629
4.6000000000000005,1.9,0.11,1,N,73630
4.6000000000000005,1.9,0.11,2,N,73631
4.6000000000000005,1.9,0.11,3,N,73632
4.6000000000000005,1.9,0.11,4,N,73633
4.6000000000000005,1.9,0.11,5,N,73634
4.6000000000000005,1.9,0.21,1,N,73635
4.6000000000000005,1.9,0.21,2,N,73636
4.6000000000000005,1.9,0.21,3,N,73637
4.6000000000000005,1.9,0.21,4,N,73638
4.6000000000000005,1.9,0.21,5,N,73639
4.6000000000000005,1.9,0.31000000000000005,1,N,73640
4.6000000000000005,1.9,0.31000000000000005,2,N,73641
4.6000000000000005,1.9,0.31000000000000005,3,N,73642
4.6000000000000005,1.9,0.31000000000000005,4,N,73643
4.6000000000000005,1.9,0.31000000000000005,5,N,73644
4.6000000000000005,1.9,0.41,1,N,73645
4.6000000000000005,1.9,0.41,2,N,73646
4.6000000000000005,1.9,0.41,3,N,73647
4.6000000000000005,1.9,0.41,4,N,73648
4.6000000000000005,1.9,0.41,5,N,73649
4.6000000000000005,1.9,0.51,1,N,73650
4.6000000000000005,1.9,0.51,2,N,73651
4.6000000000000005,1.9,0.51,3,N,73652
4.6000000000000005,1.9,0.51,4,N,73653
4.6000000000000005,1.9,0.51,5,N,73654
4.6000000000000005,1.9,0.6100000000000001,1,N,73655
4.6000000000000005,1.9,0.6100000000000001,2,N,73656
4.6000000000000005,1.9,0.6100000000000001,3,N,73657
4.6000000000000005,1.9,0.6100000000000001,4,N,73658
4.6000000000000005,1.9,0.6100000000000001,5,N,73659
4.6000000000000005,1.9,0.7100000000000001,1,N,73660
4.6000000000000005,1.9,0.7100000000000001,2,N,73661
4.6000000000000005,1.9,0.7100000000000001,3,N,73662
4.6000000000000005,1.9,0.7100000000000001,4,N,73663
4.6000000000000005,1.9,0.7100000000000001,5,N,73664
4.6000000000000005,1.9,0.81,1,N,73665
4.6000000000000005,1.9,0.81,2,N,73666
4.6000000000000005,1.9,0.81,3,N,73667
4.6000000000000005,1.9,0.81,4,N,73668
4.6000000000000005,1.9,0.81,5,N,73669
4.6000000000000005,1.9,0.91,1,N,73670
4.6000000000000005,1.9,0.91,2,N,73671
4.6000000000000005,1.9,0.91,3,N,73672
4.6000000000000005,1.9,0.91,4,N,73673
4.6000000000000005,1.9,0.91,5,N,73674
4.6000000000000005,1.9,1.01,1,N,73675
4.6000000000000005,1.9,1.01,2,N,73676
4.6000000000000005,1.9,1.01,3,N,73677
4.6000000000000005,1.9,1.01,4,N,73678
4.6000000000000005,1.9,1.01,5,N,73679
4.6000000000000005,1.9,1.11,1,N,73680
4.6000000000000005,1.9,1.11,2,N,73681
4.6000000000000005,1.9,1.11,3,N,73682
4.6000000000000005,1.9,1.11,4,N,73683
4.6000000000000005,1.9,1.11,5,N,73684
4.6000000000000005,1.9,1.3,1,N,73685
4.6000000000000005,1.9,1.3,2,N,73686
4.6000000000000005,1.9,1.3,3,N,73687
4.6000000000000005,1.9,1.3,4,N,73688
4.6000000000000005,1.9,1.3,5,N,73689
4.6000000000000005,1.9,1.6,1,N,73690
4.6000000000000005,1.9,1.6,2,N,73691
4.6000000000000005,1.9,1.6,3,N,73692
4.6000000000000005,1.9,1.6,4,N,73693
4.6000000000000005,1.9,1.6,5,N,73694
4.6000000000000005,1.9,1.9,1,N,73695
4.6000000000000005,1.9,1.9,2,N,73696
4.6000000000000005,1.9,1.9,3,N,73697
4.6000000000000005,1.9,1.9,4,N,73698
4.6000000000000005,1.9,1.9,5,N,73699
4.6000000000000005,1.9,2.2,1,N,73700
4.6000000000000005,1.9,2.2,2,N,73701
4.6000000000000005,1.9,2.2,3,N,73702
4.6000000000000005,1.9,2.2,4,N,73703
4.6000000000000005,1.9,2.2,5,N,73704
4.6000000000000005,1.9,2.5,1,N,73705
4.6000000000000005,1.9,2.5,2,N,73706
4.6000000000000005,1.9,2.5,3,N,73707
4.6000000000000005,1.9,2.5,4,N,73708
4.6000000000000005,1.9,2.5,5,N,73709
4.6000000000000005,1.9,2.8000000000000003,1,N,73710
4.6000000000000005,1.9,2.8000000000000003,2,N,73711
4.6000000000000005,1.9,2.8000000000000003,3,N,73712
4.6000000000000005,1.9,2.8000000000000003,4,N,73713
4.6000000000000005,1.9,2.8000000000000003,5,N,73714
4.6000000000000005,1.9,3.1000000000000005,1,N,73715
4.6000000000000005,1.9,3.1000000000000005,2,N,73716
4.6000000000000005,1.9,3.1000000000000005,3,N,73717
4.6000000000000005,1.9,3.1000000000000005,4,N,73718
4.6000000000000005,1.9,3.1000000000000005,5,N,73719
4.6000000000000005,1.9,3.4000000000000004,1,N,73720
4.6000000000000005,1.9,3.4000000000000004,2,N,73721
4.6000000000000005,1.9,3.4000000000000004,3,N,73722
4.6000000000000005,1.9,3.4000000000000004,4,N,73723
4.6000000000000005,1.9,3.4000000000000004,5,N,73724
4.6000000000000005,1.9,3.7,1,N,73725
4.6000000000000005,1.9,3.7,2,N,73726
4.6000000000000005,1.9,3.7,3,N,73727
4.6000000000000005,1.9,3.7,4,N,73728
4.6000000000000005,1.9,3.7,5,N,73729
4.6000000000000005,1.9,4.0,1,N,73730
4.6000000000000005,1.9,4.0,2,N,73731
4.6000000000000005,1.9,4.0,3,N,73732
4.6000000000000005,1.9,4.0,4,N,73733
4.6000000000000005,1.9,4.0,5,N,73734
4.6000000000000005,1.9,4.300000000000002,1,N,73735
4.6000000000000005,1.9,4.300000000000002,2,N,73736
4.6000000000000005,1.9,4.300000000000002,3,N,73737
4.6000000000000005,1.9,4.300000000000002,4,N,73738
4.6000000000000005,1.9,4.300000000000002,5,N,73739
4.6000000000000005,1.9,4.6000000000000005,1,N,73740
4.6000000000000005,1.9,4.6000000000000005,2,N,73741
4.6000000000000005,1.9,4.6000000000000005,3,N,73742
4.6000000000000005,1.9,4.6000000000000005,4,N,73743
4.6000000000000005,1.9,4.6000000000000005,5,N,73744
4.6000000000000005,1.9,4.9,1,N,73745
4.6000000000000005,1.9,4.9,2,N,73746
4.6000000000000005,1.9,4.9,3,N,73747
4.6000000000000005,1.9,4.9,4,N,73748
4.6000000000000005,1.9,4.9,5,N,73749
4.6000000000000005,2.2,0.01,1,N,73750
4.6000000000000005,2.2,0.01,2,N,73751
4.6000000000000005,2.2,0.01,3,N,73752
4.6000000000000005,2.2,0.01,4,N,73753
4.6000000000000005,2.2,0.01,5,N,73754
4.6000000000000005,2.2,0.11,1,N,73755
4.6000000000000005,2.2,0.11,2,N,73756
4.6000000000000005,2.2,0.11,3,N,73757
4.6000000000000005,2.2,0.11,4,N,73758
4.6000000000000005,2.2,0.11,5,N,73759
4.6000000000000005,2.2,0.21,1,N,73760
4.6000000000000005,2.2,0.21,2,N,73761
4.6000000000000005,2.2,0.21,3,N,73762
4.6000000000000005,2.2,0.21,4,N,73763
4.6000000000000005,2.2,0.21,5,N,73764
4.6000000000000005,2.2,0.31000000000000005,1,N,73765
4.6000000000000005,2.2,0.31000000000000005,2,N,73766
4.6000000000000005,2.2,0.31000000000000005,3,N,73767
4.6000000000000005,2.2,0.31000000000000005,4,N,73768
4.6000000000000005,2.2,0.31000000000000005,5,N,73769
4.6000000000000005,2.2,0.41,1,N,73770
4.6000000000000005,2.2,0.41,2,N,73771
4.6000000000000005,2.2,0.41,3,N,73772
4.6000000000000005,2.2,0.41,4,N,73773
4.6000000000000005,2.2,0.41,5,N,73774
4.6000000000000005,2.2,0.51,1,N,73775
4.6000000000000005,2.2,0.51,2,N,73776
4.6000000000000005,2.2,0.51,3,N,73777
4.6000000000000005,2.2,0.51,4,N,73778
4.6000000000000005,2.2,0.51,5,N,73779
4.6000000000000005,2.2,0.6100000000000001,1,N,73780
4.6000000000000005,2.2,0.6100000000000001,2,N,73781
4.6000000000000005,2.2,0.6100000000000001,3,N,73782
4.6000000000000005,2.2,0.6100000000000001,4,N,73783
4.6000000000000005,2.2,0.6100000000000001,5,N,73784
4.6000000000000005,2.2,0.7100000000000001,1,N,73785
4.6000000000000005,2.2,0.7100000000000001,2,N,73786
4.6000000000000005,2.2,0.7100000000000001,3,N,73787
4.6000000000000005,2.2,0.7100000000000001,4,N,73788
4.6000000000000005,2.2,0.7100000000000001,5,N,73789
4.6000000000000005,2.2,0.81,1,N,73790
4.6000000000000005,2.2,0.81,2,N,73791
4.6000000000000005,2.2,0.81,3,N,73792
4.6000000000000005,2.2,0.81,4,N,73793
4.6000000000000005,2.2,0.81,5,N,73794
4.6000000000000005,2.2,0.91,1,N,73795
4.6000000000000005,2.2,0.91,2,N,73796
4.6000000000000005,2.2,0.91,3,N,73797
4.6000000000000005,2.2,0.91,4,N,73798
4.6000000000000005,2.2,0.91,5,N,73799
4.6000000000000005,2.2,1.01,1,N,73800
4.6000000000000005,2.2,1.01,2,N,73801
4.6000000000000005,2.2,1.01,3,N,73802
4.6000000000000005,2.2,1.01,4,N,73803
4.6000000000000005,2.2,1.01,5,N,73804
4.6000000000000005,2.2,1.11,1,N,73805
4.6000000000000005,2.2,1.11,2,N,73806
4.6000000000000005,2.2,1.11,3,N,73807
4.6000000000000005,2.2,1.11,4,N,73808
4.6000000000000005,2.2,1.11,5,N,73809
4.6000000000000005,2.2,1.3,1,N,73810
4.6000000000000005,2.2,1.3,2,N,73811
4.6000000000000005,2.2,1.3,3,N,73812
4.6000000000000005,2.2,1.3,4,N,73813
4.6000000000000005,2.2,1.3,5,N,73814
4.6000000000000005,2.2,1.6,1,N,73815
4.6000000000000005,2.2,1.6,2,N,73816
4.6000000000000005,2.2,1.6,3,N,73817
4.6000000000000005,2.2,1.6,4,N,73818
4.6000000000000005,2.2,1.6,5,N,73819
4.6000000000000005,2.2,1.9,1,N,73820
4.6000000000000005,2.2,1.9,2,N,73821
4.6000000000000005,2.2,1.9,3,N,73822
4.6000000000000005,2.2,1.9,4,N,73823
4.6000000000000005,2.2,1.9,5,N,73824
4.6000000000000005,2.2,2.2,1,N,73825
4.6000000000000005,2.2,2.2,2,N,73826
4.6000000000000005,2.2,2.2,3,N,73827
4.6000000000000005,2.2,2.2,4,N,73828
4.6000000000000005,2.2,2.2,5,N,73829
4.6000000000000005,2.2,2.5,1,N,73830
4.6000000000000005,2.2,2.5,2,N,73831
4.6000000000000005,2.2,2.5,3,N,73832
4.6000000000000005,2.2,2.5,4,N,73833
4.6000000000000005,2.2,2.5,5,N,73834
4.6000000000000005,2.2,2.8000000000000003,1,N,73835
4.6000000000000005,2.2,2.8000000000000003,2,N,73836
4.6000000000000005,2.2,2.8000000000000003,3,N,73837
4.6000000000000005,2.2,2.8000000000000003,4,N,73838
4.6000000000000005,2.2,2.8000000000000003,5,N,73839
4.6000000000000005,2.2,3.1000000000000005,1,N,73840
4.6000000000000005,2.2,3.1000000000000005,2,N,73841
4.6000000000000005,2.2,3.1000000000000005,3,N,73842
4.6000000000000005,2.2,3.1000000000000005,4,N,73843
4.6000000000000005,2.2,3.1000000000000005,5,N,73844
4.6000000000000005,2.2,3.4000000000000004,1,N,73845
4.6000000000000005,2.2,3.4000000000000004,2,N,73846
4.6000000000000005,2.2,3.4000000000000004,3,N,73847
4.6000000000000005,2.2,3.4000000000000004,4,N,73848
4.6000000000000005,2.2,3.4000000000000004,5,N,73849
4.6000000000000005,2.2,3.7,1,N,73850
4.6000000000000005,2.2,3.7,2,N,73851
4.6000000000000005,2.2,3.7,3,N,73852
4.6000000000000005,2.2,3.7,4,N,73853
4.6000000000000005,2.2,3.7,5,N,73854
4.6000000000000005,2.2,4.0,1,N,73855
4.6000000000000005,2.2,4.0,2,N,73856
4.6000000000000005,2.2,4.0,3,N,73857
4.6000000000000005,2.2,4.0,4,N,73858
4.6000000000000005,2.2,4.0,5,N,73859
4.6000000000000005,2.2,4.300000000000002,1,N,73860
4.6000000000000005,2.2,4.300000000000002,2,N,73861
4.6000000000000005,2.2,4.300000000000002,3,N,73862
4.6000000000000005,2.2,4.300000000000002,4,N,73863
4.6000000000000005,2.2,4.300000000000002,5,N,73864
4.6000000000000005,2.2,4.6000000000000005,1,N,73865
4.6000000000000005,2.2,4.6000000000000005,2,N,73866
4.6000000000000005,2.2,4.6000000000000005,3,N,73867
4.6000000000000005,2.2,4.6000000000000005,4,N,73868
4.6000000000000005,2.2,4.6000000000000005,5,N,73869
4.6000000000000005,2.2,4.9,1,N,73870
4.6000000000000005,2.2,4.9,2,N,73871
4.6000000000000005,2.2,4.9,3,N,73872
4.6000000000000005,2.2,4.9,4,N,73873
4.6000000000000005,2.2,4.9,5,N,73874
4.6000000000000005,2.5,0.01,1,N,73875
4.6000000000000005,2.5,0.01,2,N,73876
4.6000000000000005,2.5,0.01,3,N,73877
4.6000000000000005,2.5,0.01,4,N,73878
4.6000000000000005,2.5,0.01,5,N,73879
4.6000000000000005,2.5,0.11,1,N,73880
4.6000000000000005,2.5,0.11,2,N,73881
4.6000000000000005,2.5,0.11,3,N,73882
4.6000000000000005,2.5,0.11,4,N,73883
4.6000000000000005,2.5,0.11,5,N,73884
4.6000000000000005,2.5,0.21,1,N,73885
4.6000000000000005,2.5,0.21,2,N,73886
4.6000000000000005,2.5,0.21,3,N,73887
4.6000000000000005,2.5,0.21,4,N,73888
4.6000000000000005,2.5,0.21,5,N,73889
4.6000000000000005,2.5,0.31000000000000005,1,N,73890
4.6000000000000005,2.5,0.31000000000000005,2,N,73891
4.6000000000000005,2.5,0.31000000000000005,3,N,73892
4.6000000000000005,2.5,0.31000000000000005,4,N,73893
4.6000000000000005,2.5,0.31000000000000005,5,N,73894
4.6000000000000005,2.5,0.41,1,N,73895
4.6000000000000005,2.5,0.41,2,N,73896
4.6000000000000005,2.5,0.41,3,N,73897
4.6000000000000005,2.5,0.41,4,N,73898
4.6000000000000005,2.5,0.41,5,N,73899
4.6000000000000005,2.5,0.51,1,N,73900
4.6000000000000005,2.5,0.51,2,N,73901
4.6000000000000005,2.5,0.51,3,N,73902
4.6000000000000005,2.5,0.51,4,N,73903
4.6000000000000005,2.5,0.51,5,N,73904
4.6000000000000005,2.5,0.6100000000000001,1,N,73905
4.6000000000000005,2.5,0.6100000000000001,2,N,73906
4.6000000000000005,2.5,0.6100000000000001,3,N,73907
4.6000000000000005,2.5,0.6100000000000001,4,N,73908
4.6000000000000005,2.5,0.6100000000000001,5,N,73909
4.6000000000000005,2.5,0.7100000000000001,1,N,73910
4.6000000000000005,2.5,0.7100000000000001,2,N,73911
4.6000000000000005,2.5,0.7100000000000001,3,N,73912
4.6000000000000005,2.5,0.7100000000000001,4,N,73913
4.6000000000000005,2.5,0.7100000000000001,5,N,73914
4.6000000000000005,2.5,0.81,1,N,73915
4.6000000000000005,2.5,0.81,2,N,73916
4.6000000000000005,2.5,0.81,3,N,73917
4.6000000000000005,2.5,0.81,4,N,73918
4.6000000000000005,2.5,0.81,5,N,73919
4.6000000000000005,2.5,0.91,1,N,73920
4.6000000000000005,2.5,0.91,2,N,73921
4.6000000000000005,2.5,0.91,3,N,73922
4.6000000000000005,2.5,0.91,4,N,73923
4.6000000000000005,2.5,0.91,5,N,73924
4.6000000000000005,2.5,1.01,1,N,73925
4.6000000000000005,2.5,1.01,2,N,73926
4.6000000000000005,2.5,1.01,3,N,73927
4.6000000000000005,2.5,1.01,4,N,73928
4.6000000000000005,2.5,1.01,5,N,73929
4.6000000000000005,2.5,1.11,1,N,73930
4.6000000000000005,2.5,1.11,2,N,73931
4.6000000000000005,2.5,1.11,3,N,73932
4.6000000000000005,2.5,1.11,4,N,73933
4.6000000000000005,2.5,1.11,5,N,73934
4.6000000000000005,2.5,1.3,1,N,73935
4.6000000000000005,2.5,1.3,2,N,73936
4.6000000000000005,2.5,1.3,3,N,73937
4.6000000000000005,2.5,1.3,4,N,73938
4.6000000000000005,2.5,1.3,5,N,73939
4.6000000000000005,2.5,1.6,1,N,73940
4.6000000000000005,2.5,1.6,2,N,73941
4.6000000000000005,2.5,1.6,3,N,73942
4.6000000000000005,2.5,1.6,4,N,73943
4.6000000000000005,2.5,1.6,5,N,73944
4.6000000000000005,2.5,1.9,1,N,73945
4.6000000000000005,2.5,1.9,2,N,73946
4.6000000000000005,2.5,1.9,3,N,73947
4.6000000000000005,2.5,1.9,4,N,73948
4.6000000000000005,2.5,1.9,5,N,73949
4.6000000000000005,2.5,2.2,1,N,73950
4.6000000000000005,2.5,2.2,2,N,73951
4.6000000000000005,2.5,2.2,3,N,73952
4.6000000000000005,2.5,2.2,4,N,73953
4.6000000000000005,2.5,2.2,5,N,73954
4.6000000000000005,2.5,2.5,1,N,73955
4.6000000000000005,2.5,2.5,2,N,73956
4.6000000000000005,2.5,2.5,3,N,73957
4.6000000000000005,2.5,2.5,4,N,73958
4.6000000000000005,2.5,2.5,5,N,73959
4.6000000000000005,2.5,2.8000000000000003,1,N,73960
4.6000000000000005,2.5,2.8000000000000003,2,N,73961
4.6000000000000005,2.5,2.8000000000000003,3,N,73962
4.6000000000000005,2.5,2.8000000000000003,4,N,73963
4.6000000000000005,2.5,2.8000000000000003,5,N,73964
4.6000000000000005,2.5,3.1000000000000005,1,N,73965
4.6000000000000005,2.5,3.1000000000000005,2,N,73966
4.6000000000000005,2.5,3.1000000000000005,3,N,73967
4.6000000000000005,2.5,3.1000000000000005,4,N,73968
4.6000000000000005,2.5,3.1000000000000005,5,N,73969
4.6000000000000005,2.5,3.4000000000000004,1,N,73970
4.6000000000000005,2.5,3.4000000000000004,2,N,73971
4.6000000000000005,2.5,3.4000000000000004,3,N,73972
4.6000000000000005,2.5,3.4000000000000004,4,N,73973
4.6000000000000005,2.5,3.4000000000000004,5,N,73974
4.6000000000000005,2.5,3.7,1,N,73975
4.6000000000000005,2.5,3.7,2,N,73976
4.6000000000000005,2.5,3.7,3,N,73977
4.6000000000000005,2.5,3.7,4,N,73978
4.6000000000000005,2.5,3.7,5,N,73979
4.6000000000000005,2.5,4.0,1,N,73980
4.6000000000000005,2.5,4.0,2,N,73981
4.6000000000000005,2.5,4.0,3,N,73982
4.6000000000000005,2.5,4.0,4,N,73983
4.6000000000000005,2.5,4.0,5,N,73984
4.6000000000000005,2.5,4.300000000000002,1,N,73985
4.6000000000000005,2.5,4.300000000000002,2,N,73986
4.6000000000000005,2.5,4.300000000000002,3,N,73987
4.6000000000000005,2.5,4.300000000000002,4,N,73988
4.6000000000000005,2.5,4.300000000000002,5,N,73989
4.6000000000000005,2.5,4.6000000000000005,1,N,73990
4.6000000000000005,2.5,4.6000000000000005,2,N,73991
4.6000000000000005,2.5,4.6000000000000005,3,N,73992
4.6000000000000005,2.5,4.6000000000000005,4,N,73993
4.6000000000000005,2.5,4.6000000000000005,5,N,73994
4.6000000000000005,2.5,4.9,1,N,73995
4.6000000000000005,2.5,4.9,2,N,73996
4.6000000000000005,2.5,4.9,3,N,73997
4.6000000000000005,2.5,4.9,4,N,73998
4.6000000000000005,2.5,4.9,5,N,73999
4.6000000000000005,2.8000000000000003,0.01,1,N,74000
4.6000000000000005,2.8000000000000003,0.01,2,N,74001
4.6000000000000005,2.8000000000000003,0.01,3,N,74002
4.6000000000000005,2.8000000000000003,0.01,4,N,74003
4.6000000000000005,2.8000000000000003,0.01,5,N,74004
4.6000000000000005,2.8000000000000003,0.11,1,N,74005
4.6000000000000005,2.8000000000000003,0.11,2,N,74006
4.6000000000000005,2.8000000000000003,0.11,3,N,74007
4.6000000000000005,2.8000000000000003,0.11,4,N,74008
4.6000000000000005,2.8000000000000003,0.11,5,N,74009
4.6000000000000005,2.8000000000000003,0.21,1,N,74010
4.6000000000000005,2.8000000000000003,0.21,2,N,74011
4.6000000000000005,2.8000000000000003,0.21,3,N,74012
4.6000000000000005,2.8000000000000003,0.21,4,N,74013
4.6000000000000005,2.8000000000000003,0.21,5,N,74014
4.6000000000000005,2.8000000000000003,0.31000000000000005,1,N,74015
4.6000000000000005,2.8000000000000003,0.31000000000000005,2,N,74016
4.6000000000000005,2.8000000000000003,0.31000000000000005,3,N,74017
4.6000000000000005,2.8000000000000003,0.31000000000000005,4,N,74018
4.6000000000000005,2.8000000000000003,0.31000000000000005,5,N,74019
4.6000000000000005,2.8000000000000003,0.41,1,N,74020
4.6000000000000005,2.8000000000000003,0.41,2,N,74021
4.6000000000000005,2.8000000000000003,0.41,3,N,74022
4.6000000000000005,2.8000000000000003,0.41,4,N,74023
4.6000000000000005,2.8000000000000003,0.41,5,N,74024
4.6000000000000005,2.8000000000000003,0.51,1,N,74025
4.6000000000000005,2.8000000000000003,0.51,2,N,74026
4.6000000000000005,2.8000000000000003,0.51,3,N,74027
4.6000000000000005,2.8000000000000003,0.51,4,N,74028
4.6000000000000005,2.8000000000000003,0.51,5,N,74029
4.6000000000000005,2.8000000000000003,0.6100000000000001,1,N,74030
4.6000000000000005,2.8000000000000003,0.6100000000000001,2,N,74031
4.6000000000000005,2.8000000000000003,0.6100000000000001,3,N,74032
4.6000000000000005,2.8000000000000003,0.6100000000000001,4,N,74033
4.6000000000000005,2.8000000000000003,0.6100000000000001,5,N,74034
4.6000000000000005,2.8000000000000003,0.7100000000000001,1,N,74035
4.6000000000000005,2.8000000000000003,0.7100000000000001,2,N,74036
4.6000000000000005,2.8000000000000003,0.7100000000000001,3,N,74037
4.6000000000000005,2.8000000000000003,0.7100000000000001,4,N,74038
4.6000000000000005,2.8000000000000003,0.7100000000000001,5,N,74039
4.6000000000000005,2.8000000000000003,0.81,1,N,74040
4.6000000000000005,2.8000000000000003,0.81,2,N,74041
4.6000000000000005,2.8000000000000003,0.81,3,N,74042
4.6000000000000005,2.8000000000000003,0.81,4,N,74043
4.6000000000000005,2.8000000000000003,0.81,5,N,74044
4.6000000000000005,2.8000000000000003,0.91,1,N,74045
4.6000000000000005,2.8000000000000003,0.91,2,N,74046
4.6000000000000005,2.8000000000000003,0.91,3,N,74047
4.6000000000000005,2.8000000000000003,0.91,4,N,74048
4.6000000000000005,2.8000000000000003,0.91,5,N,74049
4.6000000000000005,2.8000000000000003,1.01,1,N,74050
4.6000000000000005,2.8000000000000003,1.01,2,N,74051
4.6000000000000005,2.8000000000000003,1.01,3,N,74052
4.6000000000000005,2.8000000000000003,1.01,4,N,74053
4.6000000000000005,2.8000000000000003,1.01,5,N,74054
4.6000000000000005,2.8000000000000003,1.11,1,N,74055
4.6000000000000005,2.8000000000000003,1.11,2,N,74056
4.6000000000000005,2.8000000000000003,1.11,3,N,74057
4.6000000000000005,2.8000000000000003,1.11,4,N,74058
4.6000000000000005,2.8000000000000003,1.11,5,N,74059
4.6000000000000005,2.8000000000000003,1.3,1,N,74060
4.6000000000000005,2.8000000000000003,1.3,2,N,74061
4.6000000000000005,2.8000000000000003,1.3,3,N,74062
4.6000000000000005,2.8000000000000003,1.3,4,N,74063
4.6000000000000005,2.8000000000000003,1.3,5,N,74064
4.6000000000000005,2.8000000000000003,1.6,1,N,74065
4.6000000000000005,2.8000000000000003,1.6,2,N,74066
4.6000000000000005,2.8000000000000003,1.6,3,N,74067
4.6000000000000005,2.8000000000000003,1.6,4,N,74068
4.6000000000000005,2.8000000000000003,1.6,5,N,74069
4.6000000000000005,2.8000000000000003,1.9,1,N,74070
4.6000000000000005,2.8000000000000003,1.9,2,N,74071
4.6000000000000005,2.8000000000000003,1.9,3,N,74072
4.6000000000000005,2.8000000000000003,1.9,4,N,74073
4.6000000000000005,2.8000000000000003,1.9,5,N,74074
4.6000000000000005,2.8000000000000003,2.2,1,N,74075
4.6000000000000005,2.8000000000000003,2.2,2,N,74076
4.6000000000000005,2.8000000000000003,2.2,3,N,74077
4.6000000000000005,2.8000000000000003,2.2,4,N,74078
4.6000000000000005,2.8000000000000003,2.2,5,N,74079
4.6000000000000005,2.8000000000000003,2.5,1,N,74080
4.6000000000000005,2.8000000000000003,2.5,2,N,74081
4.6000000000000005,2.8000000000000003,2.5,3,N,74082
4.6000000000000005,2.8000000000000003,2.5,4,N,74083
4.6000000000000005,2.8000000000000003,2.5,5,N,74084
4.6000000000000005,2.8000000000000003,2.8000000000000003,1,N,74085
4.6000000000000005,2.8000000000000003,2.8000000000000003,2,N,74086
4.6000000000000005,2.8000000000000003,2.8000000000000003,3,N,74087
4.6000000000000005,2.8000000000000003,2.8000000000000003,4,N,74088
4.6000000000000005,2.8000000000000003,2.8000000000000003,5,N,74089
4.6000000000000005,2.8000000000000003,3.1000000000000005,1,N,74090
4.6000000000000005,2.8000000000000003,3.1000000000000005,2,N,74091
4.6000000000000005,2.8000000000000003,3.1000000000000005,3,N,74092
4.6000000000000005,2.8000000000000003,3.1000000000000005,4,N,74093
4.6000000000000005,2.8000000000000003,3.1000000000000005,5,N,74094
4.6000000000000005,2.8000000000000003,3.4000000000000004,1,N,74095
4.6000000000000005,2.8000000000000003,3.4000000000000004,2,N,74096
4.6000000000000005,2.8000000000000003,3.4000000000000004,3,N,74097
4.6000000000000005,2.8000000000000003,3.4000000000000004,4,N,74098
4.6000000000000005,2.8000000000000003,3.4000000000000004,5,N,74099
4.6000000000000005,2.8000000000000003,3.7,1,N,74100
4.6000000000000005,2.8000000000000003,3.7,2,N,74101
4.6000000000000005,2.8000000000000003,3.7,3,N,74102
4.6000000000000005,2.8000000000000003,3.7,4,N,74103
4.6000000000000005,2.8000000000000003,3.7,5,N,74104
4.6000000000000005,2.8000000000000003,4.0,1,N,74105
4.6000000000000005,2.8000000000000003,4.0,2,N,74106
4.6000000000000005,2.8000000000000003,4.0,3,N,74107
4.6000000000000005,2.8000000000000003,4.0,4,N,74108
4.6000000000000005,2.8000000000000003,4.0,5,N,74109
4.6000000000000005,2.8000000000000003,4.300000000000002,1,N,74110
4.6000000000000005,2.8000000000000003,4.300000000000002,2,N,74111
4.6000000000000005,2.8000000000000003,4.300000000000002,3,N,74112
4.6000000000000005,2.8000000000000003,4.300000000000002,4,N,74113
4.6000000000000005,2.8000000000000003,4.300000000000002,5,N,74114
4.6000000000000005,2.8000000000000003,4.6000000000000005,1,N,74115
4.6000000000000005,2.8000000000000003,4.6000000000000005,2,N,74116
4.6000000000000005,2.8000000000000003,4.6000000000000005,3,N,74117
4.6000000000000005,2.8000000000000003,4.6000000000000005,4,N,74118
4.6000000000000005,2.8000000000000003,4.6000000000000005,5,N,74119
4.6000000000000005,2.8000000000000003,4.9,1,N,74120
4.6000000000000005,2.8000000000000003,4.9,2,N,74121
4.6000000000000005,2.8000000000000003,4.9,3,N,74122
4.6000000000000005,2.8000000000000003,4.9,4,N,74123
4.6000000000000005,2.8000000000000003,4.9,5,N,74124
4.6000000000000005,3.1000000000000005,0.01,1,N,74125
4.6000000000000005,3.1000000000000005,0.01,2,N,74126
4.6000000000000005,3.1000000000000005,0.01,3,N,74127
4.6000000000000005,3.1000000000000005,0.01,4,N,74128
4.6000000000000005,3.1000000000000005,0.01,5,N,74129
4.6000000000000005,3.1000000000000005,0.11,1,N,74130
4.6000000000000005,3.1000000000000005,0.11,2,N,74131
4.6000000000000005,3.1000000000000005,0.11,3,N,74132
4.6000000000000005,3.1000000000000005,0.11,4,N,74133
4.6000000000000005,3.1000000000000005,0.11,5,N,74134
4.6000000000000005,3.1000000000000005,0.21,1,N,74135
4.6000000000000005,3.1000000000000005,0.21,2,N,74136
4.6000000000000005,3.1000000000000005,0.21,3,N,74137
4.6000000000000005,3.1000000000000005,0.21,4,N,74138
4.6000000000000005,3.1000000000000005,0.21,5,N,74139
4.6000000000000005,3.1000000000000005,0.31000000000000005,1,N,74140
4.6000000000000005,3.1000000000000005,0.31000000000000005,2,N,74141
4.6000000000000005,3.1000000000000005,0.31000000000000005,3,N,74142
4.6000000000000005,3.1000000000000005,0.31000000000000005,4,N,74143
4.6000000000000005,3.1000000000000005,0.31000000000000005,5,N,74144
4.6000000000000005,3.1000000000000005,0.41,1,N,74145
4.6000000000000005,3.1000000000000005,0.41,2,N,74146
4.6000000000000005,3.1000000000000005,0.41,3,N,74147
4.6000000000000005,3.1000000000000005,0.41,4,N,74148
4.6000000000000005,3.1000000000000005,0.41,5,N,74149
4.6000000000000005,3.1000000000000005,0.51,1,N,74150
4.6000000000000005,3.1000000000000005,0.51,2,N,74151
4.6000000000000005,3.1000000000000005,0.51,3,N,74152
4.6000000000000005,3.1000000000000005,0.51,4,N,74153
4.6000000000000005,3.1000000000000005,0.51,5,N,74154
4.6000000000000005,3.1000000000000005,0.6100000000000001,1,N,74155
4.6000000000000005,3.1000000000000005,0.6100000000000001,2,N,74156
4.6000000000000005,3.1000000000000005,0.6100000000000001,3,N,74157
4.6000000000000005,3.1000000000000005,0.6100000000000001,4,N,74158
4.6000000000000005,3.1000000000000005,0.6100000000000001,5,N,74159
4.6000000000000005,3.1000000000000005,0.7100000000000001,1,N,74160
4.6000000000000005,3.1000000000000005,0.7100000000000001,2,N,74161
4.6000000000000005,3.1000000000000005,0.7100000000000001,3,N,74162
4.6000000000000005,3.1000000000000005,0.7100000000000001,4,N,74163
4.6000000000000005,3.1000000000000005,0.7100000000000001,5,N,74164
4.6000000000000005,3.1000000000000005,0.81,1,N,74165
4.6000000000000005,3.1000000000000005,0.81,2,N,74166
4.6000000000000005,3.1000000000000005,0.81,3,N,74167
4.6000000000000005,3.1000000000000005,0.81,4,N,74168
4.6000000000000005,3.1000000000000005,0.81,5,N,74169
4.6000000000000005,3.1000000000000005,0.91,1,N,74170
4.6000000000000005,3.1000000000000005,0.91,2,N,74171
4.6000000000000005,3.1000000000000005,0.91,3,N,74172
4.6000000000000005,3.1000000000000005,0.91,4,N,74173
4.6000000000000005,3.1000000000000005,0.91,5,N,74174
4.6000000000000005,3.1000000000000005,1.01,1,N,74175
4.6000000000000005,3.1000000000000005,1.01,2,N,74176
4.6000000000000005,3.1000000000000005,1.01,3,N,74177
4.6000000000000005,3.1000000000000005,1.01,4,N,74178
4.6000000000000005,3.1000000000000005,1.01,5,N,74179
4.6000000000000005,3.1000000000000005,1.11,1,N,74180
4.6000000000000005,3.1000000000000005,1.11,2,N,74181
4.6000000000000005,3.1000000000000005,1.11,3,N,74182
4.6000000000000005,3.1000000000000005,1.11,4,N,74183
4.6000000000000005,3.1000000000000005,1.11,5,N,74184
4.6000000000000005,3.1000000000000005,1.3,1,N,74185
4.6000000000000005,3.1000000000000005,1.3,2,N,74186
4.6000000000000005,3.1000000000000005,1.3,3,N,74187
4.6000000000000005,3.1000000000000005,1.3,4,N,74188
4.6000000000000005,3.1000000000000005,1.3,5,N,74189
4.6000000000000005,3.1000000000000005,1.6,1,N,74190
4.6000000000000005,3.1000000000000005,1.6,2,N,74191
4.6000000000000005,3.1000000000000005,1.6,3,N,74192
4.6000000000000005,3.1000000000000005,1.6,4,N,74193
4.6000000000000005,3.1000000000000005,1.6,5,N,74194
4.6000000000000005,3.1000000000000005,1.9,1,N,74195
4.6000000000000005,3.1000000000000005,1.9,2,N,74196
4.6000000000000005,3.1000000000000005,1.9,3,N,74197
4.6000000000000005,3.1000000000000005,1.9,4,N,74198
4.6000000000000005,3.1000000000000005,1.9,5,N,74199
4.6000000000000005,3.1000000000000005,2.2,1,N,74200
4.6000000000000005,3.1000000000000005,2.2,2,N,74201
4.6000000000000005,3.1000000000000005,2.2,3,N,74202
4.6000000000000005,3.1000000000000005,2.2,4,N,74203
4.6000000000000005,3.1000000000000005,2.2,5,N,74204
4.6000000000000005,3.1000000000000005,2.5,1,N,74205
4.6000000000000005,3.1000000000000005,2.5,2,N,74206
4.6000000000000005,3.1000000000000005,2.5,3,N,74207
4.6000000000000005,3.1000000000000005,2.5,4,N,74208
4.6000000000000005,3.1000000000000005,2.5,5,N,74209
4.6000000000000005,3.1000000000000005,2.8000000000000003,1,N,74210
4.6000000000000005,3.1000000000000005,2.8000000000000003,2,N,74211
4.6000000000000005,3.1000000000000005,2.8000000000000003,3,N,74212
4.6000000000000005,3.1000000000000005,2.8000000000000003,4,N,74213
4.6000000000000005,3.1000000000000005,2.8000000000000003,5,N,74214
4.6000000000000005,3.1000000000000005,3.1000000000000005,1,N,74215
4.6000000000000005,3.1000000000000005,3.1000000000000005,2,N,74216
4.6000000000000005,3.1000000000000005,3.1000000000000005,3,N,74217
4.6000000000000005,3.1000000000000005,3.1000000000000005,4,N,74218
4.6000000000000005,3.1000000000000005,3.1000000000000005,5,N,74219
4.6000000000000005,3.1000000000000005,3.4000000000000004,1,N,74220
4.6000000000000005,3.1000000000000005,3.4000000000000004,2,N,74221
4.6000000000000005,3.1000000000000005,3.4000000000000004,3,N,74222
4.6000000000000005,3.1000000000000005,3.4000000000000004,4,N,74223
4.6000000000000005,3.1000000000000005,3.4000000000000004,5,N,74224
4.6000000000000005,3.1000000000000005,3.7,1,N,74225
4.6000000000000005,3.1000000000000005,3.7,2,N,74226
4.6000000000000005,3.1000000000000005,3.7,3,N,74227
4.6000000000000005,3.1000000000000005,3.7,4,N,74228
4.6000000000000005,3.1000000000000005,3.7,5,N,74229
4.6000000000000005,3.1000000000000005,4.0,1,N,74230
4.6000000000000005,3.1000000000000005,4.0,2,N,74231
4.6000000000000005,3.1000000000000005,4.0,3,N,74232
4.6000000000000005,3.1000000000000005,4.0,4,N,74233
4.6000000000000005,3.1000000000000005,4.0,5,N,74234
4.6000000000000005,3.1000000000000005,4.300000000000002,1,N,74235
4.6000000000000005,3.1000000000000005,4.300000000000002,2,N,74236
4.6000000000000005,3.1000000000000005,4.300000000000002,3,N,74237
4.6000000000000005,3.1000000000000005,4.300000000000002,4,N,74238
4.6000000000000005,3.1000000000000005,4.300000000000002,5,N,74239
4.6000000000000005,3.1000000000000005,4.6000000000000005,1,N,74240
4.6000000000000005,3.1000000000000005,4.6000000000000005,2,N,74241
4.6000000000000005,3.1000000000000005,4.6000000000000005,3,N,74242
4.6000000000000005,3.1000000000000005,4.6000000000000005,4,N,74243
4.6000000000000005,3.1000000000000005,4.6000000000000005,5,N,74244
4.6000000000000005,3.1000000000000005,4.9,1,N,74245
4.6000000000000005,3.1000000000000005,4.9,2,N,74246
4.6000000000000005,3.1000000000000005,4.9,3,N,74247
4.6000000000000005,3.1000000000000005,4.9,4,N,74248
4.6000000000000005,3.1000000000000005,4.9,5,N,74249
4.6000000000000005,3.4000000000000004,0.01,1,N,74250
4.6000000000000005,3.4000000000000004,0.01,2,N,74251
4.6000000000000005,3.4000000000000004,0.01,3,N,74252
4.6000000000000005,3.4000000000000004,0.01,4,N,74253
4.6000000000000005,3.4000000000000004,0.01,5,N,74254
4.6000000000000005,3.4000000000000004,0.11,1,N,74255
4.6000000000000005,3.4000000000000004,0.11,2,N,74256
4.6000000000000005,3.4000000000000004,0.11,3,N,74257
4.6000000000000005,3.4000000000000004,0.11,4,N,74258
4.6000000000000005,3.4000000000000004,0.11,5,N,74259
4.6000000000000005,3.4000000000000004,0.21,1,N,74260
4.6000000000000005,3.4000000000000004,0.21,2,N,74261
4.6000000000000005,3.4000000000000004,0.21,3,N,74262
4.6000000000000005,3.4000000000000004,0.21,4,N,74263
4.6000000000000005,3.4000000000000004,0.21,5,N,74264
4.6000000000000005,3.4000000000000004,0.31000000000000005,1,N,74265
4.6000000000000005,3.4000000000000004,0.31000000000000005,2,N,74266
4.6000000000000005,3.4000000000000004,0.31000000000000005,3,N,74267
4.6000000000000005,3.4000000000000004,0.31000000000000005,4,N,74268
4.6000000000000005,3.4000000000000004,0.31000000000000005,5,N,74269
4.6000000000000005,3.4000000000000004,0.41,1,N,74270
4.6000000000000005,3.4000000000000004,0.41,2,N,74271
4.6000000000000005,3.4000000000000004,0.41,3,N,74272
4.6000000000000005,3.4000000000000004,0.41,4,N,74273
4.6000000000000005,3.4000000000000004,0.41,5,N,74274
4.6000000000000005,3.4000000000000004,0.51,1,N,74275
4.6000000000000005,3.4000000000000004,0.51,2,N,74276
4.6000000000000005,3.4000000000000004,0.51,3,N,74277
4.6000000000000005,3.4000000000000004,0.51,4,N,74278
4.6000000000000005,3.4000000000000004,0.51,5,N,74279
4.6000000000000005,3.4000000000000004,0.6100000000000001,1,N,74280
4.6000000000000005,3.4000000000000004,0.6100000000000001,2,N,74281
4.6000000000000005,3.4000000000000004,0.6100000000000001,3,N,74282
4.6000000000000005,3.4000000000000004,0.6100000000000001,4,N,74283
4.6000000000000005,3.4000000000000004,0.6100000000000001,5,N,74284
4.6000000000000005,3.4000000000000004,0.7100000000000001,1,N,74285
4.6000000000000005,3.4000000000000004,0.7100000000000001,2,N,74286
4.6000000000000005,3.4000000000000004,0.7100000000000001,3,N,74287
4.6000000000000005,3.4000000000000004,0.7100000000000001,4,N,74288
4.6000000000000005,3.4000000000000004,0.7100000000000001,5,N,74289
4.6000000000000005,3.4000000000000004,0.81,1,N,74290
4.6000000000000005,3.4000000000000004,0.81,2,N,74291
4.6000000000000005,3.4000000000000004,0.81,3,N,74292
4.6000000000000005,3.4000000000000004,0.81,4,N,74293
4.6000000000000005,3.4000000000000004,0.81,5,N,74294
4.6000000000000005,3.4000000000000004,0.91,1,N,74295
4.6000000000000005,3.4000000000000004,0.91,2,N,74296
4.6000000000000005,3.4000000000000004,0.91,3,N,74297
4.6000000000000005,3.4000000000000004,0.91,4,N,74298
4.6000000000000005,3.4000000000000004,0.91,5,N,74299
4.6000000000000005,3.4000000000000004,1.01,1,N,74300
4.6000000000000005,3.4000000000000004,1.01,2,N,74301
4.6000000000000005,3.4000000000000004,1.01,3,N,74302
4.6000000000000005,3.4000000000000004,1.01,4,N,74303
4.6000000000000005,3.4000000000000004,1.01,5,N,74304
4.6000000000000005,3.4000000000000004,1.11,1,N,74305
4.6000000000000005,3.4000000000000004,1.11,2,N,74306
4.6000000000000005,3.4000000000000004,1.11,3,N,74307
4.6000000000000005,3.4000000000000004,1.11,4,N,74308
4.6000000000000005,3.4000000000000004,1.11,5,N,74309
4.6000000000000005,3.4000000000000004,1.3,1,N,74310
4.6000000000000005,3.4000000000000004,1.3,2,N,74311
4.6000000000000005,3.4000000000000004,1.3,3,N,74312
4.6000000000000005,3.4000000000000004,1.3,4,N,74313
4.6000000000000005,3.4000000000000004,1.3,5,N,74314
4.6000000000000005,3.4000000000000004,1.6,1,N,74315
4.6000000000000005,3.4000000000000004,1.6,2,N,74316
4.6000000000000005,3.4000000000000004,1.6,3,N,74317
4.6000000000000005,3.4000000000000004,1.6,4,N,74318
4.6000000000000005,3.4000000000000004,1.6,5,N,74319
4.6000000000000005,3.4000000000000004,1.9,1,N,74320
4.6000000000000005,3.4000000000000004,1.9,2,N,74321
4.6000000000000005,3.4000000000000004,1.9,3,N,74322
4.6000000000000005,3.4000000000000004,1.9,4,N,74323
4.6000000000000005,3.4000000000000004,1.9,5,N,74324
4.6000000000000005,3.4000000000000004,2.2,1,N,74325
4.6000000000000005,3.4000000000000004,2.2,2,N,74326
4.6000000000000005,3.4000000000000004,2.2,3,N,74327
4.6000000000000005,3.4000000000000004,2.2,4,N,74328
4.6000000000000005,3.4000000000000004,2.2,5,N,74329
4.6000000000000005,3.4000000000000004,2.5,1,N,74330
4.6000000000000005,3.4000000000000004,2.5,2,N,74331
4.6000000000000005,3.4000000000000004,2.5,3,N,74332
4.6000000000000005,3.4000000000000004,2.5,4,N,74333
4.6000000000000005,3.4000000000000004,2.5,5,N,74334
4.6000000000000005,3.4000000000000004,2.8000000000000003,1,N,74335
4.6000000000000005,3.4000000000000004,2.8000000000000003,2,N,74336
4.6000000000000005,3.4000000000000004,2.8000000000000003,3,N,74337
4.6000000000000005,3.4000000000000004,2.8000000000000003,4,N,74338
4.6000000000000005,3.4000000000000004,2.8000000000000003,5,N,74339
4.6000000000000005,3.4000000000000004,3.1000000000000005,1,N,74340
4.6000000000000005,3.4000000000000004,3.1000000000000005,2,N,74341
4.6000000000000005,3.4000000000000004,3.1000000000000005,3,N,74342
4.6000000000000005,3.4000000000000004,3.1000000000000005,4,N,74343
4.6000000000000005,3.4000000000000004,3.1000000000000005,5,N,74344
4.6000000000000005,3.4000000000000004,3.4000000000000004,1,N,74345
4.6000000000000005,3.4000000000000004,3.4000000000000004,2,N,74346
4.6000000000000005,3.4000000000000004,3.4000000000000004,3,N,74347
4.6000000000000005,3.4000000000000004,3.4000000000000004,4,N,74348
4.6000000000000005,3.4000000000000004,3.4000000000000004,5,N,74349
4.6000000000000005,3.4000000000000004,3.7,1,N,74350
4.6000000000000005,3.4000000000000004,3.7,2,N,74351
4.6000000000000005,3.4000000000000004,3.7,3,N,74352
4.6000000000000005,3.4000000000000004,3.7,4,N,74353
4.6000000000000005,3.4000000000000004,3.7,5,N,74354
4.6000000000000005,3.4000000000000004,4.0,1,N,74355
4.6000000000000005,3.4000000000000004,4.0,2,N,74356
4.6000000000000005,3.4000000000000004,4.0,3,N,74357
4.6000000000000005,3.4000000000000004,4.0,4,N,74358
4.6000000000000005,3.4000000000000004,4.0,5,N,74359
4.6000000000000005,3.4000000000000004,4.300000000000002,1,N,74360
4.6000000000000005,3.4000000000000004,4.300000000000002,2,N,74361
4.6000000000000005,3.4000000000000004,4.300000000000002,3,N,74362
4.6000000000000005,3.4000000000000004,4.300000000000002,4,N,74363
4.6000000000000005,3.4000000000000004,4.300000000000002,5,N,74364
4.6000000000000005,3.4000000000000004,4.6000000000000005,1,N,74365
4.6000000000000005,3.4000000000000004,4.6000000000000005,2,N,74366
4.6000000000000005,3.4000000000000004,4.6000000000000005,3,N,74367
4.6000000000000005,3.4000000000000004,4.6000000000000005,4,N,74368
4.6000000000000005,3.4000000000000004,4.6000000000000005,5,N,74369
4.6000000000000005,3.4000000000000004,4.9,1,N,74370
4.6000000000000005,3.4000000000000004,4.9,2,N,74371
4.6000000000000005,3.4000000000000004,4.9,3,N,74372
4.6000000000000005,3.4000000000000004,4.9,4,N,74373
4.6000000000000005,3.4000000000000004,4.9,5,N,74374
4.6000000000000005,3.7,0.01,1,N,74375
4.6000000000000005,3.7,0.01,2,N,74376
4.6000000000000005,3.7,0.01,3,N,74377
4.6000000000000005,3.7,0.01,4,N,74378
4.6000000000000005,3.7,0.01,5,N,74379
4.6000000000000005,3.7,0.11,1,N,74380
4.6000000000000005,3.7,0.11,2,N,74381
4.6000000000000005,3.7,0.11,3,N,74382
4.6000000000000005,3.7,0.11,4,N,74383
4.6000000000000005,3.7,0.11,5,N,74384
4.6000000000000005,3.7,0.21,1,N,74385
4.6000000000000005,3.7,0.21,2,N,74386
4.6000000000000005,3.7,0.21,3,N,74387
4.6000000000000005,3.7,0.21,4,N,74388
4.6000000000000005,3.7,0.21,5,N,74389
4.6000000000000005,3.7,0.31000000000000005,1,N,74390
4.6000000000000005,3.7,0.31000000000000005,2,N,74391
4.6000000000000005,3.7,0.31000000000000005,3,N,74392
4.6000000000000005,3.7,0.31000000000000005,4,N,74393
4.6000000000000005,3.7,0.31000000000000005,5,N,74394
4.6000000000000005,3.7,0.41,1,N,74395
4.6000000000000005,3.7,0.41,2,N,74396
4.6000000000000005,3.7,0.41,3,N,74397
4.6000000000000005,3.7,0.41,4,N,74398
4.6000000000000005,3.7,0.41,5,N,74399
4.6000000000000005,3.7,0.51,1,N,74400
4.6000000000000005,3.7,0.51,2,N,74401
4.6000000000000005,3.7,0.51,3,N,74402
4.6000000000000005,3.7,0.51,4,N,74403
4.6000000000000005,3.7,0.51,5,N,74404
4.6000000000000005,3.7,0.6100000000000001,1,N,74405
4.6000000000000005,3.7,0.6100000000000001,2,N,74406
4.6000000000000005,3.7,0.6100000000000001,3,N,74407
4.6000000000000005,3.7,0.6100000000000001,4,N,74408
4.6000000000000005,3.7,0.6100000000000001,5,N,74409
4.6000000000000005,3.7,0.7100000000000001,1,N,74410
4.6000000000000005,3.7,0.7100000000000001,2,N,74411
4.6000000000000005,3.7,0.7100000000000001,3,N,74412
4.6000000000000005,3.7,0.7100000000000001,4,N,74413
4.6000000000000005,3.7,0.7100000000000001,5,N,74414
4.6000000000000005,3.7,0.81,1,N,74415
4.6000000000000005,3.7,0.81,2,N,74416
4.6000000000000005,3.7,0.81,3,N,74417
4.6000000000000005,3.7,0.81,4,N,74418
4.6000000000000005,3.7,0.81,5,N,74419
4.6000000000000005,3.7,0.91,1,N,74420
4.6000000000000005,3.7,0.91,2,N,74421
4.6000000000000005,3.7,0.91,3,N,74422
4.6000000000000005,3.7,0.91,4,N,74423
4.6000000000000005,3.7,0.91,5,N,74424
4.6000000000000005,3.7,1.01,1,N,74425
4.6000000000000005,3.7,1.01,2,N,74426
4.6000000000000005,3.7,1.01,3,N,74427
4.6000000000000005,3.7,1.01,4,N,74428
4.6000000000000005,3.7,1.01,5,N,74429
4.6000000000000005,3.7,1.11,1,N,74430
4.6000000000000005,3.7,1.11,2,N,74431
4.6000000000000005,3.7,1.11,3,N,74432
4.6000000000000005,3.7,1.11,4,N,74433
4.6000000000000005,3.7,1.11,5,N,74434
4.6000000000000005,3.7,1.3,1,N,74435
4.6000000000000005,3.7,1.3,2,N,74436
4.6000000000000005,3.7,1.3,3,N,74437
4.6000000000000005,3.7,1.3,4,N,74438
4.6000000000000005,3.7,1.3,5,N,74439
4.6000000000000005,3.7,1.6,1,N,74440
4.6000000000000005,3.7,1.6,2,N,74441
4.6000000000000005,3.7,1.6,3,N,74442
4.6000000000000005,3.7,1.6,4,N,74443
4.6000000000000005,3.7,1.6,5,N,74444
4.6000000000000005,3.7,1.9,1,N,74445
4.6000000000000005,3.7,1.9,2,N,74446
4.6000000000000005,3.7,1.9,3,N,74447
4.6000000000000005,3.7,1.9,4,N,74448
4.6000000000000005,3.7,1.9,5,N,74449
4.6000000000000005,3.7,2.2,1,N,74450
4.6000000000000005,3.7,2.2,2,N,74451
4.6000000000000005,3.7,2.2,3,N,74452
4.6000000000000005,3.7,2.2,4,N,74453
4.6000000000000005,3.7,2.2,5,N,74454
4.6000000000000005,3.7,2.5,1,N,74455
4.6000000000000005,3.7,2.5,2,N,74456
4.6000000000000005,3.7,2.5,3,N,74457
4.6000000000000005,3.7,2.5,4,N,74458
4.6000000000000005,3.7,2.5,5,N,74459
4.6000000000000005,3.7,2.8000000000000003,1,N,74460
4.6000000000000005,3.7,2.8000000000000003,2,N,74461
4.6000000000000005,3.7,2.8000000000000003,3,N,74462
4.6000000000000005,3.7,2.8000000000000003,4,N,74463
4.6000000000000005,3.7,2.8000000000000003,5,N,74464
4.6000000000000005,3.7,3.1000000000000005,1,N,74465
4.6000000000000005,3.7,3.1000000000000005,2,N,74466
4.6000000000000005,3.7,3.1000000000000005,3,N,74467
4.6000000000000005,3.7,3.1000000000000005,4,N,74468
4.6000000000000005,3.7,3.1000000000000005,5,N,74469
4.6000000000000005,3.7,3.4000000000000004,1,N,74470
4.6000000000000005,3.7,3.4000000000000004,2,N,74471
4.6000000000000005,3.7,3.4000000000000004,3,N,74472
4.6000000000000005,3.7,3.4000000000000004,4,N,74473
4.6000000000000005,3.7,3.4000000000000004,5,N,74474
4.6000000000000005,3.7,3.7,1,N,74475
4.6000000000000005,3.7,3.7,2,N,74476
4.6000000000000005,3.7,3.7,3,N,74477
4.6000000000000005,3.7,3.7,4,N,74478
4.6000000000000005,3.7,3.7,5,N,74479
4.6000000000000005,3.7,4.0,1,N,74480
4.6000000000000005,3.7,4.0,2,N,74481
4.6000000000000005,3.7,4.0,3,N,74482
4.6000000000000005,3.7,4.0,4,N,74483
4.6000000000000005,3.7,4.0,5,N,74484
4.6000000000000005,3.7,4.300000000000002,1,N,74485
4.6000000000000005,3.7,4.300000000000002,2,N,74486
4.6000000000000005,3.7,4.300000000000002,3,N,74487
4.6000000000000005,3.7,4.300000000000002,4,N,74488
4.6000000000000005,3.7,4.300000000000002,5,N,74489
4.6000000000000005,3.7,4.6000000000000005,1,N,74490
4.6000000000000005,3.7,4.6000000000000005,2,N,74491
4.6000000000000005,3.7,4.6000000000000005,3,N,74492
4.6000000000000005,3.7,4.6000000000000005,4,N,74493
4.6000000000000005,3.7,4.6000000000000005,5,N,74494
4.6000000000000005,3.7,4.9,1,N,74495
4.6000000000000005,3.7,4.9,2,N,74496
4.6000000000000005,3.7,4.9,3,N,74497
4.6000000000000005,3.7,4.9,4,N,74498
4.6000000000000005,3.7,4.9,5,N,74499
4.6000000000000005,4.0,0.01,1,N,74500
4.6000000000000005,4.0,0.01,2,N,74501
4.6000000000000005,4.0,0.01,3,N,74502
4.6000000000000005,4.0,0.01,4,N,74503
4.6000000000000005,4.0,0.01,5,N,74504
4.6000000000000005,4.0,0.11,1,N,74505
4.6000000000000005,4.0,0.11,2,N,74506
4.6000000000000005,4.0,0.11,3,N,74507
4.6000000000000005,4.0,0.11,4,N,74508
4.6000000000000005,4.0,0.11,5,N,74509
4.6000000000000005,4.0,0.21,1,N,74510
4.6000000000000005,4.0,0.21,2,N,74511
4.6000000000000005,4.0,0.21,3,N,74512
4.6000000000000005,4.0,0.21,4,N,74513
4.6000000000000005,4.0,0.21,5,N,74514
4.6000000000000005,4.0,0.31000000000000005,1,N,74515
4.6000000000000005,4.0,0.31000000000000005,2,N,74516
4.6000000000000005,4.0,0.31000000000000005,3,N,74517
4.6000000000000005,4.0,0.31000000000000005,4,N,74518
4.6000000000000005,4.0,0.31000000000000005,5,N,74519
4.6000000000000005,4.0,0.41,1,N,74520
4.6000000000000005,4.0,0.41,2,N,74521
4.6000000000000005,4.0,0.41,3,N,74522
4.6000000000000005,4.0,0.41,4,N,74523
4.6000000000000005,4.0,0.41,5,N,74524
4.6000000000000005,4.0,0.51,1,N,74525
4.6000000000000005,4.0,0.51,2,N,74526
4.6000000000000005,4.0,0.51,3,N,74527
4.6000000000000005,4.0,0.51,4,N,74528
4.6000000000000005,4.0,0.51,5,N,74529
4.6000000000000005,4.0,0.6100000000000001,1,N,74530
4.6000000000000005,4.0,0.6100000000000001,2,N,74531
4.6000000000000005,4.0,0.6100000000000001,3,N,74532
4.6000000000000005,4.0,0.6100000000000001,4,N,74533
4.6000000000000005,4.0,0.6100000000000001,5,N,74534
4.6000000000000005,4.0,0.7100000000000001,1,N,74535
4.6000000000000005,4.0,0.7100000000000001,2,N,74536
4.6000000000000005,4.0,0.7100000000000001,3,N,74537
4.6000000000000005,4.0,0.7100000000000001,4,N,74538
4.6000000000000005,4.0,0.7100000000000001,5,N,74539
4.6000000000000005,4.0,0.81,1,N,74540
4.6000000000000005,4.0,0.81,2,N,74541
4.6000000000000005,4.0,0.81,3,N,74542
4.6000000000000005,4.0,0.81,4,N,74543
4.6000000000000005,4.0,0.81,5,N,74544
4.6000000000000005,4.0,0.91,1,N,74545
4.6000000000000005,4.0,0.91,2,N,74546
4.6000000000000005,4.0,0.91,3,N,74547
4.6000000000000005,4.0,0.91,4,N,74548
4.6000000000000005,4.0,0.91,5,N,74549
4.6000000000000005,4.0,1.01,1,N,74550
4.6000000000000005,4.0,1.01,2,N,74551
4.6000000000000005,4.0,1.01,3,N,74552
4.6000000000000005,4.0,1.01,4,N,74553
4.6000000000000005,4.0,1.01,5,N,74554
4.6000000000000005,4.0,1.11,1,N,74555
4.6000000000000005,4.0,1.11,2,N,74556
4.6000000000000005,4.0,1.11,3,N,74557
4.6000000000000005,4.0,1.11,4,N,74558
4.6000000000000005,4.0,1.11,5,N,74559
4.6000000000000005,4.0,1.3,1,N,74560
4.6000000000000005,4.0,1.3,2,N,74561
4.6000000000000005,4.0,1.3,3,N,74562
4.6000000000000005,4.0,1.3,4,N,74563
4.6000000000000005,4.0,1.3,5,N,74564
4.6000000000000005,4.0,1.6,1,N,74565
4.6000000000000005,4.0,1.6,2,N,74566
4.6000000000000005,4.0,1.6,3,N,74567
4.6000000000000005,4.0,1.6,4,N,74568
4.6000000000000005,4.0,1.6,5,N,74569
4.6000000000000005,4.0,1.9,1,N,74570
4.6000000000000005,4.0,1.9,2,N,74571
4.6000000000000005,4.0,1.9,3,N,74572
4.6000000000000005,4.0,1.9,4,N,74573
4.6000000000000005,4.0,1.9,5,N,74574
4.6000000000000005,4.0,2.2,1,N,74575
4.6000000000000005,4.0,2.2,2,N,74576
4.6000000000000005,4.0,2.2,3,N,74577
4.6000000000000005,4.0,2.2,4,N,74578
4.6000000000000005,4.0,2.2,5,N,74579
4.6000000000000005,4.0,2.5,1,N,74580
4.6000000000000005,4.0,2.5,2,N,74581
4.6000000000000005,4.0,2.5,3,N,74582
4.6000000000000005,4.0,2.5,4,N,74583
4.6000000000000005,4.0,2.5,5,N,74584
4.6000000000000005,4.0,2.8000000000000003,1,N,74585
4.6000000000000005,4.0,2.8000000000000003,2,N,74586
4.6000000000000005,4.0,2.8000000000000003,3,N,74587
4.6000000000000005,4.0,2.8000000000000003,4,N,74588
4.6000000000000005,4.0,2.8000000000000003,5,N,74589
4.6000000000000005,4.0,3.1000000000000005,1,N,74590
4.6000000000000005,4.0,3.1000000000000005,2,N,74591
4.6000000000000005,4.0,3.1000000000000005,3,N,74592
4.6000000000000005,4.0,3.1000000000000005,4,N,74593
4.6000000000000005,4.0,3.1000000000000005,5,N,74594
4.6000000000000005,4.0,3.4000000000000004,1,N,74595
4.6000000000000005,4.0,3.4000000000000004,2,N,74596
4.6000000000000005,4.0,3.4000000000000004,3,N,74597
4.6000000000000005,4.0,3.4000000000000004,4,N,74598
4.6000000000000005,4.0,3.4000000000000004,5,N,74599
4.6000000000000005,4.0,3.7,1,N,74600
4.6000000000000005,4.0,3.7,2,N,74601
4.6000000000000005,4.0,3.7,3,N,74602
4.6000000000000005,4.0,3.7,4,N,74603
4.6000000000000005,4.0,3.7,5,N,74604
4.6000000000000005,4.0,4.0,1,N,74605
4.6000000000000005,4.0,4.0,2,N,74606
4.6000000000000005,4.0,4.0,3,N,74607
4.6000000000000005,4.0,4.0,4,N,74608
4.6000000000000005,4.0,4.0,5,N,74609
4.6000000000000005,4.0,4.300000000000002,1,N,74610
4.6000000000000005,4.0,4.300000000000002,2,N,74611
4.6000000000000005,4.0,4.300000000000002,3,N,74612
4.6000000000000005,4.0,4.300000000000002,4,N,74613
4.6000000000000005,4.0,4.300000000000002,5,N,74614
4.6000000000000005,4.0,4.6000000000000005,1,N,74615
4.6000000000000005,4.0,4.6000000000000005,2,N,74616
4.6000000000000005,4.0,4.6000000000000005,3,N,74617
4.6000000000000005,4.0,4.6000000000000005,4,N,74618
4.6000000000000005,4.0,4.6000000000000005,5,N,74619
4.6000000000000005,4.0,4.9,1,N,74620
4.6000000000000005,4.0,4.9,2,N,74621
4.6000000000000005,4.0,4.9,3,N,74622
4.6000000000000005,4.0,4.9,4,N,74623
4.6000000000000005,4.0,4.9,5,N,74624
4.6000000000000005,4.300000000000002,0.01,1,N,74625
4.6000000000000005,4.300000000000002,0.01,2,N,74626
4.6000000000000005,4.300000000000002,0.01,3,N,74627
4.6000000000000005,4.300000000000002,0.01,4,N,74628
4.6000000000000005,4.300000000000002,0.01,5,N,74629
4.6000000000000005,4.300000000000002,0.11,1,N,74630
4.6000000000000005,4.300000000000002,0.11,2,N,74631
4.6000000000000005,4.300000000000002,0.11,3,N,74632
4.6000000000000005,4.300000000000002,0.11,4,N,74633
4.6000000000000005,4.300000000000002,0.11,5,N,74634
4.6000000000000005,4.300000000000002,0.21,1,N,74635
4.6000000000000005,4.300000000000002,0.21,2,N,74636
4.6000000000000005,4.300000000000002,0.21,3,N,74637
4.6000000000000005,4.300000000000002,0.21,4,N,74638
4.6000000000000005,4.300000000000002,0.21,5,N,74639
4.6000000000000005,4.300000000000002,0.31000000000000005,1,N,74640
4.6000000000000005,4.300000000000002,0.31000000000000005,2,N,74641
4.6000000000000005,4.300000000000002,0.31000000000000005,3,N,74642
4.6000000000000005,4.300000000000002,0.31000000000000005,4,N,74643
4.6000000000000005,4.300000000000002,0.31000000000000005,5,N,74644
4.6000000000000005,4.300000000000002,0.41,1,N,74645
4.6000000000000005,4.300000000000002,0.41,2,N,74646
4.6000000000000005,4.300000000000002,0.41,3,N,74647
4.6000000000000005,4.300000000000002,0.41,4,N,74648
4.6000000000000005,4.300000000000002,0.41,5,N,74649
4.6000000000000005,4.300000000000002,0.51,1,N,74650
4.6000000000000005,4.300000000000002,0.51,2,N,74651
4.6000000000000005,4.300000000000002,0.51,3,N,74652
4.6000000000000005,4.300000000000002,0.51,4,N,74653
4.6000000000000005,4.300000000000002,0.51,5,N,74654
4.6000000000000005,4.300000000000002,0.6100000000000001,1,N,74655
4.6000000000000005,4.300000000000002,0.6100000000000001,2,N,74656
4.6000000000000005,4.300000000000002,0.6100000000000001,3,N,74657
4.6000000000000005,4.300000000000002,0.6100000000000001,4,N,74658
4.6000000000000005,4.300000000000002,0.6100000000000001,5,N,74659
4.6000000000000005,4.300000000000002,0.7100000000000001,1,N,74660
4.6000000000000005,4.300000000000002,0.7100000000000001,2,N,74661
4.6000000000000005,4.300000000000002,0.7100000000000001,3,N,74662
4.6000000000000005,4.300000000000002,0.7100000000000001,4,N,74663
4.6000000000000005,4.300000000000002,0.7100000000000001,5,N,74664
4.6000000000000005,4.300000000000002,0.81,1,N,74665
4.6000000000000005,4.300000000000002,0.81,2,N,74666
4.6000000000000005,4.300000000000002,0.81,3,N,74667
4.6000000000000005,4.300000000000002,0.81,4,N,74668
4.6000000000000005,4.300000000000002,0.81,5,N,74669
4.6000000000000005,4.300000000000002,0.91,1,N,74670
4.6000000000000005,4.300000000000002,0.91,2,N,74671
4.6000000000000005,4.300000000000002,0.91,3,N,74672
4.6000000000000005,4.300000000000002,0.91,4,N,74673
4.6000000000000005,4.300000000000002,0.91,5,N,74674
4.6000000000000005,4.300000000000002,1.01,1,N,74675
4.6000000000000005,4.300000000000002,1.01,2,N,74676
4.6000000000000005,4.300000000000002,1.01,3,N,74677
4.6000000000000005,4.300000000000002,1.01,4,N,74678
4.6000000000000005,4.300000000000002,1.01,5,N,74679
4.6000000000000005,4.300000000000002,1.11,1,N,74680
4.6000000000000005,4.300000000000002,1.11,2,N,74681
4.6000000000000005,4.300000000000002,1.11,3,N,74682
4.6000000000000005,4.300000000000002,1.11,4,N,74683
4.6000000000000005,4.300000000000002,1.11,5,N,74684
4.6000000000000005,4.300000000000002,1.3,1,N,74685
4.6000000000000005,4.300000000000002,1.3,2,N,74686
4.6000000000000005,4.300000000000002,1.3,3,N,74687
4.6000000000000005,4.300000000000002,1.3,4,N,74688
4.6000000000000005,4.300000000000002,1.3,5,N,74689
4.6000000000000005,4.300000000000002,1.6,1,N,74690
4.6000000000000005,4.300000000000002,1.6,2,N,74691
4.6000000000000005,4.300000000000002,1.6,3,N,74692
4.6000000000000005,4.300000000000002,1.6,4,N,74693
4.6000000000000005,4.300000000000002,1.6,5,N,74694
4.6000000000000005,4.300000000000002,1.9,1,N,74695
4.6000000000000005,4.300000000000002,1.9,2,N,74696
4.6000000000000005,4.300000000000002,1.9,3,N,74697
4.6000000000000005,4.300000000000002,1.9,4,N,74698
4.6000000000000005,4.300000000000002,1.9,5,N,74699
4.6000000000000005,4.300000000000002,2.2,1,N,74700
4.6000000000000005,4.300000000000002,2.2,2,N,74701
4.6000000000000005,4.300000000000002,2.2,3,N,74702
4.6000000000000005,4.300000000000002,2.2,4,N,74703
4.6000000000000005,4.300000000000002,2.2,5,N,74704
4.6000000000000005,4.300000000000002,2.5,1,N,74705
4.6000000000000005,4.300000000000002,2.5,2,N,74706
4.6000000000000005,4.300000000000002,2.5,3,N,74707
4.6000000000000005,4.300000000000002,2.5,4,N,74708
4.6000000000000005,4.300000000000002,2.5,5,N,74709
4.6000000000000005,4.300000000000002,2.8000000000000003,1,N,74710
4.6000000000000005,4.300000000000002,2.8000000000000003,2,N,74711
4.6000000000000005,4.300000000000002,2.8000000000000003,3,N,74712
4.6000000000000005,4.300000000000002,2.8000000000000003,4,N,74713
4.6000000000000005,4.300000000000002,2.8000000000000003,5,N,74714
4.6000000000000005,4.300000000000002,3.1000000000000005,1,N,74715
4.6000000000000005,4.300000000000002,3.1000000000000005,2,N,74716
4.6000000000000005,4.300000000000002,3.1000000000000005,3,N,74717
4.6000000000000005,4.300000000000002,3.1000000000000005,4,N,74718
4.6000000000000005,4.300000000000002,3.1000000000000005,5,N,74719
4.6000000000000005,4.300000000000002,3.4000000000000004,1,N,74720
4.6000000000000005,4.300000000000002,3.4000000000000004,2,N,74721
4.6000000000000005,4.300000000000002,3.4000000000000004,3,N,74722
4.6000000000000005,4.300000000000002,3.4000000000000004,4,N,74723
4.6000000000000005,4.300000000000002,3.4000000000000004,5,N,74724
4.6000000000000005,4.300000000000002,3.7,1,N,74725
4.6000000000000005,4.300000000000002,3.7,2,N,74726
4.6000000000000005,4.300000000000002,3.7,3,N,74727
4.6000000000000005,4.300000000000002,3.7,4,N,74728
4.6000000000000005,4.300000000000002,3.7,5,N,74729
4.6000000000000005,4.300000000000002,4.0,1,N,74730
4.6000000000000005,4.300000000000002,4.0,2,N,74731
4.6000000000000005,4.300000000000002,4.0,3,N,74732
4.6000000000000005,4.300000000000002,4.0,4,N,74733
4.6000000000000005,4.300000000000002,4.0,5,N,74734
4.6000000000000005,4.300000000000002,4.300000000000002,1,N,74735
4.6000000000000005,4.300000000000002,4.300000000000002,2,N,74736
4.6000000000000005,4.300000000000002,4.300000000000002,3,N,74737
4.6000000000000005,4.300000000000002,4.300000000000002,4,N,74738
4.6000000000000005,4.300000000000002,4.300000000000002,5,N,74739
4.6000000000000005,4.300000000000002,4.6000000000000005,1,N,74740
4.6000000000000005,4.300000000000002,4.6000000000000005,2,N,74741
4.6000000000000005,4.300000000000002,4.6000000000000005,3,N,74742
4.6000000000000005,4.300000000000002,4.6000000000000005,4,N,74743
4.6000000000000005,4.300000000000002,4.6000000000000005,5,N,74744
4.6000000000000005,4.300000000000002,4.9,1,N,74745
4.6000000000000005,4.300000000000002,4.9,2,N,74746
4.6000000000000005,4.300000000000002,4.9,3,N,74747
4.6000000000000005,4.300000000000002,4.9,4,N,74748
4.6000000000000005,4.300000000000002,4.9,5,N,74749
4.6000000000000005,4.6000000000000005,0.01,1,N,74750
4.6000000000000005,4.6000000000000005,0.01,2,N,74751
4.6000000000000005,4.6000000000000005,0.01,3,N,74752
4.6000000000000005,4.6000000000000005,0.01,4,N,74753
4.6000000000000005,4.6000000000000005,0.01,5,N,74754
4.6000000000000005,4.6000000000000005,0.11,1,N,74755
4.6000000000000005,4.6000000000000005,0.11,2,N,74756
4.6000000000000005,4.6000000000000005,0.11,3,N,74757
4.6000000000000005,4.6000000000000005,0.11,4,N,74758
4.6000000000000005,4.6000000000000005,0.11,5,N,74759
4.6000000000000005,4.6000000000000005,0.21,1,N,74760
4.6000000000000005,4.6000000000000005,0.21,2,N,74761
4.6000000000000005,4.6000000000000005,0.21,3,N,74762
4.6000000000000005,4.6000000000000005,0.21,4,N,74763
4.6000000000000005,4.6000000000000005,0.21,5,N,74764
4.6000000000000005,4.6000000000000005,0.31000000000000005,1,N,74765
4.6000000000000005,4.6000000000000005,0.31000000000000005,2,N,74766
4.6000000000000005,4.6000000000000005,0.31000000000000005,3,N,74767
4.6000000000000005,4.6000000000000005,0.31000000000000005,4,N,74768
4.6000000000000005,4.6000000000000005,0.31000000000000005,5,N,74769
4.6000000000000005,4.6000000000000005,0.41,1,N,74770
4.6000000000000005,4.6000000000000005,0.41,2,N,74771
4.6000000000000005,4.6000000000000005,0.41,3,N,74772
4.6000000000000005,4.6000000000000005,0.41,4,N,74773
4.6000000000000005,4.6000000000000005,0.41,5,N,74774
4.6000000000000005,4.6000000000000005,0.51,1,N,74775
4.6000000000000005,4.6000000000000005,0.51,2,N,74776
4.6000000000000005,4.6000000000000005,0.51,3,N,74777
4.6000000000000005,4.6000000000000005,0.51,4,N,74778
4.6000000000000005,4.6000000000000005,0.51,5,N,74779
4.6000000000000005,4.6000000000000005,0.6100000000000001,1,N,74780
4.6000000000000005,4.6000000000000005,0.6100000000000001,2,N,74781
4.6000000000000005,4.6000000000000005,0.6100000000000001,3,N,74782
4.6000000000000005,4.6000000000000005,0.6100000000000001,4,N,74783
4.6000000000000005,4.6000000000000005,0.6100000000000001,5,N,74784
4.6000000000000005,4.6000000000000005,0.7100000000000001,1,N,74785
4.6000000000000005,4.6000000000000005,0.7100000000000001,2,N,74786
4.6000000000000005,4.6000000000000005,0.7100000000000001,3,N,74787
4.6000000000000005,4.6000000000000005,0.7100000000000001,4,N,74788
4.6000000000000005,4.6000000000000005,0.7100000000000001,5,N,74789
4.6000000000000005,4.6000000000000005,0.81,1,N,74790
4.6000000000000005,4.6000000000000005,0.81,2,N,74791
4.6000000000000005,4.6000000000000005,0.81,3,N,74792
4.6000000000000005,4.6000000000000005,0.81,4,N,74793
4.6000000000000005,4.6000000000000005,0.81,5,N,74794
4.6000000000000005,4.6000000000000005,0.91,1,N,74795
4.6000000000000005,4.6000000000000005,0.91,2,N,74796
4.6000000000000005,4.6000000000000005,0.91,3,N,74797
4.6000000000000005,4.6000000000000005,0.91,4,N,74798
4.6000000000000005,4.6000000000000005,0.91,5,N,74799
4.6000000000000005,4.6000000000000005,1.01,1,N,74800
4.6000000000000005,4.6000000000000005,1.01,2,N,74801
4.6000000000000005,4.6000000000000005,1.01,3,N,74802
4.6000000000000005,4.6000000000000005,1.01,4,N,74803
4.6000000000000005,4.6000000000000005,1.01,5,N,74804
4.6000000000000005,4.6000000000000005,1.11,1,N,74805
4.6000000000000005,4.6000000000000005,1.11,2,N,74806
4.6000000000000005,4.6000000000000005,1.11,3,N,74807
4.6000000000000005,4.6000000000000005,1.11,4,N,74808
4.6000000000000005,4.6000000000000005,1.11,5,N,74809
4.6000000000000005,4.6000000000000005,1.3,1,N,74810
4.6000000000000005,4.6000000000000005,1.3,2,N,74811
4.6000000000000005,4.6000000000000005,1.3,3,N,74812
4.6000000000000005,4.6000000000000005,1.3,4,N,74813
4.6000000000000005,4.6000000000000005,1.3,5,N,74814
4.6000000000000005,4.6000000000000005,1.6,1,N,74815
4.6000000000000005,4.6000000000000005,1.6,2,N,74816
4.6000000000000005,4.6000000000000005,1.6,3,N,74817
4.6000000000000005,4.6000000000000005,1.6,4,N,74818
4.6000000000000005,4.6000000000000005,1.6,5,N,74819
4.6000000000000005,4.6000000000000005,1.9,1,N,74820
4.6000000000000005,4.6000000000000005,1.9,2,N,74821
4.6000000000000005,4.6000000000000005,1.9,3,N,74822
4.6000000000000005,4.6000000000000005,1.9,4,N,74823
4.6000000000000005,4.6000000000000005,1.9,5,N,74824
4.6000000000000005,4.6000000000000005,2.2,1,N,74825
4.6000000000000005,4.6000000000000005,2.2,2,N,74826
4.6000000000000005,4.6000000000000005,2.2,3,N,74827
4.6000000000000005,4.6000000000000005,2.2,4,N,74828
4.6000000000000005,4.6000000000000005,2.2,5,N,74829
4.6000000000000005,4.6000000000000005,2.5,1,N,74830
4.6000000000000005,4.6000000000000005,2.5,2,N,74831
4.6000000000000005,4.6000000000000005,2.5,3,N,74832
4.6000000000000005,4.6000000000000005,2.5,4,N,74833
4.6000000000000005,4.6000000000000005,2.5,5,N,74834
4.6000000000000005,4.6000000000000005,2.8000000000000003,1,N,74835
4.6000000000000005,4.6000000000000005,2.8000000000000003,2,N,74836
4.6000000000000005,4.6000000000000005,2.8000000000000003,3,N,74837
4.6000000000000005,4.6000000000000005,2.8000000000000003,4,N,74838
4.6000000000000005,4.6000000000000005,2.8000000000000003,5,N,74839
4.6000000000000005,4.6000000000000005,3.1000000000000005,1,N,74840
4.6000000000000005,4.6000000000000005,3.1000000000000005,2,N,74841
4.6000000000000005,4.6000000000000005,3.1000000000000005,3,N,74842
4.6000000000000005,4.6000000000000005,3.1000000000000005,4,N,74843
4.6000000000000005,4.6000000000000005,3.1000000000000005,5,N,74844
4.6000000000000005,4.6000000000000005,3.4000000000000004,1,N,74845
4.6000000000000005,4.6000000000000005,3.4000000000000004,2,N,74846
4.6000000000000005,4.6000000000000005,3.4000000000000004,3,N,74847
4.6000000000000005,4.6000000000000005,3.4000000000000004,4,N,74848
4.6000000000000005,4.6000000000000005,3.4000000000000004,5,N,74849
4.6000000000000005,4.6000000000000005,3.7,1,N,74850
4.6000000000000005,4.6000000000000005,3.7,2,N,74851
4.6000000000000005,4.6000000000000005,3.7,3,N,74852
4.6000000000000005,4.6000000000000005,3.7,4,N,74853
4.6000000000000005,4.6000000000000005,3.7,5,N,74854
4.6000000000000005,4.6000000000000005,4.0,1,N,74855
4.6000000000000005,4.6000000000000005,4.0,2,N,74856
4.6000000000000005,4.6000000000000005,4.0,3,N,74857
4.6000000000000005,4.6000000000000005,4.0,4,N,74858
4.6000000000000005,4.6000000000000005,4.0,5,N,74859
4.6000000000000005,4.6000000000000005,4.300000000000002,1,N,74860
4.6000000000000005,4.6000000000000005,4.300000000000002,2,N,74861
4.6000000000000005,4.6000000000000005,4.300000000000002,3,N,74862
4.6000000000000005,4.6000000000000005,4.300000000000002,4,N,74863
4.6000000000000005,4.6000000000000005,4.300000000000002,5,N,74864
4.6000000000000005,4.6000000000000005,4.6000000000000005,1,N,74865
4.6000000000000005,4.6000000000000005,4.6000000000000005,2,N,74866
4.6000000000000005,4.6000000000000005,4.6000000000000005,3,N,74867
4.6000000000000005,4.6000000000000005,4.6000000000000005,4,N,74868
4.6000000000000005,4.6000000000000005,4.6000000000000005,5,N,74869
4.6000000000000005,4.6000000000000005,4.9,1,N,74870
4.6000000000000005,4.6000000000000005,4.9,2,N,74871
4.6000000000000005,4.6000000000000005,4.9,3,N,74872
4.6000000000000005,4.6000000000000005,4.9,4,N,74873
4.6000000000000005,4.6000000000000005,4.9,5,N,74874
4.6000000000000005,4.9,0.01,1,N,74875
4.6000000000000005,4.9,0.01,2,N,74876
4.6000000000000005,4.9,0.01,3,N,74877
4.6000000000000005,4.9,0.01,4,N,74878
4.6000000000000005,4.9,0.01,5,N,74879
4.6000000000000005,4.9,0.11,1,N,74880
4.6000000000000005,4.9,0.11,2,N,74881
4.6000000000000005,4.9,0.11,3,N,74882
4.6000000000000005,4.9,0.11,4,N,74883
4.6000000000000005,4.9,0.11,5,N,74884
4.6000000000000005,4.9,0.21,1,N,74885
4.6000000000000005,4.9,0.21,2,N,74886
4.6000000000000005,4.9,0.21,3,N,74887
4.6000000000000005,4.9,0.21,4,N,74888
4.6000000000000005,4.9,0.21,5,N,74889
4.6000000000000005,4.9,0.31000000000000005,1,N,74890
4.6000000000000005,4.9,0.31000000000000005,2,N,74891
4.6000000000000005,4.9,0.31000000000000005,3,N,74892
4.6000000000000005,4.9,0.31000000000000005,4,N,74893
4.6000000000000005,4.9,0.31000000000000005,5,N,74894
4.6000000000000005,4.9,0.41,1,N,74895
4.6000000000000005,4.9,0.41,2,N,74896
4.6000000000000005,4.9,0.41,3,N,74897
4.6000000000000005,4.9,0.41,4,N,74898
4.6000000000000005,4.9,0.41,5,N,74899
4.6000000000000005,4.9,0.51,1,N,74900
4.6000000000000005,4.9,0.51,2,N,74901
4.6000000000000005,4.9,0.51,3,N,74902
4.6000000000000005,4.9,0.51,4,N,74903
4.6000000000000005,4.9,0.51,5,N,74904
4.6000000000000005,4.9,0.6100000000000001,1,N,74905
4.6000000000000005,4.9,0.6100000000000001,2,N,74906
4.6000000000000005,4.9,0.6100000000000001,3,N,74907
4.6000000000000005,4.9,0.6100000000000001,4,N,74908
4.6000000000000005,4.9,0.6100000000000001,5,N,74909
4.6000000000000005,4.9,0.7100000000000001,1,N,74910
4.6000000000000005,4.9,0.7100000000000001,2,N,74911
4.6000000000000005,4.9,0.7100000000000001,3,N,74912
4.6000000000000005,4.9,0.7100000000000001,4,N,74913
4.6000000000000005,4.9,0.7100000000000001,5,N,74914
4.6000000000000005,4.9,0.81,1,N,74915
4.6000000000000005,4.9,0.81,2,N,74916
4.6000000000000005,4.9,0.81,3,N,74917
4.6000000000000005,4.9,0.81,4,N,74918
4.6000000000000005,4.9,0.81,5,N,74919
4.6000000000000005,4.9,0.91,1,N,74920
4.6000000000000005,4.9,0.91,2,N,74921
4.6000000000000005,4.9,0.91,3,N,74922
4.6000000000000005,4.9,0.91,4,N,74923
4.6000000000000005,4.9,0.91,5,N,74924
4.6000000000000005,4.9,1.01,1,N,74925
4.6000000000000005,4.9,1.01,2,N,74926
4.6000000000000005,4.9,1.01,3,N,74927
4.6000000000000005,4.9,1.01,4,N,74928
4.6000000000000005,4.9,1.01,5,N,74929
4.6000000000000005,4.9,1.11,1,N,74930
4.6000000000000005,4.9,1.11,2,N,74931
4.6000000000000005,4.9,1.11,3,N,74932
4.6000000000000005,4.9,1.11,4,N,74933
4.6000000000000005,4.9,1.11,5,N,74934
4.6000000000000005,4.9,1.3,1,N,74935
4.6000000000000005,4.9,1.3,2,N,74936
4.6000000000000005,4.9,1.3,3,N,74937
4.6000000000000005,4.9,1.3,4,N,74938
4.6000000000000005,4.9,1.3,5,N,74939
4.6000000000000005,4.9,1.6,1,N,74940
4.6000000000000005,4.9,1.6,2,N,74941
4.6000000000000005,4.9,1.6,3,N,74942
4.6000000000000005,4.9,1.6,4,N,74943
4.6000000000000005,4.9,1.6,5,N,74944
4.6000000000000005,4.9,1.9,1,N,74945
4.6000000000000005,4.9,1.9,2,N,74946
4.6000000000000005,4.9,1.9,3,N,74947
4.6000000000000005,4.9,1.9,4,N,74948
4.6000000000000005,4.9,1.9,5,N,74949
4.6000000000000005,4.9,2.2,1,N,74950
4.6000000000000005,4.9,2.2,2,N,74951
4.6000000000000005,4.9,2.2,3,N,74952
4.6000000000000005,4.9,2.2,4,N,74953
4.6000000000000005,4.9,2.2,5,N,74954
4.6000000000000005,4.9,2.5,1,N,74955
4.6000000000000005,4.9,2.5,2,N,74956
4.6000000000000005,4.9,2.5,3,N,74957
4.6000000000000005,4.9,2.5,4,N,74958
4.6000000000000005,4.9,2.5,5,N,74959
4.6000000000000005,4.9,2.8000000000000003,1,N,74960
4.6000000000000005,4.9,2.8000000000000003,2,N,74961
4.6000000000000005,4.9,2.8000000000000003,3,N,74962
4.6000000000000005,4.9,2.8000000000000003,4,N,74963
4.6000000000000005,4.9,2.8000000000000003,5,N,74964
4.6000000000000005,4.9,3.1000000000000005,1,N,74965
4.6000000000000005,4.9,3.1000000000000005,2,N,74966
4.6000000000000005,4.9,3.1000000000000005,3,N,74967
4.6000000000000005,4.9,3.1000000000000005,4,N,74968
4.6000000000000005,4.9,3.1000000000000005,5,N,74969
4.6000000000000005,4.9,3.4000000000000004,1,N,74970
4.6000000000000005,4.9,3.4000000000000004,2,N,74971
4.6000000000000005,4.9,3.4000000000000004,3,N,74972
4.6000000000000005,4.9,3.4000000000000004,4,N,74973
4.6000000000000005,4.9,3.4000000000000004,5,N,74974
4.6000000000000005,4.9,3.7,1,N,74975
4.6000000000000005,4.9,3.7,2,N,74976
4.6000000000000005,4.9,3.7,3,N,74977
4.6000000000000005,4.9,3.7,4,N,74978
4.6000000000000005,4.9,3.7,5,N,74979
4.6000000000000005,4.9,4.0,1,N,74980
4.6000000000000005,4.9,4.0,2,N,74981
4.6000000000000005,4.9,4.0,3,N,74982
4.6000000000000005,4.9,4.0,4,N,74983
4.6000000000000005,4.9,4.0,5,N,74984
4.6000000000000005,4.9,4.300000000000002,1,N,74985
4.6000000000000005,4.9,4.300000000000002,2,N,74986
4.6000000000000005,4.9,4.300000000000002,3,N,74987
4.6000000000000005,4.9,4.300000000000002,4,N,74988
4.6000000000000005,4.9,4.300000000000002,5,N,74989
4.6000000000000005,4.9,4.6000000000000005,1,N,74990
4.6000000000000005,4.9,4.6000000000000005,2,N,74991
4.6000000000000005,4.9,4.6000000000000005,3,N,74992
4.6000000000000005,4.9,4.6000000000000005,4,N,74993
4.6000000000000005,4.9,4.6000000000000005,5,N,74994
4.6000000000000005,4.9,4.9,1,N,74995
4.6000000000000005,4.9,4.9,2,N,74996
4.6000000000000005,4.9,4.9,3,N,74997
4.6000000000000005,4.9,4.9,4,N,74998
4.6000000000000005,4.9,4.9,5,N,74999
4.9,0.01,0.01,1,N,75000
4.9,0.01,0.01,2,N,75001
4.9,0.01,0.01,3,N,75002
4.9,0.01,0.01,4,N,75003
4.9,0.01,0.01,5,N,75004
4.9,0.01,0.11,1,N,75005
4.9,0.01,0.11,2,N,75006
4.9,0.01,0.11,3,N,75007
4.9,0.01,0.11,4,N,75008
4.9,0.01,0.11,5,N,75009
4.9,0.01,0.21,1,N,75010
4.9,0.01,0.21,2,N,75011
4.9,0.01,0.21,3,N,75012
4.9,0.01,0.21,4,N,75013
4.9,0.01,0.21,5,N,75014
4.9,0.01,0.31000000000000005,1,N,75015
4.9,0.01,0.31000000000000005,2,N,75016
4.9,0.01,0.31000000000000005,3,N,75017
4.9,0.01,0.31000000000000005,4,N,75018
4.9,0.01,0.31000000000000005,5,N,75019
4.9,0.01,0.41,1,N,75020
4.9,0.01,0.41,2,N,75021
4.9,0.01,0.41,3,N,75022
4.9,0.01,0.41,4,N,75023
4.9,0.01,0.41,5,N,75024
4.9,0.01,0.51,1,N,75025
4.9,0.01,0.51,2,N,75026
4.9,0.01,0.51,3,N,75027
4.9,0.01,0.51,4,N,75028
4.9,0.01,0.51,5,N,75029
4.9,0.01,0.6100000000000001,1,N,75030
4.9,0.01,0.6100000000000001,2,N,75031
4.9,0.01,0.6100000000000001,3,N,75032
4.9,0.01,0.6100000000000001,4,N,75033
4.9,0.01,0.6100000000000001,5,N,75034
4.9,0.01,0.7100000000000001,1,N,75035
4.9,0.01,0.7100000000000001,2,N,75036
4.9,0.01,0.7100000000000001,3,N,75037
4.9,0.01,0.7100000000000001,4,N,75038
4.9,0.01,0.7100000000000001,5,Y,75039
4.9,0.01,0.81,1,N,75040
4.9,0.01,0.81,2,N,75041
4.9,0.01,0.81,3,N,75042
4.9,0.01,0.81,4,N,75043
4.9,0.01,0.81,5,N,75044
4.9,0.01,0.91,1,N,75045
4.9,0.01,0.91,2,N,75046
4.9,0.01,0.91,3,N,75047
4.9,0.01,0.91,4,N,75048
4.9,0.01,0.91,5,N,75049
4.9,0.01,1.01,1,N,75050
4.9,0.01,1.01,2,N,75051
4.9,0.01,1.01,3,N,75052
4.9,0.01,1.01,4,N,75053
4.9,0.01,1.01,5,N,75054
4.9,0.01,1.11,1,N,75055
4.9,0.01,1.11,2,N,75056
4.9,0.01,1.11,3,N,75057
4.9,0.01,1.11,4,N,75058
4.9,0.01,1.11,5,N,75059
4.9,0.01,1.3,1,N,75060
4.9,0.01,1.3,2,N,75061
4.9,0.01,1.3,3,N,75062
4.9,0.01,1.3,4,N,75063
4.9,0.01,1.3,5,N,75064
4.9,0.01,1.6,1,N,75065
4.9,0.01,1.6,2,N,75066
4.9,0.01,1.6,3,N,75067
4.9,0.01,1.6,4,N,75068
4.9,0.01,1.6,5,N,75069
4.9,0.01,1.9,1,N,75070
4.9,0.01,1.9,2,N,75071
4.9,0.01,1.9,3,N,75072
4.9,0.01,1.9,4,N,75073
4.9,0.01,1.9,5,N,75074
4.9,0.01,2.2,1,N,75075
4.9,0.01,2.2,2,N,75076
4.9,0.01,2.2,3,N,75077
4.9,0.01,2.2,4,N,75078
4.9,0.01,2.2,5,N,75079
4.9,0.01,2.5,1,N,75080
4.9,0.01,2.5,2,N,75081
4.9,0.01,2.5,3,N,75082
4.9,0.01,2.5,4,N,75083
4.9,0.01,2.5,5,N,75084
4.9,0.01,2.8000000000000003,1,N,75085
4.9,0.01,2.8000000000000003,2,N,75086
4.9,0.01,2.8000000000000003,3,N,75087
4.9,0.01,2.8000000000000003,4,N,75088
4.9,0.01,2.8000000000000003,5,N,75089
4.9,0.01,3.1000000000000005,1,N,75090
4.9,0.01,3.1000000000000005,2,N,75091
4.9,0.01,3.1000000000000005,3,N,75092
4.9,0.01,3.1000000000000005,4,N,75093
4.9,0.01,3.1000000000000005,5,N,75094
4.9,0.01,3.4000000000000004,1,N,75095
4.9,0.01,3.4000000000000004,2,N,75096
4.9,0.01,3.4000000000000004,3,N,75097
4.9,0.01,3.4000000000000004,4,N,75098
4.9,0.01,3.4000000000000004,5,N,75099
4.9,0.01,3.7,1,N,75100
4.9,0.01,3.7,2,N,75101
4.9,0.01,3.7,3,N,75102
4.9,0.01,3.7,4,N,75103
4.9,0.01,3.7,5,N,75104
4.9,0.01,4.0,1,N,75105
4.9,0.01,4.0,2,N,75106
4.9,0.01,4.0,3,N,75107
4.9,0.01,4.0,4,N,75108
4.9,0.01,4.0,5,N,75109
4.9,0.01,4.300000000000002,1,N,75110
4.9,0.01,4.300000000000002,2,N,75111
4.9,0.01,4.300000000000002,3,N,75112
4.9,0.01,4.300000000000002,4,N,75113
4.9,0.01,4.300000000000002,5,N,75114
4.9,0.01,4.6000000000000005,1,N,75115
4.9,0.01,4.6000000000000005,2,N,75116
4.9,0.01,4.6000000000000005,3,N,75117
4.9,0.01,4.6000000000000005,4,N,75118
4.9,0.01,4.6000000000000005,5,N,75119
4.9,0.01,4.9,1,N,75120
4.9,0.01,4.9,2,N,75121
4.9,0.01,4.9,3,N,75122
4.9,0.01,4.9,4,N,75123
4.9,0.01,4.9,5,N,75124
4.9,0.11,0.01,1,N,75125
4.9,0.11,0.01,2,N,75126
4.9,0.11,0.01,3,N,75127
4.9,0.11,0.01,4,N,75128
4.9,0.11,0.01,5,N,75129
4.9,0.11,0.11,1,N,75130
4.9,0.11,0.11,2,N,75131
4.9,0.11,0.11,3,N,75132
4.9,0.11,0.11,4,N,75133
4.9,0.11,0.11,5,N,75134
4.9,0.11,0.21,1,N,75135
4.9,0.11,0.21,2,N,75136
4.9,0.11,0.21,3,N,75137
4.9,0.11,0.21,4,N,75138
4.9,0.11,0.21,5,N,75139
4.9,0.11,0.31000000000000005,1,N,75140
4.9,0.11,0.31000000000000005,2,N,75141
4.9,0.11,0.31000000000000005,3,N,75142
4.9,0.11,0.31000000000000005,4,N,75143
4.9,0.11,0.31000000000000005,5,N,75144
4.9,0.11,0.41,1,N,75145
4.9,0.11,0.41,2,N,75146
4.9,0.11,0.41,3,N,75147
4.9,0.11,0.41,4,N,75148
4.9,0.11,0.41,5,N,75149
4.9,0.11,0.51,1,N,75150
4.9,0.11,0.51,2,N,75151
4.9,0.11,0.51,3,N,75152
4.9,0.11,0.51,4,N,75153
4.9,0.11,0.51,5,N,75154
4.9,0.11,0.6100000000000001,1,N,75155
4.9,0.11,0.6100000000000001,2,N,75156
4.9,0.11,0.6100000000000001,3,N,75157
4.9,0.11,0.6100000000000001,4,N,75158
4.9,0.11,0.6100000000000001,5,N,75159
4.9,0.11,0.7100000000000001,1,N,75160
4.9,0.11,0.7100000000000001,2,N,75161
4.9,0.11,0.7100000000000001,3,N,75162
4.9,0.11,0.7100000000000001,4,N,75163
4.9,0.11,0.7100000000000001,5,N,75164
4.9,0.11,0.81,1,N,75165
4.9,0.11,0.81,2,N,75166
4.9,0.11,0.81,3,N,75167
4.9,0.11,0.81,4,N,75168
4.9,0.11,0.81,5,N,75169
4.9,0.11,0.91,1,N,75170
4.9,0.11,0.91,2,N,75171
4.9,0.11,0.91,3,N,75172
4.9,0.11,0.91,4,N,75173
4.9,0.11,0.91,5,N,75174
4.9,0.11,1.01,1,N,75175
4.9,0.11,1.01,2,N,75176
4.9,0.11,1.01,3,N,75177
4.9,0.11,1.01,4,N,75178
4.9,0.11,1.01,5,N,75179
4.9,0.11,1.11,1,N,75180
4.9,0.11,1.11,2,N,75181
4.9,0.11,1.11,3,N,75182
4.9,0.11,1.11,4,N,75183
4.9,0.11,1.11,5,N,75184
4.9,0.11,1.3,1,N,75185
4.9,0.11,1.3,2,N,75186
4.9,0.11,1.3,3,N,75187
4.9,0.11,1.3,4,N,75188
4.9,0.11,1.3,5,N,75189
4.9,0.11,1.6,1,N,75190
4.9,0.11,1.6,2,N,75191
4.9,0.11,1.6,3,N,75192
4.9,0.11,1.6,4,N,75193
4.9,0.11,1.6,5,N,75194
4.9,0.11,1.9,1,N,75195
4.9,0.11,1.9,2,N,75196
4.9,0.11,1.9,3,N,75197
4.9,0.11,1.9,4,N,75198
4.9,0.11,1.9,5,N,75199
4.9,0.11,2.2,1,N,75200
4.9,0.11,2.2,2,N,75201
4.9,0.11,2.2,3,N,75202
4.9,0.11,2.2,4,N,75203
4.9,0.11,2.2,5,N,75204
4.9,0.11,2.5,1,N,75205
4.9,0.11,2.5,2,N,75206
4.9,0.11,2.5,3,N,75207
4.9,0.11,2.5,4,N,75208
4.9,0.11,2.5,5,N,75209
4.9,0.11,2.8000000000000003,1,N,75210
4.9,0.11,2.8000000000000003,2,N,75211
4.9,0.11,2.8000000000000003,3,N,75212
4.9,0.11,2.8000000000000003,4,N,75213
4.9,0.11,2.8000000000000003,5,N,75214
4.9,0.11,3.1000000000000005,1,N,75215
4.9,0.11,3.1000000000000005,2,N,75216
4.9,0.11,3.1000000000000005,3,N,75217
4.9,0.11,3.1000000000000005,4,N,75218
4.9,0.11,3.1000000000000005,5,N,75219
4.9,0.11,3.4000000000000004,1,N,75220
4.9,0.11,3.4000000000000004,2,N,75221
4.9,0.11,3.4000000000000004,3,N,75222
4.9,0.11,3.4000000000000004,4,N,75223
4.9,0.11,3.4000000000000004,5,N,75224
4.9,0.11,3.7,1,N,75225
4.9,0.11,3.7,2,N,75226
4.9,0.11,3.7,3,N,75227
4.9,0.11,3.7,4,N,75228
4.9,0.11,3.7,5,N,75229
4.9,0.11,4.0,1,N,75230
4.9,0.11,4.0,2,N,75231
4.9,0.11,4.0,3,N,75232
4.9,0.11,4.0,4,N,75233
4.9,0.11,4.0,5,N,75234
4.9,0.11,4.300000000000002,1,N,75235
4.9,0.11,4.300000000000002,2,N,75236
4.9,0.11,4.300000000000002,3,N,75237
4.9,0.11,4.300000000000002,4,N,75238
4.9,0.11,4.300000000000002,5,N,75239
4.9,0.11,4.6000000000000005,1,N,75240
4.9,0.11,4.6000000000000005,2,N,75241
4.9,0.11,4.6000000000000005,3,N,75242
4.9,0.11,4.6000000000000005,4,N,75243
4.9,0.11,4.6000000000000005,5,N,75244
4.9,0.11,4.9,1,N,75245
4.9,0.11,4.9,2,N,75246
4.9,0.11,4.9,3,N,75247
4.9,0.11,4.9,4,N,75248
4.9,0.11,4.9,5,N,75249
4.9,0.21,0.01,1,N,75250
4.9,0.21,0.01,2,N,75251
4.9,0.21,0.01,3,N,75252
4.9,0.21,0.01,4,N,75253
4.9,0.21,0.01,5,N,75254
4.9,0.21,0.11,1,N,75255
4.9,0.21,0.11,2,N,75256
4.9,0.21,0.11,3,N,75257
4.9,0.21,0.11,4,N,75258
4.9,0.21,0.11,5,N,75259
4.9,0.21,0.21,1,N,75260
4.9,0.21,0.21,2,N,75261
4.9,0.21,0.21,3,N,75262
4.9,0.21,0.21,4,N,75263
4.9,0.21,0.21,5,N,75264
4.9,0.21,0.31000000000000005,1,N,75265
4.9,0.21,0.31000000000000005,2,N,75266
4.9,0.21,0.31000000000000005,3,N,75267
4.9,0.21,0.31000000000000005,4,N,75268
4.9,0.21,0.31000000000000005,5,N,75269
4.9,0.21,0.41,1,N,75270
4.9,0.21,0.41,2,N,75271
4.9,0.21,0.41,3,N,75272
4.9,0.21,0.41,4,N,75273
4.9,0.21,0.41,5,N,75274
4.9,0.21,0.51,1,N,75275
4.9,0.21,0.51,2,N,75276
4.9,0.21,0.51,3,N,75277
4.9,0.21,0.51,4,N,75278
4.9,0.21,0.51,5,N,75279
4.9,0.21,0.6100000000000001,1,N,75280
4.9,0.21,0.6100000000000001,2,N,75281
4.9,0.21,0.6100000000000001,3,N,75282
4.9,0.21,0.6100000000000001,4,N,75283
4.9,0.21,0.6100000000000001,5,N,75284
4.9,0.21,0.7100000000000001,1,N,75285
4.9,0.21,0.7100000000000001,2,N,75286
4.9,0.21,0.7100000000000001,3,N,75287
4.9,0.21,0.7100000000000001,4,N,75288
4.9,0.21,0.7100000000000001,5,N,75289
4.9,0.21,0.81,1,N,75290
4.9,0.21,0.81,2,N,75291
4.9,0.21,0.81,3,N,75292
4.9,0.21,0.81,4,N,75293
4.9,0.21,0.81,5,N,75294
4.9,0.21,0.91,1,N,75295
4.9,0.21,0.91,2,N,75296
4.9,0.21,0.91,3,N,75297
4.9,0.21,0.91,4,N,75298
4.9,0.21,0.91,5,N,75299
4.9,0.21,1.01,1,N,75300
4.9,0.21,1.01,2,N,75301
4.9,0.21,1.01,3,N,75302
4.9,0.21,1.01,4,N,75303
4.9,0.21,1.01,5,N,75304
4.9,0.21,1.11,1,N,75305
4.9,0.21,1.11,2,N,75306
4.9,0.21,1.11,3,N,75307
4.9,0.21,1.11,4,N,75308
4.9,0.21,1.11,5,N,75309
4.9,0.21,1.3,1,N,75310
4.9,0.21,1.3,2,N,75311
4.9,0.21,1.3,3,N,75312
4.9,0.21,1.3,4,N,75313
4.9,0.21,1.3,5,N,75314
4.9,0.21,1.6,1,N,75315
4.9,0.21,1.6,2,N,75316
4.9,0.21,1.6,3,N,75317
4.9,0.21,1.6,4,N,75318
4.9,0.21,1.6,5,N,75319
4.9,0.21,1.9,1,N,75320
4.9,0.21,1.9,2,N,75321
4.9,0.21,1.9,3,N,75322
4.9,0.21,1.9,4,N,75323
4.9,0.21,1.9,5,N,75324
4.9,0.21,2.2,1,N,75325
4.9,0.21,2.2,2,N,75326
4.9,0.21,2.2,3,N,75327
4.9,0.21,2.2,4,N,75328
4.9,0.21,2.2,5,N,75329
4.9,0.21,2.5,1,N,75330
4.9,0.21,2.5,2,N,75331
4.9,0.21,2.5,3,N,75332
4.9,0.21,2.5,4,N,75333
4.9,0.21,2.5,5,N,75334
4.9,0.21,2.8000000000000003,1,N,75335
4.9,0.21,2.8000000000000003,2,N,75336
4.9,0.21,2.8000000000000003,3,N,75337
4.9,0.21,2.8000000000000003,4,N,75338
4.9,0.21,2.8000000000000003,5,N,75339
4.9,0.21,3.1000000000000005,1,N,75340
4.9,0.21,3.1000000000000005,2,N,75341
4.9,0.21,3.1000000000000005,3,N,75342
4.9,0.21,3.1000000000000005,4,N,75343
4.9,0.21,3.1000000000000005,5,N,75344
4.9,0.21,3.4000000000000004,1,N,75345
4.9,0.21,3.4000000000000004,2,N,75346
4.9,0.21,3.4000000000000004,3,N,75347
4.9,0.21,3.4000000000000004,4,N,75348
4.9,0.21,3.4000000000000004,5,N,75349
4.9,0.21,3.7,1,N,75350
4.9,0.21,3.7,2,N,75351
4.9,0.21,3.7,3,N,75352
4.9,0.21,3.7,4,N,75353
4.9,0.21,3.7,5,N,75354
4.9,0.21,4.0,1,N,75355
4.9,0.21,4.0,2,N,75356
4.9,0.21,4.0,3,N,75357
4.9,0.21,4.0,4,N,75358
4.9,0.21,4.0,5,N,75359
4.9,0.21,4.300000000000002,1,N,75360
4.9,0.21,4.300000000000002,2,N,75361
4.9,0.21,4.300000000000002,3,N,75362
4.9,0.21,4.300000000000002,4,N,75363
4.9,0.21,4.300000000000002,5,N,75364
4.9,0.21,4.6000000000000005,1,N,75365
4.9,0.21,4.6000000000000005,2,N,75366
4.9,0.21,4.6000000000000005,3,N,75367
4.9,0.21,4.6000000000000005,4,N,75368
4.9,0.21,4.6000000000000005,5,N,75369
4.9,0.21,4.9,1,N,75370
4.9,0.21,4.9,2,N,75371
4.9,0.21,4.9,3,N,75372
4.9,0.21,4.9,4,N,75373
4.9,0.21,4.9,5,N,75374
4.9,0.31000000000000005,0.01,1,N,75375
4.9,0.31000000000000005,0.01,2,N,75376
4.9,0.31000000000000005,0.01,3,N,75377
4.9,0.31000000000000005,0.01,4,N,75378
4.9,0.31000000000000005,0.01,5,N,75379
4.9,0.31000000000000005,0.11,1,N,75380
4.9,0.31000000000000005,0.11,2,N,75381
4.9,0.31000000000000005,0.11,3,N,75382
4.9,0.31000000000000005,0.11,4,N,75383
4.9,0.31000000000000005,0.11,5,N,75384
4.9,0.31000000000000005,0.21,1,N,75385
4.9,0.31000000000000005,0.21,2,N,75386
4.9,0.31000000000000005,0.21,3,N,75387
4.9,0.31000000000000005,0.21,4,N,75388
4.9,0.31000000000000005,0.21,5,N,75389
4.9,0.31000000000000005,0.31000000000000005,1,N,75390
4.9,0.31000000000000005,0.31000000000000005,2,N,75391
4.9,0.31000000000000005,0.31000000000000005,3,N,75392
4.9,0.31000000000000005,0.31000000000000005,4,N,75393
4.9,0.31000000000000005,0.31000000000000005,5,N,75394
4.9,0.31000000000000005,0.41,1,N,75395
4.9,0.31000000000000005,0.41,2,N,75396
4.9,0.31000000000000005,0.41,3,N,75397
4.9,0.31000000000000005,0.41,4,N,75398
4.9,0.31000000000000005,0.41,5,N,75399
4.9,0.31000000000000005,0.51,1,N,75400
4.9,0.31000000000000005,0.51,2,N,75401
4.9,0.31000000000000005,0.51,3,N,75402
4.9,0.31000000000000005,0.51,4,N,75403
4.9,0.31000000000000005,0.51,5,N,75404
4.9,0.31000000000000005,0.6100000000000001,1,N,75405
4.9,0.31000000000000005,0.6100000000000001,2,N,75406
4.9,0.31000000000000005,0.6100000000000001,3,N,75407
4.9,0.31000000000000005,0.6100000000000001,4,N,75408
4.9,0.31000000000000005,0.6100000000000001,5,N,75409
4.9,0.31000000000000005,0.7100000000000001,1,N,75410
4.9,0.31000000000000005,0.7100000000000001,2,N,75411
4.9,0.31000000000000005,0.7100000000000001,3,N,75412
4.9,0.31000000000000005,0.7100000000000001,4,N,75413
4.9,0.31000000000000005,0.7100000000000001,5,N,75414
4.9,0.31000000000000005,0.81,1,N,75415
4.9,0.31000000000000005,0.81,2,N,75416
4.9,0.31000000000000005,0.81,3,N,75417
4.9,0.31000000000000005,0.81,4,N,75418
4.9,0.31000000000000005,0.81,5,N,75419
4.9,0.31000000000000005,0.91,1,N,75420
4.9,0.31000000000000005,0.91,2,N,75421
4.9,0.31000000000000005,0.91,3,N,75422
4.9,0.31000000000000005,0.91,4,N,75423
4.9,0.31000000000000005,0.91,5,N,75424
4.9,0.31000000000000005,1.01,1,N,75425
4.9,0.31000000000000005,1.01,2,N,75426
4.9,0.31000000000000005,1.01,3,N,75427
4.9,0.31000000000000005,1.01,4,N,75428
4.9,0.31000000000000005,1.01,5,N,75429
4.9,0.31000000000000005,1.11,1,N,75430
4.9,0.31000000000000005,1.11,2,N,75431
4.9,0.31000000000000005,1.11,3,N,75432
4.9,0.31000000000000005,1.11,4,N,75433
4.9,0.31000000000000005,1.11,5,N,75434
4.9,0.31000000000000005,1.3,1,N,75435
4.9,0.31000000000000005,1.3,2,N,75436
4.9,0.31000000000000005,1.3,3,N,75437
4.9,0.31000000000000005,1.3,4,N,75438
4.9,0.31000000000000005,1.3,5,N,75439
4.9,0.31000000000000005,1.6,1,N,75440
4.9,0.31000000000000005,1.6,2,N,75441
4.9,0.31000000000000005,1.6,3,N,75442
4.9,0.31000000000000005,1.6,4,N,75443
4.9,0.31000000000000005,1.6,5,N,75444
4.9,0.31000000000000005,1.9,1,N,75445
4.9,0.31000000000000005,1.9,2,N,75446
4.9,0.31000000000000005,1.9,3,N,75447
4.9,0.31000000000000005,1.9,4,N,75448
4.9,0.31000000000000005,1.9,5,N,75449
4.9,0.31000000000000005,2.2,1,N,75450
4.9,0.31000000000000005,2.2,2,N,75451
4.9,0.31000000000000005,2.2,3,N,75452
4.9,0.31000000000000005,2.2,4,N,75453
4.9,0.31000000000000005,2.2,5,N,75454
4.9,0.31000000000000005,2.5,1,N,75455
4.9,0.31000000000000005,2.5,2,N,75456
4.9,0.31000000000000005,2.5,3,N,75457
4.9,0.31000000000000005,2.5,4,N,75458
4.9,0.31000000000000005,2.5,5,N,75459
4.9,0.31000000000000005,2.8000000000000003,1,N,75460
4.9,0.31000000000000005,2.8000000000000003,2,N,75461
4.9,0.31000000000000005,2.8000000000000003,3,N,75462
4.9,0.31000000000000005,2.8000000000000003,4,N,75463
4.9,0.31000000000000005,2.8000000000000003,5,N,75464
4.9,0.31000000000000005,3.1000000000000005,1,N,75465
4.9,0.31000000000000005,3.1000000000000005,2,N,75466
4.9,0.31000000000000005,3.1000000000000005,3,N,75467
4.9,0.31000000000000005,3.1000000000000005,4,N,75468
4.9,0.31000000000000005,3.1000000000000005,5,N,75469
4.9,0.31000000000000005,3.4000000000000004,1,N,75470
4.9,0.31000000000000005,3.4000000000000004,2,N,75471
4.9,0.31000000000000005,3.4000000000000004,3,N,75472
4.9,0.31000000000000005,3.4000000000000004,4,N,75473
4.9,0.31000000000000005,3.4000000000000004,5,N,75474
4.9,0.31000000000000005,3.7,1,N,75475
4.9,0.31000000000000005,3.7,2,N,75476
4.9,0.31000000000000005,3.7,3,N,75477
4.9,0.31000000000000005,3.7,4,N,75478
4.9,0.31000000000000005,3.7,5,N,75479
4.9,0.31000000000000005,4.0,1,N,75480
4.9,0.31000000000000005,4.0,2,N,75481
4.9,0.31000000000000005,4.0,3,N,75482
4.9,0.31000000000000005,4.0,4,N,75483
4.9,0.31000000000000005,4.0,5,N,75484
4.9,0.31000000000000005,4.300000000000002,1,N,75485
4.9,0.31000000000000005,4.300000000000002,2,N,75486
4.9,0.31000000000000005,4.300000000000002,3,N,75487
4.9,0.31000000000000005,4.300000000000002,4,N,75488
4.9,0.31000000000000005,4.300000000000002,5,N,75489
4.9,0.31000000000000005,4.6000000000000005,1,N,75490
4.9,0.31000000000000005,4.6000000000000005,2,N,75491
4.9,0.31000000000000005,4.6000000000000005,3,N,75492
4.9,0.31000000000000005,4.6000000000000005,4,N,75493
4.9,0.31000000000000005,4.6000000000000005,5,N,75494
4.9,0.31000000000000005,4.9,1,N,75495
4.9,0.31000000000000005,4.9,2,N,75496
4.9,0.31000000000000005,4.9,3,N,75497
4.9,0.31000000000000005,4.9,4,N,75498
4.9,0.31000000000000005,4.9,5,N,75499
4.9,0.41,0.01,1,N,75500
4.9,0.41,0.01,2,N,75501
4.9,0.41,0.01,3,N,75502
4.9,0.41,0.01,4,N,75503
4.9,0.41,0.01,5,N,75504
4.9,0.41,0.11,1,N,75505
4.9,0.41,0.11,2,N,75506
4.9,0.41,0.11,3,N,75507
4.9,0.41,0.11,4,N,75508
4.9,0.41,0.11,5,N,75509
4.9,0.41,0.21,1,N,75510
4.9,0.41,0.21,2,N,75511
4.9,0.41,0.21,3,N,75512
4.9,0.41,0.21,4,N,75513
4.9,0.41,0.21,5,N,75514
4.9,0.41,0.31000000000000005,1,N,75515
4.9,0.41,0.31000000000000005,2,N,75516
4.9,0.41,0.31000000000000005,3,N,75517
4.9,0.41,0.31000000000000005,4,N,75518
4.9,0.41,0.31000000000000005,5,N,75519
4.9,0.41,0.41,1,N,75520
4.9,0.41,0.41,2,N,75521
4.9,0.41,0.41,3,N,75522
4.9,0.41,0.41,4,N,75523
4.9,0.41,0.41,5,N,75524
4.9,0.41,0.51,1,N,75525
4.9,0.41,0.51,2,N,75526
4.9,0.41,0.51,3,N,75527
4.9,0.41,0.51,4,N,75528
4.9,0.41,0.51,5,N,75529
4.9,0.41,0.6100000000000001,1,N,75530
4.9,0.41,0.6100000000000001,2,N,75531
4.9,0.41,0.6100000000000001,3,N,75532
4.9,0.41,0.6100000000000001,4,N,75533
4.9,0.41,0.6100000000000001,5,N,75534
4.9,0.41,0.7100000000000001,1,N,75535
4.9,0.41,0.7100000000000001,2,N,75536
4.9,0.41,0.7100000000000001,3,N,75537
4.9,0.41,0.7100000000000001,4,N,75538
4.9,0.41,0.7100000000000001,5,N,75539
4.9,0.41,0.81,1,N,75540
4.9,0.41,0.81,2,N,75541
4.9,0.41,0.81,3,N,75542
4.9,0.41,0.81,4,N,75543
4.9,0.41,0.81,5,N,75544
4.9,0.41,0.91,1,N,75545
4.9,0.41,0.91,2,N,75546
4.9,0.41,0.91,3,N,75547
4.9,0.41,0.91,4,N,75548
4.9,0.41,0.91,5,N,75549
4.9,0.41,1.01,1,N,75550
4.9,0.41,1.01,2,N,75551
4.9,0.41,1.01,3,N,75552
4.9,0.41,1.01,4,N,75553
4.9,0.41,1.01,5,N,75554
4.9,0.41,1.11,1,N,75555
4.9,0.41,1.11,2,N,75556
4.9,0.41,1.11,3,N,75557
4.9,0.41,1.11,4,N,75558
4.9,0.41,1.11,5,N,75559
4.9,0.41,1.3,1,N,75560
4.9,0.41,1.3,2,N,75561
4.9,0.41,1.3,3,N,75562
4.9,0.41,1.3,4,N,75563
4.9,0.41,1.3,5,N,75564
4.9,0.41,1.6,1,N,75565
4.9,0.41,1.6,2,N,75566
4.9,0.41,1.6,3,N,75567
4.9,0.41,1.6,4,N,75568
4.9,0.41,1.6,5,N,75569
4.9,0.41,1.9,1,N,75570
4.9,0.41,1.9,2,N,75571
4.9,0.41,1.9,3,N,75572
4.9,0.41,1.9,4,N,75573
4.9,0.41,1.9,5,N,75574
4.9,0.41,2.2,1,N,75575
4.9,0.41,2.2,2,N,75576
4.9,0.41,2.2,3,N,75577
4.9,0.41,2.2,4,N,75578
4.9,0.41,2.2,5,N,75579
4.9,0.41,2.5,1,N,75580
4.9,0.41,2.5,2,N,75581
4.9,0.41,2.5,3,N,75582
4.9,0.41,2.5,4,N,75583
4.9,0.41,2.5,5,N,75584
4.9,0.41,2.8000000000000003,1,N,75585
4.9,0.41,2.8000000000000003,2,N,75586
4.9,0.41,2.8000000000000003,3,N,75587
4.9,0.41,2.8000000000000003,4,N,75588
4.9,0.41,2.8000000000000003,5,N,75589
4.9,0.41,3.1000000000000005,1,N,75590
4.9,0.41,3.1000000000000005,2,N,75591
4.9,0.41,3.1000000000000005,3,N,75592
4.9,0.41,3.1000000000000005,4,N,75593
4.9,0.41,3.1000000000000005,5,N,75594
4.9,0.41,3.4000000000000004,1,N,75595
4.9,0.41,3.4000000000000004,2,N,75596
4.9,0.41,3.4000000000000004,3,N,75597
4.9,0.41,3.4000000000000004,4,N,75598
4.9,0.41,3.4000000000000004,5,N,75599
4.9,0.41,3.7,1,N,75600
4.9,0.41,3.7,2,N,75601
4.9,0.41,3.7,3,N,75602
4.9,0.41,3.7,4,N,75603
4.9,0.41,3.7,5,N,75604
4.9,0.41,4.0,1,N,75605
4.9,0.41,4.0,2,N,75606
4.9,0.41,4.0,3,N,75607
4.9,0.41,4.0,4,N,75608
4.9,0.41,4.0,5,N,75609
4.9,0.41,4.300000000000002,1,N,75610
4.9,0.41,4.300000000000002,2,N,75611
4.9,0.41,4.300000000000002,3,N,75612
4.9,0.41,4.300000000000002,4,N,75613
4.9,0.41,4.300000000000002,5,N,75614
4.9,0.41,4.6000000000000005,1,N,75615
4.9,0.41,4.6000000000000005,2,N,75616
4.9,0.41,4.6000000000000005,3,N,75617
4.9,0.41,4.6000000000000005,4,N,75618
4.9,0.41,4.6000000000000005,5,N,75619
4.9,0.41,4.9,1,N,75620
4.9,0.41,4.9,2,N,75621
4.9,0.41,4.9,3,N,75622
4.9,0.41,4.9,4,N,75623
4.9,0.41,4.9,5,N,75624
4.9,0.51,0.01,1,N,75625
4.9,0.51,0.01,2,N,75626
4.9,0.51,0.01,3,N,75627
4.9,0.51,0.01,4,N,75628
4.9,0.51,0.01,5,N,75629
4.9,0.51,0.11,1,N,75630
4.9,0.51,0.11,2,N,75631
4.9,0.51,0.11,3,N,75632
4.9,0.51,0.11,4,N,75633
4.9,0.51,0.11,5,N,75634
4.9,0.51,0.21,1,N,75635
4.9,0.51,0.21,2,N,75636
4.9,0.51,0.21,3,N,75637
4.9,0.51,0.21,4,N,75638
4.9,0.51,0.21,5,N,75639
4.9,0.51,0.31000000000000005,1,N,75640
4.9,0.51,0.31000000000000005,2,N,75641
4.9,0.51,0.31000000000000005,3,N,75642
4.9,0.51,0.31000000000000005,4,N,75643
4.9,0.51,0.31000000000000005,5,N,75644
4.9,0.51,0.41,1,N,75645
4.9,0.51,0.41,2,N,75646
4.9,0.51,0.41,3,N,75647
4.9,0.51,0.41,4,N,75648
4.9,0.51,0.41,5,N,75649
4.9,0.51,0.51,1,N,75650
4.9,0.51,0.51,2,N,75651
4.9,0.51,0.51,3,N,75652
4.9,0.51,0.51,4,N,75653
4.9,0.51,0.51,5,N,75654
4.9,0.51,0.6100000000000001,1,N,75655
4.9,0.51,0.6100000000000001,2,N,75656
4.9,0.51,0.6100000000000001,3,N,75657
4.9,0.51,0.6100000000000001,4,N,75658
4.9,0.51,0.6100000000000001,5,N,75659
4.9,0.51,0.7100000000000001,1,N,75660
4.9,0.51,0.7100000000000001,2,N,75661
4.9,0.51,0.7100000000000001,3,N,75662
4.9,0.51,0.7100000000000001,4,N,75663
4.9,0.51,0.7100000000000001,5,N,75664
4.9,0.51,0.81,1,N,75665
4.9,0.51,0.81,2,N,75666
4.9,0.51,0.81,3,N,75667
4.9,0.51,0.81,4,N,75668
4.9,0.51,0.81,5,N,75669
4.9,0.51,0.91,1,N,75670
4.9,0.51,0.91,2,N,75671
4.9,0.51,0.91,3,N,75672
4.9,0.51,0.91,4,N,75673
4.9,0.51,0.91,5,N,75674
4.9,0.51,1.01,1,N,75675
4.9,0.51,1.01,2,N,75676
4.9,0.51,1.01,3,N,75677
4.9,0.51,1.01,4,N,75678
4.9,0.51,1.01,5,N,75679
4.9,0.51,1.11,1,N,75680
4.9,0.51,1.11,2,N,75681
4.9,0.51,1.11,3,N,75682
4.9,0.51,1.11,4,N,75683
4.9,0.51,1.11,5,N,75684
4.9,0.51,1.3,1,N,75685
4.9,0.51,1.3,2,N,75686
4.9,0.51,1.3,3,N,75687
4.9,0.51,1.3,4,N,75688
4.9,0.51,1.3,5,N,75689
4.9,0.51,1.6,1,N,75690
4.9,0.51,1.6,2,N,75691
4.9,0.51,1.6,3,N,75692
4.9,0.51,1.6,4,N,75693
4.9,0.51,1.6,5,N,75694
4.9,0.51,1.9,1,N,75695
4.9,0.51,1.9,2,N,75696
4.9,0.51,1.9,3,N,75697
4.9,0.51,1.9,4,N,75698
4.9,0.51,1.9,5,N,75699
4.9,0.51,2.2,1,N,75700
4.9,0.51,2.2,2,N,75701
4.9,0.51,2.2,3,N,75702
4.9,0.51,2.2,4,N,75703
4.9,0.51,2.2,5,N,75704
4.9,0.51,2.5,1,N,75705
4.9,0.51,2.5,2,N,75706
4.9,0.51,2.5,3,N,75707
4.9,0.51,2.5,4,N,75708
4.9,0.51,2.5,5,N,75709
4.9,0.51,2.8000000000000003,1,N,75710
4.9,0.51,2.8000000000000003,2,N,75711
4.9,0.51,2.8000000000000003,3,N,75712
4.9,0.51,2.8000000000000003,4,N,75713
4.9,0.51,2.8000000000000003,5,N,75714
4.9,0.51,3.1000000000000005,1,N,75715
4.9,0.51,3.1000000000000005,2,N,75716
4.9,0.51,3.1000000000000005,3,N,75717
4.9,0.51,3.1000000000000005,4,N,75718
4.9,0.51,3.1000000000000005,5,N,75719
4.9,0.51,3.4000000000000004,1,N,75720
4.9,0.51,3.4000000000000004,2,N,75721
4.9,0.51,3.4000000000000004,3,N,75722
4.9,0.51,3.4000000000000004,4,N,75723
4.9,0.51,3.4000000000000004,5,N,75724
4.9,0.51,3.7,1,N,75725
4.9,0.51,3.7,2,N,75726
4.9,0.51,3.7,3,N,75727
4.9,0.51,3.7,4,N,75728
4.9,0.51,3.7,5,N,75729
4.9,0.51,4.0,1,N,75730
4.9,0.51,4.0,2,N,75731
4.9,0.51,4.0,3,N,75732
4.9,0.51,4.0,4,N,75733
4.9,0.51,4.0,5,N,75734
4.9,0.51,4.300000000000002,1,N,75735
4.9,0.51,4.300000000000002,2,N,75736
4.9,0.51,4.300000000000002,3,N,75737
4.9,0.51,4.300000000000002,4,N,75738
4.9,0.51,4.300000000000002,5,N,75739
4.9,0.51,4.6000000000000005,1,N,75740
4.9,0.51,4.6000000000000005,2,N,75741
4.9,0.51,4.6000000000000005,3,N,75742
4.9,0.51,4.6000000000000005,4,N,75743
4.9,0.51,4.6000000000000005,5,N,75744
4.9,0.51,4.9,1,N,75745
4.9,0.51,4.9,2,N,75746
4.9,0.51,4.9,3,N,75747
4.9,0.51,4.9,4,N,75748
4.9,0.51,4.9,5,N,75749
4.9,0.6100000000000001,0.01,1,N,75750
4.9,0.6100000000000001,0.01,2,N,75751
4.9,0.6100000000000001,0.01,3,N,75752
4.9,0.6100000000000001,0.01,4,N,75753
4.9,0.6100000000000001,0.01,5,N,75754
4.9,0.6100000000000001,0.11,1,N,75755
4.9,0.6100000000000001,0.11,2,N,75756
4.9,0.6100000000000001,0.11,3,N,75757
4.9,0.6100000000000001,0.11,4,N,75758
4.9,0.6100000000000001,0.11,5,N,75759
4.9,0.6100000000000001,0.21,1,N,75760
4.9,0.6100000000000001,0.21,2,N,75761
4.9,0.6100000000000001,0.21,3,N,75762
4.9,0.6100000000000001,0.21,4,N,75763
4.9,0.6100000000000001,0.21,5,N,75764
4.9,0.6100000000000001,0.31000000000000005,1,N,75765
4.9,0.6100000000000001,0.31000000000000005,2,N,75766
4.9,0.6100000000000001,0.31000000000000005,3,N,75767
4.9,0.6100000000000001,0.31000000000000005,4,N,75768
4.9,0.6100000000000001,0.31000000000000005,5,N,75769
4.9,0.6100000000000001,0.41,1,N,75770
4.9,0.6100000000000001,0.41,2,N,75771
4.9,0.6100000000000001,0.41,3,N,75772
4.9,0.6100000000000001,0.41,4,N,75773
4.9,0.6100000000000001,0.41,5,N,75774
4.9,0.6100000000000001,0.51,1,N,75775
4.9,0.6100000000000001,0.51,2,N,75776
4.9,0.6100000000000001,0.51,3,N,75777
4.9,0.6100000000000001,0.51,4,N,75778
4.9,0.6100000000000001,0.51,5,N,75779
4.9,0.6100000000000001,0.6100000000000001,1,N,75780
4.9,0.6100000000000001,0.6100000000000001,2,N,75781
4.9,0.6100000000000001,0.6100000000000001,3,N,75782
4.9,0.6100000000000001,0.6100000000000001,4,N,75783
4.9,0.6100000000000001,0.6100000000000001,5,N,75784
4.9,0.6100000000000001,0.7100000000000001,1,N,75785
4.9,0.6100000000000001,0.7100000000000001,2,N,75786
4.9,0.6100000000000001,0.7100000000000001,3,N,75787
4.9,0.6100000000000001,0.7100000000000001,4,N,75788
4.9,0.6100000000000001,0.7100000000000001,5,N,75789
4.9,0.6100000000000001,0.81,1,N,75790
4.9,0.6100000000000001,0.81,2,N,75791
4.9,0.6100000000000001,0.81,3,N,75792
4.9,0.6100000000000001,0.81,4,N,75793
4.9,0.6100000000000001,0.81,5,N,75794
4.9,0.6100000000000001,0.91,1,N,75795
4.9,0.6100000000000001,0.91,2,N,75796
4.9,0.6100000000000001,0.91,3,N,75797
4.9,0.6100000000000001,0.91,4,N,75798
4.9,0.6100000000000001,0.91,5,N,75799
4.9,0.6100000000000001,1.01,1,N,75800
4.9,0.6100000000000001,1.01,2,N,75801
4.9,0.6100000000000001,1.01,3,N,75802
4.9,0.6100000000000001,1.01,4,N,75803
4.9,0.6100000000000001,1.01,5,N,75804
4.9,0.6100000000000001,1.11,1,N,75805
4.9,0.6100000000000001,1.11,2,N,75806
4.9,0.6100000000000001,1.11,3,N,75807
4.9,0.6100000000000001,1.11,4,N,75808
4.9,0.6100000000000001,1.11,5,N,75809
4.9,0.6100000000000001,1.3,1,N,75810
4.9,0.6100000000000001,1.3,2,N,75811
4.9,0.6100000000000001,1.3,3,N,75812
4.9,0.6100000000000001,1.3,4,N,75813
4.9,0.6100000000000001,1.3,5,N,75814
4.9,0.6100000000000001,1.6,1,N,75815
4.9,0.6100000000000001,1.6,2,N,75816
4.9,0.6100000000000001,1.6,3,N,75817
4.9,0.6100000000000001,1.6,4,N,75818
4.9,0.6100000000000001,1.6,5,N,75819
4.9,0.6100000000000001,1.9,1,N,75820
4.9,0.6100000000000001,1.9,2,N,75821
4.9,0.6100000000000001,1.9,3,N,75822
4.9,0.6100000000000001,1.9,4,N,75823
4.9,0.6100000000000001,1.9,5,N,75824
4.9,0.6100000000000001,2.2,1,N,75825
4.9,0.6100000000000001,2.2,2,N,75826
4.9,0.6100000000000001,2.2,3,N,75827
4.9,0.6100000000000001,2.2,4,N,75828
4.9,0.6100000000000001,2.2,5,N,75829
4.9,0.6100000000000001,2.5,1,N,75830
4.9,0.6100000000000001,2.5,2,N,75831
4.9,0.6100000000000001,2.5,3,N,75832
4.9,0.6100000000000001,2.5,4,N,75833
4.9,0.6100000000000001,2.5,5,N,75834
4.9,0.6100000000000001,2.8000000000000003,1,N,75835
4.9,0.6100000000000001,2.8000000000000003,2,N,75836
4.9,0.6100000000000001,2.8000000000000003,3,N,75837
4.9,0.6100000000000001,2.8000000000000003,4,N,75838
4.9,0.6100000000000001,2.8000000000000003,5,N,75839
4.9,0.6100000000000001,3.1000000000000005,1,N,75840
4.9,0.6100000000000001,3.1000000000000005,2,N,75841
4.9,0.6100000000000001,3.1000000000000005,3,N,75842
4.9,0.6100000000000001,3.1000000000000005,4,N,75843
4.9,0.6100000000000001,3.1000000000000005,5,N,75844
4.9,0.6100000000000001,3.4000000000000004,1,N,75845
4.9,0.6100000000000001,3.4000000000000004,2,N,75846
4.9,0.6100000000000001,3.4000000000000004,3,N,75847
4.9,0.6100000000000001,3.4000000000000004,4,N,75848
4.9,0.6100000000000001,3.4000000000000004,5,N,75849
4.9,0.6100000000000001,3.7,1,N,75850
4.9,0.6100000000000001,3.7,2,N,75851
4.9,0.6100000000000001,3.7,3,N,75852
4.9,0.6100000000000001,3.7,4,N,75853
4.9,0.6100000000000001,3.7,5,N,75854
4.9,0.6100000000000001,4.0,1,N,75855
4.9,0.6100000000000001,4.0,2,N,75856
4.9,0.6100000000000001,4.0,3,N,75857
4.9,0.6100000000000001,4.0,4,N,75858
4.9,0.6100000000000001,4.0,5,N,75859
4.9,0.6100000000000001,4.300000000000002,1,N,75860
4.9,0.6100000000000001,4.300000000000002,2,N,75861
4.9,0.6100000000000001,4.300000000000002,3,N,75862
4.9,0.6100000000000001,4.300000000000002,4,N,75863
4.9,0.6100000000000001,4.300000000000002,5,N,75864
4.9,0.6100000000000001,4.6000000000000005,1,N,75865
4.9,0.6100000000000001,4.6000000000000005,2,N,75866
4.9,0.6100000000000001,4.6000000000000005,3,N,75867
4.9,0.6100000000000001,4.6000000000000005,4,N,75868
4.9,0.6100000000000001,4.6000000000000005,5,N,75869
4.9,0.6100000000000001,4.9,1,N,75870
4.9,0.6100000000000001,4.9,2,N,75871
4.9,0.6100000000000001,4.9,3,N,75872
4.9,0.6100000000000001,4.9,4,N,75873
4.9,0.6100000000000001,4.9,5,N,75874
4.9,0.7100000000000001,0.01,1,N,75875
4.9,0.7100000000000001,0.01,2,N,75876
4.9,0.7100000000000001,0.01,3,N,75877
4.9,0.7100000000000001,0.01,4,N,75878
4.9,0.7100000000000001,0.01,5,N,75879
4.9,0.7100000000000001,0.11,1,N,75880
4.9,0.7100000000000001,0.11,2,N,75881
4.9,0.7100000000000001,0.11,3,N,75882
4.9,0.7100000000000001,0.11,4,N,75883
4.9,0.7100000000000001,0.11,5,N,75884
4.9,0.7100000000000001,0.21,1,N,75885
4.9,0.7100000000000001,0.21,2,N,75886
4.9,0.7100000000000001,0.21,3,N,75887
4.9,0.7100000000000001,0.21,4,N,75888
4.9,0.7100000000000001,0.21,5,N,75889
4.9,0.7100000000000001,0.31000000000000005,1,N,75890
4.9,0.7100000000000001,0.31000000000000005,2,N,75891
4.9,0.7100000000000001,0.31000000000000005,3,N,75892
4.9,0.7100000000000001,0.31000000000000005,4,N,75893
4.9,0.7100000000000001,0.31000000000000005,5,N,75894
4.9,0.7100000000000001,0.41,1,N,75895
4.9,0.7100000000000001,0.41,2,N,75896
4.9,0.7100000000000001,0.41,3,N,75897
4.9,0.7100000000000001,0.41,4,N,75898
4.9,0.7100000000000001,0.41,5,N,75899
4.9,0.7100000000000001,0.51,1,N,75900
4.9,0.7100000000000001,0.51,2,N,75901
4.9,0.7100000000000001,0.51,3,N,75902
4.9,0.7100000000000001,0.51,4,N,75903
4.9,0.7100000000000001,0.51,5,N,75904
4.9,0.7100000000000001,0.6100000000000001,1,N,75905
4.9,0.7100000000000001,0.6100000000000001,2,N,75906
4.9,0.7100000000000001,0.6100000000000001,3,N,75907
4.9,0.7100000000000001,0.6100000000000001,4,N,75908
4.9,0.7100000000000001,0.6100000000000001,5,N,75909
4.9,0.7100000000000001,0.7100000000000001,1,N,75910
4.9,0.7100000000000001,0.7100000000000001,2,N,75911
4.9,0.7100000000000001,0.7100000000000001,3,N,75912
4.9,0.7100000000000001,0.7100000000000001,4,N,75913
4.9,0.7100000000000001,0.7100000000000001,5,N,75914
4.9,0.7100000000000001,0.81,1,N,75915
4.9,0.7100000000000001,0.81,2,N,75916
4.9,0.7100000000000001,0.81,3,N,75917
4.9,0.7100000000000001,0.81,4,N,75918
4.9,0.7100000000000001,0.81,5,N,75919
4.9,0.7100000000000001,0.91,1,N,75920
4.9,0.7100000000000001,0.91,2,N,75921
4.9,0.7100000000000001,0.91,3,N,75922
4.9,0.7100000000000001,0.91,4,N,75923
4.9,0.7100000000000001,0.91,5,N,75924
4.9,0.7100000000000001,1.01,1,N,75925
4.9,0.7100000000000001,1.01,2,N,75926
4.9,0.7100000000000001,1.01,3,N,75927
4.9,0.7100000000000001,1.01,4,N,75928
4.9,0.7100000000000001,1.01,5,N,75929
4.9,0.7100000000000001,1.11,1,N,75930
4.9,0.7100000000000001,1.11,2,N,75931
4.9,0.7100000000000001,1.11,3,N,75932
4.9,0.7100000000000001,1.11,4,N,75933
4.9,0.7100000000000001,1.11,5,N,75934
4.9,0.7100000000000001,1.3,1,N,75935
4.9,0.7100000000000001,1.3,2,N,75936
4.9,0.7100000000000001,1.3,3,N,75937
4.9,0.7100000000000001,1.3,4,N,75938
4.9,0.7100000000000001,1.3,5,N,75939
4.9,0.7100000000000001,1.6,1,N,75940
4.9,0.7100000000000001,1.6,2,N,75941
4.9,0.7100000000000001,1.6,3,N,75942
4.9,0.7100000000000001,1.6,4,N,75943
4.9,0.7100000000000001,1.6,5,N,75944
4.9,0.7100000000000001,1.9,1,N,75945
4.9,0.7100000000000001,1.9,2,N,75946
4.9,0.7100000000000001,1.9,3,N,75947
4.9,0.7100000000000001,1.9,4,N,75948
4.9,0.7100000000000001,1.9,5,N,75949
4.9,0.7100000000000001,2.2,1,N,75950
4.9,0.7100000000000001,2.2,2,N,75951
4.9,0.7100000000000001,2.2,3,N,75952
4.9,0.7100000000000001,2.2,4,N,75953
4.9,0.7100000000000001,2.2,5,N,75954
4.9,0.7100000000000001,2.5,1,N,75955
4.9,0.7100000000000001,2.5,2,N,75956
4.9,0.7100000000000001,2.5,3,N,75957
4.9,0.7100000000000001,2.5,4,N,75958
4.9,0.7100000000000001,2.5,5,N,75959
4.9,0.7100000000000001,2.8000000000000003,1,N,75960
4.9,0.7100000000000001,2.8000000000000003,2,N,75961
4.9,0.7100000000000001,2.8000000000000003,3,N,75962
4.9,0.7100000000000001,2.8000000000000003,4,N,75963
4.9,0.7100000000000001,2.8000000000000003,5,N,75964
4.9,0.7100000000000001,3.1000000000000005,1,N,75965
4.9,0.7100000000000001,3.1000000000000005,2,N,75966
4.9,0.7100000000000001,3.1000000000000005,3,N,75967
4.9,0.7100000000000001,3.1000000000000005,4,N,75968
4.9,0.7100000000000001,3.1000000000000005,5,N,75969
4.9,0.7100000000000001,3.4000000000000004,1,N,75970
4.9,0.7100000000000001,3.4000000000000004,2,N,75971
4.9,0.7100000000000001,3.4000000000000004,3,N,75972
4.9,0.7100000000000001,3.4000000000000004,4,N,75973
4.9,0.7100000000000001,3.4000000000000004,5,N,75974
4.9,0.7100000000000001,3.7,1,N,75975
4.9,0.7100000000000001,3.7,2,N,75976
4.9,0.7100000000000001,3.7,3,N,75977
4.9,0.7100000000000001,3.7,4,N,75978
4.9,0.7100000000000001,3.7,5,N,75979
4.9,0.7100000000000001,4.0,1,N,75980
4.9,0.7100000000000001,4.0,2,N,75981
4.9,0.7100000000000001,4.0,3,N,75982
4.9,0.7100000000000001,4.0,4,N,75983
4.9,0.7100000000000001,4.0,5,N,75984
4.9,0.7100000000000001,4.300000000000002,1,N,75985
4.9,0.7100000000000001,4.300000000000002,2,N,75986
4.9,0.7100000000000001,4.300000000000002,3,N,75987
4.9,0.7100000000000001,4.300000000000002,4,N,75988
4.9,0.7100000000000001,4.300000000000002,5,N,75989
4.9,0.7100000000000001,4.6000000000000005,1,N,75990
4.9,0.7100000000000001,4.6000000000000005,2,N,75991
4.9,0.7100000000000001,4.6000000000000005,3,N,75992
4.9,0.7100000000000001,4.6000000000000005,4,N,75993
4.9,0.7100000000000001,4.6000000000000005,5,N,75994
4.9,0.7100000000000001,4.9,1,N,75995
4.9,0.7100000000000001,4.9,2,N,75996
4.9,0.7100000000000001,4.9,3,N,75997
4.9,0.7100000000000001,4.9,4,N,75998
4.9,0.7100000000000001,4.9,5,N,75999
4.9,0.81,0.01,1,N,76000
4.9,0.81,0.01,2,N,76001
4.9,0.81,0.01,3,N,76002
4.9,0.81,0.01,4,N,76003
4.9,0.81,0.01,5,N,76004
4.9,0.81,0.11,1,N,76005
4.9,0.81,0.11,2,N,76006
4.9,0.81,0.11,3,N,76007
4.9,0.81,0.11,4,N,76008
4.9,0.81,0.11,5,N,76009
4.9,0.81,0.21,1,N,76010
4.9,0.81,0.21,2,N,76011
4.9,0.81,0.21,3,N,76012
4.9,0.81,0.21,4,N,76013
4.9,0.81,0.21,5,N,76014
4.9,0.81,0.31000000000000005,1,N,76015
4.9,0.81,0.31000000000000005,2,N,76016
4.9,0.81,0.31000000000000005,3,N,76017
4.9,0.81,0.31000000000000005,4,N,76018
4.9,0.81,0.31000000000000005,5,N,76019
4.9,0.81,0.41,1,N,76020
4.9,0.81,0.41,2,N,76021
4.9,0.81,0.41,3,N,76022
4.9,0.81,0.41,4,N,76023
4.9,0.81,0.41,5,N,76024
4.9,0.81,0.51,1,N,76025
4.9,0.81,0.51,2,N,76026
4.9,0.81,0.51,3,N,76027
4.9,0.81,0.51,4,N,76028
4.9,0.81,0.51,5,N,76029
4.9,0.81,0.6100000000000001,1,N,76030
4.9,0.81,0.6100000000000001,2,N,76031
4.9,0.81,0.6100000000000001,3,N,76032
4.9,0.81,0.6100000000000001,4,N,76033
4.9,0.81,0.6100000000000001,5,N,76034
4.9,0.81,0.7100000000000001,1,N,76035
4.9,0.81,0.7100000000000001,2,N,76036
4.9,0.81,0.7100000000000001,3,N,76037
4.9,0.81,0.7100000000000001,4,N,76038
4.9,0.81,0.7100000000000001,5,N,76039
4.9,0.81,0.81,1,N,76040
4.9,0.81,0.81,2,N,76041
4.9,0.81,0.81,3,N,76042
4.9,0.81,0.81,4,N,76043
4.9,0.81,0.81,5,N,76044
4.9,0.81,0.91,1,N,76045
4.9,0.81,0.91,2,N,76046
4.9,0.81,0.91,3,N,76047
4.9,0.81,0.91,4,N,76048
4.9,0.81,0.91,5,N,76049
4.9,0.81,1.01,1,N,76050
4.9,0.81,1.01,2,N,76051
4.9,0.81,1.01,3,N,76052
4.9,0.81,1.01,4,N,76053
4.9,0.81,1.01,5,N,76054
4.9,0.81,1.11,1,N,76055
4.9,0.81,1.11,2,N,76056
4.9,0.81,1.11,3,N,76057
4.9,0.81,1.11,4,N,76058
4.9,0.81,1.11,5,N,76059
4.9,0.81,1.3,1,N,76060
4.9,0.81,1.3,2,N,76061
4.9,0.81,1.3,3,N,76062
4.9,0.81,1.3,4,N,76063
4.9,0.81,1.3,5,N,76064
4.9,0.81,1.6,1,N,76065
4.9,0.81,1.6,2,N,76066
4.9,0.81,1.6,3,N,76067
4.9,0.81,1.6,4,N,76068
4.9,0.81,1.6,5,N,76069
4.9,0.81,1.9,1,N,76070
4.9,0.81,1.9,2,N,76071
4.9,0.81,1.9,3,N,76072
4.9,0.81,1.9,4,N,76073
4.9,0.81,1.9,5,N,76074
4.9,0.81,2.2,1,N,76075
4.9,0.81,2.2,2,N,76076
4.9,0.81,2.2,3,N,76077
4.9,0.81,2.2,4,N,76078
4.9,0.81,2.2,5,N,76079
4.9,0.81,2.5,1,N,76080
4.9,0.81,2.5,2,N,76081
4.9,0.81,2.5,3,N,76082
4.9,0.81,2.5,4,N,76083
4.9,0.81,2.5,5,N,76084
4.9,0.81,2.8000000000000003,1,N,76085
4.9,0.81,2.8000000000000003,2,N,76086
4.9,0.81,2.8000000000000003,3,N,76087
4.9,0.81,2.8000000000000003,4,N,76088
4.9,0.81,2.8000000000000003,5,N,76089
4.9,0.81,3.1000000000000005,1,N,76090
4.9,0.81,3.1000000000000005,2,N,76091
4.9,0.81,3.1000000000000005,3,N,76092
4.9,0.81,3.1000000000000005,4,N,76093
4.9,0.81,3.1000000000000005,5,N,76094
4.9,0.81,3.4000000000000004,1,N,76095
4.9,0.81,3.4000000000000004,2,N,76096
4.9,0.81,3.4000000000000004,3,N,76097
4.9,0.81,3.4000000000000004,4,N,76098
4.9,0.81,3.4000000000000004,5,N,76099
4.9,0.81,3.7,1,N,76100
4.9,0.81,3.7,2,N,76101
4.9,0.81,3.7,3,N,76102
4.9,0.81,3.7,4,N,76103
4.9,0.81,3.7,5,N,76104
4.9,0.81,4.0,1,N,76105
4.9,0.81,4.0,2,N,76106
4.9,0.81,4.0,3,N,76107
4.9,0.81,4.0,4,N,76108
4.9,0.81,4.0,5,N,76109
4.9,0.81,4.300000000000002,1,N,76110
4.9,0.81,4.300000000000002,2,N,76111
4.9,0.81,4.300000000000002,3,N,76112
4.9,0.81,4.300000000000002,4,N,76113
4.9,0.81,4.300000000000002,5,N,76114
4.9,0.81,4.6000000000000005,1,N,76115
4.9,0.81,4.6000000000000005,2,N,76116
4.9,0.81,4.6000000000000005,3,N,76117
4.9,0.81,4.6000000000000005,4,N,76118
4.9,0.81,4.6000000000000005,5,N,76119
4.9,0.81,4.9,1,N,76120
4.9,0.81,4.9,2,N,76121
4.9,0.81,4.9,3,N,76122
4.9,0.81,4.9,4,N,76123
4.9,0.81,4.9,5,N,76124
4.9,0.91,0.01,1,N,76125
4.9,0.91,0.01,2,N,76126
4.9,0.91,0.01,3,N,76127
4.9,0.91,0.01,4,N,76128
4.9,0.91,0.01,5,N,76129
4.9,0.91,0.11,1,N,76130
4.9,0.91,0.11,2,N,76131
4.9,0.91,0.11,3,N,76132
4.9,0.91,0.11,4,N,76133
4.9,0.91,0.11,5,N,76134
4.9,0.91,0.21,1,N,76135
4.9,0.91,0.21,2,N,76136
4.9,0.91,0.21,3,N,76137
4.9,0.91,0.21,4,N,76138
4.9,0.91,0.21,5,N,76139
4.9,0.91,0.31000000000000005,1,N,76140
4.9,0.91,0.31000000000000005,2,N,76141
4.9,0.91,0.31000000000000005,3,N,76142
4.9,0.91,0.31000000000000005,4,N,76143
4.9,0.91,0.31000000000000005,5,N,76144
4.9,0.91,0.41,1,N,76145
4.9,0.91,0.41,2,N,76146
4.9,0.91,0.41,3,N,76147
4.9,0.91,0.41,4,N,76148
4.9,0.91,0.41,5,N,76149
4.9,0.91,0.51,1,N,76150
4.9,0.91,0.51,2,N,76151
4.9,0.91,0.51,3,N,76152
4.9,0.91,0.51,4,N,76153
4.9,0.91,0.51,5,N,76154
4.9,0.91,0.6100000000000001,1,N,76155
4.9,0.91,0.6100000000000001,2,N,76156
4.9,0.91,0.6100000000000001,3,N,76157
4.9,0.91,0.6100000000000001,4,N,76158
4.9,0.91,0.6100000000000001,5,N,76159
4.9,0.91,0.7100000000000001,1,N,76160
4.9,0.91,0.7100000000000001,2,N,76161
4.9,0.91,0.7100000000000001,3,N,76162
4.9,0.91,0.7100000000000001,4,N,76163
4.9,0.91,0.7100000000000001,5,N,76164
4.9,0.91,0.81,1,N,76165
4.9,0.91,0.81,2,N,76166
4.9,0.91,0.81,3,N,76167
4.9,0.91,0.81,4,N,76168
4.9,0.91,0.81,5,N,76169
4.9,0.91,0.91,1,N,76170
4.9,0.91,0.91,2,N,76171
4.9,0.91,0.91,3,N,76172
4.9,0.91,0.91,4,N,76173
4.9,0.91,0.91,5,N,76174
4.9,0.91,1.01,1,N,76175
4.9,0.91,1.01,2,N,76176
4.9,0.91,1.01,3,N,76177
4.9,0.91,1.01,4,N,76178
4.9,0.91,1.01,5,N,76179
4.9,0.91,1.11,1,N,76180
4.9,0.91,1.11,2,N,76181
4.9,0.91,1.11,3,N,76182
4.9,0.91,1.11,4,N,76183
4.9,0.91,1.11,5,N,76184
4.9,0.91,1.3,1,N,76185
4.9,0.91,1.3,2,N,76186
4.9,0.91,1.3,3,N,76187
4.9,0.91,1.3,4,N,76188
4.9,0.91,1.3,5,N,76189
4.9,0.91,1.6,1,N,76190
4.9,0.91,1.6,2,N,76191
4.9,0.91,1.6,3,N,76192
4.9,0.91,1.6,4,N,76193
4.9,0.91,1.6,5,N,76194
4.9,0.91,1.9,1,N,76195
4.9,0.91,1.9,2,N,76196
4.9,0.91,1.9,3,N,76197
4.9,0.91,1.9,4,N,76198
4.9,0.91,1.9,5,N,76199
4.9,0.91,2.2,1,N,76200
4.9,0.91,2.2,2,N,76201
4.9,0.91,2.2,3,N,76202
4.9,0.91,2.2,4,N,76203
4.9,0.91,2.2,5,N,76204
4.9,0.91,2.5,1,N,76205
4.9,0.91,2.5,2,N,76206
4.9,0.91,2.5,3,N,76207
4.9,0.91,2.5,4,N,76208
4.9,0.91,2.5,5,N,76209
4.9,0.91,2.8000000000000003,1,N,76210
4.9,0.91,2.8000000000000003,2,N,76211
4.9,0.91,2.8000000000000003,3,N,76212
4.9,0.91,2.8000000000000003,4,N,76213
4.9,0.91,2.8000000000000003,5,N,76214
4.9,0.91,3.1000000000000005,1,N,76215
4.9,0.91,3.1000000000000005,2,N,76216
4.9,0.91,3.1000000000000005,3,N,76217
4.9,0.91,3.1000000000000005,4,N,76218
4.9,0.91,3.1000000000000005,5,N,76219
4.9,0.91,3.4000000000000004,1,N,76220
4.9,0.91,3.4000000000000004,2,N,76221
4.9,0.91,3.4000000000000004,3,N,76222
4.9,0.91,3.4000000000000004,4,N,76223
4.9,0.91,3.4000000000000004,5,N,76224
4.9,0.91,3.7,1,N,76225
4.9,0.91,3.7,2,N,76226
4.9,0.91,3.7,3,N,76227
4.9,0.91,3.7,4,N,76228
4.9,0.91,3.7,5,N,76229
4.9,0.91,4.0,1,N,76230
4.9,0.91,4.0,2,N,76231
4.9,0.91,4.0,3,N,76232
4.9,0.91,4.0,4,N,76233
4.9,0.91,4.0,5,N,76234
4.9,0.91,4.300000000000002,1,N,76235
4.9,0.91,4.300000000000002,2,N,76236
4.9,0.91,4.300000000000002,3,N,76237
4.9,0.91,4.300000000000002,4,N,76238
4.9,0.91,4.300000000000002,5,N,76239
4.9,0.91,4.6000000000000005,1,N,76240
4.9,0.91,4.6000000000000005,2,N,76241
4.9,0.91,4.6000000000000005,3,N,76242
4.9,0.91,4.6000000000000005,4,N,76243
4.9,0.91,4.6000000000000005,5,N,76244
4.9,0.91,4.9,1,N,76245
4.9,0.91,4.9,2,N,76246
4.9,0.91,4.9,3,N,76247
4.9,0.91,4.9,4,N,76248
4.9,0.91,4.9,5,N,76249
4.9,1.01,0.01,1,N,76250
4.9,1.01,0.01,2,N,76251
4.9,1.01,0.01,3,N,76252
4.9,1.01,0.01,4,N,76253
4.9,1.01,0.01,5,N,76254
4.9,1.01,0.11,1,N,76255
4.9,1.01,0.11,2,N,76256
4.9,1.01,0.11,3,N,76257
4.9,1.01,0.11,4,N,76258
4.9,1.01,0.11,5,N,76259
4.9,1.01,0.21,1,N,76260
4.9,1.01,0.21,2,N,76261
4.9,1.01,0.21,3,N,76262
4.9,1.01,0.21,4,N,76263
4.9,1.01,0.21,5,N,76264
4.9,1.01,0.31000000000000005,1,N,76265
4.9,1.01,0.31000000000000005,2,N,76266
4.9,1.01,0.31000000000000005,3,N,76267
4.9,1.01,0.31000000000000005,4,N,76268
4.9,1.01,0.31000000000000005,5,N,76269
4.9,1.01,0.41,1,N,76270
4.9,1.01,0.41,2,N,76271
4.9,1.01,0.41,3,N,76272
4.9,1.01,0.41,4,N,76273
4.9,1.01,0.41,5,N,76274
4.9,1.01,0.51,1,N,76275
4.9,1.01,0.51,2,N,76276
4.9,1.01,0.51,3,N,76277
4.9,1.01,0.51,4,N,76278
4.9,1.01,0.51,5,N,76279
4.9,1.01,0.6100000000000001,1,N,76280
4.9,1.01,0.6100000000000001,2,N,76281
4.9,1.01,0.6100000000000001,3,N,76282
4.9,1.01,0.6100000000000001,4,N,76283
4.9,1.01,0.6100000000000001,5,N,76284
4.9,1.01,0.7100000000000001,1,N,76285
4.9,1.01,0.7100000000000001,2,N,76286
4.9,1.01,0.7100000000000001,3,N,76287
4.9,1.01,0.7100000000000001,4,N,76288
4.9,1.01,0.7100000000000001,5,N,76289
4.9,1.01,0.81,1,N,76290
4.9,1.01,0.81,2,N,76291
4.9,1.01,0.81,3,N,76292
4.9,1.01,0.81,4,N,76293
4.9,1.01,0.81,5,N,76294
4.9,1.01,0.91,1,N,76295
4.9,1.01,0.91,2,N,76296
4.9,1.01,0.91,3,N,76297
4.9,1.01,0.91,4,N,76298
4.9,1.01,0.91,5,N,76299
4.9,1.01,1.01,1,N,76300
4.9,1.01,1.01,2,N,76301
4.9,1.01,1.01,3,N,76302
4.9,1.01,1.01,4,N,76303
4.9,1.01,1.01,5,N,76304
4.9,1.01,1.11,1,N,76305
4.9,1.01,1.11,2,N,76306
4.9,1.01,1.11,3,N,76307
4.9,1.01,1.11,4,N,76308
4.9,1.01,1.11,5,N,76309
4.9,1.01,1.3,1,N,76310
4.9,1.01,1.3,2,N,76311
4.9,1.01,1.3,3,N,76312
4.9,1.01,1.3,4,N,76313
4.9,1.01,1.3,5,N,76314
4.9,1.01,1.6,1,N,76315
4.9,1.01,1.6,2,N,76316
4.9,1.01,1.6,3,N,76317
4.9,1.01,1.6,4,N,76318
4.9,1.01,1.6,5,N,76319
4.9,1.01,1.9,1,N,76320
4.9,1.01,1.9,2,N,76321
4.9,1.01,1.9,3,N,76322
4.9,1.01,1.9,4,N,76323
4.9,1.01,1.9,5,N,76324
4.9,1.01,2.2,1,N,76325
4.9,1.01,2.2,2,N,76326
4.9,1.01,2.2,3,N,76327
4.9,1.01,2.2,4,N,76328
4.9,1.01,2.2,5,N,76329
4.9,1.01,2.5,1,N,76330
4.9,1.01,2.5,2,N,76331
4.9,1.01,2.5,3,N,76332
4.9,1.01,2.5,4,N,76333
4.9,1.01,2.5,5,N,76334
4.9,1.01,2.8000000000000003,1,N,76335
4.9,1.01,2.8000000000000003,2,N,76336
4.9,1.01,2.8000000000000003,3,N,76337
4.9,1.01,2.8000000000000003,4,N,76338
4.9,1.01,2.8000000000000003,5,N,76339
4.9,1.01,3.1000000000000005,1,N,76340
4.9,1.01,3.1000000000000005,2,N,76341
4.9,1.01,3.1000000000000005,3,N,76342
4.9,1.01,3.1000000000000005,4,N,76343
4.9,1.01,3.1000000000000005,5,N,76344
4.9,1.01,3.4000000000000004,1,N,76345
4.9,1.01,3.4000000000000004,2,N,76346
4.9,1.01,3.4000000000000004,3,N,76347
4.9,1.01,3.4000000000000004,4,N,76348
4.9,1.01,3.4000000000000004,5,N,76349
4.9,1.01,3.7,1,N,76350
4.9,1.01,3.7,2,N,76351
4.9,1.01,3.7,3,N,76352
4.9,1.01,3.7,4,N,76353
4.9,1.01,3.7,5,N,76354
4.9,1.01,4.0,1,N,76355
4.9,1.01,4.0,2,N,76356
4.9,1.01,4.0,3,N,76357
4.9,1.01,4.0,4,N,76358
4.9,1.01,4.0,5,N,76359
4.9,1.01,4.300000000000002,1,N,76360
4.9,1.01,4.300000000000002,2,N,76361
4.9,1.01,4.300000000000002,3,N,76362
4.9,1.01,4.300000000000002,4,N,76363
4.9,1.01,4.300000000000002,5,N,76364
4.9,1.01,4.6000000000000005,1,N,76365
4.9,1.01,4.6000000000000005,2,N,76366
4.9,1.01,4.6000000000000005,3,N,76367
4.9,1.01,4.6000000000000005,4,N,76368
4.9,1.01,4.6000000000000005,5,N,76369
4.9,1.01,4.9,1,N,76370
4.9,1.01,4.9,2,N,76371
4.9,1.01,4.9,3,N,76372
4.9,1.01,4.9,4,N,76373
4.9,1.01,4.9,5,N,76374
4.9,1.11,0.01,1,N,76375
4.9,1.11,0.01,2,N,76376
4.9,1.11,0.01,3,N,76377
4.9,1.11,0.01,4,N,76378
4.9,1.11,0.01,5,N,76379
4.9,1.11,0.11,1,N,76380
4.9,1.11,0.11,2,N,76381
4.9,1.11,0.11,3,N,76382
4.9,1.11,0.11,4,N,76383
4.9,1.11,0.11,5,N,76384
4.9,1.11,0.21,1,N,76385
4.9,1.11,0.21,2,N,76386
4.9,1.11,0.21,3,N,76387
4.9,1.11,0.21,4,N,76388
4.9,1.11,0.21,5,N,76389
4.9,1.11,0.31000000000000005,1,N,76390
4.9,1.11,0.31000000000000005,2,N,76391
4.9,1.11,0.31000000000000005,3,N,76392
4.9,1.11,0.31000000000000005,4,N,76393
4.9,1.11,0.31000000000000005,5,N,76394
4.9,1.11,0.41,1,N,76395
4.9,1.11,0.41,2,N,76396
4.9,1.11,0.41,3,N,76397
4.9,1.11,0.41,4,N,76398
4.9,1.11,0.41,5,N,76399
4.9,1.11,0.51,1,N,76400
4.9,1.11,0.51,2,N,76401
4.9,1.11,0.51,3,N,76402
4.9,1.11,0.51,4,N,76403
4.9,1.11,0.51,5,N,76404
4.9,1.11,0.6100000000000001,1,N,76405
4.9,1.11,0.6100000000000001,2,N,76406
4.9,1.11,0.6100000000000001,3,N,76407
4.9,1.11,0.6100000000000001,4,N,76408
4.9,1.11,0.6100000000000001,5,N,76409
4.9,1.11,0.7100000000000001,1,N,76410
4.9,1.11,0.7100000000000001,2,N,76411
4.9,1.11,0.7100000000000001,3,N,76412
4.9,1.11,0.7100000000000001,4,N,76413
4.9,1.11,0.7100000000000001,5,N,76414
4.9,1.11,0.81,1,N,76415
4.9,1.11,0.81,2,N,76416
4.9,1.11,0.81,3,N,76417
4.9,1.11,0.81,4,N,76418
4.9,1.11,0.81,5,N,76419
4.9,1.11,0.91,1,N,76420
4.9,1.11,0.91,2,N,76421
4.9,1.11,0.91,3,N,76422
4.9,1.11,0.91,4,N,76423
4.9,1.11,0.91,5,N,76424
4.9,1.11,1.01,1,N,76425
4.9,1.11,1.01,2,N,76426
4.9,1.11,1.01,3,N,76427
4.9,1.11,1.01,4,N,76428
4.9,1.11,1.01,5,N,76429
4.9,1.11,1.11,1,N,76430
4.9,1.11,1.11,2,N,76431
4.9,1.11,1.11,3,N,76432
4.9,1.11,1.11,4,N,76433
4.9,1.11,1.11,5,N,76434
4.9,1.11,1.3,1,N,76435
4.9,1.11,1.3,2,N,76436
4.9,1.11,1.3,3,N,76437
4.9,1.11,1.3,4,N,76438
4.9,1.11,1.3,5,N,76439
4.9,1.11,1.6,1,N,76440
4.9,1.11,1.6,2,N,76441
4.9,1.11,1.6,3,N,76442
4.9,1.11,1.6,4,N,76443
4.9,1.11,1.6,5,N,76444
4.9,1.11,1.9,1,N,76445
4.9,1.11,1.9,2,N,76446
4.9,1.11,1.9,3,N,76447
4.9,1.11,1.9,4,N,76448
4.9,1.11,1.9,5,N,76449
4.9,1.11,2.2,1,N,76450
4.9,1.11,2.2,2,N,76451
4.9,1.11,2.2,3,N,76452
4.9,1.11,2.2,4,N,76453
4.9,1.11,2.2,5,N,76454
4.9,1.11,2.5,1,N,76455
4.9,1.11,2.5,2,N,76456
4.9,1.11,2.5,3,N,76457
4.9,1.11,2.5,4,N,76458
4.9,1.11,2.5,5,N,76459
4.9,1.11,2.8000000000000003,1,N,76460
4.9,1.11,2.8000000000000003,2,N,76461
4.9,1.11,2.8000000000000003,3,N,76462
4.9,1.11,2.8000000000000003,4,N,76463
4.9,1.11,2.8000000000000003,5,N,76464
4.9,1.11,3.1000000000000005,1,N,76465
4.9,1.11,3.1000000000000005,2,N,76466
4.9,1.11,3.1000000000000005,3,N,76467
4.9,1.11,3.1000000000000005,4,N,76468
4.9,1.11,3.1000000000000005,5,N,76469
4.9,1.11,3.4000000000000004,1,N,76470
4.9,1.11,3.4000000000000004,2,N,76471
4.9,1.11,3.4000000000000004,3,N,76472
4.9,1.11,3.4000000000000004,4,N,76473
4.9,1.11,3.4000000000000004,5,N,76474
4.9,1.11,3.7,1,N,76475
4.9,1.11,3.7,2,N,76476
4.9,1.11,3.7,3,N,76477
4.9,1.11,3.7,4,N,76478
4.9,1.11,3.7,5,N,76479
4.9,1.11,4.0,1,N,76480
4.9,1.11,4.0,2,N,76481
4.9,1.11,4.0,3,N,76482
4.9,1.11,4.0,4,N,76483
4.9,1.11,4.0,5,N,76484
4.9,1.11,4.300000000000002,1,N,76485
4.9,1.11,4.300000000000002,2,N,76486
4.9,1.11,4.300000000000002,3,N,76487
4.9,1.11,4.300000000000002,4,N,76488
4.9,1.11,4.300000000000002,5,N,76489
4.9,1.11,4.6000000000000005,1,N,76490
4.9,1.11,4.6000000000000005,2,N,76491
4.9,1.11,4.6000000000000005,3,N,76492
4.9,1.11,4.6000000000000005,4,N,76493
4.9,1.11,4.6000000000000005,5,N,76494
4.9,1.11,4.9,1,N,76495
4.9,1.11,4.9,2,N,76496
4.9,1.11,4.9,3,N,76497
4.9,1.11,4.9,4,N,76498
4.9,1.11,4.9,5,N,76499
4.9,1.3,0.01,1,N,76500
4.9,1.3,0.01,2,N,76501
4.9,1.3,0.01,3,N,76502
4.9,1.3,0.01,4,N,76503
4.9,1.3,0.01,5,N,76504
4.9,1.3,0.11,1,N,76505
4.9,1.3,0.11,2,N,76506
4.9,1.3,0.11,3,N,76507
4.9,1.3,0.11,4,N,76508
4.9,1.3,0.11,5,N,76509
4.9,1.3,0.21,1,N,76510
4.9,1.3,0.21,2,N,76511
4.9,1.3,0.21,3,N,76512
4.9,1.3,0.21,4,N,76513
4.9,1.3,0.21,5,N,76514
4.9,1.3,0.31000000000000005,1,N,76515
4.9,1.3,0.31000000000000005,2,N,76516
4.9,1.3,0.31000000000000005,3,N,76517
4.9,1.3,0.31000000000000005,4,N,76518
4.9,1.3,0.31000000000000005,5,N,76519
4.9,1.3,0.41,1,N,76520
4.9,1.3,0.41,2,N,76521
4.9,1.3,0.41,3,N,76522
4.9,1.3,0.41,4,N,76523
4.9,1.3,0.41,5,N,76524
4.9,1.3,0.51,1,N,76525
4.9,1.3,0.51,2,N,76526
4.9,1.3,0.51,3,N,76527
4.9,1.3,0.51,4,N,76528
4.9,1.3,0.51,5,N,76529
4.9,1.3,0.6100000000000001,1,N,76530
4.9,1.3,0.6100000000000001,2,N,76531
4.9,1.3,0.6100000000000001,3,N,76532
4.9,1.3,0.6100000000000001,4,N,76533
4.9,1.3,0.6100000000000001,5,N,76534
4.9,1.3,0.7100000000000001,1,N,76535
4.9,1.3,0.7100000000000001,2,N,76536
4.9,1.3,0.7100000000000001,3,N,76537
4.9,1.3,0.7100000000000001,4,N,76538
4.9,1.3,0.7100000000000001,5,N,76539
4.9,1.3,0.81,1,N,76540
4.9,1.3,0.81,2,N,76541
4.9,1.3,0.81,3,N,76542
4.9,1.3,0.81,4,N,76543
4.9,1.3,0.81,5,N,76544
4.9,1.3,0.91,1,N,76545
4.9,1.3,0.91,2,N,76546
4.9,1.3,0.91,3,N,76547
4.9,1.3,0.91,4,N,76548
4.9,1.3,0.91,5,N,76549
4.9,1.3,1.01,1,N,76550
4.9,1.3,1.01,2,N,76551
4.9,1.3,1.01,3,N,76552
4.9,1.3,1.01,4,N,76553
4.9,1.3,1.01,5,N,76554
4.9,1.3,1.11,1,N,76555
4.9,1.3,1.11,2,N,76556
4.9,1.3,1.11,3,N,76557
4.9,1.3,1.11,4,N,76558
4.9,1.3,1.11,5,N,76559
4.9,1.3,1.3,1,N,76560
4.9,1.3,1.3,2,N,76561
4.9,1.3,1.3,3,N,76562
4.9,1.3,1.3,4,N,76563
4.9,1.3,1.3,5,N,76564
4.9,1.3,1.6,1,N,76565
4.9,1.3,1.6,2,N,76566
4.9,1.3,1.6,3,N,76567
4.9,1.3,1.6,4,N,76568
4.9,1.3,1.6,5,N,76569
4.9,1.3,1.9,1,N,76570
4.9,1.3,1.9,2,N,76571
4.9,1.3,1.9,3,N,76572
4.9,1.3,1.9,4,N,76573
4.9,1.3,1.9,5,N,76574
4.9,1.3,2.2,1,N,76575
4.9,1.3,2.2,2,N,76576
4.9,1.3,2.2,3,N,76577
4.9,1.3,2.2,4,N,76578
4.9,1.3,2.2,5,N,76579
4.9,1.3,2.5,1,N,76580
4.9,1.3,2.5,2,N,76581
4.9,1.3,2.5,3,N,76582
4.9,1.3,2.5,4,N,76583
4.9,1.3,2.5,5,N,76584
4.9,1.3,2.8000000000000003,1,N,76585
4.9,1.3,2.8000000000000003,2,N,76586
4.9,1.3,2.8000000000000003,3,N,76587
4.9,1.3,2.8000000000000003,4,N,76588
4.9,1.3,2.8000000000000003,5,N,76589
4.9,1.3,3.1000000000000005,1,N,76590
4.9,1.3,3.1000000000000005,2,N,76591
4.9,1.3,3.1000000000000005,3,N,76592
4.9,1.3,3.1000000000000005,4,N,76593
4.9,1.3,3.1000000000000005,5,N,76594
4.9,1.3,3.4000000000000004,1,N,76595
4.9,1.3,3.4000000000000004,2,N,76596
4.9,1.3,3.4000000000000004,3,N,76597
4.9,1.3,3.4000000000000004,4,N,76598
4.9,1.3,3.4000000000000004,5,N,76599
4.9,1.3,3.7,1,N,76600
4.9,1.3,3.7,2,N,76601
4.9,1.3,3.7,3,N,76602
4.9,1.3,3.7,4,N,76603
4.9,1.3,3.7,5,N,76604
4.9,1.3,4.0,1,N,76605
4.9,1.3,4.0,2,N,76606
4.9,1.3,4.0,3,N,76607
4.9,1.3,4.0,4,N,76608
4.9,1.3,4.0,5,N,76609
4.9,1.3,4.300000000000002,1,N,76610
4.9,1.3,4.300000000000002,2,N,76611
4.9,1.3,4.300000000000002,3,N,76612
4.9,1.3,4.300000000000002,4,N,76613
4.9,1.3,4.300000000000002,5,N,76614
4.9,1.3,4.6000000000000005,1,N,76615
4.9,1.3,4.6000000000000005,2,N,76616
4.9,1.3,4.6000000000000005,3,N,76617
4.9,1.3,4.6000000000000005,4,N,76618
4.9,1.3,4.6000000000000005,5,N,76619
4.9,1.3,4.9,1,N,76620
4.9,1.3,4.9,2,N,76621
4.9,1.3,4.9,3,N,76622
4.9,1.3,4.9,4,N,76623
4.9,1.3,4.9,5,N,76624
4.9,1.6,0.01,1,N,76625
4.9,1.6,0.01,2,N,76626
4.9,1.6,0.01,3,N,76627
4.9,1.6,0.01,4,N,76628
4.9,1.6,0.01,5,N,76629
4.9,1.6,0.11,1,N,76630
4.9,1.6,0.11,2,N,76631
4.9,1.6,0.11,3,N,76632
4.9,1.6,0.11,4,N,76633
4.9,1.6,0.11,5,N,76634
4.9,1.6,0.21,1,N,76635
4.9,1.6,0.21,2,N,76636
4.9,1.6,0.21,3,N,76637
4.9,1.6,0.21,4,N,76638
4.9,1.6,0.21,5,N,76639
4.9,1.6,0.31000000000000005,1,N,76640
4.9,1.6,0.31000000000000005,2,N,76641
4.9,1.6,0.31000000000000005,3,N,76642
4.9,1.6,0.31000000000000005,4,N,76643
4.9,1.6,0.31000000000000005,5,N,76644
4.9,1.6,0.41,1,N,76645
4.9,1.6,0.41,2,N,76646
4.9,1.6,0.41,3,N,76647
4.9,1.6,0.41,4,N,76648
4.9,1.6,0.41,5,N,76649
4.9,1.6,0.51,1,N,76650
4.9,1.6,0.51,2,N,76651
4.9,1.6,0.51,3,N,76652
4.9,1.6,0.51,4,N,76653
4.9,1.6,0.51,5,N,76654
4.9,1.6,0.6100000000000001,1,N,76655
4.9,1.6,0.6100000000000001,2,N,76656
4.9,1.6,0.6100000000000001,3,N,76657
4.9,1.6,0.6100000000000001,4,N,76658
4.9,1.6,0.6100000000000001,5,N,76659
4.9,1.6,0.7100000000000001,1,N,76660
4.9,1.6,0.7100000000000001,2,N,76661
4.9,1.6,0.7100000000000001,3,N,76662
4.9,1.6,0.7100000000000001,4,N,76663
4.9,1.6,0.7100000000000001,5,N,76664
4.9,1.6,0.81,1,N,76665
4.9,1.6,0.81,2,N,76666
4.9,1.6,0.81,3,N,76667
4.9,1.6,0.81,4,N,76668
4.9,1.6,0.81,5,N,76669
4.9,1.6,0.91,1,N,76670
4.9,1.6,0.91,2,N,76671
4.9,1.6,0.91,3,N,76672
4.9,1.6,0.91,4,N,76673
4.9,1.6,0.91,5,N,76674
4.9,1.6,1.01,1,N,76675
4.9,1.6,1.01,2,N,76676
4.9,1.6,1.01,3,N,76677
4.9,1.6,1.01,4,N,76678
4.9,1.6,1.01,5,N,76679
4.9,1.6,1.11,1,N,76680
4.9,1.6,1.11,2,N,76681
4.9,1.6,1.11,3,N,76682
4.9,1.6,1.11,4,N,76683
4.9,1.6,1.11,5,N,76684
4.9,1.6,1.3,1,N,76685
4.9,1.6,1.3,2,N,76686
4.9,1.6,1.3,3,N,76687
4.9,1.6,1.3,4,N,76688
4.9,1.6,1.3,5,N,76689
4.9,1.6,1.6,1,N,76690
4.9,1.6,1.6,2,N,76691
4.9,1.6,1.6,3,N,76692
4.9,1.6,1.6,4,N,76693
4.9,1.6,1.6,5,N,76694
4.9,1.6,1.9,1,N,76695
4.9,1.6,1.9,2,N,76696
4.9,1.6,1.9,3,N,76697
4.9,1.6,1.9,4,N,76698
4.9,1.6,1.9,5,N,76699
4.9,1.6,2.2,1,N,76700
4.9,1.6,2.2,2,N,76701
4.9,1.6,2.2,3,N,76702
4.9,1.6,2.2,4,N,76703
4.9,1.6,2.2,5,N,76704
4.9,1.6,2.5,1,N,76705
4.9,1.6,2.5,2,N,76706
4.9,1.6,2.5,3,N,76707
4.9,1.6,2.5,4,N,76708
4.9,1.6,2.5,5,N,76709
4.9,1.6,2.8000000000000003,1,N,76710
4.9,1.6,2.8000000000000003,2,N,76711
4.9,1.6,2.8000000000000003,3,N,76712
4.9,1.6,2.8000000000000003,4,N,76713
4.9,1.6,2.8000000000000003,5,N,76714
4.9,1.6,3.1000000000000005,1,N,76715
4.9,1.6,3.1000000000000005,2,N,76716
4.9,1.6,3.1000000000000005,3,N,76717
4.9,1.6,3.1000000000000005,4,N,76718
4.9,1.6,3.1000000000000005,5,N,76719
4.9,1.6,3.4000000000000004,1,N,76720
4.9,1.6,3.4000000000000004,2,N,76721
4.9,1.6,3.4000000000000004,3,N,76722
4.9,1.6,3.4000000000000004,4,N,76723
4.9,1.6,3.4000000000000004,5,N,76724
4.9,1.6,3.7,1,N,76725
4.9,1.6,3.7,2,N,76726
4.9,1.6,3.7,3,N,76727
4.9,1.6,3.7,4,N,76728
4.9,1.6,3.7,5,N,76729
4.9,1.6,4.0,1,N,76730
4.9,1.6,4.0,2,N,76731
4.9,1.6,4.0,3,N,76732
4.9,1.6,4.0,4,N,76733
4.9,1.6,4.0,5,N,76734
4.9,1.6,4.300000000000002,1,N,76735
4.9,1.6,4.300000000000002,2,N,76736
4.9,1.6,4.300000000000002,3,N,76737
4.9,1.6,4.300000000000002,4,N,76738
4.9,1.6,4.300000000000002,5,N,76739
4.9,1.6,4.6000000000000005,1,N,76740
4.9,1.6,4.6000000000000005,2,N,76741
4.9,1.6,4.6000000000000005,3,N,76742
4.9,1.6,4.6000000000000005,4,N,76743
4.9,1.6,4.6000000000000005,5,N,76744
4.9,1.6,4.9,1,N,76745
4.9,1.6,4.9,2,N,76746
4.9,1.6,4.9,3,N,76747
4.9,1.6,4.9,4,N,76748
4.9,1.6,4.9,5,N,76749
4.9,1.9,0.01,1,N,76750
4.9,1.9,0.01,2,N,76751
4.9,1.9,0.01,3,N,76752
4.9,1.9,0.01,4,N,76753
4.9,1.9,0.01,5,N,76754
4.9,1.9,0.11,1,N,76755
4.9,1.9,0.11,2,N,76756
4.9,1.9,0.11,3,N,76757
4.9,1.9,0.11,4,N,76758
4.9,1.9,0.11,5,N,76759
4.9,1.9,0.21,1,N,76760
4.9,1.9,0.21,2,N,76761
4.9,1.9,0.21,3,N,76762
4.9,1.9,0.21,4,N,76763
4.9,1.9,0.21,5,N,76764
4.9,1.9,0.31000000000000005,1,N,76765
4.9,1.9,0.31000000000000005,2,N,76766
4.9,1.9,0.31000000000000005,3,N,76767
4.9,1.9,0.31000000000000005,4,N,76768
4.9,1.9,0.31000000000000005,5,N,76769
4.9,1.9,0.41,1,N,76770
4.9,1.9,0.41,2,N,76771
4.9,1.9,0.41,3,N,76772
4.9,1.9,0.41,4,N,76773
4.9,1.9,0.41,5,N,76774
4.9,1.9,0.51,1,N,76775
4.9,1.9,0.51,2,N,76776
4.9,1.9,0.51,3,N,76777
4.9,1.9,0.51,4,N,76778
4.9,1.9,0.51,5,N,76779
4.9,1.9,0.6100000000000001,1,N,76780
4.9,1.9,0.6100000000000001,2,N,76781
4.9,1.9,0.6100000000000001,3,N,76782
4.9,1.9,0.6100000000000001,4,N,76783
4.9,1.9,0.6100000000000001,5,N,76784
4.9,1.9,0.7100000000000001,1,N,76785
4.9,1.9,0.7100000000000001,2,N,76786
4.9,1.9,0.7100000000000001,3,N,76787
4.9,1.9,0.7100000000000001,4,N,76788
4.9,1.9,0.7100000000000001,5,N,76789
4.9,1.9,0.81,1,N,76790
4.9,1.9,0.81,2,N,76791
4.9,1.9,0.81,3,N,76792
4.9,1.9,0.81,4,N,76793
4.9,1.9,0.81,5,N,76794
4.9,1.9,0.91,1,N,76795
4.9,1.9,0.91,2,N,76796
4.9,1.9,0.91,3,N,76797
4.9,1.9,0.91,4,N,76798
4.9,1.9,0.91,5,N,76799
4.9,1.9,1.01,1,N,76800
4.9,1.9,1.01,2,N,76801
4.9,1.9,1.01,3,N,76802
4.9,1.9,1.01,4,N,76803
4.9,1.9,1.01,5,N,76804
4.9,1.9,1.11,1,N,76805
4.9,1.9,1.11,2,N,76806
4.9,1.9,1.11,3,N,76807
4.9,1.9,1.11,4,N,76808
4.9,1.9,1.11,5,N,76809
4.9,1.9,1.3,1,N,76810
4.9,1.9,1.3,2,N,76811
4.9,1.9,1.3,3,N,76812
4.9,1.9,1.3,4,N,76813
4.9,1.9,1.3,5,N,76814
4.9,1.9,1.6,1,N,76815
4.9,1.9,1.6,2,N,76816
4.9,1.9,1.6,3,N,76817
4.9,1.9,1.6,4,N,76818
4.9,1.9,1.6,5,N,76819
4.9,1.9,1.9,1,N,76820
4.9,1.9,1.9,2,N,76821
4.9,1.9,1.9,3,N,76822
4.9,1.9,1.9,4,N,76823
4.9,1.9,1.9,5,N,76824
4.9,1.9,2.2,1,N,76825
4.9,1.9,2.2,2,N,76826
4.9,1.9,2.2,3,N,76827
4.9,1.9,2.2,4,N,76828
4.9,1.9,2.2,5,N,76829
4.9,1.9,2.5,1,N,76830
4.9,1.9,2.5,2,N,76831
4.9,1.9,2.5,3,N,76832
4.9,1.9,2.5,4,N,76833
4.9,1.9,2.5,5,N,76834
4.9,1.9,2.8000000000000003,1,N,76835
4.9,1.9,2.8000000000000003,2,N,76836
4.9,1.9,2.8000000000000003,3,N,76837
4.9,1.9,2.8000000000000003,4,N,76838
4.9,1.9,2.8000000000000003,5,N,76839
4.9,1.9,3.1000000000000005,1,N,76840
4.9,1.9,3.1000000000000005,2,N,76841
4.9,1.9,3.1000000000000005,3,N,76842
4.9,1.9,3.1000000000000005,4,N,76843
4.9,1.9,3.1000000000000005,5,N,76844
4.9,1.9,3.4000000000000004,1,N,76845
4.9,1.9,3.4000000000000004,2,N,76846
4.9,1.9,3.4000000000000004,3,N,76847
4.9,1.9,3.4000000000000004,4,N,76848
4.9,1.9,3.4000000000000004,5,N,76849
4.9,1.9,3.7,1,N,76850
4.9,1.9,3.7,2,N,76851
4.9,1.9,3.7,3,N,76852
4.9,1.9,3.7,4,N,76853
4.9,1.9,3.7,5,N,76854
4.9,1.9,4.0,1,N,76855
4.9,1.9,4.0,2,N,76856
4.9,1.9,4.0,3,N,76857
4.9,1.9,4.0,4,N,76858
4.9,1.9,4.0,5,N,76859
4.9,1.9,4.300000000000002,1,N,76860
4.9,1.9,4.300000000000002,2,N,76861
4.9,1.9,4.300000000000002,3,N,76862
4.9,1.9,4.300000000000002,4,N,76863
4.9,1.9,4.300000000000002,5,N,76864
4.9,1.9,4.6000000000000005,1,N,76865
4.9,1.9,4.6000000000000005,2,N,76866
4.9,1.9,4.6000000000000005,3,N,76867
4.9,1.9,4.6000000000000005,4,N,76868
4.9,1.9,4.6000000000000005,5,N,76869
4.9,1.9,4.9,1,N,76870
4.9,1.9,4.9,2,N,76871
4.9,1.9,4.9,3,N,76872
4.9,1.9,4.9,4,N,76873
4.9,1.9,4.9,5,N,76874
4.9,2.2,0.01,1,N,76875
4.9,2.2,0.01,2,N,76876
4.9,2.2,0.01,3,N,76877
4.9,2.2,0.01,4,N,76878
4.9,2.2,0.01,5,N,76879
4.9,2.2,0.11,1,N,76880
4.9,2.2,0.11,2,N,76881
4.9,2.2,0.11,3,N,76882
4.9,2.2,0.11,4,N,76883
4.9,2.2,0.11,5,N,76884
4.9,2.2,0.21,1,N,76885
4.9,2.2,0.21,2,N,76886
4.9,2.2,0.21,3,N,76887
4.9,2.2,0.21,4,N,76888
4.9,2.2,0.21,5,N,76889
4.9,2.2,0.31000000000000005,1,N,76890
4.9,2.2,0.31000000000000005,2,N,76891
4.9,2.2,0.31000000000000005,3,N,76892
4.9,2.2,0.31000000000000005,4,N,76893
4.9,2.2,0.31000000000000005,5,N,76894
4.9,2.2,0.41,1,N,76895
4.9,2.2,0.41,2,N,76896
4.9,2.2,0.41,3,N,76897
4.9,2.2,0.41,4,N,76898
4.9,2.2,0.41,5,N,76899
4.9,2.2,0.51,1,N,76900
4.9,2.2,0.51,2,N,76901
4.9,2.2,0.51,3,N,76902
4.9,2.2,0.51,4,N,76903
4.9,2.2,0.51,5,N,76904
4.9,2.2,0.6100000000000001,1,N,76905
4.9,2.2,0.6100000000000001,2,N,76906
4.9,2.2,0.6100000000000001,3,N,76907
4.9,2.2,0.6100000000000001,4,N,76908
4.9,2.2,0.6100000000000001,5,N,76909
4.9,2.2,0.7100000000000001,1,N,76910
4.9,2.2,0.7100000000000001,2,N,76911
4.9,2.2,0.7100000000000001,3,N,76912
4.9,2.2,0.7100000000000001,4,N,76913
4.9,2.2,0.7100000000000001,5,N,76914
4.9,2.2,0.81,1,N,76915
4.9,2.2,0.81,2,N,76916
4.9,2.2,0.81,3,N,76917
4.9,2.2,0.81,4,N,76918
4.9,2.2,0.81,5,N,76919
4.9,2.2,0.91,1,N,76920
4.9,2.2,0.91,2,N,76921
4.9,2.2,0.91,3,N,76922
4.9,2.2,0.91,4,N,76923
4.9,2.2,0.91,5,N,76924
4.9,2.2,1.01,1,N,76925
4.9,2.2,1.01,2,N,76926
4.9,2.2,1.01,3,N,76927
4.9,2.2,1.01,4,N,76928
4.9,2.2,1.01,5,N,76929
4.9,2.2,1.11,1,N,76930
4.9,2.2,1.11,2,N,76931
4.9,2.2,1.11,3,N,76932
4.9,2.2,1.11,4,N,76933
4.9,2.2,1.11,5,N,76934
4.9,2.2,1.3,1,N,76935
4.9,2.2,1.3,2,N,76936
4.9,2.2,1.3,3,N,76937
4.9,2.2,1.3,4,N,76938
4.9,2.2,1.3,5,N,76939
4.9,2.2,1.6,1,N,76940
4.9,2.2,1.6,2,N,76941
4.9,2.2,1.6,3,N,76942
4.9,2.2,1.6,4,N,76943
4.9,2.2,1.6,5,N,76944
4.9,2.2,1.9,1,N,76945
4.9,2.2,1.9,2,N,76946
4.9,2.2,1.9,3,N,76947
4.9,2.2,1.9,4,N,76948
4.9,2.2,1.9,5,N,76949
4.9,2.2,2.2,1,N,76950
4.9,2.2,2.2,2,N,76951
4.9,2.2,2.2,3,N,76952
4.9,2.2,2.2,4,N,76953
4.9,2.2,2.2,5,N,76954
4.9,2.2,2.5,1,N,76955
4.9,2.2,2.5,2,N,76956
4.9,2.2,2.5,3,N,76957
4.9,2.2,2.5,4,N,76958
4.9,2.2,2.5,5,N,76959
4.9,2.2,2.8000000000000003,1,N,76960
4.9,2.2,2.8000000000000003,2,N,76961
4.9,2.2,2.8000000000000003,3,N,76962
4.9,2.2,2.8000000000000003,4,N,76963
4.9,2.2,2.8000000000000003,5,N,76964
4.9,2.2,3.1000000000000005,1,N,76965
4.9,2.2,3.1000000000000005,2,N,76966
4.9,2.2,3.1000000000000005,3,N,76967
4.9,2.2,3.1000000000000005,4,N,76968
4.9,2.2,3.1000000000000005,5,N,76969
4.9,2.2,3.4000000000000004,1,N,76970
4.9,2.2,3.4000000000000004,2,N,76971
4.9,2.2,3.4000000000000004,3,N,76972
4.9,2.2,3.4000000000000004,4,N,76973
4.9,2.2,3.4000000000000004,5,N,76974
4.9,2.2,3.7,1,N,76975
4.9,2.2,3.7,2,N,76976
4.9,2.2,3.7,3,N,76977
4.9,2.2,3.7,4,N,76978
4.9,2.2,3.7,5,N,76979
4.9,2.2,4.0,1,N,76980
4.9,2.2,4.0,2,N,76981
4.9,2.2,4.0,3,N,76982
4.9,2.2,4.0,4,N,76983
4.9,2.2,4.0,5,N,76984
4.9,2.2,4.300000000000002,1,N,76985
4.9,2.2,4.300000000000002,2,N,76986
4.9,2.2,4.300000000000002,3,N,76987
4.9,2.2,4.300000000000002,4,N,76988
4.9,2.2,4.300000000000002,5,N,76989
4.9,2.2,4.6000000000000005,1,N,76990
4.9,2.2,4.6000000000000005,2,N,76991
4.9,2.2,4.6000000000000005,3,N,76992
4.9,2.2,4.6000000000000005,4,N,76993
4.9,2.2,4.6000000000000005,5,N,76994
4.9,2.2,4.9,1,N,76995
4.9,2.2,4.9,2,N,76996
4.9,2.2,4.9,3,N,76997
4.9,2.2,4.9,4,N,76998
4.9,2.2,4.9,5,N,76999
4.9,2.5,0.01,1,N,77000
4.9,2.5,0.01,2,N,77001
4.9,2.5,0.01,3,N,77002
4.9,2.5,0.01,4,N,77003
4.9,2.5,0.01,5,N,77004
4.9,2.5,0.11,1,N,77005
4.9,2.5,0.11,2,N,77006
4.9,2.5,0.11,3,N,77007
4.9,2.5,0.11,4,N,77008
4.9,2.5,0.11,5,N,77009
4.9,2.5,0.21,1,N,77010
4.9,2.5,0.21,2,N,77011
4.9,2.5,0.21,3,N,77012
4.9,2.5,0.21,4,N,77013
4.9,2.5,0.21,5,N,77014
4.9,2.5,0.31000000000000005,1,N,77015
4.9,2.5,0.31000000000000005,2,N,77016
4.9,2.5,0.31000000000000005,3,N,77017
4.9,2.5,0.31000000000000005,4,N,77018
4.9,2.5,0.31000000000000005,5,N,77019
4.9,2.5,0.41,1,N,77020
4.9,2.5,0.41,2,N,77021
4.9,2.5,0.41,3,N,77022
4.9,2.5,0.41,4,N,77023
4.9,2.5,0.41,5,N,77024
4.9,2.5,0.51,1,N,77025
4.9,2.5,0.51,2,N,77026
4.9,2.5,0.51,3,N,77027
4.9,2.5,0.51,4,N,77028
4.9,2.5,0.51,5,N,77029
4.9,2.5,0.6100000000000001,1,N,77030
4.9,2.5,0.6100000000000001,2,N,77031
4.9,2.5,0.6100000000000001,3,N,77032
4.9,2.5,0.6100000000000001,4,N,77033
4.9,2.5,0.6100000000000001,5,N,77034
4.9,2.5,0.7100000000000001,1,N,77035
4.9,2.5,0.7100000000000001,2,N,77036
4.9,2.5,0.7100000000000001,3,N,77037
4.9,2.5,0.7100000000000001,4,N,77038
4.9,2.5,0.7100000000000001,5,N,77039
4.9,2.5,0.81,1,N,77040
4.9,2.5,0.81,2,N,77041
4.9,2.5,0.81,3,N,77042
4.9,2.5,0.81,4,N,77043
4.9,2.5,0.81,5,N,77044
4.9,2.5,0.91,1,N,77045
4.9,2.5,0.91,2,N,77046
4.9,2.5,0.91,3,N,77047
4.9,2.5,0.91,4,N,77048
4.9,2.5,0.91,5,N,77049
4.9,2.5,1.01,1,N,77050
4.9,2.5,1.01,2,N,77051
4.9,2.5,1.01,3,N,77052
4.9,2.5,1.01,4,N,77053
4.9,2.5,1.01,5,N,77054
4.9,2.5,1.11,1,N,77055
4.9,2.5,1.11,2,N,77056
4.9,2.5,1.11,3,N,77057
4.9,2.5,1.11,4,N,77058
4.9,2.5,1.11,5,N,77059
4.9,2.5,1.3,1,N,77060
4.9,2.5,1.3,2,N,77061
4.9,2.5,1.3,3,N,77062
4.9,2.5,1.3,4,N,77063
4.9,2.5,1.3,5,N,77064
4.9,2.5,1.6,1,N,77065
4.9,2.5,1.6,2,N,77066
4.9,2.5,1.6,3,N,77067
4.9,2.5,1.6,4,N,77068
4.9,2.5,1.6,5,N,77069
4.9,2.5,1.9,1,N,77070
4.9,2.5,1.9,2,N,77071
4.9,2.5,1.9,3,N,77072
4.9,2.5,1.9,4,N,77073
4.9,2.5,1.9,5,N,77074
4.9,2.5,2.2,1,N,77075
4.9,2.5,2.2,2,N,77076
4.9,2.5,2.2,3,N,77077
4.9,2.5,2.2,4,N,77078
4.9,2.5,2.2,5,N,77079
4.9,2.5,2.5,1,N,77080
4.9,2.5,2.5,2,N,77081
4.9,2.5,2.5,3,N,77082
4.9,2.5,2.5,4,N,77083
4.9,2.5,2.5,5,N,77084
4.9,2.5,2.8000000000000003,1,N,77085
4.9,2.5,2.8000000000000003,2,N,77086
4.9,2.5,2.8000000000000003,3,N,77087
4.9,2.5,2.8000000000000003,4,N,77088
4.9,2.5,2.8000000000000003,5,N,77089
4.9,2.5,3.1000000000000005,1,N,77090
4.9,2.5,3.1000000000000005,2,N,77091
4.9,2.5,3.1000000000000005,3,N,77092
4.9,2.5,3.1000000000000005,4,N,77093
4.9,2.5,3.1000000000000005,5,N,77094
4.9,2.5,3.4000000000000004,1,N,77095
4.9,2.5,3.4000000000000004,2,N,77096
4.9,2.5,3.4000000000000004,3,N,77097
4.9,2.5,3.4000000000000004,4,N,77098
4.9,2.5,3.4000000000000004,5,N,77099
4.9,2.5,3.7,1,N,77100
4.9,2.5,3.7,2,N,77101
4.9,2.5,3.7,3,N,77102
4.9,2.5,3.7,4,N,77103
4.9,2.5,3.7,5,N,77104
4.9,2.5,4.0,1,N,77105
4.9,2.5,4.0,2,N,77106
4.9,2.5,4.0,3,N,77107
4.9,2.5,4.0,4,N,77108
4.9,2.5,4.0,5,N,77109
4.9,2.5,4.300000000000002,1,N,77110
4.9,2.5,4.300000000000002,2,N,77111
4.9,2.5,4.300000000000002,3,N,77112
4.9,2.5,4.300000000000002,4,N,77113
4.9,2.5,4.300000000000002,5,N,77114
4.9,2.5,4.6000000000000005,1,N,77115
4.9,2.5,4.6000000000000005,2,N,77116
4.9,2.5,4.6000000000000005,3,N,77117
4.9,2.5,4.6000000000000005,4,N,77118
4.9,2.5,4.6000000000000005,5,N,77119
4.9,2.5,4.9,1,N,77120
4.9,2.5,4.9,2,N,77121
4.9,2.5,4.9,3,N,77122
4.9,2.5,4.9,4,N,77123
4.9,2.5,4.9,5,N,77124
4.9,2.8000000000000003,0.01,1,N,77125
4.9,2.8000000000000003,0.01,2,N,77126
4.9,2.8000000000000003,0.01,3,N,77127
4.9,2.8000000000000003,0.01,4,N,77128
4.9,2.8000000000000003,0.01,5,N,77129
4.9,2.8000000000000003,0.11,1,N,77130
4.9,2.8000000000000003,0.11,2,N,77131
4.9,2.8000000000000003,0.11,3,N,77132
4.9,2.8000000000000003,0.11,4,N,77133
4.9,2.8000000000000003,0.11,5,N,77134
4.9,2.8000000000000003,0.21,1,N,77135
4.9,2.8000000000000003,0.21,2,N,77136
4.9,2.8000000000000003,0.21,3,N,77137
4.9,2.8000000000000003,0.21,4,N,77138
4.9,2.8000000000000003,0.21,5,N,77139
4.9,2.8000000000000003,0.31000000000000005,1,N,77140
4.9,2.8000000000000003,0.31000000000000005,2,N,77141
4.9,2.8000000000000003,0.31000000000000005,3,N,77142
4.9,2.8000000000000003,0.31000000000000005,4,N,77143
4.9,2.8000000000000003,0.31000000000000005,5,N,77144
4.9,2.8000000000000003,0.41,1,N,77145
4.9,2.8000000000000003,0.41,2,N,77146
4.9,2.8000000000000003,0.41,3,N,77147
4.9,2.8000000000000003,0.41,4,N,77148
4.9,2.8000000000000003,0.41,5,N,77149
4.9,2.8000000000000003,0.51,1,N,77150
4.9,2.8000000000000003,0.51,2,N,77151
4.9,2.8000000000000003,0.51,3,N,77152
4.9,2.8000000000000003,0.51,4,N,77153
4.9,2.8000000000000003,0.51,5,N,77154
4.9,2.8000000000000003,0.6100000000000001,1,N,77155
4.9,2.8000000000000003,0.6100000000000001,2,N,77156
4.9,2.8000000000000003,0.6100000000000001,3,N,77157
4.9,2.8000000000000003,0.6100000000000001,4,N,77158
4.9,2.8000000000000003,0.6100000000000001,5,N,77159
4.9,2.8000000000000003,0.7100000000000001,1,N,77160
4.9,2.8000000000000003,0.7100000000000001,2,N,77161
4.9,2.8000000000000003,0.7100000000000001,3,N,77162
4.9,2.8000000000000003,0.7100000000000001,4,N,77163
4.9,2.8000000000000003,0.7100000000000001,5,N,77164
4.9,2.8000000000000003,0.81,1,N,77165
4.9,2.8000000000000003,0.81,2,N,77166
4.9,2.8000000000000003,0.81,3,N,77167
4.9,2.8000000000000003,0.81,4,N,77168
4.9,2.8000000000000003,0.81,5,N,77169
4.9,2.8000000000000003,0.91,1,N,77170
4.9,2.8000000000000003,0.91,2,N,77171
4.9,2.8000000000000003,0.91,3,N,77172
4.9,2.8000000000000003,0.91,4,N,77173
4.9,2.8000000000000003,0.91,5,N,77174
4.9,2.8000000000000003,1.01,1,N,77175
4.9,2.8000000000000003,1.01,2,N,77176
4.9,2.8000000000000003,1.01,3,N,77177
4.9,2.8000000000000003,1.01,4,N,77178
4.9,2.8000000000000003,1.01,5,N,77179
4.9,2.8000000000000003,1.11,1,N,77180
4.9,2.8000000000000003,1.11,2,N,77181
4.9,2.8000000000000003,1.11,3,N,77182
4.9,2.8000000000000003,1.11,4,N,77183
4.9,2.8000000000000003,1.11,5,N,77184
4.9,2.8000000000000003,1.3,1,N,77185
4.9,2.8000000000000003,1.3,2,N,77186
4.9,2.8000000000000003,1.3,3,N,77187
4.9,2.8000000000000003,1.3,4,N,77188
4.9,2.8000000000000003,1.3,5,N,77189
4.9,2.8000000000000003,1.6,1,N,77190
4.9,2.8000000000000003,1.6,2,N,77191
4.9,2.8000000000000003,1.6,3,N,77192
4.9,2.8000000000000003,1.6,4,N,77193
4.9,2.8000000000000003,1.6,5,N,77194
4.9,2.8000000000000003,1.9,1,N,77195
4.9,2.8000000000000003,1.9,2,N,77196
4.9,2.8000000000000003,1.9,3,N,77197
4.9,2.8000000000000003,1.9,4,N,77198
4.9,2.8000000000000003,1.9,5,N,77199
4.9,2.8000000000000003,2.2,1,N,77200
4.9,2.8000000000000003,2.2,2,N,77201
4.9,2.8000000000000003,2.2,3,N,77202
4.9,2.8000000000000003,2.2,4,N,77203
4.9,2.8000000000000003,2.2,5,N,77204
4.9,2.8000000000000003,2.5,1,N,77205
4.9,2.8000000000000003,2.5,2,N,77206
4.9,2.8000000000000003,2.5,3,N,77207
4.9,2.8000000000000003,2.5,4,N,77208
4.9,2.8000000000000003,2.5,5,N,77209
4.9,2.8000000000000003,2.8000000000000003,1,N,77210
4.9,2.8000000000000003,2.8000000000000003,2,N,77211
4.9,2.8000000000000003,2.8000000000000003,3,N,77212
4.9,2.8000000000000003,2.8000000000000003,4,N,77213
4.9,2.8000000000000003,2.8000000000000003,5,N,77214
4.9,2.8000000000000003,3.1000000000000005,1,N,77215
4.9,2.8000000000000003,3.1000000000000005,2,N,77216
4.9,2.8000000000000003,3.1000000000000005,3,N,77217
4.9,2.8000000000000003,3.1000000000000005,4,N,77218
4.9,2.8000000000000003,3.1000000000000005,5,N,77219
4.9,2.8000000000000003,3.4000000000000004,1,N,77220
4.9,2.8000000000000003,3.4000000000000004,2,N,77221
4.9,2.8000000000000003,3.4000000000000004,3,N,77222
4.9,2.8000000000000003,3.4000000000000004,4,N,77223
4.9,2.8000000000000003,3.4000000000000004,5,N,77224
4.9,2.8000000000000003,3.7,1,N,77225
4.9,2.8000000000000003,3.7,2,N,77226
4.9,2.8000000000000003,3.7,3,N,77227
4.9,2.8000000000000003,3.7,4,N,77228
4.9,2.8000000000000003,3.7,5,N,77229
4.9,2.8000000000000003,4.0,1,N,77230
4.9,2.8000000000000003,4.0,2,N,77231
4.9,2.8000000000000003,4.0,3,N,77232
4.9,2.8000000000000003,4.0,4,N,77233
4.9,2.8000000000000003,4.0,5,N,77234
4.9,2.8000000000000003,4.300000000000002,1,N,77235
4.9,2.8000000000000003,4.300000000000002,2,N,77236
4.9,2.8000000000000003,4.300000000000002,3,N,77237
4.9,2.8000000000000003,4.300000000000002,4,N,77238
4.9,2.8000000000000003,4.300000000000002,5,N,77239
4.9,2.8000000000000003,4.6000000000000005,1,N,77240
4.9,2.8000000000000003,4.6000000000000005,2,N,77241
4.9,2.8000000000000003,4.6000000000000005,3,N,77242
4.9,2.8000000000000003,4.6000000000000005,4,N,77243
4.9,2.8000000000000003,4.6000000000000005,5,N,77244
4.9,2.8000000000000003,4.9,1,N,77245
4.9,2.8000000000000003,4.9,2,N,77246
4.9,2.8000000000000003,4.9,3,N,77247
4.9,2.8000000000000003,4.9,4,N,77248
4.9,2.8000000000000003,4.9,5,N,77249
4.9,3.1000000000000005,0.01,1,N,77250
4.9,3.1000000000000005,0.01,2,N,77251
4.9,3.1000000000000005,0.01,3,N,77252
4.9,3.1000000000000005,0.01,4,N,77253
4.9,3.1000000000000005,0.01,5,N,77254
4.9,3.1000000000000005,0.11,1,N,77255
4.9,3.1000000000000005,0.11,2,N,77256
4.9,3.1000000000000005,0.11,3,N,77257
4.9,3.1000000000000005,0.11,4,N,77258
4.9,3.1000000000000005,0.11,5,N,77259
4.9,3.1000000000000005,0.21,1,N,77260
4.9,3.1000000000000005,0.21,2,N,77261
4.9,3.1000000000000005,0.21,3,N,77262
4.9,3.1000000000000005,0.21,4,N,77263
4.9,3.1000000000000005,0.21,5,N,77264
4.9,3.1000000000000005,0.31000000000000005,1,N,77265
4.9,3.1000000000000005,0.31000000000000005,2,N,77266
4.9,3.1000000000000005,0.31000000000000005,3,N,77267
4.9,3.1000000000000005,0.31000000000000005,4,N,77268
4.9,3.1000000000000005,0.31000000000000005,5,N,77269
4.9,3.1000000000000005,0.41,1,N,77270
4.9,3.1000000000000005,0.41,2,N,77271
4.9,3.1000000000000005,0.41,3,N,77272
4.9,3.1000000000000005,0.41,4,N,77273
4.9,3.1000000000000005,0.41,5,N,77274
4.9,3.1000000000000005,0.51,1,N,77275
4.9,3.1000000000000005,0.51,2,N,77276
4.9,3.1000000000000005,0.51,3,N,77277
4.9,3.1000000000000005,0.51,4,N,77278
4.9,3.1000000000000005,0.51,5,N,77279
4.9,3.1000000000000005,0.6100000000000001,1,N,77280
4.9,3.1000000000000005,0.6100000000000001,2,N,77281
4.9,3.1000000000000005,0.6100000000000001,3,N,77282
4.9,3.1000000000000005,0.6100000000000001,4,N,77283
4.9,3.1000000000000005,0.6100000000000001,5,N,77284
4.9,3.1000000000000005,0.7100000000000001,1,N,77285
4.9,3.1000000000000005,0.7100000000000001,2,N,77286
4.9,3.1000000000000005,0.7100000000000001,3,N,77287
4.9,3.1000000000000005,0.7100000000000001,4,N,77288
4.9,3.1000000000000005,0.7100000000000001,5,N,77289
4.9,3.1000000000000005,0.81,1,N,77290
4.9,3.1000000000000005,0.81,2,N,77291
4.9,3.1000000000000005,0.81,3,N,77292
4.9,3.1000000000000005,0.81,4,N,77293
4.9,3.1000000000000005,0.81,5,N,77294
4.9,3.1000000000000005,0.91,1,N,77295
4.9,3.1000000000000005,0.91,2,N,77296
4.9,3.1000000000000005,0.91,3,N,77297
4.9,3.1000000000000005,0.91,4,N,77298
4.9,3.1000000000000005,0.91,5,N,77299
4.9,3.1000000000000005,1.01,1,N,77300
4.9,3.1000000000000005,1.01,2,N,77301
4.9,3.1000000000000005,1.01,3,N,77302
4.9,3.1000000000000005,1.01,4,N,77303
4.9,3.1000000000000005,1.01,5,N,77304
4.9,3.1000000000000005,1.11,1,N,77305
4.9,3.1000000000000005,1.11,2,N,77306
4.9,3.1000000000000005,1.11,3,N,77307
4.9,3.1000000000000005,1.11,4,N,77308
4.9,3.1000000000000005,1.11,5,N,77309
4.9,3.1000000000000005,1.3,1,N,77310
4.9,3.1000000000000005,1.3,2,N,77311
4.9,3.1000000000000005,1.3,3,N,77312
4.9,3.1000000000000005,1.3,4,N,77313
4.9,3.1000000000000005,1.3,5,N,77314
4.9,3.1000000000000005,1.6,1,N,77315
4.9,3.1000000000000005,1.6,2,N,77316
4.9,3.1000000000000005,1.6,3,N,77317
4.9,3.1000000000000005,1.6,4,N,77318
4.9,3.1000000000000005,1.6,5,N,77319
4.9,3.1000000000000005,1.9,1,N,77320
4.9,3.1000000000000005,1.9,2,N,77321
4.9,3.1000000000000005,1.9,3,N,77322
4.9,3.1000000000000005,1.9,4,N,77323
4.9,3.1000000000000005,1.9,5,N,77324
4.9,3.1000000000000005,2.2,1,N,77325
4.9,3.1000000000000005,2.2,2,N,77326
4.9,3.1000000000000005,2.2,3,N,77327
4.9,3.1000000000000005,2.2,4,N,77328
4.9,3.1000000000000005,2.2,5,N,77329
4.9,3.1000000000000005,2.5,1,N,77330
4.9,3.1000000000000005,2.5,2,N,77331
4.9,3.1000000000000005,2.5,3,N,77332
4.9,3.1000000000000005,2.5,4,N,77333
4.9,3.1000000000000005,2.5,5,N,77334
4.9,3.1000000000000005,2.8000000000000003,1,N,77335
4.9,3.1000000000000005,2.8000000000000003,2,N,77336
4.9,3.1000000000000005,2.8000000000000003,3,N,77337
4.9,3.1000000000000005,2.8000000000000003,4,N,77338
4.9,3.1000000000000005,2.8000000000000003,5,N,77339
4.9,3.1000000000000005,3.1000000000000005,1,N,77340
4.9,3.1000000000000005,3.1000000000000005,2,N,77341
4.9,3.1000000000000005,3.1000000000000005,3,N,77342
4.9,3.1000000000000005,3.1000000000000005,4,N,77343
4.9,3.1000000000000005,3.1000000000000005,5,N,77344
4.9,3.1000000000000005,3.4000000000000004,1,N,77345
4.9,3.1000000000000005,3.4000000000000004,2,N,77346
4.9,3.1000000000000005,3.4000000000000004,3,N,77347
4.9,3.1000000000000005,3.4000000000000004,4,N,77348
4.9,3.1000000000000005,3.4000000000000004,5,N,77349
4.9,3.1000000000000005,3.7,1,N,77350
4.9,3.1000000000000005,3.7,2,N,77351
4.9,3.1000000000000005,3.7,3,N,77352
4.9,3.1000000000000005,3.7,4,N,77353
4.9,3.1000000000000005,3.7,5,N,77354
4.9,3.1000000000000005,4.0,1,N,77355
4.9,3.1000000000000005,4.0,2,N,77356
4.9,3.1000000000000005,4.0,3,N,77357
4.9,3.1000000000000005,4.0,4,N,77358
4.9,3.1000000000000005,4.0,5,N,77359
4.9,3.1000000000000005,4.300000000000002,1,N,77360
4.9,3.1000000000000005,4.300000000000002,2,N,77361
4.9,3.1000000000000005,4.300000000000002,3,N,77362
4.9,3.1000000000000005,4.300000000000002,4,N,77363
4.9,3.1000000000000005,4.300000000000002,5,N,77364
4.9,3.1000000000000005,4.6000000000000005,1,N,77365
4.9,3.1000000000000005,4.6000000000000005,2,N,77366
4.9,3.1000000000000005,4.6000000000000005,3,N,77367
4.9,3.1000000000000005,4.6000000000000005,4,N,77368
4.9,3.1000000000000005,4.6000000000000005,5,N,77369
4.9,3.1000000000000005,4.9,1,N,77370
4.9,3.1000000000000005,4.9,2,N,77371
4.9,3.1000000000000005,4.9,3,N,77372
4.9,3.1000000000000005,4.9,4,N,77373
4.9,3.1000000000000005,4.9,5,N,77374
4.9,3.4000000000000004,0.01,1,N,77375
4.9,3.4000000000000004,0.01,2,N,77376
4.9,3.4000000000000004,0.01,3,N,77377
4.9,3.4000000000000004,0.01,4,N,77378
4.9,3.4000000000000004,0.01,5,N,77379
4.9,3.4000000000000004,0.11,1,N,77380
4.9,3.4000000000000004,0.11,2,N,77381
4.9,3.4000000000000004,0.11,3,N,77382
4.9,3.4000000000000004,0.11,4,N,77383
4.9,3.4000000000000004,0.11,5,N,77384
4.9,3.4000000000000004,0.21,1,N,77385
4.9,3.4000000000000004,0.21,2,N,77386
4.9,3.4000000000000004,0.21,3,N,77387
4.9,3.4000000000000004,0.21,4,N,77388
4.9,3.4000000000000004,0.21,5,N,77389
4.9,3.4000000000000004,0.31000000000000005,1,N,77390
4.9,3.4000000000000004,0.31000000000000005,2,N,77391
4.9,3.4000000000000004,0.31000000000000005,3,N,77392
4.9,3.4000000000000004,0.31000000000000005,4,N,77393
4.9,3.4000000000000004,0.31000000000000005,5,N,77394
4.9,3.4000000000000004,0.41,1,N,77395
4.9,3.4000000000000004,0.41,2,N,77396
4.9,3.4000000000000004,0.41,3,N,77397
4.9,3.4000000000000004,0.41,4,N,77398
4.9,3.4000000000000004,0.41,5,N,77399
4.9,3.4000000000000004,0.51,1,N,77400
4.9,3.4000000000000004,0.51,2,N,77401
4.9,3.4000000000000004,0.51,3,N,77402
4.9,3.4000000000000004,0.51,4,N,77403
4.9,3.4000000000000004,0.51,5,N,77404
4.9,3.4000000000000004,0.6100000000000001,1,N,77405
4.9,3.4000000000000004,0.6100000000000001,2,N,77406
4.9,3.4000000000000004,0.6100000000000001,3,N,77407
4.9,3.4000000000000004,0.6100000000000001,4,N,77408
4.9,3.4000000000000004,0.6100000000000001,5,N,77409
4.9,3.4000000000000004,0.7100000000000001,1,N,77410
4.9,3.4000000000000004,0.7100000000000001,2,N,77411
4.9,3.4000000000000004,0.7100000000000001,3,N,77412
4.9,3.4000000000000004,0.7100000000000001,4,N,77413
4.9,3.4000000000000004,0.7100000000000001,5,N,77414
4.9,3.4000000000000004,0.81,1,N,77415
4.9,3.4000000000000004,0.81,2,N,77416
4.9,3.4000000000000004,0.81,3,N,77417
4.9,3.4000000000000004,0.81,4,N,77418
4.9,3.4000000000000004,0.81,5,N,77419
4.9,3.4000000000000004,0.91,1,N,77420
4.9,3.4000000000000004,0.91,2,N,77421
4.9,3.4000000000000004,0.91,3,N,77422
4.9,3.4000000000000004,0.91,4,N,77423
4.9,3.4000000000000004,0.91,5,N,77424
4.9,3.4000000000000004,1.01,1,N,77425
4.9,3.4000000000000004,1.01,2,N,77426
4.9,3.4000000000000004,1.01,3,N,77427
4.9,3.4000000000000004,1.01,4,N,77428
4.9,3.4000000000000004,1.01,5,N,77429
4.9,3.4000000000000004,1.11,1,N,77430
4.9,3.4000000000000004,1.11,2,N,77431
4.9,3.4000000000000004,1.11,3,N,77432
4.9,3.4000000000000004,1.11,4,N,77433
4.9,3.4000000000000004,1.11,5,N,77434
4.9,3.4000000000000004,1.3,1,N,77435
4.9,3.4000000000000004,1.3,2,N,77436
4.9,3.4000000000000004,1.3,3,N,77437
4.9,3.4000000000000004,1.3,4,N,77438
4.9,3.4000000000000004,1.3,5,N,77439
4.9,3.4000000000000004,1.6,1,N,77440
4.9,3.4000000000000004,1.6,2,N,77441
4.9,3.4000000000000004,1.6,3,N,77442
4.9,3.4000000000000004,1.6,4,N,77443
4.9,3.4000000000000004,1.6,5,N,77444
4.9,3.4000000000000004,1.9,1,N,77445
4.9,3.4000000000000004,1.9,2,N,77446
4.9,3.4000000000000004,1.9,3,N,77447
4.9,3.4000000000000004,1.9,4,N,77448
4.9,3.4000000000000004,1.9,5,N,77449
4.9,3.4000000000000004,2.2,1,N,77450
4.9,3.4000000000000004,2.2,2,N,77451
4.9,3.4000000000000004,2.2,3,N,77452
4.9,3.4000000000000004,2.2,4,N,77453
4.9,3.4000000000000004,2.2,5,N,77454
4.9,3.4000000000000004,2.5,1,N,77455
4.9,3.4000000000000004,2.5,2,N,77456
4.9,3.4000000000000004,2.5,3,N,77457
4.9,3.4000000000000004,2.5,4,N,77458
4.9,3.4000000000000004,2.5,5,N,77459
4.9,3.4000000000000004,2.8000000000000003,1,N,77460
4.9,3.4000000000000004,2.8000000000000003,2,N,77461
4.9,3.4000000000000004,2.8000000000000003,3,N,77462
4.9,3.4000000000000004,2.8000000000000003,4,N,77463
4.9,3.4000000000000004,2.8000000000000003,5,N,77464
4.9,3.4000000000000004,3.1000000000000005,1,N,77465
4.9,3.4000000000000004,3.1000000000000005,2,N,77466
4.9,3.4000000000000004,3.1000000000000005,3,N,77467
4.9,3.4000000000000004,3.1000000000000005,4,N,77468
4.9,3.4000000000000004,3.1000000000000005,5,N,77469
4.9,3.4000000000000004,3.4000000000000004,1,N,77470
4.9,3.4000000000000004,3.4000000000000004,2,N,77471
4.9,3.4000000000000004,3.4000000000000004,3,N,77472
4.9,3.4000000000000004,3.4000000000000004,4,N,77473
4.9,3.4000000000000004,3.4000000000000004,5,N,77474
4.9,3.4000000000000004,3.7,1,N,77475
4.9,3.4000000000000004,3.7,2,N,77476
4.9,3.4000000000000004,3.7,3,N,77477
4.9,3.4000000000000004,3.7,4,N,77478
4.9,3.4000000000000004,3.7,5,N,77479
4.9,3.4000000000000004,4.0,1,N,77480
4.9,3.4000000000000004,4.0,2,N,77481
4.9,3.4000000000000004,4.0,3,N,77482
4.9,3.4000000000000004,4.0,4,N,77483
4.9,3.4000000000000004,4.0,5,N,77484
4.9,3.4000000000000004,4.300000000000002,1,N,77485
4.9,3.4000000000000004,4.300000000000002,2,N,77486
4.9,3.4000000000000004,4.300000000000002,3,N,77487
4.9,3.4000000000000004,4.300000000000002,4,N,77488
4.9,3.4000000000000004,4.300000000000002,5,N,77489
4.9,3.4000000000000004,4.6000000000000005,1,N,77490
4.9,3.4000000000000004,4.6000000000000005,2,N,77491
4.9,3.4000000000000004,4.6000000000000005,3,N,77492
4.9,3.4000000000000004,4.6000000000000005,4,N,77493
4.9,3.4000000000000004,4.6000000000000005,5,N,77494
4.9,3.4000000000000004,4.9,1,N,77495
4.9,3.4000000000000004,4.9,2,N,77496
4.9,3.4000000000000004,4.9,3,N,77497
4.9,3.4000000000000004,4.9,4,N,77498
4.9,3.4000000000000004,4.9,5,N,77499
4.9,3.7,0.01,1,N,77500
4.9,3.7,0.01,2,N,77501
4.9,3.7,0.01,3,N,77502
4.9,3.7,0.01,4,N,77503
4.9,3.7,0.01,5,N,77504
4.9,3.7,0.11,1,N,77505
4.9,3.7,0.11,2,N,77506
4.9,3.7,0.11,3,N,77507
4.9,3.7,0.11,4,N,77508
4.9,3.7,0.11,5,N,77509
4.9,3.7,0.21,1,N,77510
4.9,3.7,0.21,2,N,77511
4.9,3.7,0.21,3,N,77512
4.9,3.7,0.21,4,N,77513
4.9,3.7,0.21,5,N,77514
4.9,3.7,0.31000000000000005,1,N,77515
4.9,3.7,0.31000000000000005,2,N,77516
4.9,3.7,0.31000000000000005,3,N,77517
4.9,3.7,0.31000000000000005,4,N,77518
4.9,3.7,0.31000000000000005,5,N,77519
4.9,3.7,0.41,1,N,77520
4.9,3.7,0.41,2,N,77521
4.9,3.7,0.41,3,N,77522
4.9,3.7,0.41,4,N,77523
4.9,3.7,0.41,5,N,77524
4.9,3.7,0.51,1,N,77525
4.9,3.7,0.51,2,N,77526
4.9,3.7,0.51,3,N,77527
4.9,3.7,0.51,4,N,77528
4.9,3.7,0.51,5,N,77529
4.9,3.7,0.6100000000000001,1,N,77530
4.9,3.7,0.6100000000000001,2,N,77531
4.9,3.7,0.6100000000000001,3,N,77532
4.9,3.7,0.6100000000000001,4,N,77533
4.9,3.7,0.6100000000000001,5,N,77534
4.9,3.7,0.7100000000000001,1,N,77535
4.9,3.7,0.7100000000000001,2,N,77536
4.9,3.7,0.7100000000000001,3,N,77537
4.9,3.7,0.7100000000000001,4,N,77538
4.9,3.7,0.7100000000000001,5,N,77539
4.9,3.7,0.81,1,N,77540
4.9,3.7,0.81,2,N,77541
4.9,3.7,0.81,3,N,77542
4.9,3.7,0.81,4,N,77543
4.9,3.7,0.81,5,N,77544
4.9,3.7,0.91,1,N,77545
4.9,3.7,0.91,2,N,77546
4.9,3.7,0.91,3,N,77547
4.9,3.7,0.91,4,N,77548
4.9,3.7,0.91,5,N,77549
4.9,3.7,1.01,1,N,77550
4.9,3.7,1.01,2,N,77551
4.9,3.7,1.01,3,N,77552
4.9,3.7,1.01,4,N,77553
4.9,3.7,1.01,5,N,77554
4.9,3.7,1.11,1,N,77555
4.9,3.7,1.11,2,N,77556
4.9,3.7,1.11,3,N,77557
4.9,3.7,1.11,4,N,77558
4.9,3.7,1.11,5,N,77559
4.9,3.7,1.3,1,N,77560
4.9,3.7,1.3,2,N,77561
4.9,3.7,1.3,3,N,77562
4.9,3.7,1.3,4,N,77563
4.9,3.7,1.3,5,N,77564
4.9,3.7,1.6,1,N,77565
4.9,3.7,1.6,2,N,77566
4.9,3.7,1.6,3,N,77567
4.9,3.7,1.6,4,N,77568
4.9,3.7,1.6,5,N,77569
4.9,3.7,1.9,1,N,77570
4.9,3.7,1.9,2,N,77571
4.9,3.7,1.9,3,N,77572
4.9,3.7,1.9,4,N,77573
4.9,3.7,1.9,5,N,77574
4.9,3.7,2.2,1,N,77575
4.9,3.7,2.2,2,N,77576
4.9,3.7,2.2,3,N,77577
4.9,3.7,2.2,4,N,77578
4.9,3.7,2.2,5,N,77579
4.9,3.7,2.5,1,N,77580
4.9,3.7,2.5,2,N,77581
4.9,3.7,2.5,3,N,77582
4.9,3.7,2.5,4,N,77583
4.9,3.7,2.5,5,N,77584
4.9,3.7,2.8000000000000003,1,N,77585
4.9,3.7,2.8000000000000003,2,N,77586
4.9,3.7,2.8000000000000003,3,N,77587
4.9,3.7,2.8000000000000003,4,N,77588
4.9,3.7,2.8000000000000003,5,N,77589
4.9,3.7,3.1000000000000005,1,N,77590
4.9,3.7,3.1000000000000005,2,N,77591
4.9,3.7,3.1000000000000005,3,N,77592
4.9,3.7,3.1000000000000005,4,N,77593
4.9,3.7,3.1000000000000005,5,N,77594
4.9,3.7,3.4000000000000004,1,N,77595
4.9,3.7,3.4000000000000004,2,N,77596
4.9,3.7,3.4000000000000004,3,N,77597
4.9,3.7,3.4000000000000004,4,N,77598
4.9,3.7,3.4000000000000004,5,N,77599
4.9,3.7,3.7,1,N,77600
4.9,3.7,3.7,2,N,77601
4.9,3.7,3.7,3,N,77602
4.9,3.7,3.7,4,N,77603
4.9,3.7,3.7,5,N,77604
4.9,3.7,4.0,1,N,77605
4.9,3.7,4.0,2,N,77606
4.9,3.7,4.0,3,N,77607
4.9,3.7,4.0,4,N,77608
4.9,3.7,4.0,5,N,77609
4.9,3.7,4.300000000000002,1,N,77610
4.9,3.7,4.300000000000002,2,N,77611
4.9,3.7,4.300000000000002,3,N,77612
4.9,3.7,4.300000000000002,4,N,77613
4.9,3.7,4.300000000000002,5,N,77614
4.9,3.7,4.6000000000000005,1,N,77615
4.9,3.7,4.6000000000000005,2,N,77616
4.9,3.7,4.6000000000000005,3,N,77617
4.9,3.7,4.6000000000000005,4,N,77618
4.9,3.7,4.6000000000000005,5,N,77619
4.9,3.7,4.9,1,N,77620
4.9,3.7,4.9,2,N,77621
4.9,3.7,4.9,3,N,77622
4.9,3.7,4.9,4,N,77623
4.9,3.7,4.9,5,N,77624
4.9,4.0,0.01,1,N,77625
4.9,4.0,0.01,2,N,77626
4.9,4.0,0.01,3,N,77627
4.9,4.0,0.01,4,N,77628
4.9,4.0,0.01,5,N,77629
4.9,4.0,0.11,1,N,77630
4.9,4.0,0.11,2,N,77631
4.9,4.0,0.11,3,N,77632
4.9,4.0,0.11,4,N,77633
4.9,4.0,0.11,5,N,77634
4.9,4.0,0.21,1,N,77635
4.9,4.0,0.21,2,N,77636
4.9,4.0,0.21,3,N,77637
4.9,4.0,0.21,4,N,77638
4.9,4.0,0.21,5,N,77639
4.9,4.0,0.31000000000000005,1,N,77640
4.9,4.0,0.31000000000000005,2,N,77641
4.9,4.0,0.31000000000000005,3,N,77642
4.9,4.0,0.31000000000000005,4,N,77643
4.9,4.0,0.31000000000000005,5,N,77644
4.9,4.0,0.41,1,N,77645
4.9,4.0,0.41,2,N,77646
4.9,4.0,0.41,3,N,77647
4.9,4.0,0.41,4,N,77648
4.9,4.0,0.41,5,N,77649
4.9,4.0,0.51,1,N,77650
4.9,4.0,0.51,2,N,77651
4.9,4.0,0.51,3,N,77652
4.9,4.0,0.51,4,N,77653
4.9,4.0,0.51,5,N,77654
4.9,4.0,0.6100000000000001,1,N,77655
4.9,4.0,0.6100000000000001,2,N,77656
4.9,4.0,0.6100000000000001,3,N,77657
4.9,4.0,0.6100000000000001,4,N,77658
4.9,4.0,0.6100000000000001,5,N,77659
4.9,4.0,0.7100000000000001,1,N,77660
4.9,4.0,0.7100000000000001,2,N,77661
4.9,4.0,0.7100000000000001,3,N,77662
4.9,4.0,0.7100000000000001,4,N,77663
4.9,4.0,0.7100000000000001,5,N,77664
4.9,4.0,0.81,1,N,77665
4.9,4.0,0.81,2,N,77666
4.9,4.0,0.81,3,N,77667
4.9,4.0,0.81,4,N,77668
4.9,4.0,0.81,5,N,77669
4.9,4.0,0.91,1,N,77670
4.9,4.0,0.91,2,N,77671
4.9,4.0,0.91,3,N,77672
4.9,4.0,0.91,4,N,77673
4.9,4.0,0.91,5,N,77674
4.9,4.0,1.01,1,N,77675
4.9,4.0,1.01,2,N,77676
4.9,4.0,1.01,3,N,77677
4.9,4.0,1.01,4,N,77678
4.9,4.0,1.01,5,N,77679
4.9,4.0,1.11,1,N,77680
4.9,4.0,1.11,2,N,77681
4.9,4.0,1.11,3,N,77682
4.9,4.0,1.11,4,N,77683
4.9,4.0,1.11,5,N,77684
4.9,4.0,1.3,1,N,77685
4.9,4.0,1.3,2,N,77686
4.9,4.0,1.3,3,N,77687
4.9,4.0,1.3,4,N,77688
4.9,4.0,1.3,5,N,77689
4.9,4.0,1.6,1,N,77690
4.9,4.0,1.6,2,N,77691
4.9,4.0,1.6,3,N,77692
4.9,4.0,1.6,4,N,77693
4.9,4.0,1.6,5,N,77694
4.9,4.0,1.9,1,N,77695
4.9,4.0,1.9,2,N,77696
4.9,4.0,1.9,3,N,77697
4.9,4.0,1.9,4,N,77698
4.9,4.0,1.9,5,N,77699
4.9,4.0,2.2,1,N,77700
4.9,4.0,2.2,2,N,77701
4.9,4.0,2.2,3,N,77702
4.9,4.0,2.2,4,N,77703
4.9,4.0,2.2,5,N,77704
4.9,4.0,2.5,1,N,77705
4.9,4.0,2.5,2,N,77706
4.9,4.0,2.5,3,N,77707
4.9,4.0,2.5,4,N,77708
4.9,4.0,2.5,5,N,77709
4.9,4.0,2.8000000000000003,1,N,77710
4.9,4.0,2.8000000000000003,2,N,77711
4.9,4.0,2.8000000000000003,3,N,77712
4.9,4.0,2.8000000000000003,4,N,77713
4.9,4.0,2.8000000000000003,5,N,77714
4.9,4.0,3.1000000000000005,1,N,77715
4.9,4.0,3.1000000000000005,2,N,77716
4.9,4.0,3.1000000000000005,3,N,77717
4.9,4.0,3.1000000000000005,4,N,77718
4.9,4.0,3.1000000000000005,5,N,77719
4.9,4.0,3.4000000000000004,1,N,77720
4.9,4.0,3.4000000000000004,2,N,77721
4.9,4.0,3.4000000000000004,3,N,77722
4.9,4.0,3.4000000000000004,4,N,77723
4.9,4.0,3.4000000000000004,5,N,77724
4.9,4.0,3.7,1,N,77725
4.9,4.0,3.7,2,N,77726
4.9,4.0,3.7,3,N,77727
4.9,4.0,3.7,4,N,77728
4.9,4.0,3.7,5,N,77729
4.9,4.0,4.0,1,N,77730
4.9,4.0,4.0,2,N,77731
4.9,4.0,4.0,3,N,77732
4.9,4.0,4.0,4,N,77733
4.9,4.0,4.0,5,N,77734
4.9,4.0,4.300000000000002,1,N,77735
4.9,4.0,4.300000000000002,2,N,77736
4.9,4.0,4.300000000000002,3,N,77737
4.9,4.0,4.300000000000002,4,N,77738
4.9,4.0,4.300000000000002,5,N,77739
4.9,4.0,4.6000000000000005,1,N,77740
4.9,4.0,4.6000000000000005,2,N,77741
4.9,4.0,4.6000000000000005,3,N,77742
4.9,4.0,4.6000000000000005,4,N,77743
4.9,4.0,4.6000000000000005,5,N,77744
4.9,4.0,4.9,1,N,77745
4.9,4.0,4.9,2,N,77746
4.9,4.0,4.9,3,N,77747
4.9,4.0,4.9,4,N,77748
4.9,4.0,4.9,5,N,77749
4.9,4.300000000000002,0.01,1,N,77750
4.9,4.300000000000002,0.01,2,N,77751
4.9,4.300000000000002,0.01,3,N,77752
4.9,4.300000000000002,0.01,4,N,77753
4.9,4.300000000000002,0.01,5,N,77754
4.9,4.300000000000002,0.11,1,N,77755
4.9,4.300000000000002,0.11,2,N,77756
4.9,4.300000000000002,0.11,3,N,77757
4.9,4.300000000000002,0.11,4,N,77758
4.9,4.300000000000002,0.11,5,N,77759
4.9,4.300000000000002,0.21,1,N,77760
4.9,4.300000000000002,0.21,2,N,77761
4.9,4.300000000000002,0.21,3,N,77762
4.9,4.300000000000002,0.21,4,N,77763
4.9,4.300000000000002,0.21,5,N,77764
4.9,4.300000000000002,0.31000000000000005,1,N,77765
4.9,4.300000000000002,0.31000000000000005,2,N,77766
4.9,4.300000000000002,0.31000000000000005,3,N,77767
4.9,4.300000000000002,0.31000000000000005,4,N,77768
4.9,4.300000000000002,0.31000000000000005,5,N,77769
4.9,4.300000000000002,0.41,1,N,77770
4.9,4.300000000000002,0.41,2,N,77771
4.9,4.300000000000002,0.41,3,N,77772
4.9,4.300000000000002,0.41,4,N,77773
4.9,4.300000000000002,0.41,5,N,77774
4.9,4.300000000000002,0.51,1,N,77775
4.9,4.300000000000002,0.51,2,N,77776
4.9,4.300000000000002,0.51,3,N,77777
4.9,4.300000000000002,0.51,4,N,77778
4.9,4.300000000000002,0.51,5,N,77779
4.9,4.300000000000002,0.6100000000000001,1,N,77780
4.9,4.300000000000002,0.6100000000000001,2,N,77781
4.9,4.300000000000002,0.6100000000000001,3,N,77782
4.9,4.300000000000002,0.6100000000000001,4,N,77783
4.9,4.300000000000002,0.6100000000000001,5,N,77784
4.9,4.300000000000002,0.7100000000000001,1,N,77785
4.9,4.300000000000002,0.7100000000000001,2,N,77786
4.9,4.300000000000002,0.7100000000000001,3,N,77787
4.9,4.300000000000002,0.7100000000000001,4,N,77788
4.9,4.300000000000002,0.7100000000000001,5,N,77789
4.9,4.300000000000002,0.81,1,N,77790
4.9,4.300000000000002,0.81,2,N,77791
4.9,4.300000000000002,0.81,3,N,77792
4.9,4.300000000000002,0.81,4,N,77793
4.9,4.300000000000002,0.81,5,N,77794
4.9,4.300000000000002,0.91,1,N,77795
4.9,4.300000000000002,0.91,2,N,77796
4.9,4.300000000000002,0.91,3,N,77797
4.9,4.300000000000002,0.91,4,N,77798
4.9,4.300000000000002,0.91,5,N,77799
4.9,4.300000000000002,1.01,1,N,77800
4.9,4.300000000000002,1.01,2,N,77801
4.9,4.300000000000002,1.01,3,N,77802
4.9,4.300000000000002,1.01,4,N,77803
4.9,4.300000000000002,1.01,5,N,77804
4.9,4.300000000000002,1.11,1,N,77805
4.9,4.300000000000002,1.11,2,N,77806
4.9,4.300000000000002,1.11,3,N,77807
4.9,4.300000000000002,1.11,4,N,77808
4.9,4.300000000000002,1.11,5,N,77809
4.9,4.300000000000002,1.3,1,N,77810
4.9,4.300000000000002,1.3,2,N,77811
4.9,4.300000000000002,1.3,3,N,77812
4.9,4.300000000000002,1.3,4,N,77813
4.9,4.300000000000002,1.3,5,N,77814
4.9,4.300000000000002,1.6,1,N,77815
4.9,4.300000000000002,1.6,2,N,77816
4.9,4.300000000000002,1.6,3,N,77817
4.9,4.300000000000002,1.6,4,N,77818
4.9,4.300000000000002,1.6,5,N,77819
4.9,4.300000000000002,1.9,1,N,77820
4.9,4.300000000000002,1.9,2,N,77821
4.9,4.300000000000002,1.9,3,N,77822
4.9,4.300000000000002,1.9,4,N,77823
4.9,4.300000000000002,1.9,5,N,77824
4.9,4.300000000000002,2.2,1,N,77825
4.9,4.300000000000002,2.2,2,N,77826
4.9,4.300000000000002,2.2,3,N,77827
4.9,4.300000000000002,2.2,4,N,77828
4.9,4.300000000000002,2.2,5,N,77829
4.9,4.300000000000002,2.5,1,N,77830
4.9,4.300000000000002,2.5,2,N,77831
4.9,4.300000000000002,2.5,3,N,77832
4.9,4.300000000000002,2.5,4,N,77833
4.9,4.300000000000002,2.5,5,N,77834
4.9,4.300000000000002,2.8000000000000003,1,N,77835
4.9,4.300000000000002,2.8000000000000003,2,N,77836
4.9,4.300000000000002,2.8000000000000003,3,N,77837
4.9,4.300000000000002,2.8000000000000003,4,N,77838
4.9,4.300000000000002,2.8000000000000003,5,N,77839
4.9,4.300000000000002,3.1000000000000005,1,N,77840
4.9,4.300000000000002,3.1000000000000005,2,N,77841
4.9,4.300000000000002,3.1000000000000005,3,N,77842
4.9,4.300000000000002,3.1000000000000005,4,N,77843
4.9,4.300000000000002,3.1000000000000005,5,N,77844
4.9,4.300000000000002,3.4000000000000004,1,N,77845
4.9,4.300000000000002,3.4000000000000004,2,N,77846
4.9,4.300000000000002,3.4000000000000004,3,N,77847
4.9,4.300000000000002,3.4000000000000004,4,N,77848
4.9,4.300000000000002,3.4000000000000004,5,N,77849
4.9,4.300000000000002,3.7,1,N,77850
4.9,4.300000000000002,3.7,2,N,77851
4.9,4.300000000000002,3.7,3,N,77852
4.9,4.300000000000002,3.7,4,N,77853
4.9,4.300000000000002,3.7,5,N,77854
4.9,4.300000000000002,4.0,1,N,77855
4.9,4.300000000000002,4.0,2,N,77856
4.9,4.300000000000002,4.0,3,N,77857
4.9,4.300000000000002,4.0,4,N,77858
4.9,4.300000000000002,4.0,5,N,77859
4.9,4.300000000000002,4.300000000000002,1,N,77860
4.9,4.300000000000002,4.300000000000002,2,N,77861
4.9,4.300000000000002,4.300000000000002,3,N,77862
4.9,4.300000000000002,4.300000000000002,4,N,77863
4.9,4.300000000000002,4.300000000000002,5,N,77864
4.9,4.300000000000002,4.6000000000000005,1,N,77865
4.9,4.300000000000002,4.6000000000000005,2,N,77866
4.9,4.300000000000002,4.6000000000000005,3,N,77867
4.9,4.300000000000002,4.6000000000000005,4,N,77868
4.9,4.300000000000002,4.6000000000000005,5,N,77869
4.9,4.300000000000002,4.9,1,N,77870
4.9,4.300000000000002,4.9,2,N,77871
4.9,4.300000000000002,4.9,3,N,77872
4.9,4.300000000000002,4.9,4,N,77873
4.9,4.300000000000002,4.9,5,N,77874
4.9,4.6000000000000005,0.01,1,N,77875
4.9,4.6000000000000005,0.01,2,N,77876
4.9,4.6000000000000005,0.01,3,N,77877
4.9,4.6000000000000005,0.01,4,N,77878
4.9,4.6000000000000005,0.01,5,N,77879
4.9,4.6000000000000005,0.11,1,N,77880
4.9,4.6000000000000005,0.11,2,N,77881
4.9,4.6000000000000005,0.11,3,N,77882
4.9,4.6000000000000005,0.11,4,N,77883
4.9,4.6000000000000005,0.11,5,N,77884
4.9,4.6000000000000005,0.21,1,N,77885
4.9,4.6000000000000005,0.21,2,N,77886
4.9,4.6000000000000005,0.21,3,N,77887
4.9,4.6000000000000005,0.21,4,N,77888
4.9,4.6000000000000005,0.21,5,N,77889
4.9,4.6000000000000005,0.31000000000000005,1,N,77890
4.9,4.6000000000000005,0.31000000000000005,2,N,77891
4.9,4.6000000000000005,0.31000000000000005,3,N,77892
4.9,4.6000000000000005,0.31000000000000005,4,N,77893
4.9,4.6000000000000005,0.31000000000000005,5,N,77894
4.9,4.6000000000000005,0.41,1,N,77895
4.9,4.6000000000000005,0.41,2,N,77896
4.9,4.6000000000000005,0.41,3,N,77897
4.9,4.6000000000000005,0.41,4,N,77898
4.9,4.6000000000000005,0.41,5,N,77899
4.9,4.6000000000000005,0.51,1,N,77900
4.9,4.6000000000000005,0.51,2,N,77901
4.9,4.6000000000000005,0.51,3,N,77902
4.9,4.6000000000000005,0.51,4,N,77903
4.9,4.6000000000000005,0.51,5,N,77904
4.9,4.6000000000000005,0.6100000000000001,1,N,77905
4.9,4.6000000000000005,0.6100000000000001,2,N,77906
4.9,4.6000000000000005,0.6100000000000001,3,N,77907
4.9,4.6000000000000005,0.6100000000000001,4,N,77908
4.9,4.6000000000000005,0.6100000000000001,5,N,77909
4.9,4.6000000000000005,0.7100000000000001,1,N,77910
4.9,4.6000000000000005,0.7100000000000001,2,N,77911
4.9,4.6000000000000005,0.7100000000000001,3,N,77912
4.9,4.6000000000000005,0.7100000000000001,4,N,77913
4.9,4.6000000000000005,0.7100000000000001,5,N,77914
4.9,4.6000000000000005,0.81,1,N,77915
4.9,4.6000000000000005,0.81,2,N,77916
4.9,4.6000000000000005,0.81,3,N,77917
4.9,4.6000000000000005,0.81,4,N,77918
4.9,4.6000000000000005,0.81,5,N,77919
4.9,4.6000000000000005,0.91,1,N,77920
4.9,4.6000000000000005,0.91,2,N,77921
4.9,4.6000000000000005,0.91,3,N,77922
4.9,4.6000000000000005,0.91,4,N,77923
4.9,4.6000000000000005,0.91,5,N,77924
4.9,4.6000000000000005,1.01,1,N,77925
4.9,4.6000000000000005,1.01,2,N,77926
4.9,4.6000000000000005,1.01,3,N,77927
4.9,4.6000000000000005,1.01,4,N,77928
4.9,4.6000000000000005,1.01,5,N,77929
4.9,4.6000000000000005,1.11,1,N,77930
4.9,4.6000000000000005,1.11,2,N,77931
4.9,4.6000000000000005,1.11,3,N,77932
4.9,4.6000000000000005,1.11,4,N,77933
4.9,4.6000000000000005,1.11,5,N,77934
4.9,4.6000000000000005,1.3,1,N,77935
4.9,4.6000000000000005,1.3,2,N,77936
4.9,4.6000000000000005,1.3,3,N,77937
4.9,4.6000000000000005,1.3,4,N,77938
4.9,4.6000000000000005,1.3,5,N,77939
4.9,4.6000000000000005,1.6,1,N,77940
4.9,4.6000000000000005,1.6,2,N,77941
4.9,4.6000000000000005,1.6,3,N,77942
4.9,4.6000000000000005,1.6,4,N,77943
4.9,4.6000000000000005,1.6,5,N,77944
4.9,4.6000000000000005,1.9,1,N,77945
4.9,4.6000000000000005,1.9,2,N,77946
4.9,4.6000000000000005,1.9,3,N,77947
4.9,4.6000000000000005,1.9,4,N,77948
4.9,4.6000000000000005,1.9,5,N,77949
4.9,4.6000000000000005,2.2,1,N,77950
4.9,4.6000000000000005,2.2,2,N,77951
4.9,4.6000000000000005,2.2,3,N,77952
4.9,4.6000000000000005,2.2,4,N,77953
4.9,4.6000000000000005,2.2,5,N,77954
4.9,4.6000000000000005,2.5,1,N,77955
4.9,4.6000000000000005,2.5,2,N,77956
4.9,4.6000000000000005,2.5,3,N,77957
4.9,4.6000000000000005,2.5,4,N,77958
4.9,4.6000000000000005,2.5,5,N,77959
4.9,4.6000000000000005,2.8000000000000003,1,N,77960
4.9,4.6000000000000005,2.8000000000000003,2,N,77961
4.9,4.6000000000000005,2.8000000000000003,3,N,77962
4.9,4.6000000000000005,2.8000000000000003,4,N,77963
4.9,4.6000000000000005,2.8000000000000003,5,N,77964
4.9,4.6000000000000005,3.1000000000000005,1,N,77965
4.9,4.6000000000000005,3.1000000000000005,2,N,77966
4.9,4.6000000000000005,3.1000000000000005,3,N,77967
4.9,4.6000000000000005,3.1000000000000005,4,N,77968
4.9,4.6000000000000005,3.1000000000000005,5,N,77969
4.9,4.6000000000000005,3.4000000000000004,1,N,77970
4.9,4.6000000000000005,3.4000000000000004,2,N,77971
4.9,4.6000000000000005,3.4000000000000004,3,N,77972
4.9,4.6000000000000005,3.4000000000000004,4,N,77973
4.9,4.6000000000000005,3.4000000000000004,5,N,77974
4.9,4.6000000000000005,3.7,1,N,77975
4.9,4.6000000000000005,3.7,2,N,77976
4.9,4.6000000000000005,3.7,3,N,77977
4.9,4.6000000000000005,3.7,4,N,77978
4.9,4.6000000000000005,3.7,5,N,77979
4.9,4.6000000000000005,4.0,1,N,77980
4.9,4.6000000000000005,4.0,2,N,77981
4.9,4.6000000000000005,4.0,3,N,77982
4.9,4.6000000000000005,4.0,4,N,77983
4.9,4.6000000000000005,4.0,5,N,77984
4.9,4.6000000000000005,4.300000000000002,1,N,77985
4.9,4.6000000000000005,4.300000000000002,2,N,77986
4.9,4.6000000000000005,4.300000000000002,3,N,77987
4.9,4.6000000000000005,4.300000000000002,4,N,77988
4.9,4.6000000000000005,4.300000000000002,5,N,77989
4.9,4.6000000000000005,4.6000000000000005,1,N,77990
4.9,4.6000000000000005,4.6000000000000005,2,N,77991
4.9,4.6000000000000005,4.6000000000000005,3,N,77992
4.9,4.6000000000000005,4.6000000000000005,4,N,77993
4.9,4.6000000000000005,4.6000000000000005,5,N,77994
4.9,4.6000000000000005,4.9,1,N,77995
4.9,4.6000000000000005,4.9,2,N,77996
4.9,4.6000000000000005,4.9,3,N,77997
4.9,4.6000000000000005,4.9,4,N,77998
4.9,4.6000000000000005,4.9,5,N,77999
4.9,4.9,0.01,1,N,78000
4.9,4.9,0.01,2,N,78001
4.9,4.9,0.01,3,N,78002
4.9,4.9,0.01,4,N,78003
4.9,4.9,0.01,5,N,78004
4.9,4.9,0.11,1,N,78005
4.9,4.9,0.11,2,N,78006
4.9,4.9,0.11,3,N,78007
4.9,4.9,0.11,4,N,78008
4.9,4.9,0.11,5,N,78009
4.9,4.9,0.21,1,N,78010
4.9,4.9,0.21,2,N,78011
4.9,4.9,0.21,3,N,78012
4.9,4.9,0.21,4,N,78013
4.9,4.9,0.21,5,N,78014
4.9,4.9,0.31000000000000005,1,N,78015
4.9,4.9,0.31000000000000005,2,N,78016
4.9,4.9,0.31000000000000005,3,N,78017
4.9,4.9,0.31000000000000005,4,N,78018
4.9,4.9,0.31000000000000005,5,N,78019
4.9,4.9,0.41,1,N,78020
4.9,4.9,0.41,2,N,78021
4.9,4.9,0.41,3,N,78022
4.9,4.9,0.41,4,N,78023
4.9,4.9,0.41,5,N,78024
4.9,4.9,0.51,1,N,78025
4.9,4.9,0.51,2,N,78026
4.9,4.9,0.51,3,N,78027
4.9,4.9,0.51,4,N,78028
4.9,4.9,0.51,5,N,78029
4.9,4.9,0.6100000000000001,1,N,78030
4.9,4.9,0.6100000000000001,2,N,78031
4.9,4.9,0.6100000000000001,3,N,78032
4.9,4.9,0.6100000000000001,4,N,78033
4.9,4.9,0.6100000000000001,5,N,78034
4.9,4.9,0.7100000000000001,1,N,78035
4.9,4.9,0.7100000000000001,2,N,78036
4.9,4.9,0.7100000000000001,3,N,78037
4.9,4.9,0.7100000000000001,4,N,78038
4.9,4.9,0.7100000000000001,5,N,78039
4.9,4.9,0.81,1,N,78040
4.9,4.9,0.81,2,N,78041
4.9,4.9,0.81,3,N,78042
4.9,4.9,0.81,4,N,78043
4.9,4.9,0.81,5,N,78044
4.9,4.9,0.91,1,N,78045
4.9,4.9,0.91,2,N,78046
4.9,4.9,0.91,3,N,78047
4.9,4.9,0.91,4,N,78048
4.9,4.9,0.91,5,N,78049
4.9,4.9,1.01,1,N,78050
4.9,4.9,1.01,2,N,78051
4.9,4.9,1.01,3,N,78052
4.9,4.9,1.01,4,N,78053
4.9,4.9,1.01,5,N,78054
4.9,4.9,1.11,1,N,78055
4.9,4.9,1.11,2,N,78056
4.9,4.9,1.11,3,N,78057
4.9,4.9,1.11,4,N,78058
4.9,4.9,1.11,5,N,78059
4.9,4.9,1.3,1,N,78060
4.9,4.9,1.3,2,N,78061
4.9,4.9,1.3,3,N,78062
4.9,4.9,1.3,4,N,78063
4.9,4.9,1.3,5,N,78064
4.9,4.9,1.6,1,N,78065
4.9,4.9,1.6,2,N,78066
4.9,4.9,1.6,3,N,78067
4.9,4.9,1.6,4,N,78068
4.9,4.9,1.6,5,N,78069
4.9,4.9,1.9,1,N,78070
4.9,4.9,1.9,2,N,78071
4.9,4.9,1.9,3,N,78072
4.9,4.9,1.9,4,N,78073
4.9,4.9,1.9,5,N,78074
4.9,4.9,2.2,1,N,78075
4.9,4.9,2.2,2,N,78076
4.9,4.9,2.2,3,N,78077
4.9,4.9,2.2,4,N,78078
4.9,4.9,2.2,5,N,78079
4.9,4.9,2.5,1,N,78080
4.9,4.9,2.5,2,N,78081
4.9,4.9,2.5,3,N,78082
4.9,4.9,2.5,4,N,78083
4.9,4.9,2.5,5,N,78084
4.9,4.9,2.8000000000000003,1,N,78085
4.9,4.9,2.8000000000000003,2,N,78086
4.9,4.9,2.8000000000000003,3,N,78087
4.9,4.9,2.8000000000000003,4,N,78088
4.9,4.9,2.8000000000000003,5,N,78089
4.9,4.9,3.1000000000000005,1,N,78090
4.9,4.9,3.1000000000000005,2,N,78091
4.9,4.9,3.1000000000000005,3,N,78092
4.9,4.9,3.1000000000000005,4,N,78093
4.9,4.9,3.1000000000000005,5,N,78094
4.9,4.9,3.4000000000000004,1,N,78095
4.9,4.9,3.4000000000000004,2,N,78096
4.9,4.9,3.4000000000000004,3,N,78097
4.9,4.9,3.4000000000000004,4,N,78098
4.9,4.9,3.4000000000000004,5,N,78099
4.9,4.9,3.7,1,N,78100
4.9,4.9,3.7,2,N,78101
4.9,4.9,3.7,3,N,78102
4.9,4.9,3.7,4,N,78103
4.9,4.9,3.7,5,N,78104
4.9,4.9,4.0,1,N,78105
4.9,4.9,4.0,2,N,78106
4.9,4.9,4.0,3,N,78107
4.9,4.9,4.0,4,N,78108
4.9,4.9,4.0,5,N,78109
4.9,4.9,4.300000000000002,1,N,78110
4.9,4.9,4.300000000000002,2,N,78111
4.9,4.9,4.300000000000002,3,N,78112
4.9,4.9,4.300000000000002,4,N,78113
4.9,4.9,4.300000000000002,5,N,78114
4.9,4.9,4.6000000000000005,1,N,78115
4.9,4.9,4.6000000000000005,2,N,78116
4.9,4.9,4.6000000000000005,3,N,78117
4.9,4.9,4.6000000000000005,4,N,78118
4.9,4.9,4.6000000000000005,5,N,78119
4.9,4.9,4.9,1,N,78120
4.9,4.9,4.9,2,N,78121
4.9,4.9,4.9,3,N,78122
4.9,4.9,4.9,4,N,78123
4.9,4.9,4.9,5,N,78124
